0.0
0.0
0.0
0.0
0.0
0.0
0.0
0.0
0.0
214.565329611
786.981619801
204.774037096
1063.39290419
1897.87022545
74.9493258478
192.114593207
0.0490157496627
378.062221924
402.127506134
367.732620742
331.39251414
303.563539499
110.386970737
96.7771016852
90.9388276874
82.3588333347
73.8948821343
68.6392625335
63.2904835528
0.101693198956
0.0976747175831
0.0489333582484
0.0602256279093
179.253701123
102.605513594
82.217246777
67.3086321971
0.0
0.0
0.027523618438
0.0362872785111
0.0171906847304
0.0162674948309
0.0152585563016
0.0140509435665
0.0126932435511
0.0205042557597
0.0130062996251
0.0148322063478
0.0146331221332
0.0133035293501
105.45512066
96.9449301203
89.8898667833
0.0
0.0
1026.25753461
0.02259874061
747.652716837
1451.2291998
1729.87202736
750.310877414
682.745938648
625.482210575
546.705604155
506.633448485
455.384068063
787.145764912
0.103398236055
230.446355563
295.508630505
72.5355806696
0.173343751954
0.213829394749
0.301901614251
0.447479365733
0.467678187836
0.143674066607
0.408877627887
0.371314413046
0.325675681868
0.290939571619
0.256199104245
0.145745253147
0.216462722502
0.254453282214
0.229585892439
0.150130601296
0.144749739336
0.138003547941
207.362602588
137.245612776
134.982509658
135.76015603
136.420851152
135.148450976
131.838825408
128.350998466
125.579420067
122.793468354
120.162089372
118.170818054
116.106400918
113.481199257
0.0400592808374
107.131804776
416.580958812
67.1583368493
79.9850964112
78.4818354293
69.2668274601
0.579042967652
0.577290040596
63.6058207577
0.484202267298
0.235195429507
0.0692461114597
625.37207679
620.797596418
608.967747197
0.243962757056
0.21989569157
0.167878690071
0.159414988211
0.113693584924
0.276952567242
0.349639010768
0.37369589381
0.31000906473
0.28152348692
0.253931166829
0.212098393785
0.184189093158
0.173153833952
0.160738570272
0.159994572678
0.15394171497
0.143809232536
0.13629978447
0.132458955201
0.131187072341
0.131000424173
0.111792621402
0.0892529593777
0.0863967510909
0.0850869447889
0.0846571465722
238.157778008
240.682326006
248.106739063
259.923785461
267.460118447
258.41319781
249.873513709
240.029092184
226.16161507
217.598420796
210.095110748
137.015878512
129.321149951
119.48483075
111.989438105
104.582292299
0.0
70.8478448304
68.711741747
66.9484477709
64.5605112798
0.0
0.0
99.6229023875
86.2664095858
69.0833120619
390.578144199
0.0293701405661
2668.48372017
0.0205589623774
2066.95977293
1745.76920717
114.273097239
1291.83510397
998.466068611
0.160081625813
92.1852279938
0.210320473457
0.218986835785
0.234963976616
0.201167655085
69.5832980876
88.4015012863
0.165947980956
0.172979680955
0.193596317582
0.210075119034
501.799298994
422.449614255
488.584275025
493.046833335
444.481592703
389.81599708
427.835861004
449.409374482
346.10521834
520.333969866
554.040692797
502.247694048
419.090819693
356.124582485
393.436975146
453.065165955
460.03700452
465.298527081
433.368855786
359.091889787
286.634774167
265.17350293
281.90857202
328.261632377
367.688912211
360.166483954
337.175809664
309.124726224
272.142337498
242.973345336
224.959212938
220.77870945
221.5921152
222.938435403
222.567806725
208.682837567
0.0496304965531
0.0487449297029
0.0481132035977
0.0475408718444
0.0468635073215
0.0460076575459
0.044997386665
0.0439623825546
0.0430646364157
0.0424063604389
0.041985170646
0.041710412847
0.0414619638303
0.0411127440192
0.0406272181156
0.0400725541002
0.0394269876823
0.057432590274
724.957122458
0.0888694078331
0.0876691566991
0.0823783855491
471.720482452
68.9901070294
0.0941354760195
0.0853958492763
0.0285988236626
0.0232700948586
0.0
0.0
509.931161411
571.561553856
570.601622325
511.190637724
0.0
418.771209661
0.0
0.0
0.0
416.594335393
358.915593482
337.839177353
299.150757307
962.718401556
65.0554386417
282.957722604
71.2389218618
83.6222435752
110.99214614
0.139467740729
0.188142938254
0.182212882041
0.175905931319
0.172650443443
0.169099586529
0.153506575875
0.14875452521
0.145467662475
827.289043797
807.154942025
997.466635683
259.169806133
0.103948665315
152.95147258
3635.23527968
1563.09929255
2254.94148288
1202.48763053
664.89449453
0.0
0.0
0.0
1712.82670451
236.512171234
1621.13588365
1579.81473666
1202.81732202
429.048569671
422.696249682
313.998509919
214.599996264
0.319988042013
0.188732277998
333.885632487
418.725284052
0.236108474225
287.999817518
347.463906882
714.664841382
641.112846753
573.072440865
484.594837118
225.610938466
1463.50130532
180.821946427
866.796683892
890.914640075
110.923563066
0.190911607257
0.434011537853
0.707394788285
282.952256151
267.151064796
0.748513518428
236.288437984
221.045684141
212.3667355
68.6516310897
65.335803048
0.497772025688
0.482140350966
0.42230463206
263.920118619
0.0
0.0
0.0
2035.70257479
4407.20067462
0.0
176.912594286
0.0
0.0
1557.06590571
1171.87781103
530.530560399
0.0
0.0
0.0
0.0
0.0
0.0
0.0
0.0
0.0
0.0
0.0
0.0
0.0
0.0
0.0
0.0
0.0
0.0
0.0
0.0
0.0
200.497487256
276.960472516
298.81196557
221.087444247
231.822209904
261.453795381
249.11839687
229.158160072
214.121121317
69.9062876111
66.4377610629
0.196999158801
0.192972378802
0.190656503445
0.195460622705
0.183452167022
0.256744069759
532.693344364
1844.23658523
1053.0668123
516.499651172
336.900013826
153.621703307
122.007976894
76.2119534694
993.398374936
1317.58759942
2758.70141106
0.112837098467
660.209585722
707.678937914
240.408439143
68.7208564163
74.4609592802
0.370616565276
77.0522928985
3923.02682863
494.607812893
951.871381016
249.971858556
5980.06559881
0.0835413678417
0.0808794486101
312.845009488
299.777819621
365.526798553
73.8353555375
1385.82511695
5215.51767056
464.63637915
181.078346112
0.0383371113985
183.98081278
79.1034467598
426.488662085
183.871610162
247.063612539
286.068910829
297.228795346
0.508900558077
81.3189366696
82.7055914199
0.467185126109
66.4709194729
0.468974587341
240.438588451
0.445970404773
0.382780810221
197.882726861
0.373730152079
0.393516993237
0.363056756407
0.367806068654
979.496224382
932.744706735
72.8215770923
819.968616915
760.819084283
739.790042709
693.331719978
662.264682755
638.582894331
600.833393705
575.47859914
544.844667226
517.712924642
490.102764051
459.204738748
432.376349078
405.155970434
379.854137567
357.567598373
333.200015067
303.1652248
87.0125046556
76.3138287083
67.0657876652
0.961351237536
0.940990701768
0.899534239266
0.853879373236
0.815681314995
283.431522861
66.5923490517
113.505410676
0.20995222758
0.346706518678
1160.39716595
558.551814526
550.058203383
905.559617887
755.236118466
255.812830634
254.764151446
520.418688968
3324.70655049
104.66811209
444.726949982
213.586301911
158.395159245
90.7850544573
262.112850593
115.448842721
127.481858857
0.176026788505
65.3108847805
1148.12427363
138.204955793
0.0470792125331
206.477463261
143.907059802
169.200571259
2084.51744898
1044.60059117
0.0
74.3314385264
0.0917734658367
193.95982886
1608.34972409
0.0213546775901
686.80603072
306.188327137
267.641538965
100.241653541
221.202239001
249.014444867
113.133697407
291.682544188
212.020333727
290.753342705
0.275080116279
118.815360414
0.234925758453
63.7176058396
0.27803232988
0.276012348512
0.120233218669
395.449498832
330.559430641
359.3019959
1.10069914904
246.100770229
240.157197358
79.0086783509
0.0396809159825
276.570926589
0.00995934938668
768.595840331
0.0
65.0878687422
92.6979384695
264.569754897
84.9373087472
90.9797887844
73.8973117097
1964.91856718
1355.34805061
112.808379292
150.564021433
200.935583609
80.0591569463
150.428474999
1706.57364851
1035.66704436
1484.2712533
0.0
0.0
2329.50024042
1450.3100851
225.147706155
0.0
389.251554882
473.186900488
245.226319703
210.368001542
63.3910639763
302.194601811
324.350622044
279.843009535
216.086862273
261.814246373
274.034657203
223.422802535
73.0934943324
199.925530208
0.694897930033
0.554823712298
0.425645311114
0.335589853252
0.334525915162
67.7788644884
0.667408398291
1.53314699406
1.10565255736
68.7700026676
0.529021387274
393.169381948
331.625193168
620.366740037
704.12538739
0.0
1100.37596268
1002.82938678
934.360890226
862.180974597
802.542029842
909.421419328
0.0
1645.43309649
440.384827261
1105.61464136
225.143786195
1152.6169945
1620.51240002
372.220320663
0.256479332894
0.337071082415
0.597189835847
104.549612797
0.686806971656
70.6033651627
0.133530359
533.548705443
310.198945549
89.4991649876
190.742687308
70.6785116728
1673.11537529
1042.589129
1013.96587523
971.954679897
1014.66866854
452.458858471
8530.70683288
7521.73398842
7003.67914874
0.0
257.488531997
0.690275338292
118.186538565
385.524056269
754.83581581
0.432705606036
332.000368704
0.296321458808
0.308602666524
122.475615101
347.208048748
0.420823729856
271.337940321
0.619217098606
0.559892945797
219.780131535
229.266752517
221.266842989
220.634836342
204.886722393
0.567292254403
0.564940464365
0.561998488553
0.551398711354
0.627025775134
151.143671943
68.6334774385
372.550490772
243.083811358
0.530485180089
0.473440308535
0.467748212414
0.434476285957
0.385134312085
0.36293784905
0.331703734916
0.300330401668
0.28084750818
0.284422337186
0.373403180987
0.632859884738
155.589242179
68.6825714703
1.20395752094
68.8978497191
1.10896662634
0.971390204118
1.64643210841
0.307376535657
0.296444814277
0.277330916835
0.269200322327
200.783709346
0.184311475799
171.387277117
0.467684706618
634.427466925
0.416044469014
210.531063278
0.701710570065
72.113873808
1.05164304279
402.64044569
691.664196467
1.75129777264
1.08372418122
65.8542229752
423.482567379
1.30276607673
314.287542305
142.265849991
0.958487515012
136.33747585
74.6684341277
132.663799159
128.765494233
127.587670198
142.620249021
202.57803454
94.6391458386
425.867376791
344.963182246
108.909166404
158.851192756
357.056113377
1.04875717781
86.0150068095
222.261146727
67.3010166208
365.674969694
77.5623481799
219.010686643
224.33016696
81.5930496636
1.29159598699
0.53492121356
951.857445978
1391.82315342
878.749213875
606.0459488
807.729869542
304.267230296
0.576333262822
608.562123271
0.365683492669
152.159810108
0.204964344496
77.4263553034
66.0354674951
0.239320339874
0.626991692239
173.034917266
86.5706259551
64.3669929462
2134.8977572
116.673565092
108.054759436
1800.9795975
75.3963772053
222.662750498
72.8518001318
306.477634442
0.478776989311
230.353324564
484.705339555
418.345038072
295.740051035
454.656681749
462.722122992
468.835384672
562.830486086
91.2907893838
84.0501610799
109.252684119
363.664744884
1.53404679903
1.21510475762
428.913915247
414.013150995
1.27537943643
540.000741346
657.449720566
453.937166714
313.442841345
241.268015004
0.631250808428
0.774398890273
1846.43689605
1773.74307623
1184.48920733
989.027541638
0.618588496776
103.954038976
0.628872661962
198.909141634
0.979504458115
0.648754218414
84.0476335528
0.819440166066
71.0406559111
304.05472503
133.582769121
108.011505786
100.820856637
0.706055381713
153.257575471
0.734795600932
73.60125197
127.843879738
73.9799351047
111.158832292
704.831453975
95.855244272
92.613402442
93.1730700466
104.287526408
85.8849973797
347.392493458
203.265248858
238.728889775
95.430821447
0.479980043151
0.730691480937
0.778577763732
110.217198701
0.773411935795
0.763405119946
0.923093603855
0.618108802008
1.07533525575
0.774537854419
0.973900389525
0.86110485551
0.614973133989
0.579782243189
0.444403954574
586.555598353
459.057358446
490.372793453
0.793302404156
0.913449151076
63.5118438185
1324.84192139
274.630731201
356.761967944
458.576068568
0.709574458809
0.788445163904
112.841664854
289.528552687
383.082878189
129.392879585
120.180689803
245.226835979
275.572612465
188.997802639
69.6275390757
736.079548447
887.314902846
439.454782853
0.329014219463
0.359643194892
0.348210058229
0.307964460819
0.294417645451
333.54853346
291.501069868
325.482711144
113.834818917
0.172842378567
0.206307403156
0.54812517391
0.401282024286
431.206994007
0.491359634556
129.027072878
1.19149747278
1.54801737511
1.13016138855
1.69427084077
0.80134670461
1.53031036938
64.7933140408
1.72906288502
1.10701859731
1.30070595838
818.01005811
1.63928956344
1.4636964606
1165.51086102
1528.11573237
0.87969106354
494.740342893
599.115051044
316.982823596
317.926749592
238.325288549
214.676987981
86.1524087283
0.29148565564
446.081345905
625.814410201
0.632935882926
371.080547488
214.897059414
63.3366169158
96.1018647417
6412.65722691
0.237544043651
0.284221326511
273.538227398
235.209849255
169.178611229
338.533757051
321.332083998
310.722829961
290.046494641
202.788796512
218.127176068
244.706730332
246.524526705
218.75757923
134.186527669
117.222309848
0.451629033268
0.639007046425
337.423826573
71.726790589
1.03959102089
85.3723022586
1.54213605761
65.2501025351
1.74023767382
475.616022393
388.476852693
1.16140754848
1.39909202632
1.038903841
538.666295535
1.18972266892
1.01623097669
96.7846651107
66.7247032447
64.1860227202
1.21504055818
0.548293756924
297.14073733
65.9552193612
0.340448443314
459.618085857
224.869722941
139.476409045
225.469324876
213.266184876
183.16888156
0.828629408754
0.303444788509
138.472772843
0.535456058686
0.813213765238
0.460300322903
648.529895641
0.713219458339
241.796488631
133.161168667
0.555678694087
0.426719677901
0.469526410419
72.7760673414
80.9264683228
390.418026878
323.981193849
0.428844305419
259.715653057
88.866457122
76.3724980573
0.379878527447
580.097845846
1.40425507666
1.62322587632
373.587842244
0.961259905955
1.42780171654
0.954535379384
238.987354391
0.982930973187
0.728844805036
205.160323596
172.528628298
432.674324283
99.2994056467
235.073188939
383.700228935
431.03494786
397.524882608
374.366327789
347.270530048
279.931593165
0.804122255598
0.658893601832
91.3543789899
65.196767168
68.3959486321
0.790339397997
80.9430131663
110.476298381
68.9578160388
1.9997652746
0.766864501403
379.032091492
325.735347229
602.552179885
101.262193533
379.680157083
306.8074347
225.015076541
2.542931469
2.13805895184
98.6999518383
201.06675206
1.30110717215
1.35614760188
207.278387671
200.058413551
70.2538423003
116.39727843
68.632615486
1.44709470787
260.878805591
372.977982237
2.66848812917
2.04981863237
2.35366960151
233.837490219
345.041347941
1109.02372999
1.28160845055
149.719455372
200.028074127
164.7668396
188.102889548
263.274537365
0.633274892121
354.011101704
331.145125766
654.81683775
655.119768412
217.046191818
71.0593388176
347.366558267
138.535671434
0.43881592423
0.428136729827
107.754989181
609.136036314
571.912058204
387.646629187
433.552515925
418.837360969
318.920935074
545.844338256
539.219331043
346.592843713
382.852902629
2415.08664174
1.0351560617
1838.96102089
381.298958207
282.106766679
539.786422296
205.403287079
263.286544306
0.271702652589
308.542161263
0.826283485885
0.850280145038
0.824853874843
1.07288726938
0.893176709985
281.267465047
0.381988791985
203.234085025
1597.27055044
903.658448107
361.705595647
0.0
0.0
0.0
0.0
0.0
0.0
0.0
0.0
0.0
0.0
0.0
0.0
880.166200116
2626.5255716
1268.67060111
134.004868913
175.508878113
0.0969588253042
63.2531891177
494.785041762
610.014517458
300.340654138
261.087976229
314.88083958
370.492911147
0.0
0.067533063397
120.085804338
64.8846610974
0.284622341821
91.2580759169
105.139231784
1261.37075347
1.12394122169
1.1111332934
1490.81639045
65.8571046576
586.376775866
253.214188359
189.091586699
341.38860862
167.230123029
0.236686945031
0.236363010529
439.086713726
0.65480282254
83.7656694155
1.32268435289
1.12918944625
64.5698150572
0.9527731309
1.22614153396
1.85809414033
1.45793471536
1.0971921702
2.82635525712
1.66404142532
396.215715671
537.705423037
452.347785253
379.343672107
181.830336383
501.915826049
380.309148753
274.044864866
154.428198194
210.259002107
1.15945757588
2.36942656309
2.57963668311
267.753744196
2.10656011834
371.387031809
358.971029138
68.969348886
220.908156116
223.919807437
198.947288422
291.590010969
87.5401071746
125.494479634
0.553314318721
74.5436582913
496.269217923
546.152441234
423.103679763
313.776669635
297.076172289
281.872846659
302.90931096
234.911586095
272.818928627
294.636553337
286.992975786
259.878483467
69.3611333784
0.69775573229
157.503428995
363.751154758
101.666143675
65.9112214056
1.96461854504
1.97038674211
2.3477770259
249.173464508
852.864589389
239.099355696
114.629605064
73.1503035504
93.2116764129
1797.36443569
107.756444738
1079.18018756
102.596541582
683.791444512
428.910897235
63.7395882908
0.768221641322
0.862170598304
0.583033588011
424.415116346
0.637371929589
1.04492110955
478.79571577
0.476729760829
111.528270301
194.259120131
68.1278942464
66.3671440636
0.757603911137
0.577793272597
124.46365546
175.632338703
159.705581558
0.568749322367
1.27956444608
1.6906450481
2.89771976048
1.05515217014
0.860081373301
0.723297374147
1.05892028981
79.7686467916
0.403117349252
0.935973114288
478.667823115
70.3679990402
68.5916295614
122.880465506
224.453701423
2520.67615825
1.67448784497
1.06566119345
1.4400806358
328.05659846
377.929446146
1.25507394308
125.216088574
738.663052521
68.4646981712
64.1088515381
1.66598715539
1.83233789047
1.72567000676
246.082079876
164.521664265
133.884422778
99.8098284531
1.3100504748
118.188543551
0.808211508606
0.818477841282
386.626419538
0.4065474622
137.252074575
457.595357793
371.50487203
1.73970741225
1.79605312282
352.074330519
142.762421106
111.80767363
1.33142804202
229.235729678
0.612985767269
454.902771898
325.360521537
2.1625909229
381.134585294
518.413092518
300.030899317
242.430667034
240.564371256
76.9762089922
0.36857346477
0.568564924971
386.736611712
530.554286188
493.824310167
409.548758009
290.385631608
193.681869274
388.158130873
306.921572402
348.969803471
163.586045476
320.042604631
1.14370577184
1.17771789989
637.557376649
570.396026952
0.481097575772
93.6589310273
476.547036511
397.547670748
0.464368948627
152.931457846
377.983803046
322.168354607
0.980503069986
367.564598123
1.69689896395
2.39445644859
1.38417487727
1.49239400747
1.46429703322
4395.77754121
5223.63194337
362.113072998
249.397849888
1.1835770902
1.33176920544
349.646088822
0.856714723522
0.416159720878
212.780073004
0.947718042582
296.540306973
221.303394343
1.62774503385
208.687532487
2134.36405728
1.40226969075
4359.39581035
223.808817281
205.345201392
1.66648716239
2819.69999981
2.62503097963
1.87075791023
3.19287394421
3.28743608156
2.65398278247
1302.07819592
2991.55389171
1013.87956483
865.345238824
593.999737059
181.278356688
0.722668787551
652.732806375
162.257532266
0.422412318955
579.926607195
1.53988025709
324.778093662
1.66166519621
1.82641255022
162.947569495
155.562498076
2.34235193286
2160.17965223
2.51950328662
1186.65950499
1701.35865357
1150.76837225
1222.30398711
1167.69820736
1385.0007392
2016.88497757
182.976555697
1390.76308915
650.993416686
1517.17493343
1.69068586978
205.195519119
0.862981191237
0.920142067666
163.277458075
0.747551251581
1.33376001899
1.30536591691
1.75823703438
1.87960374673
2.29405305159
2.13392622751
2387.2766235
2.53311347224
1031.76281825
1043.37384677
1643.36205863
2.22549231424
3.06708689901
3.10339212593
557.588794993
1938.72877616
3.3750420264
1102.36871181
2.34446424459
2.42723860432
1.40231828369
167.336192268
0.962603609053
1.14403908156
1.10027935647
1.50828673124
1.50252983209
1.74419235707
1.76883404493
894.70203023
277.883667265
586.998735219
245.618299207
3.34458632628
3.06381430076
1675.19156555
1468.33690235
753.093036725
951.703435433
786.865183049
1129.88823322
2.20387822303
184.536521157
964.792078332
984.068185111
887.506498562
707.817363518
1008.70650169
1116.84398915
969.853149817
623.441885137
1.83191201727
1.94446678611
172.938515061
155.002402259
2403.26200419
2703.23298718
2018.46656765
2.7720499268
318.387920292
657.311190135
1265.32458039
1037.62048731
1300.46681925
1233.22397327
836.548325463
546.289386897
646.406951185
642.68125518
401.645253547
2601.77750907
1625.41134125
222.178817568
179.66857671
250.817205782
211.102686696
155.944831367
561.564940618
276.862489313
1135.83716789
1869.00913223
2602.57190457
1411.88941241
215.576237438
158.896997404
934.996738619
1571.59291017
1415.7903223
880.722445576
3.27811855152
192.068006793
165.176083436
161.741188623
2.06261287781
2.07361634382
2.00368442424
664.395766281
901.033677889
1393.92568206
278.50372839
161.124809258
712.446211651
678.217812332
402.876514696
2.54172984849
190.506619731
401.722057939
3.23762218733
278.521266677
628.107615763
415.879845957
531.326910448
4.97269615652
481.935014143
169.289126252
527.254581344
502.817358179
167.245514491
173.749595656
1798.38044272
1713.19008951
1098.87148424
859.196027948
767.177038571
963.736786034
848.576875631
808.459925173
707.298659283
720.634962222
518.635548275
857.071359972
1052.19057577
4.53032789616
373.490827967
181.296025443
4.69122226381
185.36368288
4.33779456168
4.81559743707
5.84768335313
4.97763247817
5.09871159386
160.947211997
4.83736160917
5.04767609529
281.574543609
162.094707231
591.757253731
248.854953239
157.077027028
1.5722975902
1.66100066871
1.38630553759
3.37040461942
1.30620255489
368.109505471
5029.43727103
196.824997598
4.64885516783
207.017405005
4.67557577422
1067.64901401
667.399789494
307.39894871
226.554398671
4.95630347856
4.28498199357
616.170842733
1771.45127697
164.832002845
0.107253706259
0.271229214366
0.39005712605
390.466113058
0.684028849128
500.884344351
704.899887315
1060.94160964
846.063200004
771.378891039
415.598518701
5.4578642131
741.092395006
752.184871309
514.632498421
323.192168756
510.564161701
549.389945698
699.579656417
591.333604982
624.7926743
731.947733754
763.164331984
792.287976533
750.975357038
660.250643139
612.246572304
616.108879409
647.53917305
699.019512963
707.766507066
656.359266729
568.238515745
179.570034576
496.824015034
512.395260227
169.544936987
453.875644063
204.707558736
161.431693186
0.256630869054
1203.11498043
2257.20472543
2547.14521474
2026.8391616
1127.64881173
403.526202164
0.1002319225
328.570785428
293.718942498
230.402417105
0.139155622957
0.12426199205
0.20749519846
347.488660503
532.649861977
793.05416988
212.598209889
215.87047857
456.68681284
0.371673810388
1811.74856213
2033.16053417
1069.6795489
0.0
0.0
165.089063788
2569.02770194
384.162928856
437.260208714
1961.65078035
4044.02145808
0.0
1839.76543542
1846.6170933
655.049353242
2231.45724059
1158.3624176
638.681055783
0.0
556.231634679
1347.96856205
990.329368517
211.730266679
396.184424019
0.0
0.0
1554.77653388
1158.73617068
0.0
2115.09440716
2913.60150768
1308.85387332
3696.26246267
168.402154886
228.711720301
6065.56073489
190.030213261
176.343362485
2637.72042328
2873.17886809
3152.48207505
1750.24244664
440.866785114
415.430122458
1362.15226988
0.0925310063706
0.104401943556
0.111195552417
0.108155825497
0.0970385899204
3197.95394991
5576.11520779
0.0
892.829359254
0.0
3336.14568928
2662.379489
1786.70400824
186.437195044
159.855848048
0.0
0.0
0.0
0.0
0.0
0.0
539.948722419
548.772336451
508.384772305
487.587454191
500.497371223
0.0
0.0
0.0
0.0
0.0
0.0
0.0
0.0
514.049472422
494.198046937
212.855204511
501.219206509
0.045114230909
0.0
0.0
0.0
0.0437566322421
0.108120053205
0.110819926252
0.110710197402
0.108251854462
0.102287645489
0.0365271305279
0.0656323813929
0.154284104518
0.277421143034
0.315205874345
0.128155591981
0.198251168213
0.32082339245
0.190481334636
0.348797792258
0.316420761654
0.108772110773
0.0
0.0
0.0
0.0
1101.42173369
0.0464755710627
393.635405774
245.505126983
647.099521717
722.013540087
603.028852242
1794.80927616
279.356870534
0.210610792437
210.344544636
5935.08204798
181.041647815
160.520361921
202.063186175
0.303580214349
154.057863961
208.365121744
402.499166046
3867.71056201
152.236992538
626.802464897
8168.18337672
9970.37145591
156.558533561
448.297950058
181.581932191
191.362901718
0.0525062570925
152.037036757
0.210829072839
0.141009673161
164.717846503
0.414285067776
0.492370172333
803.121546126
690.707383904
175.753378972
0.448216974484
220.998364979
8452.53995725
0.522652813181
0.62151113678
0.279898640399
0.494638381702
0.300615115777
0.746109330623
0.539566902738
0.365661191613
0.388261365516
0.37527985339
164.124270548
0.520368000371
0.341572352403
0.300138344393
0.226818178031
446.262335772
0.0
552.336194144
0.0
0.0
0.0
0.0
0.0503761232656
0.108250376064
0.120550649098
0.0589441657475
0.0573003661575
0.138329511458
0.222325162405
0.243517090358
0.410922393882
0.531640931563
0.343155050023
0.487038784297
195.346562204
157.791364047
546.978815386
552.222424233
607.516019501
661.703323077
517.152429961
0.305641497514
0.357832666794
1334.44991907
2264.34243747
1253.42537005
431.69980958
1266.92511257
402.573859105
305.248383287
580.753347777
201.278544768
0.0
478.584963962
0.0
3083.11965854
424.045447177
591.326430199
0.0
423.778813143
2947.20776069
0.13410053165
392.500159494
242.109908153
0.147238890401
3509.68423299
2116.98212586
187.148490992
0.0
2184.35196844
616.59200682
594.816214719
540.248614062
494.911679711
158.506160519
154.351587663
0.146726575958
0.114278285391
0.0
0.0466420936471
0.0569159433373
0.0512369731466
0.0987354402392
0.0448777490294
0.104223715818
0.138822807787
243.473636495
367.52968826
246.689625705
201.448064574
624.109316748
538.542910264
161.636026427
0.520096424833
845.447409201
956.441221543
0.422375364554
0.309685490315
2405.17239297
3064.39784984
158.461152443
0.175572534595
0.205394368959
0.104247101211
325.069550248
312.087886233
311.056316049
459.961447424
0.730194478697
1.12506379062
246.19412978
0.443710654877
1424.02952249
450.133402368
339.578687481
236.832377204
420.695542021
1236.70274258
0.0
0.0
1373.13946281
171.708135434
202.177682213
5278.83938695
0.0529256999864
5179.46030688
177.257568602
158.312827422
154.493865663
0.157637837342
0.0799784936229
0.147182244646
0.0983822733366
0.117019508782
0.0529920379203
0.0490417846083
0.0680461931586
164.022491512
0.111165589157
1310.40545657
0.207003618224
0.280968058377
0.654573403051
0.910987032387
0.599354982181
0.527282087272
421.087572307
712.141046825
0.0456997506055
0.0
0.0
0.0222033795562
0.0
0.0
0.0
0.0
0.0
0.0587696863876
0.0700063390357
0.155633154236
4750.40201087
2936.19519646
0.0767277526362
2734.75517882
0.237508396775
213.67494893
0.273169445869
0.451363770551
0.414266968624
0.383167838967
0.372871810996
0.336852966119
0.274429026288
0.248159915185
0.183001652187
0.0972155400346
226.414400127
295.35062805
292.483653798
249.177515255
0.0535709728598
0.0665739141093
0.0752090439094
1391.17681501
4530.29528691
463.120471948
719.642349544
0.413548515028
342.64547978
243.883609141
195.87674441
0.384753931269
237.283086201
221.074404866
218.771456311
0.359971605709
765.2752912
0.0903393135329
0.0805125506872
0.30487388262
0.819462524945
217.981990284
291.198263204
307.532252936
510.045052361
623.271819084
631.278622106
153.139007304
1.30873720711
1.19377589611
1.2386034622
214.022632634
520.576577593
345.699069234
2.24640621006
486.780601865
186.55561907
170.956224972
166.280884822
2.40893583618
2.5529822478
1.6519526159
213.234953846
186.90836097
1.37767672278
1.09656999883
1.14277611143
1018.50715783
459.47142536
230.349469856
188.393941282
190.971579385
160.377238771
3.86049178065
1.53814098914
219.768764725
225.033057781
1491.83276006
3422.43659273
1.96793611941
347.945322034
1063.56652429
1582.50781806
1551.56298136
1731.66709734
2.55779442064
252.970646269
188.112146377
341.567422356
612.085385852
862.402393771
243.812675115
254.483923014
3.02388585441
845.20859575
4.07344206288
867.389145328
475.254914718
1004.36980024
830.685721521
730.105673167
384.206412783
1294.62759935
2.41363610224
2.95531795537
2.91105208916
160.861332663
4.16292834207
3.90286340178
1655.22558185
1049.59666018
4.11807655276
216.202056198
191.382019396
2.78536222527
2.45382757751
2.11093809449
0.058197914531
519.359350705
1343.39576261
1466.46806829
637.184706911
987.918033753
1004.96988256
558.706261189
606.015984397
1037.72822008
325.876119343
1249.95836465
1407.86305808
506.79189218
462.353491963
3.81322226949
3.95051801661
155.959513647
4.16079161108
2.82660055774
1.75986426475
2.4136500812
3.18530855576
3.32892634817
2.52905765492
2.05115356607
2.4165573027
2.77253694584
2.55098008731
2.51554381056
2.63843878525
2.74960137913
3.08191307933
203.284398789
254.629145128
759.121947184
476.07243043
166.059389999
158.325418818
1111.97250121
804.096405281
693.860849632
642.844290699
6.67334399255
614.821102698
188.866662402
4.56399339091
4.2472665772
462.357271477
686.45226003
611.99031505
163.043961656
0.322351901815
2462.47140592
1321.29081944
1576.02114621
1709.6853103
1433.64083502
1538.98797222
572.650056679
219.384935147
518.673172783
3.88935137343
2811.67988473
1485.14909926
1855.01133952
184.576726626
169.185260238
158.213147495
688.809302091
155.377333538
191.27820031
5.17747849497
228.442029878
557.913146599
202.173116666
154.812397008
241.633675367
0.761565730213
232.410505439
276.375851084
280.485132674
251.538030775
0.499981854767
2907.42749638
3.86550115965
4.62781882183
199.277289273
160.407237183
5.43999546518
5.73197809675
3217.89451073
166.073231031
7.18285347985
2049.17715205
7.23524161488
658.825465991
190.831265445
6.31809717852
164.480605463
694.150063314
5.44101517391
5.3402169945
324.577265894
197.513472722
300.365651971
169.15437448
0.968240632978
1005.17299314
0.932885353321
192.461561543
1122.75294953
203.944017221
5.12479824709
165.666954369
203.008623808
293.648774911
233.040005883
182.431763323
396.432168954
7.27585791891
6.83102357792
6.62366094516
156.052352017
5.82696502557
5.96804260941
1370.36018115
1097.39023313
162.761222889
389.347225938
600.198867327
0.625454875212
0.978142006749
0.811289970914
6.25012491591
6.95322698136
307.080292545
285.119239733
7.05866487118
7.66588200185
965.009435849
828.526682314
9.33229206
185.126551634
3.69327403495
4.09377775383
5.50445438818
4.53352442522
3.09333953288
3.70935390596
230.02486605
182.329861841
3895.89215086
2897.22777479
2585.75028574
8.5816259143
805.009303221
746.845386375
539.223894256
719.73504839
777.241699762
565.721369153
727.737954736
764.422454622
246.474361834
474.923140347
1540.7287554
241.130443795
211.882880393
10.3751058438
10.3231716218
3162.35362161
755.373127332
195.721638533
162.755555625
1724.09292952
7.92072697302
7.11706601891
177.25773046
5.53154879455
188.725446428
627.158647435
251.049948112
1.11446485334
169.127214938
0.515276389173
0.384920514935
6.5987504458
2271.55975191
161.76020106
7.75921611706
8.29065241102
6547.90376017
386.18195318
310.091815751
233.866004827
307.194813367
497.507723148
2402.92937815
1197.41035703
396.398558638
8.44603968425
8.77466712805
829.885234251
883.26371224
167.475145819
823.989504989
943.247388171
889.296130076
877.912520612
782.106904225
678.450979897
630.863008107
623.625676937
597.252263198
561.190421578
535.096869901
511.365973135
467.184360041
315.600465055
258.21625918
11.8124317912
159.883803257
11.5268733501
10.8974541078
10.3742715013
9.60114313831
486.539021045
596.324896729
533.379373125
6.76605850361
0.330087668664
0.295538272559
0.238988377094
617.766552537
0.142592097169
164.514482231
147.566568707
1014.71643578
7.9365845063
512.27457659
306.296360436
341.033459056
314.907821631
166.877356577
203.157026701
12.7507892648
673.928622214
325.922257473
12.189581894
816.706063141
846.149143887
737.24701715
434.391332213
267.730644602
186.618389838
6.88860015602
320.361243028
523.345645961
528.554059508
530.205256213
534.287074918
499.753964759
155.762953364
6.36808314509
7.32711153026
7.52584693165
8.37085652349
9.24668988249
10.1025155488
757.822415856
635.750497277
682.84975422
715.927049662
746.393501028
736.510094817
1373.14222826
1878.32850805
1161.49342642
825.852336092
1237.41951056
895.11618896
539.500883247
451.158327766
195.679215045
1.10945962991
1.74819282869
1.99638494507
2.47158750794
1.04283867711
8.4226793314
588.49899409
218.476762767
10.4310817297
11.1455415698
213.503794521
712.103441905
721.803254784
756.62234567
724.509007019
689.166562887
666.777695167
653.942416773
580.041980754
703.324028447
531.887590343
473.649346141
515.672084714
502.481582374
1954.76043307
1.64079317435
205.363374732
3.00591948064
2.83978347901
9.64689507571
2.13880752269
10.5374956939
680.154231206
10.3428782025
11.276174049
432.571933459
1708.86268773
602.818716107
628.867682552
629.945796274
606.739453705
578.40914434
539.358745948
500.97008857
173.748679551
452.720891428
148.580837124
1.01989339343
0.803166152182
1.24162056045
1.38258436066
1.35767943146
1.35364940654
0.825787692637
9.48228565446
10.2535092358
12.0175517438
164.72201325
287.859547558
770.442939889
639.181488126
519.52377523
307.081394789
439.76818797
196.729551673
10.8793832859
9.06611321458
407.723005312
8.3195469386
8.06228921096
7.21470007862
554.501661357
564.768583656
176.156765427
548.698801464
467.480283481
2962.63685283
0.724428028485
1367.05835713
1099.45092205
628.696546549
1.04975302308
0.697247358175
368.293779381
0.378771634793
0.271935335066
160.416699361
0.639649663661
154.793998147
1.30663356252
1.27632374127
247.432965311
1520.70095224
1013.24290012
553.78533398
603.559858599
187.310211381
531.868216925
300.441540547
500.700032652
701.390064717
1645.10516228
1.96030985196
1050.53937063
836.033807789
369.827901239
751.34242656
300.302087856
0.590456935514
817.46831642
543.880757471
0.38410237355
161.528824577
256.137185514
2.12792451416
2.25350368801
2.8172260917
1.10586015937
1.02840635527
0.8376616446
525.68703749
0.854138675417
0.769610031635
172.934469607
304.369888868
0.917993741441
1760.85964766
1089.91547922
406.082278646
1026.96920928
909.542744413
1065.03380745
750.290412723
0.833873218123
1.27755191678
843.803493151
1.07854513108
264.759937509
936.696253286
270.943215269
1.38511903705
1.53302482624
1.45513334239
1.34338643617
1.7043585542
1.21289359659
1.58088634496
1326.34589357
760.883597194
1.0360172189
521.763210984
0.567759503671
4432.30608286
1014.30399468
927.505879266
995.547547061
956.385724145
776.678586436
479.783935188
273.95970083
164.714341526
1.61780207481
1.04469628122
0.91164951659
1.38361356516
347.783182567
193.218901494
864.017928206
250.996295853
1066.57621646
604.137853392
290.220478307
165.669453255
426.515080546
261.399167929
1.08761436949
4210.8382692
678.844378217
634.331530324
628.621360969
631.467572308
563.543704032
551.182570311
502.999437504
159.454221739
171.827341398
349.074223861
201.42171405
1.86942293284
1800.50539232
856.057320937
1977.50244814
2352.84208602
1759.41498907
1977.73681243
2254.15716015
2038.29971542
1100.7501026
2.35791142493
2.20796250196
2.27967133374
215.413179304
452.210542478
1373.04386515
801.306403284
866.227119367
362.505506563
255.666837732
0.329731087373
1.33289346782
1.52749957057
173.648533551
301.735046193
284.883899503
3.04070735282
398.544963016
567.235871337
2.80763261818
3.35114859712
165.387754945
3.40457476918
3.74883164036
2.42964703224
345.056976577
275.382279725
2.13369436397
2.2076378702
317.841919552
1248.55721354
0.851080252313
0.775748098146
1888.78755008
0.718348056013
680.829378099
2.00517507426
5349.41906795
1977.68065261
1.86328677158
4717.80699032
198.661669256
201.819131651
2.8996255186
2764.81504246
3.53574369221
158.359275362
160.258156054
4.57344296018
4.22531614584
3.87869112769
3958.31094997
1084.1635975
932.087292698
574.027761209
214.821600567
184.64344943
705.110276888
171.74423461
0.926386994727
200.853897963
1.43176657733
332.019346846
665.263258322
514.641722957
181.138117589
163.691548412
5.01416095086
1475.10091225
980.792499279
1160.39253392
2198.76364968
1057.58892327
1132.90654658
1107.152778
1450.80493195
814.2687196
0.183222441031
274.395688883
302.747522433
1.66867079428
1461.89252756
1214.90713985
336.278558831
1.91735654524
1637.74161198
1387.49421637
2819.26158197
5347.8465488
2981.8070498
0.563093573751
3245.50518844
3146.016176
2688.13787024
0.659315454495
1469.16642594
1755.57921143
2467.84123698
2179.56989656
3561.23007752
1389.36138072
1138.63906909
269.620960888
0.428671438533
0.295464781843
879.965416795
0.259913395836
0.487713718035
266.999698986
276.225348715
0.675196202754
303.551720388
276.196862877
1.16670696542
1.31601501589
1.56574767252
1.59573980178
1.87159291019
2.1908020714
1597.12703393
1272.36751699
1335.21009311
1463.06790261
1597.34565029
1310.31962627
2500.56423211
314.325687543
414.090826491
1604.15930391
348.64243454
3.43043491174
256.102511036
1.88586760471
1.84176406477
1.85653329887
2.16422008729
1.3325220317
2.0755408499
1.25446821704
0.853122453541
0.765022136048
1.05147646258
344.371897714
1308.30577224
1094.09038157
761.991944078
598.68148664
839.065349418
2.54519538829
1413.84336207
2.24468540629
4731.85033657
1156.43229813
1361.93439298
1.91040511736
1.08648871054
0.960033983264
1.05968421863
1109.76600708
1144.67709527
0.145848465427
289.435360948
283.335373273
0.156059268607
370.205911553
0.278428272344
324.959125866
541.154850736
0.516204665315
1542.18592601
2197.68184026
1587.06485862
702.291731786
1038.13713878
906.702561569
2185.71675723
0.650595781935
5066.51894717
976.324720987
1046.71523286
0.638080299116
931.478389252
988.571985715
968.28650245
879.996067896
939.891841041
836.6070903
0.301794404357
0.0943268503841
316.385261596
4004.68944437
2979.5738675
2488.53320566
840.287706427
1030.98936936
468.615082614
850.602588471
1211.01663641
1396.19755187
1603.23218022
1039.87065075
434.539899688
0.823314228182
627.058966078
441.715992046
343.3577185
990.426301828
5314.17340676
0.410228079426
457.411279465
329.521610115
405.739706762
948.180715493
724.428476948
1274.54640978
2170.34132373
3260.55521021
2133.99850528
267.328532656
3760.45625931
478.218521523
1452.14768675
1811.90947805
1001.20142712
449.579794895
294.246893508
0.605010755009
0.533720019884
309.482196842
670.111236889
583.764600173
6317.99520943
293.087659883
1578.60186289
335.857699866
479.420847046
429.791196983
996.367403343
645.963835532
276.154940444
0.390599816589
276.999276695
0.669475043752
1.06290643765
1.21747524383
0.989833221478
0.670566882198
0.461110009845
0.516289495245
0.627812488779
0.534732566977
0.672910230163
0.765057689699
0.909000190046
2185.2651289
1869.63169884
1443.44338247
625.205529158
1679.63423449
274.868942227
984.746221206
828.948392191
264.636373088
0.4877241601
272.410989934
308.466852205
450.700806485
835.034166682
474.825459619
1.73947596677
1.85171944475
1.52612989919
0.585039207866
0.654790266933
0.692691679358
476.840547787
0.952149198174
0.862093454256
0.947731145054
0.848927720432
351.211050818
1.12488224555
499.904010618
390.294533723
0.74625704078
0.675655499869
0.23643673893
0.344234458169
0.452926913557
285.436268299
2014.70007767
4983.27188066
1.27709229698
1.64422759148
1.23947901333
1071.07808736
333.356829825
733.23378906
357.843298231
309.960127026
1.23484356806
0.459763971229
303.39480753
1709.77386707
0.138202110256
0.190963180137
0.0727641970418
0.219847978349
6333.38725362
433.861350943
0.776973861739
0.513934279262
1298.42751254
992.981107983
985.622227207
752.599037333
0.761099135005
693.885032684
915.550525876
779.2695939
305.358601168
284.044227046
1.92995247061
836.940590513
914.760324529
1042.89072986
1116.32240627
1076.28955017
1008.58397875
904.893570101
814.133919327
263.183537915
272.345752602
283.832262755
1.02868787317
272.470257189
252.655543408
0.776860733279
0.713119701428
0.537337442385
0.704785837322
0.666920257292
1.0119521388
285.29928746
0.982718748594
1.03929011877
2634.95240066
283.009634365
0.376954896319
0.564418053769
0.580221054214
0.992037947692
0.410354838424
1033.75105779
600.006758011
494.365295385
285.461536095
396.411451474
475.482601105
268.48919415
295.286634512
737.114199023
0.684781799552
1126.786287
1349.2938716
1203.41797592
365.324935593
2.61738404332
2.8226958767
3.13376260051
2.69986184131
1.91368239517
3.82542227093
3.59082280485
3.96046823769
301.8584019
1085.32192005
436.339896729
845.540659098
3.69681163503
2.27514425054
328.420086129
274.23343757
338.044781602
291.609782802
644.920695804
364.12612977
338.484415862
361.299752922
908.983454083
1042.3449255
1313.40335555
252.788352297
2221.85899343
3518.98326992
2263.60674512
1262.36910148
284.011521086
568.474114739
400.349718296
542.580751563
849.507657071
791.830219571
416.397885059
4.03065969481
3594.71250303
346.447800334
877.988532145
564.193601794
977.953931463
943.450138314
455.954329346
335.094581225
525.586178616
849.060598151
933.869217286
962.736412985
3084.72001621
3.95025429327
2234.66052084
4348.63891551
335.80614011
5.87727294124
5.12035948662
1024.51664987
5.35343563069
5.33061253882
364.082120534
277.599201596
447.589267851
292.89466448
255.186367069
4.56506124557
4.15625942504
3.91823154674
3.74180644746
4.37341648851
791.86611769
1301.54572466
1360.87397305
1255.68425095
958.074748033
296.882451949
264.804147863
3.84129852862
4.07639446802
1345.40102994
3.70062703822
3.24949324852
3.30213427684
1010.31133723
530.334520657
2103.66133594
2130.65092223
1672.97898435
822.897312729
888.789373012
381.140782148
441.08226123
3180.60849275
399.443266494
4009.12580521
3.90364379912
810.73549628
1623.49640251
7.54402861015
5.57561464154
4.95329506315
2851.27918439
2849.91714058
5.13735382356
5.6695671201
5.94290727735
5.36016451518
4.98822804569
5.10962519068
874.886661176
1021.94300182
852.730147543
8.37051683045
4.92045039668
5.12030803712
5.14455920138
5.45191209521
384.470191466
475.585335023
420.953819772
4.51729238703
3163.48471104
416.045291673
1236.60436573
1051.84476347
306.01946257
261.953333408
920.240796262
865.594208289
352.927939833
390.254431398
339.293147535
2571.94401725
5.55269976555
272.936623522
268.588318387
376.099103976
5.80591674704
6.13953317983
5.67682466073
5.88327873904
473.090479215
6.4079994352
6.72366901731
5.67343956967
5.51132668589
4.6074809158
4.60305875911
271.359482066
283.528422359
277.982342773
377.200614849
290.059104163
6.86599713102
2368.37710013
7.15656033691
7.17358856742
2168.3962571
6.88023410247
3300.10094075
1010.77438594
2310.73778511
1630.89826097
1990.1785756
1315.74646146
1381.35379292
1487.92873184
870.352778258
8.98678543444
319.939867635
7.39188184812
272.184882963
534.182318565
1081.89105265
1135.76823435
1020.05652717
12.4442138755
11.7862190021
7.73299793736
7.66332231533
7.80134308924
7.78254932077
6.93861560471
6.70957799014
272.276192044
6.58851745185
424.901643212
1246.1106999
311.852894954
14.694549971
14.4323100868
13.6643689061
12.5924347349
391.292408058
10.8519597146
10.0640639953
5.34371421893
1453.64407062
1.7476347034
1284.18715595
2.19307076844
2.23975266735
2.1849535912
1.952551101
274.571794038
284.994502154
356.390462487
1111.57243658
957.199192923
481.392598722
473.895760952
0.683504516951
1.53831059832
472.451027629
504.258508731
1.33340705234
1.32692373628
1425.46936874
0.864866663589
0.73713759552
0.563908839292
0.5178727211
0.516065235685
0.90512261292
985.315571524
985.677912628
416.367356436
950.282192777
859.479185267
0.748853453843
0.94125311535
1475.5054782
307.646573484
6960.43997751
9164.21946635
1.21271194104
1.52084536969
1.67802867032
2038.20813668
820.081853839
1032.30733233
387.837753479
998.309787306
934.204330025
386.662822785
1.37669805369
0.98194241539
1.00081991449
1.78033075581
3206.38615977
2787.07243261
993.798545346
635.822858687
478.593793628
743.612460633
1.55613514071
2.19411370689
688.187726553
1872.55622069
1674.61703393
1.64587551558
937.049145397
1.68631653158
1.40515404096
1.6728836467
0.833699230053
1.32897343401
0.984692588972
0.893445054975
1.51549951097
1.69561513245
2.13053042009
1.82500445261
5944.90765381
7872.80182241
1.63230518295
1.63404579696
1.40473683966
1.01822587706
781.020217184
1.0900065278
1.55176378266
2.38137322052
1.60083866108
330.260983708
319.003266116
4188.74954603
972.415316104
1114.60580364
3929.81396583
3184.43041432
380.367207888
1012.5416837
993.563453074
940.199336991
336.888432408
293.358909379
1588.7258863
1828.72680766
1705.73019386
1057.08153444
1200.79947319
1146.00455035
1181.1356655
3.51101168808
344.836519382
2.32367267068
1067.35274191
1734.24357168
841.416916881
3281.59837121
312.031847381
3519.03075836
3.68710023404
3.44703510035
3085.88251798
3141.12405161
3328.95616236
1455.16320187
1.50350289105
473.019157155
2.91284145048
2.47458238792
270.660406686
258.664344684
565.993062298
1006.58708055
918.763947647
919.438092601
961.836956009
827.744489384
853.216487683
3.87450643306
685.269929464
3.03940256969
539.387267539
4.61241602648
372.562645508
316.773663179
3.68513338867
321.834269628
287.481696628
335.818144685
337.180262768
445.749304828
415.777845247
309.046248629
802.046673814
3.39819805814
1132.91267385
900.655344304
853.376229191
334.817883264
1090.93020727
1087.55992929
596.158227312
253.280014017
273.444043762
3.01622234115
2.85237246327
282.174959035
2.7201586329
1223.44119226
400.395243591
531.733857707
354.22230996
395.697145307
0.486874263555
3313.52788628
395.617903071
351.064721357
311.585744405
0.439455038394
0.449839466447
0.425351731315
0.413401711184
344.980565407
402.451416687
697.438558102
0.380337183927
0.42902082449
0.592588029648
4661.74306113
1916.07333884
2649.02450855
0.158565240523
1621.02379384
1635.48825315
4770.39132045
0.128558984973
903.87827792
0.0306817960325
0.164293799241
0.200919903252
0.136596614485
0.173365673937
0.1729117003
0.213421229487
0.199070971819
0.268150548631
0.359862907461
0.259560881374
1323.89392824
1816.48581948
0.338594846382
0.333229277252
954.590283704
273.594545573
0.290563198834
400.704307002
412.569449752
285.937056225
372.88250596
720.199071313
263.457607382
1298.42465897
0.463616302812
0.525143900567
669.121029112
970.345029575
0.642775352035
0.407593823674
0.612697326245
0.720283562628
440.08638911
356.74389765
329.003711314
738.901906985
1556.754873
0.57806570211
0.560583260051
893.006047437
1340.3748074
965.347058127
0.980866672278
1101.66571868
0.810577393582
253.763035995
330.564640096
415.734028471
1825.70401528
1511.99650412
300.938216494
1284.99628354
705.595005434
394.016512114
472.082716121
0.0548725891097
814.429819725
523.481777724
9068.75281277
0.0
0.0627820526861
511.230881334
1629.85961278
4322.33134227
0.484148738529
2136.38272698
0.510379883827
0.342948119566
0.356489906436
1286.20360259
0.501335979368
0.65881069307
0.704247452015
0.480510671573
0.199606664283
0.065342198906
0.281287155358
0.173434873149
0.234407290668
0.308549333077
0.343931317539
300.875404022
0.103110859306
0.0690931401014
0.310069365254
0.283842845593
0.482264336445
834.312761532
4986.52187925
346.308014553
920.063396296
0.92201959442
1.04630382559
1.20074271055
1.36135695645
1.53801302561
1571.41561714
1241.52767766
860.424990348
389.943170431
1.07959918165
598.375560278
377.01204334
1370.22292795
1.90384983739
1255.22723798
1410.6414845
1413.86303934
2321.80039103
1914.64178283
2283.83736488
1474.93854381
1385.78189639
2350.92307994
5007.7841116
1219.75179849
414.23230564
897.277315763
1006.23027196
1063.95234868
1399.26516495
1375.43119539
1384.52633027
1256.96226792
1335.16260299
892.324692816
252.238040741
4145.64417401
1.01452807684
2638.3180119
1.42345981059
419.442389013
1042.08476678
1.155844805
0.993327328106
0.970345023681
634.354241395
319.768398835
376.091082835
1.95403925029
2.58669034855
2.24394428386
1.74489742478
2.11701807909
1.2735604071
1.83484730111
1024.73239418
469.016606188
291.411357579
364.357837308
334.187159572
1132.21847286
1102.87509967
2657.52424968
2573.6389655
2.86326220638
1857.07090083
1736.03243197
2214.87644933
1364.92618972
2613.91092766
1.6681314282
0.882436381973
2574.31006491
4726.4597941
1606.09783223
577.93136012
1002.78829941
702.665283763
505.573935143
321.684592867
0.801808761569
956.539707153
456.114418123
254.245909652
1.88314209736
260.774254704
316.85108292
306.85698048
1.21487302602
1596.75366288
1.20005435164
1285.36503202
0.697138834836
0.518033044929
893.492580025
1.06105647801
903.431715419
0.70151815432
3072.18087523
1311.93355951
1836.10413953
403.505438044
520.339398412
450.433896215
6438.00667901
294.02783616
1065.45446821
678.967830924
645.231008712
0.797243800792
2920.59960615
1655.62309917
762.09425725
1592.99140109
2130.00543644
2544.28102484
2286.1294462
1908.46212493
1391.99383143
358.860874602
880.26011357
303.118694928
0.656267038365
1.07149974908
0.454432626607
0.141018152365
0.203074543122
0.234960166245
0.447537520251
0.458532895806
831.085954257
1000.10192165
259.216397862
0.852116773104
1.02752413518
0.88442956403
1.19264259381
3455.62766545
1979.7872315
1202.37258495
461.56190692
303.80931127
4454.75844168
4386.01316849
2887.9602577
3144.43288362
3.47883469928
2302.44308735
2134.75154248
1053.07152451
2.2735601218
2.63589252596
1.23284346084
307.002504011
275.451471063
0.30300296419
0.297528939985
370.752905063
0.498192963259
990.281616724
888.310732583
1419.02254186
2621.12300371
1717.72143757
1661.20341143
1465.11410957
804.957608465
270.40022284
257.924131713
2.92148924179
3328.91991743
669.662637527
1927.38809697
2603.90244942
3542.69505708
1090.91989928
314.581745075
254.787437104
0.488704958805
0.757493973613
431.714940393
987.534512635
0.884996626694
258.628780689
1118.99758113
949.183228589
981.230021085
406.288386936
1.50017721628
467.602476489
1.77450277214
1.29964488776
1.1140196452
1.33016871028
358.098003381
0.779469337313
998.569675699
271.212205643
317.046769839
0.606054891972
1414.34285118
0.824559354708
1002.38152752
941.46933869
901.446951412
365.889692063
1.32708727983
1.48198814647
340.809556049
1348.14828814
2121.10058631
3730.93859631
1984.94906704
1558.10414485
450.268555967
407.746646932
820.297903574
1149.55550157
1174.77573627
465.91946487
267.900292163
0.524202679443
0.246087322757
1364.79599792
1672.55358595
1679.81501758
585.644227093
5004.80165596
357.436986265
847.568587252
921.071241164
308.078806006
3201.60940826
256.883109987
266.528608283
1596.29640313
1885.77532537
1811.16414892
1841.38952363
5217.96912888
385.310966283
1436.7508399
2054.6401008
721.650193214
1337.60249615
989.940439377
0.355681313363
1568.6792814
1546.24281098
0.0327165335582
857.023040249
7318.5331129
9642.66410019
1042.17449899
1401.41914379
274.219508933
273.102829329
0.761040918115
0.674866456092
0.743241539611
1.03243692875
727.69099164
802.381625996
315.795509521
789.137327715
938.178376377
622.402901992
0.34731057943
0.878791599171
0.725255434807
1.1434676753
1.53482379577
2.13521790437
1.0359893998
1.62848084747
1320.36186735
2537.16168337
764.434739835
1081.58727428
266.626291103
918.843513098
884.000843189
847.55232445
252.192209417
0.488504496267
3513.04365912
267.564869611
1.39481397597
273.555612525
1.00646002635
1.41544044822
911.028407846
0.830270873314
0.843661514386
0.939187093758
1.04448120113
0.813667567021
0.641609598097
0.667646329886
1.10457502273
304.990354894
309.783105682
292.060797106
0.957191132384
778.246320975
759.735256656
494.965073525
764.368225452
259.2141147
1.12454132182
1489.04101789
294.71166113
1489.09920263
3622.60510775
0.689914728693
1147.58117158
1154.5711464
737.852012874
328.282651922
257.270508114
2395.91153227
2273.75445193
2182.59464638
2772.85272754
285.834680759
612.74594751
514.327380025
484.980723443
419.153137495
718.968480448
1.37869153054
331.365644048
1191.42843531
1760.15673891
1757.75966215
1273.20682346
1.13728160854
286.094640067
2.36578514115
388.966526733
2308.64466924
1.84607050997
2.07658096878
269.484680735
2.28089518805
958.138033006
601.784657734
289.754083204
1.71129502574
303.063618561
269.21727431
866.951168542
1382.25294077
266.925449468
287.366170079
1.1548080335
2.62434321998
2.20690459372
2.48012473154
1.94685277408
1.64852518173
518.929917347
823.733747304
1032.14561216
2190.11259537
2788.04117668
1.36101540283
260.228816551
3057.3558442
871.009396096
1.64977513983
1751.38418329
1714.0678033
1.14322197717
0.764206652484
0.931573867859
0.998040030019
259.25495663
5041.20884419
1.27775230438
1444.4979034
1680.22625345
0.989602824087
1718.84708218
656.628419868
1.62316542547
0.712027473185
1.06745052531
0.863981713519
1.19346312071
0.829254289177
0.879009384228
1.04368994105
286.380292094
535.520777736
373.9455108
3226.55030696
2384.98520619
1470.63315662
2.30631313186
1.49636052346
2.08073584096
3142.74564934
5346.18404621
2.47140875649
2.82360381638
2290.12314944
1833.94003895
1326.53340175
3.12778740018
310.208191905
1.25173958624
1.26619692261
1103.04755379
1226.71814981
252.903954163
307.218725545
276.680064697
534.30464633
2450.77683306
1917.13639111
1890.80158065
2793.31521137
1783.74268651
1251.39285091
1.14226387869
1.83299830162
393.113429223
3.55923374238
1531.1951232
295.387245174
4254.47900945
3197.03272748
3583.82966529
2399.92344435
901.647105002
1423.99881357
1.10937486425
1401.96072394
8185.78801986
1.03696146589
1.2463552676
1.0192419611
1.65197123625
411.050663574
0.987776305527
1.27316486752
1.08983934872
925.355454031
336.518155117
0.95116219999
0.842116427431
288.205002216
825.726687929
1.00708462582
1.45062188649
655.584082959
1680.74550477
1.21844986772
358.276788679
372.132737102
0.866676649871
1141.5977005
1032.02173646
919.461082257
702.213933198
453.413554049
0.948837806426
0.71571256313
277.263309306
1448.1844494
3363.34675855
0.929915047447
1.34032344993
921.191497001
1.57923276461
2.14102209549
1.14725071452
3626.46585069
4412.62107791
1856.96142751
295.178064334
1215.90653814
988.395112863
583.413721992
475.530678275
1.75817583375
2.92528967691
2.80765283621
1.95923031285
338.613160354
4.23661761676
801.392039462
284.170778692
289.704167643
1.83519988938
445.29411287
1316.12378142
346.140114906
1120.45794735
0.764771998883
270.825903002
6148.75965019
1055.25133954
1519.68721589
1269.92056475
751.224584795
437.455644614
0.917633200351
1.15224293595
0.770115022449
280.359220715
0.247855150893
0.201842216473
1575.07018625
8398.4137505
2428.59013541
3508.18950228
1930.68662841
2960.62407908
0.536966697765
0.605147612874
0.572199725009
51.6598481791
0.691636044874
0.86681663284
1.12039583953
1.10292432415
1.08988395085
1.16505506917
397.541255515
1.28537999073
213.190528429
135.937599862
159.475006904
171.184658702
86.6297508441
91.9884142027
100.553544326
93.4075507491
250.770813286
55.3969057798
1.22015277373
0.861794040109
290.580583603
447.422017249
254.497675698
1.48859171427
70.682235567
156.998439872
129.389459298
204.485369068
450.485876336
336.063213683
345.124884879
120.731951289
155.955458387
100.147478036
66.4690426887
79.4280894643
1.37738411395
1.35674333102
219.949694278
2847.49846712
614.427709235
1160.88410304
545.415291008
718.628487586
542.256131849
365.09053491
479.352129021
627.604569351
576.799072393
325.343457431
401.46842482
347.547138116
551.657016763
661.857825932
177.832990759
1.20852319093
337.354836101
159.773069188
168.721506467
772.87009978
390.790204907
118.382985674
3.28283682096
433.471360329
364.963436351
727.962849734
1.91906105823
2.66898366292
2.03790439908
168.080855902
54.3354791245
263.632208618
271.721279618
236.072511257
215.508801555
253.946732324
232.3103863
210.825401327
194.872709914
2.97556285413
2.79852768846
119.102330923
163.043552795
242.68290433
226.00816025
216.646038738
192.187812516
2.47024350351
1.54456743815
396.451722974
74.9539410873
205.400281248
1.63430672173
1.75188934438
211.444048057
2.11408030217
1139.76353669
581.984576435
347.295649329
197.169805799
95.4328515323
508.549522567
401.272322832
4.87952164139
168.110512609
460.704727152
54.2930827096
0.897404626643
0.97751941146
0.756370608038
1.01876840192
1.44534651643
1.11861923206
0.983923144114
0.659366679295
3.23503686406
3.13025599928
438.900689435
3.9070300275
3.95504314868
4.19600493469
547.118949809
559.884118033
239.211992832
6.57106137615
4.86922082681
82.3110806042
225.686847144
4.77942457895
51.940555827
224.278681073
63.0507859512
143.653800736
645.918295771
231.46816504
108.736493447
68.9847394386
171.435795833
102.319581698
144.578036389
4.19312813023
3.99717957331
4.61234004433
4.79350024761
4.42424982366
4.6041055262
207.643381092
55.944901177
5.45966606055
303.20778644
305.235629366
317.929544687
58.9414304401
4.60268535981
4.25972704212
4.29445395845
315.032839884
804.374293543
554.645582801
3.52797763956
172.556974878
437.494666625
372.053071022
1.08966415746
322.296895647
117.421044779
93.1684691855
168.035087412
76.0372748046
926.210435932
4.73760999117
289.796713044
5.36372825253
191.109638189
154.807422442
201.887641187
80.3359914699
6.63231924625
6.01279332929
174.709633554
237.639617996
216.142768909
62.4187544638
59.0528204189
70.4312668733
149.435056118
232.794279674
163.879259869
145.652943773
52.8735426971
47.897988631
1.27675359561
1.59261543038
5.01865046228
6.53626291057
6.99342427979
58.6656396795
184.156670745
7.94523578303
7.11791609318
72.3078127596
125.973349303
261.405238835
207.94823285
191.81373091
274.194324297
164.948830532
72.645053267
191.44666327
685.571522432
741.585281869
48.3418050335
0.957773696321
1.23041164872
1.20469370506
243.394197152
225.665359874
602.769185752
348.790547924
474.678563358
379.945124019
73.3322694799
6.39969551548
72.960064994
89.739038465
104.145670932
227.956427636
229.740973443
223.0801522
199.87207745
182.273479541
189.881006166
458.426810594
1353.62302747
235.495136802
248.184365872
231.552662673
214.876385366
1123.52037477
734.841414253
1.35911796119
724.818200402
1.31370007095
492.406355241
410.15624823
562.321757959
299.622351528
296.928959511
272.686700801
211.03822947
212.342908463
316.58943292
353.134868802
270.945168545
343.463263218
477.982904851
474.759426354
355.585995728
111.630578095
352.449616011
261.653071573
362.614948741
64.5945648066
190.148862718
0.45033220303
160.105590735
0.411361514593
184.133289641
83.407276611
181.094353362
0.471783248932
60.3127206577
68.6635440432
54.8477421078
52.8397830887
50.6048352931
67.2200775018
156.594456591
0.27620195575
0.222199695014
0.218199891508
0.214369875758
0.210660737249
0.207055786266
0.203543938894
297.570306022
292.76697131
288.219828741
283.982186296
279.973886218
276.079857417
272.238339691
268.436972046
264.729077717
261.15295874
257.70547424
254.346967472
250.995575042
247.626791477
244.271367822
240.975467599
237.740227845
234.568515346
231.438242996
228.324530157
225.205604094
222.044807761
218.850146605
215.605510118
212.330465033
209.044200862
205.787065291
202.563289692
199.322359389
196.06979127
192.830625058
189.643333631
186.583922447
183.712797451
181.084285266
178.509671244
251.516674456
884.228047753
1267.66062854
1085.95063326
111.742939017
0.0
691.222398109
437.49727575
59.4627037216
53.8379279984
59.0492500848
206.26876515
0.0
0.0
0.0
0.0
0.0
330.663111155
299.684931006
338.905200165
338.943859808
