0.0
0.0
0.0
0.0
0.0
0.0
0.0
0.0
0.0
0.0
0.0
0.0
0.0
0.0
0.0
0.0
0.0
0.0
0.0
0.0
0.0
0.0
0.0
0.0
0.0
0.0
0.0
0.0
0.0
0.0
0.0
0.0
0.0
0.0
0.0
0.0
0.0
0.0
0.0
0.0
0.0
0.0
0.0
0.0
0.0
0.0
0.0
0.0
0.0
0.0
0.0
0.0
0.0
0.0
0.0
0.0
0.0
0.0
0.0
0.0
0.0
0.0
0.0
0.0
0.0
0.0
0.0
0.0
0.0
0.0
0.0
0.0
0.0
0.0
0.0
0.0
0.0
0.0
0.0
0.0
0.0
0.0
0.0
0.0
0.0
0.0
0.0
0.0
0.0
0.0
0.0
0.0
0.0
0.0
0.0
0.0
0.0
0.0
0.0
0.0
0.0
0.0
0.0
0.0
0.0
0.0
0.0
0.0
0.0
0.0
0.0
0.0
0.0
0.0
0.0
0.0
0.0
0.0
0.0
0.0
0.0
0.0
0.0
0.0
0.0
0.0
0.0
0.0
0.0
0.0
0.0
0.0
0.0
0.0
0.0
0.0
0.0
0.0
0.0
0.0
0.0
0.0
0.0
0.0
0.0
0.0
0.0
0.0
0.0
0.0
0.0
0.0
0.0
0.0
0.0
0.0
0.0
0.0
0.0
0.0
0.0
0.0
0.0
0.0
0.0
0.0
0.0
0.0
0.0
0.0
0.0
0.0
0.0
0.0
0.0
0.0
0.0
0.0
0.0
0.0
0.0
0.0
0.0
0.0
0.0
0.0
0.0
0.0
0.0
0.0
0.0
0.0
0.0
0.0
0.0
0.0
0.0
0.0
0.0
0.0
0.0
0.0
0.0
0.0
0.0
0.0
0.0
0.0
0.0
0.0
0.0
0.0
0.0
0.0
0.0
0.0
0.0
0.0
0.0
0.0
0.0
0.0
0.0
0.0
0.0
0.0
0.0
0.0
0.0
0.0
0.0
0.0
0.0
0.0
0.0
0.0
0.0
0.0
0.0
0.0
0.0
0.0
0.0
0.0
0.0
0.0
0.0
0.0
0.0
0.0
0.0
0.0
0.0
0.0
0.0
0.0
0.0
0.0
0.0
0.0
0.0
0.0
0.0
0.0
0.0
0.0
0.0
0.0
0.0
0.0
0.0
0.0
0.0
0.0
0.0
0.0
0.0
0.0
0.0
0.0
0.0
0.0
0.0
0.0
0.0
0.0
0.0
0.0
61.3328906631
211.028257565
433.127350309
688.946192659
953.33188716
1208.57812842
27.5696579571
83.0215057711
23.4518930269
16.8656454193
15.7291294182
0.032432020369
13.9836185063
16.0551457698
17.9149207682
18.9260811807
19.7115409996
27.1385988421
65.1819493227
46.2436603696
38.3847499061
15.1141968192
0.166831301975
18.5267598135
24.1888014305
39.6716710719
123.13667308
59.4417547472
0.0713636149518
0.0642568374183
11.9834843297
14.4580771879
27.0280052377
40.996822852
14.3419351066
14.3770109044
32.5193765232
0.0397542096371
0.0633186991739
0.0818201028764
0.111104591397
0.121977025113
0.0829985050586
0.0830476787906
54.5099011675
15.4940704379
0.193312601742
11.0122330757
13.2361077205
0.211752744797
0.232687177662
0.161449738332
0.16088298811
37.1536947027
35.1369047067
18.7251960932
0.589002524031
12.7434811978
22.0107861675
24.3282228712
19.3361784161
13.1890582161
23.5678303038
45.9989893536
24.8401313819
30.45473255
0.21441543256
34.4339980491
0.183918217674
0.173732519254
13.4795859625
201.75071284
81.2533585545
0.0941050271999
0.129235547384
0.065460256046
0.0399332064286
0.0415831069817
0.0598841150151
0.0726907918614
124.754683603
0.0536457434959
11.0369619461
15.1267775265
16.2570177045
17.7925772083
21.6472456479
38.4872619993
35.80415855
0.0639013106872
12.0345650352
0.0388248420027
18.5388245155
25.2442638795
23.5216731913
33.0714251007
0.0443875615979
0.0548281683745
73.9570172855
50.2679646033
61.4766671282
32.3452957941
51.706366697
15.3348283492
11.1116881124
0.0378260687935
15.2825704099
0.0432562825141
0.0768771856213
15.2476721141
0.0896298601061
0.0484801056634
0.0422548265273
0.0491257255696
0.116131678064
107.888527467
62.5075706716
14.1591084111
13.6291806759
13.5458700653
15.6098335018
18.4879969199
17.5142354114
13.7090781591
12.0561176421
0.10101468656
11.3095682868
19.6567943153
22.882033431
19.3556161496
16.7912786717
0.0628752818366
19.414123272
49.9363155806
60.176690013
94.3787189223
64.6591146283
50.1870467653
30.3720612652
0.138652175671
12.4048466738
0.0416921112518
158.622745201
0.0511975555809
0.0532338456196
0.0520366241959
0.0397411128196
0.0479096513827
0.0469995145222
0.0388882277803
0.044034164588
113.282970563
41.1437210119
80.8458279806
470.434782852
351.502473411
256.927791568
149.134159294
70.5260965565
0.0
0.0
0.0
0.0
0.0
0.0
0.0
0.0
0.0
0.0
0.0
124.214922938
48.3508041201
13.8610436734
0.00465638293943
51.504013171
44.1085181962
63.8465503396
30.1871025318
0.0
0.0
0.0
0.0
0.0
0.0
0.0
0.0
0.0
0.0
0.0
0.0
0.0
0.0
0.0
0.0
0.0
0.0
0.0
0.0
0.0
0.0
0.0
0.0
0.0
0.0
0.0
109.406542086
61.9524520488
29.8329078515
90.206631398
33.5331227596
0.0
13.9721341074
0.0
0.0
0.0
0.0
0.0
0.0
0.0
0.0
0.0
0.0
0.0
0.0
0.0
0.0
0.0
0.0
0.0
0.0
0.0
0.0
0.0
0.0
0.0
0.0
0.0
0.0
0.0
0.0
0.0
160.780029498
127.172452907
24.2960344193
82.4688323691
33.7762710142
18.1278129881
56.847958353
0.0
15.7675912244
11.5796019235
0.0
13.416537617
14.5017922248
0.0
0.0
0.0
0.0
0.0
0.0
0.0
0.0
0.0
0.0
0.0
0.0
0.0
0.0
0.0
0.0
0.0
0.0
0.0
0.0
0.0
0.0
0.0
0.0
0.0
0.0
165.594875695
218.398319633
197.398737954
88.8455180457
30.2684042821
92.289266197
27.237856722
40.6961848517
28.4397995406
0.00609534533033
229.082721549
168.347576896
77.8772565847
74.4258223308
0.0111830687807
14.7451219645
0.0507690866562
28.7655040353
44.3725103684
0.0836507842478
20.8968932749
0.0887358523534
0.10992880145
0.145513067405
0.131898632882
36.3551133135
52.8874681789
0.165332096136
0.183771041056
43.0197118768
12.543217211
0.12884076864
24.2383765092
15.4736224612
35.1882340786
0.169181297265
11.5055033054
44.0634603456
31.4875448353
36.275678275
0.316448950251
14.7468817903
0.238491178394
0.15858268423
14.72503968
17.1684118535
0.127875626885
12.7372745688
0.117026631216
0.123902211944
0.0948204328485
0.147232181819
14.3258573304
14.7691483155
17.8482863024
0.246768813901
12.5158210376
47.2521571999
42.5562948369
0.328547967929
16.0203174769
17.9296517476
27.431781711
87.0603227956
0.25148699301
46.9299344006
50.8948701435
13.5420172289
0.153528561556
27.5504534062
0.232433663076
0.242545846249
37.0123526207
16.633478775
54.7844542704
24.8104541063
0.25571612685
33.7121808692
0.132866556821
0.22145187361
13.122814718
12.5902878275
13.4010084104
15.3989630296
13.1178822641
19.2835179324
0.128070728601
11.8274816178
0.25574078177
0.293266592713
56.8451480638
40.7252824218
22.8686926442
22.3840736653
17.7302770733
0.170233686588
11.3591955649
18.2725453692
41.1528573105
17.5621081942
0.114881265521
0.107517586912
42.8197990381
14.8707779678
33.6487325729
30.3442184595
0.193990606761
73.9697657659
55.5084402213
0.576593364128
142.923587483
0.149828561661
54.6120435098
20.1854564056
26.7951601369
41.0483443709
37.8939550049
0.341169078926
32.8923838934
0.351042427282
29.3457844196
11.5735957599
0.0645019558362
17.5802560377
14.0110294823
75.4167703533
0.261603554129
93.6282139995
17.3634316446
43.5803099285
31.1122806354
11.1127016827
0.0773066648974
16.2849975266
44.1339753857
0.135685408392
0.178390103349
119.745463419
39.6431190006
48.0712313532
22.7489359241
18.2072687176
0.126481618808
80.8786370527
0.104732962617
251.020674115
131.588729759
12.7295999368
13.2691754444
47.2113102269
13.5106704137
0.16161175802
14.2530307067
0.148052159455
0.16466040113
0.0304316768711
11.0610673895
0.0512924693811
12.5892167866
25.6828223933
0.286526395062
116.202402163
39.8668276646
56.2447988144
18.2995802276
20.0067127808
11.8394145516
36.8057786413
15.4901240257
0.303706005549
0.413201707233
16.0721421295
45.6348424526
11.2258541657
58.0551325389
65.6238635204
0.270682775401
18.0300621481
0.18616403025
0.176838150101
39.2852525126
0.0855732764241
27.9755768564
0.126568160705
11.2078749113
0.0777331658488
0.0893069714627
15.1714179321
0.100208979035
41.1455422128
11.273317583
11.6586603339
12.6125917966
12.7851359836
12.0956316932
19.9196836235
11.160493924
77.0608690727
60.1133456315
0.142463279422
0.12981499154
17.5824849562
0.0908205548559
0.118761205121
26.7462995051
11.6859841129
106.338856329
0.170877354955
0.154916787861
35.777380089
20.1888521941
12.6690188411
24.6899295468
18.7355763726
0.098495664585
0.0906451041694
42.7942306361
42.9641807605
33.0096060385
136.172277687
12.9660430316
16.6531789477
12.9945583309
11.4884474121
19.6619206076
0.0546340576486
0.0468321176273
12.7328637711
0.0521637490556
0.0463132301516
0.0641575918263
0.0531468676258
15.7742240678
91.7781621689
53.5551326695
0.119811997846
36.8752303242
41.7732896525
33.1063275702
273.1244384
123.100520714
29.2469842583
84.9872365823
0.150474685447
117.985981016
96.6607298141
0.21122327883
0.136654144212
0.149718559867
14.3240250361
128.449297935
0.0815035512906
30.569254205
0.130163143387
33.6662253912
0.088533051499
20.9059002344
16.3818579072
42.9668851831
11.9963656902
0.0911156553664
0.147089760286
13.9934615121
12.92767702
0.0307709049593
0.029316394522
11.1944435475
14.3668241597
149.68435665
169.992605258
120.678609103
36.4082265654
27.6574962964
24.4136554692
0.326843994904
11.1408301569
76.7999524917
0.0587580329702
36.0083962805
86.9938274213
0.12129556102
83.9594963558
0.0843535457578
29.7218940819
0.0812885315199
14.1413479228
80.7190945065
16.8663803565
16.6620498138
60.3821674823
115.668996757
11.1320965387
32.8798195421
0.0743041435433
0.0973393405393
30.0774678097
96.7187682978
0.0731176899781
14.2853058717
112.496446552
15.8948568613
0.0510853441725
66.9990012098
27.0741630055
0.0942012023176
17.807228759
36.7716874188
103.611511086
12.3151230098
14.1222562658
16.9115216782
26.5073572396
54.8836994802
96.2993320332
19.6561262944
58.1010899182
0.216346390996
0.0899581139254
36.6309298563
0.101151872476
0.113049874747
21.3195950397
31.3470716038
32.4126021957
19.5875369336
0.138000135148
36.0372040868
0.108271986621
0.0928439188217
11.5679673952
0.0948386137034
0.0476064427983
85.9651028971
0.0371586035896
0.0300278142995
11.5121475076
0.0540612074925
19.5520374805
11.5310819241
44.2162290468
67.004211959
0.178371211327
0.125785428815
33.1256867935
13.5689436333
16.7831032426
12.9548440571
17.6388542454
0.0381658084856
19.2605817564
0.0997539247625
21.0103044819
12.9101875958
0.118857406639
0.15699936373
0.208066421786
20.8992343846
0.156299759392
87.6253586278
0.111411312173
22.8017189518
17.6782443039
12.9581660305
0.101741560403
69.1218566338
0.0847737667292
0.0953339272572
45.3006225419
17.5129199111
42.2533033363
19.5185111066
74.4659704019
0.0813140460659
36.9534640834
0.073618579056
36.0394362171
11.7386381631
16.7427485417
55.051290293
165.571052142
0.0718611386762
0.078348229602
0.119936536465
26.3360473607
0.195683331596
26.3207573441
89.3829840756
49.1645583111
0.182399102901
82.7644685905
0.136708225386
0.132938969387
31.1962783804
0.103339016556
12.9341688355
12.5670913084
14.3222113788
12.382906034
146.528026924
15.8736227201
0.204458769892
0.142864462423
108.344583082
94.8049337407
20.5868203007
0.0672042110141
0.0530732911416
0.0990941950614
38.321022827
0.0588927381175
16.6795294716
45.2448696017
28.3021759217
32.8446405787
23.0335907555
0.1542514816
17.6694664892
0.0909176116037
0.0636618762088
12.9782152466
0.0831793062657
12.5552867885
28.3286284263
134.908794636
16.4849641273
19.7264067329
38.8347240504
13.6891674342
0.222827010714
0.161328468396
0.132421510172
14.0274072266
0.167780450714
14.4610482234
162.352286949
0.0931263879046
43.5594797716
55.7482305877
179.941797069
71.190693939
0.0664909989478
0.0607622382568
0.085837043111
38.3682617195
0.0720191005102
11.980245051
11.2600970345
14.2592733022
15.3203377918
0.148124138021
55.4851138488
129.711338402
45.4598975281
11.4305594523
0.122670689145
12.5769041812
0.0586648023941
38.9916299633
81.4756061588
29.1957843136
13.1149040838
135.427588646
0.147119485779
0.0696498117273
19.0742666371
0.190414384465
0.171207966316
55.4659516701
16.1521453192
0.0596466016114
13.6298032259
43.5029762124
13.4178832496
0.116951415821
0.174215902847
0.16405885921
31.6388318145
170.645201227
0.125550051628
0.147525573915
15.0219608295
0.185171529994
20.2731605152
17.1119039274
0.12786246586
26.8590492896
12.0579760431
123.21586834
0.159123283215
17.2467841915
44.7113330201
0.178042075824
18.1385341131
32.3899767337
55.3952605395
0.0815072798322
0.0619335878958
98.0561568947
0.101042017079
70.0239562096
17.4195639611
57.5212274766
0.0493713935354
21.6251177368
19.2249382878
87.6366403093
29.4656407057
65.9273672872
15.0293773894
0.0530135955073
113.792213528
0.091363476898
0.0533087778234
27.397246385
0.0483657837492
15.7657290442
37.5397403858
52.0448320182
0.0918860583442
13.7055833422
56.6334216751
215.086914607
0.128332277891
0.116550833012
58.3380483445
61.8564791842
14.6694478854
14.6113083536
27.1467140318
51.9935605093
27.2186722402
12.4760396117
95.9484711489
106.574646617
0.270032959595
0.307949159045
14.2271369152
0.42405467508
0.434034625429
83.6556592485
18.7368750475
25.2155976278
38.9865887747
11.4596961642
0.172260972281
0.0655120958398
11.413069797
12.41582927
0.0776666607975
29.0203307762
0.0811948864649
0.0953604831842
0.125630732039
12.1275942231
0.138408771191
101.564621779
42.1224538276
12.9588067759
26.8312324373
56.7154566549
0.157649573724
0.179137639507
0.164026381306
0.110184849642
0.111712937544
12.6427193222
30.6419109103
13.4827068718
19.9154116386
40.6126792391
11.2118699511
0.114398877491
0.0853530600811
11.3051554137
0.128692536885
13.4381027427
12.4497058242
0.056526456554
16.2117328297
0.0489620322694
0.0462103484976
0.027318172628
0.0272162942907
0.0277171283972
0.0375919922275
12.2288185288
11.6695684826
0.0102276520822
0.00876052086715
87.7999806558
14.7111229205
67.1849707319
120.227317251
36.2038764191
11.077924393
68.0938806614
132.073660296
0.153614618735
0.198244435493
131.319904117
21.0661386171
66.2540212703
96.0684550746
16.0628138069
42.6905037146
0.142974735866
69.6188121077
0.190280211833
12.6422102201
11.4852099149
73.4672391382
58.1999641026
0.14244468311
469.165811906
0.153585940085
13.4025876414
14.4710609895
0.088238584297
15.6431081996
14.4700982652
14.1328404654
11.2540418067
0.012458992176
14.0773817044
0.0270131169546
69.1361565243
304.592551958
135.222402512
242.280860045
59.9251864821
81.0654944539
12.5353615869
0.0
267.387562599
0.00110802414254
63.1541488405
138.133595889
57.1844269471
38.8544943187
19.8406668748
38.4627914983
216.658810694
166.493760213
107.835189148
52.5878594497
244.429073192
227.264155868
56.5337060061
0.00709232656183
194.138763499
234.57790579
11.6403155558
23.6368567974
93.4607289964
34.2301104839
0.00617341528385
0.00737088192538
0.0249460121537
1917.33310566
60.2436487205
26.4402469406
37.6295554499
79.5142230493
111.007742703
44.1774969187
298.201783774
59.0379676765
112.603975983
0.126052536284
68.1128328304
0.119457153064
0.0890170955501
169.084192376
0.125954591194
63.0180516133
0.100697560483
22.3175961333
43.2077946718
0.193009395401
28.0171743339
0.28703794455
23.0154038696
57.7518271958
37.0864155817
0.165182057832
17.2204303479
0.246428695022
33.0568279842
152.296209926
321.636312068
0.0596516816034
88.6035409982
0.137696322856
14.8536442342
218.774401353
14.3311266559
11.6445694153
162.508439418
134.125318397
36.3822393845
144.577037139
0.0968107657948
0.122214770787
61.789510672
0.385435851707
11.9211560103
31.7129731786
0.104461569365
58.6842892508
34.5562693804
49.6998001613
24.8287740587
0.0837929115994
27.2986109455
0.17366867747
14.471168156
0.136925764095
0.145170942847
12.3915410581
11.4873584156
15.4173456678
36.7550983598
31.405415895
0.15914102117
15.6234487632
0.0407651043982
52.03543749
37.9182897409
16.819926582
0.0580256897853
15.0063827373
0.105817684028
0.0618351883675
289.997642781
317.909905547
64.8848050168
0.0471584823384
14.3254339424
218.780786559
105.823671216
0.0648307637989
173.985096307
105.212050007
33.5382483287
58.098828702
33.1492663729
0.0803370069831
79.0969036306
0.0643002459572
0.0760242897441
20.6886261678
0.106663462479
27.2030873722
19.6092786118
47.9583875737
49.9819822533
0.11639519185
58.3986998616
52.2385717748
0.154649854539
0.193906077158
467.146427632
359.104668345
0.0873751319037
0.0988197585342
29.3461860475
0.142135818061
0.0827132997978
16.9268741449
207.411621959
0.0606505398408
13.1757002371
0.0283265064108
0.00465946950392
0.0399809641972
0.0627131604703
15.6270511024
76.9387048648
0.0590446502884
48.2567776073
225.627684221
88.3774231308
110.737756662
279.789059082
215.12715291
16.9569346372
15.6716384748
65.2527938467
95.3660430713
94.1514668508
18.7507981952
16.542804758
93.7064923263
0.37706678152
20.680818291
0.253436364833
14.2474538738
63.643618844
34.1876363867
80.0631415479
194.182275252
213.655986425
96.9042036381
0.108033940405
99.6758484871
30.4609916431
97.9676623627
18.3456044054
0.0499220398526
68.6921162789
55.5037655869
0.117886630871
13.3142587788
14.7429433653
14.7046753223
105.138772219
0.0876644265633
60.3849448138
0.110427259542
30.8381498964
457.326427874
69.4138699348
0.126905282834
14.5833624038
42.1525871743
16.233053593
0.118891464685
15.9518573325
0.172570393745
71.1142192606
53.486823631
14.9792450863
0.222711481581
67.7246866302
40.5275114888
113.651980639
16.1449098236
13.8324226922
0.153495452843
13.1535984378
15.3295785224
0.0717062786781
0.131818284838
0.134031488377
0.0465442772858
0.034742242587
0.0568423676311
0.0883158534026
19.3823489563
65.4880315807
0.0840740382726
35.0640443199
17.2564506084
0.156305437632
16.5273020089
37.7165656863
39.1786128763
0.232580970681
14.8371430343
20.9459916455
23.2172583207
51.2689428865
70.6002806867
77.9846576032
71.6236716708
26.9130907692
19.1534042271
0.200719160402
0.189383226012
13.3577736503
13.4059314028
14.9673262012
14.2989966261
0.165628611071
19.507538152
18.2378010287
13.9549001641
33.7597296889
15.609508724
20.1818941235
65.5455094672
0.120083535933
0.145308659988
0.15964948574
15.2852787939
16.1759316327
13.8218927881
13.3753748731
15.9106414241
20.945847708
18.784486605
41.3861845576
24.8990113172
24.8938363909
68.4645210473
76.7337329414
71.3813923044
54.8876060189
14.720033679
31.8528982468
17.4894514352
16.3281634345
75.4286214573
0.273550008979
38.8022677801
102.325623753
49.3701848844
213.76850461
44.2978389271
38.7029773811
17.4117351886
31.5284190287
0.0
0.0
0.0
109.845706661
245.394622911
27.2779326088
158.781627819
60.7697161404
98.3531899398
0.0288076667031
0.039934580066
71.0259096653
18.6043712294
86.0204654248
15.1492973094
77.8712771491
155.997930233
31.6816496329
19.8548638169
14.7968027329
95.8077085995
16.8055322614
15.0530149958
152.552944732
33.8471870894
0.141386157411
0.186534550272
15.7403180715
23.2133661344
14.520715133
0.112193780688
0.0767826183694
103.49220738
53.2021793737
81.115130639
14.3212043962
49.1760882724
54.5283700153
0.040866682759
47.0020105888
0.0135952848845
14.1936649584
81.8184224384
93.1177000447
18.3374282732
19.3322763186
0.0498686626824
0.145685770632
18.5181137094
0.120356633148
51.9019783876
0.100852723525
14.104166618
20.1424928529
16.8346651624
0.0434746242288
35.6840371484
0.033512382581
0.0736479809417
19.5030974303
0.116210468439
0.132575834023
45.2235492815
13.7931654965
13.449499895
0.156721538889
34.4707964799
52.9211603573
73.2807658855
42.261210904
27.7800397656
23.9530650318
18.116955657
72.0642980681
160.233482374
178.465626757
13.3672191234
0.0953409524824
15.9340683997
0.0929999155536
133.342639916
0.114025703484
0.155466891273
0.131541881293
0.137010953823
16.5705970528
0.15685628254
173.371470938
25.6883221523
65.2666040609
22.4010235871
30.8030433035
50.9753137907
21.090485297
24.3806593957
14.2860737393
15.1868257021
18.5017207191
0.183756356471
14.3148179371
21.5068264957
0.236507272658
173.134423374
0.106543517209
233.47985545
241.350105972
84.32663435
0.0457787443029
0.0605093420367
52.7154520912
306.698247982
108.062561709
96.1167903442
20.3558427317
0.0978730713071
0.0446621380591
0.0578998794307
0.054543564905
0.0855312194978
28.3287767391
18.0509334821
177.469571488
16.3918192215
40.0857840878
33.5486402794
0.0575737567107
0.0256097310499
16.7288338468
111.867540429
0.0993145308745
16.3847291405
64.7523265268
17.5502560579
0.252728420801
0.20393126377
0.161772731204
16.4253748759
37.4842193167
13.1430397456
0.226895774974
41.6513898447
0.164097206905
0.107924483162
20.1553273674
16.3328216851
79.2871815694
13.5632655624
0.0604226290187
0.0549970004833
0.141744140206
176.854263485
214.37265076
0.18162841239
0.174884439217
19.1198470242
61.6233564304
14.7922058586
83.6131297846
19.0677748475
22.7154123504
33.3523439822
194.127679771
0.118723645093
14.3547068338
64.8160164639
0.0934808212497
94.7619627011
393.378006236
323.501002866
65.6607490248
0.16028002366
0.14294265691
143.744734036
18.9609666774
13.5429183104
0.176186569195
44.5502150064
152.044968943
46.0319576365
55.4196445895
127.579954479
113.81044163
15.041442524
0.0983804871051
151.360326844
97.4509779084
0.08822786637
0.0909935220921
99.8493435315
141.240666597
29.0191111071
18.2955384934
40.0317419003
0.0426925899572
0.0642303816553
33.5211569334
33.4110264343
14.5536624259
104.133431241
28.6034972233
0.053977316341
93.7218356088
47.3868522647
14.6453312831
0.260542893269
28.0537823966
0.18352038615
26.710083563
53.944452939
0.0705481285995
0.258056463187
202.114727729
41.9568443226
0.195624428466
40.783844296
26.898334966
267.788306371
87.1863687061
79.907828678
68.2674616823
216.228718859
208.299946311
0.0667885164456
0.0762344009585
0.0568172467655
89.5301445101
49.3132886767
45.5417713935
37.2169475429
62.070219748
143.044998828
66.6684633245
25.97811643
39.6158536579
101.897196018
61.8938693687
23.7161538747
14.2294093469
0.413183377333
46.679990682
61.690355196
20.8178596139
30.4266861088
0.404801722359
0.321593158213
41.4967377986
17.2319740123
0.139485849255
0.132957325121
15.1389335383
20.1740522609
0.150755896601
249.97238431
0.11899596918
15.7386128495
13.5589306788
0.157865962987
0.173008967636
0.172664445323
0.135417300311
0.149815647259
130.198372882
0.116505874756
54.0584387816
29.8661583585
0.229045501983
23.2744264445
44.0428802935
15.3195271483
13.6774004009
0.153700570462
0.151810992184
0.128623521273
29.0616151717
31.3682016161
25.9099453215
20.8121160406
114.050839276
15.5378639203
31.4779408622
397.666234471
0.463278655311
281.968063284
0.344182554403
105.866695643
26.9018457858
153.570977643
130.897256459
62.4672809332
13.6066801738
0.0
0.0
48.1568440808
68.3569990447
262.81868429
208.675303269
243.437932328
34.3650850368
29.9853069798
0.0422807574286
92.2075228366
13.1804102298
0.0571090816554
267.239580243
101.956683165
144.049426724
34.2149380092
314.670234627
0.0623265585397
137.875817219
96.2372990007
0.0906276807716
154.963765367
40.9745924463
0.108676943453
17.6235728671
0.181317105722
0.15715339808
20.8192784495
75.8539517065
31.4820182791
107.189595713
89.0729398775
237.014629913
13.4656074318
25.75893756
50.8795878445
27.4501507613
56.5530387139
13.0299131146
0.0427553392875
0.0908396818006
14.701809515
0.13035834553
552.81223218
277.562294672
86.4297672317
0.100757740496
83.1105106089
62.5574813233
0.260334329206
0.283351456011
0.21086256061
104.018040129
100.371918786
71.4112196578
111.128770253
129.473410916
0.0537349848707
0.0518129129509
13.8704052089
123.514837033
92.6996995001
37.1073083238
0.0454824453639
0.0398982881685
151.810169052
485.846933991
37.0417520885
18.6799864549
22.7345011244
17.4377751361
18.6907415482
13.2441446057
13.4348891655
25.7858261761
0.0218742645471
18.6323252508
469.923513174
19.5283719399
63.1245010834
132.355500776
131.039928884
62.4953346194
135.811380584
38.3156101858
14.5543999789
88.9175575318
0.146653524357
0.167510658615
170.949327849
16.3749539582
121.680256105
14.4631517419
0.120302526607
36.8996130648
113.788415679
0.175062561671
0.109434214811
80.1220657347
36.3447039827
0.185976996423
0.19547175394
62.2924524576
33.6096474658
20.3641704177
60.2122870358
70.884585976
0.0571773439283
141.881430279
21.1361916114
0.127569507906
21.6562600001
15.9059894389
0.0715880969958
42.1351402191
16.0958026484
16.2799086116
17.7003780271
0.24007762765
19.3891040394
57.3110963115
13.6774345502
20.5325222556
0.0869240299672
0.0615542844391
60.9522409908
0.0651880316044
55.4574450466
232.047192147
0.0237023828355
0.0336668772358
15.2876616529
14.7732316934
31.7122792596
50.1460463779
279.557230265
0.0899391522397
0.0632048270148
205.88477189
67.9394303275
74.0416377564
46.7544782031
19.499304378
0.0290172201333
15.2176189616
0.0198366495682
20.7528564151
21.2850329393
0.0262176443442
191.368932857
0.0559296761668
15.8684444083
81.9362515666
21.9118750142
17.9692958602
150.510065193
0.124390741064
0.10950562985
415.601536252
411.185562376
409.97310534
393.60564073
47.267540622
231.067620472
0.0957854380215
296.039677176
0.0994072228464
0.106936851203
65.6944235553
0.161130642524
16.0127216922
16.6785320537
0.050344396807
15.8944611345
0.104417698798
0.118290341464
44.0395842567
87.1162588889
48.7793313243
14.0093628332
177.703809335
156.99779275
231.69180517
137.64882551
85.193873995
628.29076154
391.800697501
243.537086201
37.3406248093
146.793452718
189.795975925
0.239505154832
0.229488610418
204.964952932
0.248901720379
45.312684633
18.0504167464
18.4509211938
13.3884011622
67.3299602691
15.2082954978
14.2472624286
0.0541113065971
82.1944741936
14.8632279752
0.0369649942484
220.478178259
87.823123178
17.4479927644
0.0309284713714
0.0191530454626
222.866287066
139.954655459
112.152417521
191.014012363
16.3102004455
0.0289135263886
19.711203742
0.0355260647188
0.0479203677373
94.8893685974
100.418885521
73.2593693916
178.018991537
153.855190587
28.8693760917
0.0787851521554
0.109996684463
471.070214506
40.1946696086
16.6844112277
0.245244550462
185.726105497
96.6182377236
0.24064214907
16.6143670019
261.301715703
15.7382931764
0.183009457594
0.143953717958
24.8546943737
298.135449142
19.4571765841
19.7700828358
0.126848188286
63.0014205938
119.411315428
237.182646258
25.4090286525
29.8729960241
0.163100240128
13.920188989
84.4865733333
54.4312442979
13.5780629424
94.4778490985
36.5332932662
17.6129724501
376.77795836
0.060681088085
89.5338100357
13.1849700938
0.0
0.0
0.0
0.0
109.942927805
112.41708622
0.00429654569024
0.0
0.0
0.0
0.0
165.608445898
351.440506765
0.0
37.8468829741
0.00174251673342
102.214041669
343.332133627
49.8579478041
36.393002058
0.0
0.0
0.0
0.0
0.0
50.2682959619
87.0842116091
125.432205772
151.883879133
28.1611066493
15.2845512176
0.00735391661182
153.834660215
185.091559112
153.970057069
44.4065576644
191.744929478
13.3255680483
15.6192447623
15.8835729449
16.0802996722
15.7840919845
14.5490072441
13.8055210664
73.678599209
98.8631841987
27.2733651648
0.0377007288819
46.333020723
0.044857524986
19.1645151678
21.3461237121
23.077438498
0.0716771887413
0.0717431773506
18.494487268
13.9155830183
23.4325100745
36.4310387216
143.753324659
45.5971614219
15.7873425902
14.4772195683
14.9520880429
0.0639816704864
0.0579926786593
13.1558557197
16.5798796984
39.7545811891
62.3414719487
130.024463926
0.0721877899543
153.47235546
65.0348704342
17.8016544796
14.682935317
13.5263466761
324.754054425
13.126720241
0.0599079601862
14.9012144946
13.3211847117
13.5587291415
0.0288749423506
0.0353704049731
0.0169096343172
13.4686386055
15.3260513606
0.0145658949128
0.0251224656227
0.0425309978179
0.0386423357079
28.152204615
0.0272342297857
36.8211376793
102.323058973
89.5088484177
0.0203617590218
13.0764969632
0.0213266762591
18.2978000315
15.3439061143
21.6149665833
0.0187033676456
0.0144187826425
83.786017843
0.0395707776426
0.0424032063518
0.0475152824597
0.0636090041833
15.7448235905
13.6522193205
0.0484855373231
0.0562327590867
0.0552793549114
0.0474358767154
0.0792242631913
0.109756041343
13.8445443537
18.3932679139
0.0534722864128
0.101305734809
14.049005245
0.0717552343691
17.9325151588
16.5017248723
19.7650057353
18.8660184264
0.125254934948
17.8749899024
17.0872228626
13.513121395
19.0719480804
15.2039249658
17.4363223224
15.9369542712
45.4238911154
108.452131088
13.0963900241
317.127351612
21.8934158596
25.8716009199
32.3360690131
48.7915356871
54.7126556948
16.9107675668
0.0616329402524
51.9813932006
94.2618560902
14.1104590709
0.0358466301661
19.1643766383
0.0302536499355
14.149005682
0.0284358845911
16.1642309658
22.4364373411
0.00167051162341
0.00167650321839
13.1170027299
30.2964859672
15.9181635343
0.0135479972976
20.9611599314
17.9139442278
18.0734829863
0.0150286466465
53.9629133739
0.0272304559746
13.9264082472
0.0307222272004
17.798780379
15.7647931272
13.1065734729
21.1399703628
13.2664041309
55.9739257098
44.3831601447
16.1287251572
14.9674919103
17.6516337887
16.8469293591
18.5908342405
20.4733521486
300.573419391
154.652957216
0.109983793465
13.9609772627
13.3157851465
14.4409674456
0.133488913244
15.0867225842
226.050232534
14.3857600609
87.4649060038
48.0051202939
0.0876787936682
15.2434927976
14.3641121057
15.1935681614
15.2842949142
18.1094515536
51.4355967579
243.360359407
167.531351676
0.0668593463218
13.7594148891
0.0918489052458
0.139419613913
0.0915608674041
15.4085008199
17.416840902
24.4361013469
14.4147198397
19.5484751822
16.5846859456
71.53562333
0.12657571082
0.107256249758
0.0911307236913
0.0709399304979
14.8674974247
15.1170265639
0.099146704822
0.0687485156391
15.7925975932
0.0377129079496
14.0774820649
0.138236482378
25.9165998471
0.0597036586222
13.6582574108
0.0530006669154
23.7890554847
0.0950508529497
15.2527955771
0.0204978799653
14.5767526021
0.0217942987475
17.5405784174
0.013144170796
17.5639382535
13.4815766087
22.5145324748
17.1450151794
267.933860196
0.0498823615259
17.9430360159
0.0568550173198
0.0747998973849
14.2587988038
22.1341459789
0.0784929441192
18.7111939618
24.3327220704
39.8550757827
247.87456051
130.335994225
0.0955912851773
0.106956098796
298.08571549
151.87963281
94.2227250721
0.119217504178
28.3268443859
0.133714460188
31.7909551041
0.0766428517117
13.3671219755
13.7380288214
13.2011658093
16.4128152425
15.4845671967
0.0433535865506
84.5188604545
18.8097957517
17.2928737152
16.0896472144
15.440575298
95.6876181441
17.4908798163
26.3527619415
31.0702217308
220.890122479
308.188501287
249.917266903
22.8586921858
60.4722895808
25.5949003026
26.2140318489
60.1081351557
0.0236361784566
52.1385938004
0.0356823116715
0.0304384569657
42.6651845959
0.0412028480585
0.0363686981163
17.4123639899
162.585183569
29.7881862473
39.9563100019
137.198566223
119.718567797
0.00715895323084
0.0120360577585
0.0275754913988
34.6777308408
50.4973191595
20.8868416848
0.0567489053933
0.00983958063372
211.995424939
188.931283098
64.2363845107
14.6235784041
0.0419204887215
14.9164416192
308.156701253
14.514833513
52.988276692
83.4635582952
20.5779780437
22.4074116877
15.7693957772
0.0875017938128
0.0673627746789
38.7693318008
40.3521197171
14.4713144139
76.6658485617
14.7859604969
18.3612902396
16.7983536693
31.6734654778
16.1992791358
0.139468198088
69.6412115236
31.661071736
43.742554566
21.2949000314
279.868012006
86.7348366742
14.7344555117
0.0756994321621
0.0738594934602
0.118649254708
17.4364832699
44.5385895243
0.0650210166349
0.0727449828487
0.0768934608673
0.0710280931524
0.126673813238
13.4259990623
44.5698737162
19.0987154398
40.2104484114
0.208475678454
22.1036509418
20.3730010647
0.255481049356
16.272136773
0.206964158873
18.4959994748
84.4712257148
129.031942549
47.3974224493
24.1503517205
0.0740072879983
0.115882127422
15.7001834063
0.095854818032
0.313484246952
36.5563009483
15.5532293879
15.3541877805
0.192218035001
19.8921672062
32.9916063652
270.130593711
0.0793676069091
0.0912136313363
0.0350528497938
13.1456059992
15.2712982923
0.0511628388364
0.060828028056
0.0628659319803
0.0539741229938
0.107585258011
66.2462896943
29.1667491709
17.4789857455
22.3041163855
22.627789672
17.533525607
0.100337188489
16.5052297838
0.0634270870568
52.7510925331
0.447958577096
33.5158383092
0.419225576444
21.4264557409
0.224913877208
35.6600321068
18.1702199187
0.292669469692
38.3164937719
20.1521753399
16.2414331517
14.5164788405
236.632812997
13.9568757401
19.1067569561
15.8183012522
17.3411314426
13.7178511756
0.0823058505156
32.734649018
80.9429411084
0.121931285689
0.0790557859688
0.0869121013472
18.9998166101
0.093494406828
130.029417308
0.0892121708854
45.473878256
16.2697883511
20.2268411221
14.0839721014
0.0453310038985
0.0509543357828
22.9019093605
51.7734731821
14.5603689858
14.5503508013
139.203267436
29.8529937535
49.198082234
0.0637636011434
17.7028435175
15.7094451623
44.9541429523
0.0623089745969
94.1619852843
141.415424302
114.888279141
14.1106241479
17.8390293323
0.15484177735
0.0638674217179
0.085354941901
0.0595420233966
0.0518617146912
0.0563105413524
0.0697494259128
0.0847087584676
13.1895052653
0.0685009824436
0.076379418202
112.964095545
39.1737935529
20.9352593801
18.0108663801
20.5120744227
0.0980166018339
14.7146541272
0.143170015126
0.215072710358
35.9407315269
0.389750751905
94.3850516284
47.5406081824
60.1266672607
66.3547460821
118.709738002
17.3611998619
32.3950465716
0.1530904102
25.4163716768
0.0554193559869
38.5735482512
206.593369499
0.10359595156
0.0658847294318
190.751994033
14.8213229986
0.0427492776641
42.352981362
113.160302749
0.0078336429548
0.0503123434545
0.0584429591554
13.6145378184
19.7495132993
0.117984410287
90.804359765
39.2211325267
28.5677127046
0.0646673030742
16.9845508384
0.0565920605146
15.9336811506
33.4571454703
0.126254299632
113.823283766
0.0850295448552
50.3361100972
22.9293140593
18.3089328671
71.2488512297
0.114152904338
16.7826191837
35.2299110111
0.146421404335
39.0613303837
51.3863632031
13.3179449631
82.133823911
0.105273589544
16.4811658008
0.0273635661348
0.0425912446868
0.044710332487
0.046647392016
0.0293173920191
0.0560619808771
0.0606350281558
16.1036568833
0.056610906338
0.0740913600341
13.667173202
83.8756940515
52.8649531228
0.0849114622576
0.200734726575
40.7103743053
20.5041562331
254.193832721
163.90555403
18.9419331759
82.4798884529
97.2178771016
107.043706305
71.172618554
68.96037506
24.0298808597
13.9637403522
13.7695056803
13.9865999614
0.0377278583377
83.688328204
22.2968793242
21.4330125602
79.2272538311
80.5937237271
20.2270586725
0.132751113401
76.95548285
48.1446901785
18.1751329776
17.3271252496
101.816009194
0.084879544355
0.0731135704429
130.029040227
0.0750404355761
0.196099856208
0.172163959536
1.30090254216
0.0355301498885
0.0648008203475
0.0320396669591
21.9351954519
0.066684936938
0.0874535928412
83.503509773
54.0281168807
0.0820682197414
23.0262342176
27.287523061
23.8731222542
204.358027551
84.628935188
319.767679093
63.2152903037
0.118453481007
59.1384629505
63.0530115783
76.2863329315
27.9039001269
28.2442959357
17.084205743
102.619794942
24.3736968264
0.115611696681
0.113529606974
20.1207154461
39.4742790916
21.1915292306
18.2642383183
17.3617311982
140.436668024
0.0912248955316
0.0892651457825
22.3289500541
0.046234454919
0.0419626490316
0.0272526182444
0.0285227138483
192.63848279
83.4989866273
105.796010684
113.896012286
0.0640828656515
0.053610548759
24.6359379374
0.120898514876
17.5024253676
0.0624913920607
147.476503703
55.0100603139
19.3092341209
20.6914260623
89.7024183353
25.8793474288
29.9169449921
0.104909936313
17.520998819
18.3552941901
0.202168337452
16.5956657119
18.4690156865
43.1621313438
0.0910388280085
0.134220069314
0.0938769928472
0.0926542885092
0.115206867622
59.1864080566
22.6529793083
42.0662087305
62.0505206674
41.6262711916
53.0268705235
46.9843532216
20.1975748239
0.122829364892
0.155196090204
0.222365307176
0.10560132497
0.106535065328
24.9534496935
0.108817495292
53.033013454
0.0744946801777
25.9134378247
25.4479530081
18.4569477436
0.0894468377999
26.1438191729
23.9733059817
32.878816535
17.7357388204
0.129338458207
23.3513384266
0.0559722443138
0.047282208544
17.716279415
0.0389243371545
18.3587652122
0.0743444665745
0.104207989042
132.251905137
97.7077725557
36.1712275155
16.819826199
59.4347139575
0.0224052197858
42.0889244307
20.3808237552
47.4742016949
46.5334873521
50.927395438
38.2435011549
33.4955669552
18.6704654671
24.7364633474
18.2650062673
0.201259004519
0.158376288388
0.181240273437
0.166355540223
67.5736321703
23.8563365944
59.003600887
42.5198425228
0.099069310877
64.0449542535
0.0504072778663
0.0980238871539
16.7528798805
0.0988262847453
0.100874777632
19.1428940861
114.370439286
245.396186437
0.107902459441
225.237802489
250.568175577
41.6222331929
22.3277792946
20.3266585323
20.3121043678
63.6110783105
0.0896251316321
0.0703479250051
108.868712418
0.147188122885
73.5416017158
0.149493376736
0.116046548792
19.9470845552
0.180636478517
0.0765327610511
21.201595918
25.6954268166
0.0913302179451
124.040127253
22.8833447348
49.1865170945
54.4570380229
60.3176174649
52.5606352709
22.8367432791
0.488321014813
0.243635833307
38.7104387343
20.6127891391
0.065260870226
0.0758905260968
101.219608713
213.647255782
0.160874902667
0.0905609241868
76.2280227439
93.8308911114
0.0999380642224
0.107961078945
0.204421428939
0.212807450302
26.0025287324
21.5285024368
82.150258237
20.2690136502
21.9644546499
0.276553423327
131.836941627
21.3551531477
0.264638551011
34.9902537037
57.0216477551
0.22278310661
144.359413025
135.066777045
263.309079675
127.85019323
26.5717235054
1.29166359516
23.849723927
1.2680623424
17.4069748553
1.0869165667
40.5734031147
98.5594222607
1.00454460993
276.159803742
119.274809669
26.5384820195
0.0742329527548
0.111688814322
157.412763764
56.3591646474
21.6201923163
0.0343255211937
68.5022629141
0.0630590558895
21.905466378
23.7693074754
0.0342083488955
235.26355478
19.6455453172
20.9736579309
57.9296740924
34.3061227219
19.1789027793
30.50158052
79.3617838438
17.7231536126
233.333305401
26.2964355607
0.028803486395
19.8283744571
123.983797104
111.810617568
68.9821638063
25.4651906435
19.8905235069
0.132396639794
21.0978265549
0.145078661509
0.126962611572
17.7076415624
20.2666149429
47.6078350331
0.0779688067888
17.5781717913
247.33609113
0.0493055031031
0.0678319303886
60.6583581528
65.0571451245
18.7057250111
0.111883261146
20.2412382692
21.2757951329
0.119787095899
41.2988166749
50.6808429068
88.1122084941
31.8472385126
0.225683648623
0.21776364645
49.2041320389
40.0840810168
42.1389354765
173.806024643
50.7125940836
18.2320247699
71.7831961989
54.7285550176
53.9440384135
29.9408782094
0.0692339725307
20.237900952
35.0923081539
78.4845531914
20.7224943249
0.270932718951
45.8634451079
0.204937928764
22.4029707543
0.0542894727359
83.1304373396
28.9526685451
0.0665065862194
16.7794150433
0.0458796307836
0.057056286894
20.246955109
0.0355185536034
23.7970753266
286.627512727
26.0651877574
180.577258468
101.389712108
0.0664098735168
43.5776876355
65.1475294116
23.5397462664
0.125284177184
0.161317916941
82.9531750181
24.9152642872
22.7499890483
166.129042599
81.343377396
30.0233137617
18.5751049977
17.3450011224
0.306114052109
0.143744343051
42.0740554116
0.0599768210818
0.0658087312144
20.0682340646
0.115616649526
0.0580061881872
16.7294263315
257.351339832
0.0585993851794
20.0015664857
21.3026727107
0.101049921283
0.051135157946
0.0607335888754
0.0579665485
137.025787724
89.5922215587
0.084151580774
31.9498500522
0.0516275238135
26.3000796286
26.6958939647
21.1888904171
18.9393129866
72.8223301406
218.355054626
101.592481786
16.6554283555
173.698821755
79.5920904014
19.1201174591
241.154463123
229.850843492
0.127995381117
43.1286228934
0.14280357373
0.0895987057497
44.3753336565
17.0477909362
37.0765972716
0.0880978616548
18.4731082659
17.2429810483
0.0119623298307
0.00584374266535
0.0169392112179
1327.53966514
19.2732913901
76.5485990131
121.227358085
18.7012622415
21.1814547327
102.515553101
85.5196150825
71.5644922197
76.9621829151
0.0364441948887
83.4431110955
84.9246242506
68.2387494614
91.837929096
264.240127046
289.052695115
254.40645386
225.824568897
0.126906489171
0.126019252807
97.9918789328
41.043606334
45.7356119087
158.165711941
16.6138264122
26.133882477
21.49468041
113.997014653
23.3418899152
139.299331027
0.0473064501036
0.0389702367752
275.449749202
214.87514982
223.766915818
81.7776901209
207.407815709
216.957410593
178.710766299
111.829017623
179.987267746
211.978688272
170.049357335
74.4587309114
38.7592704394
124.889223975
72.5211668408
23.6476477958
20.1373112608
0.140675861457
33.9062771288
58.5443592796
0.10972299243
141.240253205
21.2422395547
41.9686145245
0.120126317499
0.131347506177
49.3678407435
16.7567441758
0.22299134986
19.2032068268
43.5395879357
76.0287681226
37.8755628331
77.5984636945
0.0669957283764
161.227724037
83.3758434685
0.101811447312
0.0516866974197
25.0891525388
26.5136742291
19.8221263783
20.9702148708
0.0277398246714
157.301015222
95.554776644
18.9806560902
19.8487808799
0.0523440308737
149.750817234
21.8229118199
212.990105232
195.088374501
77.0616733055
361.734197057
249.670853052
38.9564920726
0.0907018092388
23.250187893
0.0532221909393
0.0638295547312
37.8451293811
19.1093631644
0.160301258751
0.155974024448
17.1467289177
0.0949728190916
126.447050991
164.564385891
92.8371156917
0.0567400997837
0.109715248658
104.813081832
69.6514977446
24.6803816221
0.0542593663821
144.050508571
125.556433544
40.9409700472
124.743327654
22.2226971665
18.1508567833
20.0641224546
50.3874381617
51.4364520891
95.8048924505
74.1923820039
65.4521179604
82.9236690973
0.345720543233
20.7848362171
38.5043087337
230.306735518
54.6643049654
19.4704073334
0.15844600951
18.9965541256
0.186834747133
0.142884555651
332.333367013
0.148419903739
124.413162131
45.219390603
144.511697962
102.993026385
199.896006637
40.8325807651
78.0495649768
0.0955728249726
0.0685576804928
0.0381471216417
0.0364636732875
0.0366521438059
0.143164384535
165.549917369
35.6975200466
0.0423486601706
58.9112748411
47.3369126136
195.409196779
39.1888395984
73.0158979982
0.306471785398
44.0323085376
36.9515941005
0.443396804131
27.6785063682
56.0654200845
0.702946829761
43.9383580485
85.0692855732
64.3598506234
73.9306775817
0.496328251704
20.7816482845
20.7023646767
18.3972363392
29.7685846442
66.7721838735
91.1894636777
46.9397850592
0.182033401237
171.021893221
369.207246563
23.7822256595
0.123877460914
19.5148914569
61.9947785458
219.222722922
155.953262001
41.1187529425
83.2953681335
45.9104862885
24.9610381223
32.0624651243
21.3382863022
0.235078349153
0.0309180056554
19.6732950734
120.826880833
22.9598770238
103.801403182
118.430174297
0.0861226927913
17.1132556181
39.1091111923
0.105764486991
129.132456136
19.8346881037
0.100859638568
279.161348731
285.339533571
75.3772926493
0.0626007061339
0.0902169618003
21.3804452177
0.0950371859993
69.9860039797
0.0651387203536
0.108660185762
23.1810595734
0.102314358252
432.114152657
485.114064409
240.71506337
195.431436036
0.0600029636122
18.8072816635
0.0101903052964
0.0266263858968
0.0271967861392
199.883304518
0.0415133169643
404.745632754
0.0839919717617
197.430818901
79.11116189
0.120816413082
0.0951032383136
45.1089011891
124.786708774
96.7385183469
20.8227518926
71.0031082272
0.138546888958
19.0591210999
78.0069544289
41.5357458415
47.2831539212
0.137016041672
0.0830833380397
0.106235812702
109.864077858
0.149296099056
0.152709060793
33.491756541
18.904635487
196.861974508
0.0807736225679
0.184140024155
73.7381084848
0.073736472915
56.0071635829
29.2084453584
87.6997431701
31.1424216213
0.263182326053
19.0473133125
17.868389496
159.744005722
20.3080324907
20.7621488902
26.918672095
30.0991607697
109.619019453
0.105223995481
0.0766319800372
0.117559423199
65.6316377235
41.5633278669
0.0781768064748
16.947682994
458.496027091
266.548585132
256.495596202
20.8928300682
65.1064397487
74.6750284227
132.953068966
267.932216908
354.754987585
287.138084329
236.381761001
119.411087318
89.4773133953
112.891746828
193.658787235
39.6083481889
96.8639306588
130.275311926
0.0427281176456
43.9035779924
0.0468557017469
18.0327550134
19.4874055043
19.4811215288
409.901816814
0.00391402850188
0.00600818308127
145.268758405
0.00197471823171
0.0230430632719
0.0
0.0
24.2602578199
0.00260282061103
0.00676198874626
18.8307250213
0.0960955946184
118.109726525
17.1691781006
111.413979661
59.6373393878
0.151974670865
0.150242545065
18.4228311653
203.641489097
294.282067014
22.1609930847
249.574766749
19.6980898906
0.082386073778
21.8139487455
48.3550162169
170.38341795
0.0884563738681
0.0964186531992
118.825195805
0.077854656385
21.7580557983
17.4911696102
99.1111455312
0.162828661744
17.0208028523
149.539822544
24.788718827
152.629296377
189.259137943
200.776297622
163.152578757
0.0452127547212
131.655804641
0.0892703965983
306.659607482
65.361919753
22.3314007486
220.271902036
122.113945274
19.6739675441
0.0661985095401
16.5121801613
20.0782269724
0.0182941252697
97.6051786188
47.7445709368
0.0933615112985
0.0808751235883
0.0630558755236
0.00704640420797
0.0187802319065
17.344524404
16.6760838472
0.0237765272938
34.5307021683
0.0551668221977
0.0588694327127
20.2507597934
22.0474513233
0.131276235668
260.523113056
41.7730695221
42.1566254693
0.141971172366
34.5932764852
0.189128575437
453.360935757
317.982188148
0.20956476613
343.632266437
47.0726789681
0.231338986395
52.6527867719
28.9706603435
268.971963059
0.111120763568
17.8167751536
0.0700838241345
127.899618756
18.9721193414
0.0544673512284
292.925940088
17.1777449397
0.0931864769761
208.816016779
156.671553793
17.0296260986
0.061995173483
0.0142384673896
16.58532217
0.00367168504227
0.0
135.134577395
58.1305957768
0.0
128.591309401
258.913357576
198.679233618
46.2601578736
24.6313223963
23.2336662574
205.771645169
306.466123599
17.8425960756
16.7757631858
72.8195648927
59.0526663299
227.66982641
0.00163936847414
299.996725645
0.0
0.0
0.0
0.0
0.0
24.2226375258
28.4242327546
38.4007477045
0.0
1108.13223729
52.8497845219
2419.34315779
16.6533518557
18.0822873373
16.8567030873
196.302735498
0.0564949909836
42.8964203948
16.8126269769
19.8418261405
0.205311627476
98.2603474777
188.361913736
0.170777827404
17.0181189528
17.5446624111
232.580532026
0.168226608235
24.9799815359
0.206587770432
0.27029741929
0.256871262555
93.7884182251
137.030905453
106.481974339
0.136493104826
0.0988681681392
26.093322551
0.0595765681936
0.056669190809
352.399294889
0.0663271714845
45.1657684231
0.0637700052601
147.477970801
43.3781251348
181.855707666
280.075818546
134.330961142
0.0600844452662
60.853072319
0.0789105410239
106.429919339
60.5235114731
0.101629359836
23.734526545
21.0598807597
85.4104431503
0.0942068298181
220.232466757
268.442931008
17.2680522414
21.2090056084
322.557341811
455.631509056
328.945647558
0.220193601666
249.22896605
0.518439544569
0.601961927088
17.6160385566
87.4204603239
69.9462470625
192.528630952
0.22199981539
75.9390234812
0.192447279781
0.0967241701624
0.10492551787
0.12591613155
72.5871608931
0.11044056572
0.122261051433
0.210540813729
198.88719117
21.3752607127
44.9502899487
84.1146781658
80.7746728136
27.3434835032
306.576991036
167.983720153
203.139513727
88.0690642866
114.460326843
28.3678015693
45.9649542427
65.4954384634
22.6593108041
66.5389137429
158.545764839
98.7739975655
103.807713074
0.29896681965
70.0003270474
157.126229658
61.3391417431
18.4470890845
238.461760967
0.226735275204
0.221862025073
0.229393844374
20.368234162
217.061168099
0.0576144822757
69.8293087826
17.2663373625
72.6326923074
0.0531643082296
132.162604559
24.00149403
0.0629123334653
0.072640121795
17.4200314924
266.920850281
17.62296574
0.346617146277
65.3908554298
54.8111577979
0.57286215165
0.550343263855
112.863965697
60.6744701629
43.4493585363
0.112754504531
0.151955928764
109.53737239
20.0950761018
0.134160775169
0.464834408942
22.4723765197
17.2700884069
0.515736538225
28.0751885623
139.923224499
0.370162100886
139.621248331
27.0207804372
30.8731595919
23.8824148196
23.8308598543
142.469352273
130.463737633
18.035113515
401.63904805
263.465666677
64.4766228474
19.7027709945
17.5930575976
20.5358909857
0.0856626092692
58.5773595289
64.5307783814
63.4583954391
55.7098386862
43.0917911657
0.150638690025
18.3564389007
501.578210061
18.1977510772
19.3497860973
17.3211391658
20.0606406953
19.8998326523
57.5182684244
0.103033148271
0.172703000892
74.4057898301
104.720794166
94.4866644752
222.571654946
29.7190657832
99.8250969641
241.27304291
0.0628940007727
20.0465326332
18.3381675228
0.106968216252
422.593782493
119.829158212
99.6720750285
40.0376250205
0.0196649969495
142.68471019
0.0605962899974
19.9995568612
41.5983033714
136.034152589
28.3934955208
25.0402151376
150.973667873
0.0481867895049
25.3626800413
134.281896603
85.0501907059
20.2790272274
23.753027225
20.596448183
0.0542273628324
0.0387896153007
212.239371518
243.783158856
20.0469012898
0.0500636837233
0.0255014550696
18.0791354488
96.7369589148
194.481776861
45.1655289321
200.634765188
22.6351876715
49.3907762101
21.7143221925
24.1977330542
0.0336580350031
0.0361568693498
192.008627634
283.647904246
0.0505627959622
18.213883185
237.475247262
154.263856848
0.0654059330893
0.0549888146288
0.0576329008714
22.3771779563
22.0235727587
0.0603575317616
0.060433459348
18.2096464401
19.8468350154
0.0676885221255
0.0594115532699
205.809217211
0.0356226753793
28.0778290554
16.6264510063
97.1003699866
66.2986740573
49.4409597648
0.103035643797
66.4847974406
0.0631782217405
23.8947646511
0.0716350167016
0.0869732263906
22.3763909849
0.13199261454
87.8837968678
19.291650693
17.4548426698
22.9773481972
18.8885289689
42.0018136343
0.147416161497
29.861645184
261.823405708
376.161190357
44.7659499892
0.225707263928
41.6064866287
25.5170529846
0.175268183368
139.471819458
34.9133079834
0.135499479024
0.120907110046
125.00776729
24.1089772733
20.3949134132
0.056788692039
0.0262629027921
201.571998955
82.5740671467
73.6147981445
81.7986856125
0.0591589917337
0.0657444853584
61.262076205
0.1008830855
73.1259118888
64.2667524522
0.0706384384836
371.188747165
0.0186175985161
0.0814440428049
0.0190620161972
0.0409736341574
0.055946775945
0.054117283018
69.201392427
21.9868918202
91.481085759
19.9846742281
26.9272650701
0.0644420667695
0.109067441162
0.101821482116
0.107391616459
0.0839042195504
166.122638774
89.1970378656
0.0734640581309
0.0990298125123
17.6305891288
18.721064534
0.0395142451925
21.6426302135
0.0451693655959
0.0724396812032
25.4462683409
0.0976054876042
20.4253209893
18.4881102535
0.185500523749
0.199085237636
0.15833689959
175.577564832
258.849973425
0.145036429775
0.145536881288
23.5224396139
277.650309105
22.8336615517
0.177950381261
82.4437023956
22.6078089678
462.240214972
43.7216525472
0.185718229406
0.195373613767
0.185814119061
44.7071175353
31.6829033165
47.6565361689
57.8586488858
88.149762425
37.1920854941
58.3238806053
17.830495492
0.104984716349
44.4717169327
101.458844553
54.7276539494
21.047887812
0.0394801125018
85.5219998799
106.241548896
94.4865184402
38.9800057413
107.911321752
0.0209663131733
37.0546642502
176.101834924
218.48868495
137.954977795
0.0329032363494
16.909295907
25.8226504946
20.4585068514
0.0452547461875
0.05272984537
0.0138105658984
19.6499435815
54.1503374922
47.9311989342
64.3278209971
36.2644285464
0.0481891460853
50.4574450661
99.3633802325
0.094715615592
0.0831427237201
19.6444037931
17.0869463405
0.140810585094
0.14895500819
187.734027375
0.138246764361
0.183888687259
18.0171966491
17.414769669
128.537997113
59.7476342392
20.8512838578
35.8623591564
0.149792847565
113.976354387
42.7434873545
177.595560518
0.207787846017
0.171951998404
122.109878578
0.134778867855
270.767229923
130.118469337
0.0963827352816
21.4576069558
23.9696111377
0.0789292296068
174.549011305
0.035031031503
17.1157348438
104.827244615
129.788742228
133.703762205
71.7400031672
0.125398862056
40.2350186587
126.057167259
87.4612556696
0.1142438522
17.6245283486
0.0769232891269
40.6427906899
19.7097773583
23.4196578044
107.129153807
208.465348032
116.285450763
44.2722481115
201.34596563
64.3483826527
375.871604283
238.308807177
0.0387397499613
20.5470131763
18.3502560458
0.0335506198548
32.9344941308
0.0623219747047
36.6586608643
0.0369080570741
46.4407172803
19.9472264341
18.1113719315
0.0584997012098
25.5607630231
19.9202281762
191.68077479
158.558890611
0.149625686204
16.6656737228
17.4020122052
17.9354528756
18.1792979226
0.244987477244
27.1357564669
0.201805192758
177.91479523
0.0608759152785
0.181843906251
167.123079498
24.030792844
22.533850473
22.736807345
24.6602167611
0.044726713303
32.5241568068
133.217366432
74.742066413
103.6095523
180.952719855
0.201602341638
0.185048658242
0.177187806482
19.8133051666
0.039493501149
79.7831498442
17.1041621765
16.6170949243
68.1957485822
0.47270718736
0.044049992674
0.299790696048
0.0395133179365
283.96531937
0.0247241885712
120.093405672
131.874516776
0.0965021785631
34.8018947807
57.9344263751
0.0362897738721
13.6539457283
15.3837765682
17.3622150725
18.3119968461
18.9257359768
19.3965937348
19.3993870385
16.4008941974
14.1821501016
0.0640394411736
13.1131213952
12.6908192507
12.9824550478
12.7833562345
0.0802273161838
0.0817757259059
16.6164753885
0.0845957778411
14.503005289
86.3150915362
69.6610263743
186.32070102
18.8744825937
18.3574779906
28.8155099046
18.2405351352
40.3939755857
0.0840222673522
11.8107306903
0.160861339777
0.126955085475
54.9385073074
0.124883432868
16.0859189849
14.8712913343
16.7597177432
14.5688940734
14.3297872006
134.393213448
203.005662183
62.7111171022
0.130381682171
14.157035639
13.6750989907
17.4357775947
16.1928425163
19.0734739535
19.064122137
13.6446439548
0.0865813974426
12.5112279236
114.995655246
0.0685452189011
0.053202634678
0.0453574049287
108.146291981
14.6512722696
0.0891987982248
149.309088257
0.0511189276671
0.0431967404466
0.043634222777
17.0865201733
0.00833540674929
21.04976852
0.0480364021782
267.831267905
21.4830166225
0.0582110114964
48.1040778396
11.888204987
13.2070096357
49.772341419
23.028633484
247.364737689
15.9589754166
16.6148435886
13.2094742128
11.8264891149
0.134158388413
12.2821523048
159.560385776
0.140584392391
11.7858718504
25.8867717578
0.198432161272
12.3176404873
0.229069645736
0.234725023643
39.9870565941
13.7629344751
13.0580610113
0.214578730714
12.8294381155
73.2530765141
14.2549311213
13.0400534568
13.9475211991
13.0252968391
0.146155402864
0.21932776067
15.1987154571
14.0170849259
39.5263281513
16.5102551649
16.6888161443
15.7811839354
13.5702989765
0.223657450562
16.702363528
0.210013519669
21.4655568647
0.207807033681
16.0799478071
0.184517410903
18.7455371456
18.9336926537
16.9111144843
15.3428235303
16.4587466317
22.9890335434
12.3045427012
117.774328625
0.0456668242805
0.0654594688914
16.5030039761
0.0758677962731
38.8416203223
42.0409414241
40.8989365534
0.0440458685776
14.5041083132
12.2686121402
17.8452739216
12.6521142518
17.6168105336
19.4349979865
0.0552601802656
0.0893198733392
0.0829312460429
0.106440453236
14.1180377011
16.39451092
17.5879064903
20.2307849223
17.4969255512
22.4269579225
19.7120414366
0.150779022062
12.425756899
12.5769856386
17.2743421148
17.1571697375
14.591975041
21.0741867657
0.0968962746596
0.0789000101716
0.0833629882401
45.723947794
16.8309874837
15.1581149811
0.0664881725187
0.0843697845214
0.104283804774
18.7733651752
18.9560533415
0.105109508288
13.2223393656
16.3623766014
0.141484506675
74.3076413496
0.0308559162166
19.5704858877
17.7762150693
14.4623694211
20.5869129749
18.9492823945
17.7574115462
219.04978867
0.0932177273544
0.107947647841
0.119040379635
49.8764014958
0.0595004751849
12.3024004234
0.0861756510826
0.0984676453221
0.0990491327667
14.7823693102
63.6879507259
0.0818246284752
13.0200084292
35.2152972058
104.74921541
56.483629132
40.578020259
0.0715366928661
0.0975143070712
0.0805527099171
0.164846619169
0.145422395592
18.0297528825
0.0963473768632
16.6886408158
0.0139138871233
20.3213793585
12.7047535573
25.6829311015
19.2881621252
149.24574538
0.0390278705115
25.7084403077
46.2863781499
75.2631323527
39.8568813326
16.5269531357
15.7354150368
15.6660633713
0.0800922915866
387.083166148
540.819195599
13.9533079628
13.3860017987
0.203006726366
16.0547799098
19.6886216733
0.199203529592
14.1224024728
0.129392613653
327.75849112
77.9048617537
0.168611771557
0.159330345629
0.133874474805
0.132892203455
0.178034472463
0.123503962418
0.136987118617
0.117970122263
0.0891960434704
0.106814989783
13.3544118636
0.142436037198
508.459802185
32.684436557
46.5164466869
0.172094547169
61.8935340546
375.678882988
18.0072132555
66.3187101435
19.3693775826
275.087921478
70.1698807353
102.503670917
0.0513990534766
19.5813345754
0.104259263224
0.0848421541273
46.2786590932
0.130976124881
233.916440597
0.188241598355
0.149992383354
14.9964626037
185.639168467
153.72639298
0.022129267404
106.906348749
0.0
104.719990671
112.896359282
47.7569021588
76.1722428718
12.6657071557
0.0
0.0
0.0
0.0
0.0
0.0
0.0
0.0
0.0
0.0
0.0
0.0
0.0
0.0
0.0
0.0
0.0
0.0
0.0
0.0
0.0
0.0
0.0
0.0
0.0
0.0
0.0
162.305368884
248.840836897
0.0113856292178
93.8266318362
76.5840913257
120.128326664
49.9284124673
56.0118794786
0.0134509473888
0.00837929344725
267.985398699
207.349308303
96.912840425
12.0902925796
0.0199856883961
16.9862945386
0.0570423178901
17.4264678503
55.1694626601
0.0835187894917
23.5821498506
0.104949699476
0.0895498253528
13.0304464231
28.2516658813
44.7951315027
63.3671444646
0.1366591711
0.120633048908
15.5761291597
13.7204712787
0.0644019013378
27.4732290943
18.0043558778
38.0512816258
0.125784700456
12.2100513159
49.7854071541
37.5506587528
58.8089596724
11.940087928
0.0580078140208
0.135961116836
0.144409625402
16.2714792728
19.5086836413
0.139658102467
13.7627945916
12.0197546242
0.147588781849
0.121731274589
0.188830458279
15.8874663312
34.6032764591
19.1994551943
0.265379316734
14.1737088749
52.4167990089
58.2268398076
0.299277056942
0.29080607462
17.1251032769
51.9725829481
106.442185622
0.112500692101
52.3576817048
52.9530383776
27.3302814758
0.186943698469
19.0360969535
0.215289867887
93.1501075869
29.4428028905
13.8332643092
16.2865255764
0.189537048588
0.170795800885
0.0787169581741
18.5588124473
0.20997894879
14.4130665457
14.3560218784
0.0147703850259
17.4349263914
14.6495558904
0.0332183994169
12.0962866278
14.3778643655
0.0952677277383
86.8855505846
43.9996154649
12.6772856034
25.8109664808
25.2801786359
19.6028955309
0.0863732440794
0.160304022979
0.145512320816
88.5428859455
92.5499161085
0.0872424719382
12.4259076595
49.8726444223
16.4579623907
39.1500568409
30.6383573148
12.0518155995
96.9171287296
0.134580995889
0.136053804223
0.063992001952
12.3805328721
57.7376268525
22.1659552597
31.0313692205
46.3360218665
42.579838508
0.139163396176
55.0405536448
0.162322658704
33.394718479
12.7483412697
0.091089869713
20.1864037792
14.1954963232
127.25962017
0.165973601507
66.2107627469
18.7804659995
47.7266470995
35.3831656706
12.5820093622
0.0822528687319
0.144486005344
53.6043523598
13.6410075294
17.2337641177
166.191111039
70.2451253917
54.5615350569
26.7936250703
19.9544156169
0.102631626951
18.0413146034
46.2830095392
73.4591978127
124.617647818
15.7117318902
27.1752176783
42.4618696157
0.141524144888
15.9478700002
16.1460040561
11.9372015583
21.6183427113
22.6993487927
14.1760552045
0.0868519083973
13.8907483551
25.6425148862
11.8428145076
0.181701982291
49.2509550466
68.4720186299
46.3670261155
22.7135810799
13.5125366109
41.5956543607
49.093745645
0.362652998917
0.419155267146
18.2866166621
0.535347945562
97.7394707557
66.4864387431
73.9240533508
0.113734765351
19.5594879348
0.152869322259
0.143534306097
43.3918676551
11.8818460812
41.3071384123
27.1270132283
12.1481250829
0.104550379938
12.3866476885
17.0597615835
0.0658767402942
46.9428793545
12.0601897481
12.664328247
13.6711519458
14.1332125216
13.0717371056
22.2827758915
12.1158021746
0.0982208746111
66.7060965063
0.0673483120508
0.0472192969967
19.3585980486
12.4612093419
0.0892822682634
55.4351427761
13.4331498563
122.807215785
0.145632268583
73.1994020539
24.9212332136
21.0373886911
14.4203181765
0.340425795877
20.3283672289
0.170317945746
12.4373250179
0.150441991147
89.0624872245
19.5374397363
23.9522829707
15.1647119087
0.127157140609
0.0768825474327
17.8734971362
21.888114804
0.0505435427952
0.0410607268147
13.5144306485
12.3979856083
0.0384619640727
0.0423213735188
0.0466730946456
12.7711141956
115.825149464
73.1197056936
0.140746235476
40.4625481135
46.4151518071
36.1755710506
288.36305834
0.119187323898
32.0297526365
102.425210207
0.670678138855
153.635634839
123.225346498
0.135797390136
0.0989219716055
0.0998270367741
16.2458963203
0.117974618508
0.100082644813
0.111594244681
40.4440635951
13.785820853
0.135083691409
23.0835668686
18.0345128427
0.117224109441
25.7479765961
0.0722944284275
0.0734656567761
15.9143383747
14.1583899809
12.3947802844
22.8203186531
12.3795431365
15.5154406085
189.941541098
201.238895526
136.112939799
16.2129164964
30.1352068937
13.2916595805
12.2900313108
12.0423738404
0.0389444072731
0.0654634424889
38.7274977752
78.6426751207
129.397206158
134.331862584
0.0961991077765
0.121258044884
12.1385483064
15.0309286111
16.5215630761
0.0999009855739
39.8326259363
0.0657997702274
101.098554883
0.0911833372252
31.7882306317
0.0826963478458
0.0788548202104
29.1121341639
45.1170202866
0.0769326704921
13.4693284381
138.773971247
13.8014385773
0.109457417606
26.8017638785
0.054018467651
0.112961345614
20.7181248695
34.9390274543
0.0762317989078
15.5889963303
18.7890537519
0.128338977016
42.8031629806
69.5236027878
122.949413039
27.3693943745
18.5623819132
15.7303431796
14.277076851
40.4691222645
0.141042226783
15.4937144144
23.3702462063
15.5687557531
35.4557879941
21.4096860987
0.398645847965
43.4586429634
42.0056606811
0.0454166306888
35.3052253542
0.0983263659971
15.4477790908
92.397920893
0.127365952131
0.0852286545189
0.0859433161305
41.5901125767
23.2757521094
30.3012722621
73.5013549953
67.7667409008
0.153142034804
14.4065371921
20.2998927623
13.7301592273
0.104897582997
21.7753438912
39.5562085193
0.127800178977
0.132090369436
18.2199698155
70.4982016666
63.6690951882
12.332323582
0.114255767157
0.150868961163
35.7146570865
12.2318695508
0.17381442504
16.6660749953
28.3691097146
38.3667081576
0.091078316002
12.1338341878
0.12059543868
0.10372998946
71.2530750061
0.136643167902
19.1053256653
74.3004103039
52.1831164111
81.3505815688
0.0243658251877
62.8956219102
0.0507884876512
12.1695192876
15.3882542505
12.8740514972
0.133647968506
196.602017562
0.111228894691
0.134802444749
0.126508165416
24.979102967
0.0967036532306
18.1040835183
114.510675356
67.4042482936
0.16432815329
12.583825167
0.129694663346
39.0275283802
32.0661830929
0.204780120371
16.7123455373
37.6914116035
14.0261443387
0.195775062588
28.7434338325
15.7590498923
11.870749887
0.0814011371442
107.732449266
0.040144988864
52.778668316
16.6187041009
0.0155876867658
0.0254445860306
46.5638967795
0.092018006207
19.2477027918
75.7455148637
0.0466605288788
47.5396606683
44.2396007406
0.0795918612854
19.8975714048
0.0656415065802
0.0500672234093
0.0516329669468
0.0696336570336
0.0491254770893
33.6467526289
138.64834268
32.0745702215
0.151896970949
0.205403274543
0.1916954815
0.240836893316
49.8989219967
0.0941172896538
48.3184421676
13.746287593
0.102059036506
0.0967329578018
24.4080953948
70.2202711789
72.8222195226
172.772599656
42.3212044624
37.1620384194
16.3027250442
0.0603850032738
44.2372369709
0.0601255236279
0.15361673651
12.5080311855
16.7134146447
44.694541574
0.105096750807
107.325188201
137.277241307
13.3215563499
0.110296864846
12.0337772527
0.267248747445
0.28291400065
0.278235827925
97.301069108
32.8946679177
0.190070277585
191.64991449
0.199784044901
0.170633635827
20.7229565347
12.0338371223
0.252788706097
0.244829137957
19.2019643207
0.106780366544
14.3358170725
51.8086713745
15.4134978205
0.0974470990251
0.0935545052877
0.120407341914
42.3502684757
0.110449404579
13.1793869767
0.0545088266264
16.0563036869
11.7126473397
22.1389688628
19.2770222922
49.6226743236
30.8339090269
13.1749059693
44.7813433282
0.0841547628805
34.0455767618
16.262520772
0.143703452735
34.4852339271
31.5201869229
72.8681580778
45.0354120938
0.122586387789
134.28125834
58.5242883864
13.7982642636
18.6237042096
48.7734842412
0.204361819411
74.7811624202
0.162822080513
16.6043790407
50.0000638961
23.6240580712
0.133568726419
12.6351340198
82.4847889579
0.325258379896
40.0285440519
0.141161975709
0.133467037992
16.6967903113
15.9015798193
83.8859600822
0.265301863002
18.5809012285
62.20644792
238.469485096
17.7648088623
0.313671604776
67.0066999529
68.2629904807
26.6720542926
15.9413017603
0.310889923598
64.7196665894
34.4364005053
18.5330380278
140.432434739
117.937894839
0.311704673853
0.226787546432
14.1297928518
0.161877666615
15.0256064801
75.603900268
0.0880350171213
0.091239443123
43.4618267815
0.14850030503
0.13548216538
14.7095294806
0.211249382652
0.242958567961
37.4697819692
0.230436398052
0.235163352699
0.259438552559
21.0493026716
12.4842709891
0.185520558953
105.32287592
38.7556885549
47.5631512703
0.366988835874
24.7302604051
42.330731178
46.2034676739
37.3034946608
0.391510614068
34.7328276577
14.7062912552
0.411610947589
13.4940927165
14.5390169843
52.7890724253
25.4299633639
27.3521377501
40.4780180321
13.6322541977
45.531957702
0.111336660802
0.0965834455879
0.0876215991808
17.0251910959
13.2844505735
24.4209042971
19.4805625605
12.648113333
12.5726726388
14.5941348448
16.16440457
0.116031832135
12.8769317841
0.0508248828241
13.1352827032
12.1723766347
14.2677110762
0.0876213552365
18.6202618489
16.6563487257
0.0503819284463
12.2180491518
13.2603256707
14.534861743
14.8571960774
14.6125627222
0.0265574810916
17.287550951
14.5449911741
13.1893137296
0.0296254884735
11.9404807246
16.7074730098
15.9163614906
11.8068766619
0.0227542305295
0.0211754374464
0.0164473773682
0.00870728789129
11.9487238856
12.0367761463
0.0118028239569
0.0107460021573
12.3345116444
12.3759930865
0.0131327316076
0.011279332204
0.00870641563543
18.1607838708
0.0100689495032
11.9297681721
0.0119551380618
12.3135731862
12.8116975281
12.7973242799
0.0100436673003
0.0094873060709
18.2625192526
16.0866762695
15.762539863
0.0095764615911
0.009904786431
0.00962345002702
0.00960710502144
13.9271628582
13.5796548902
0.00951895062048
19.6689508352
0.00747167330635
84.601868081
13.4499944993
43.3775995324
0.00979209540989
13.4889662595
24.2099446234
21.7727237846
0.0119423881288
33.0641151767
15.8118937521
15.0752544712
13.8806869486
0.0111652064829
11.7660349011
12.6601485701
12.8737281779
0.0113292684216
14.9685860579
14.6087206229
13.7306529972
12.4167882176
0.00975571928335
0.0104723511249
0.011257873405
0.0117740373572
12.1684191312
0.0123269436928
0.0117083740208
27.3171190343
24.5270524405
23.3543688995
0.0119074857325
0.0125048885759
0.0112533957603
12.941182836
0.0115336996648
43.6735533707
0.00940613974937
18.4158920209
0.00827651573601
0.010041190691
22.3974211506
0.0110634714969
13.0065326264
13.8043407643
13.9729107764
13.220517935
0.0108644237054
0.00974009979718
0.00915057546851
0.0103833560417
0.0104832023579
0.0107838867675
11.8139747154
12.511063842
12.6985055483
0.0111036015793
0.0109349247801
16.2166505476
15.5384791115
17.3397910743
0.0108814940784
0.0107804573113
12.6518542406
13.5381275869
13.6041708874
0.00893276017945
20.968163284
18.24957271
17.8493012098
18.9333019168
56.4783648886
41.8339368221
0.00830947508479
18.7058113972
0.00762428141575
0.00757380639773
11.8510046142
0.00721036496662
16.9512347354
17.297733403
0.00930906907373
0.0105382705633
12.2195772753
12.8596445522
12.8435900304
0.0114154889601
0.00936507877305
0.00799350110236
12.1984178361
0.00893760338125
12.0148983669
14.0575558558
15.525299737
15.6523092158
15.5867208901
14.512859877
12.4405205851
0.00770465279595
12.1498404383
0.00981152316855
0.0100516827406
0.0105269929895
11.9972117778
12.2626724534
12.5650727194
12.6591287788
0.00953032940916
0.00846514383033
14.6065814266
12.1198016185
0.00842501546
0.00973183349526
0.0101372569455
12.5465477926
12.008119198
25.102026228
23.1780897264
20.5570097087
19.1588006011
19.7271273474
0.0091984322378
0.00961232689097
12.3078331468
0.0103009091837
0.0102601161958
18.0739001074
15.4903327553
13.1162559189
12.0969124203
12.1651575254
0.0104017902332
0.00932693782
0.0099089786805
0.0107603911798
0.0109209177982
0.0107321434768
18.0252277391
16.0134872748
15.2383544785
15.5218968796
0.00994638872258
0.00831063090355
20.2870202185
14.0925194573
25.1962737735
25.0258929106
11.8793413512
0.00831611472272
0.00813361075447
13.6118315204
13.9661973989
0.0102357963773
0.00900637731444
13.1408732028
16.0533743868
16.5165663455
15.7278782063
14.3116554221
13.0600103408
12.5291955891
0.0108625061321
0.0100362113305
12.3754929258
13.8376663307
13.568778573
13.3171061425
13.471693179
13.4087914231
13.7400572
13.8543991918
0.00800054195574
13.6076863739
15.5150471144
16.840549392
16.122846746
14.266189851
17.1578503047
22.219028092
47.1981886357
39.8639428955
0.00861228818453
0.007484206369
39.9634618047
19.6123370091
14.0802138914
21.3352069375
12.6733769489
16.2873647809
13.7386243964
0.00858847111664
14.674275702
0.00887544044951
11.7835532735
0.00898094478219
15.6714478324
17.6390568354
15.9296426161
15.3279347042
15.4945387997
17.2747828178
0.00750839947895
11.975633425
13.4291018171
13.2381455716
12.518024782
18.9193774476
16.5230807474
16.0878415258
16.5134988719
17.4468029797
18.9534916839
0.00900104383599
0.00914563513688
0.00899363646807
64.1673859578
54.0717706908
20.1408647417
14.7686972596
21.7029334533
18.6451688824
0.00858709504404
0.00933296361568
16.4495431408
12.6066762478
0.0114051197836
0.0109807544817
13.6447450294
13.3374358757
13.4238361447
14.3142211197
0.00503720623648
12.4957194903
0.00144565396329
14.2692600612
15.1177355565
13.6819510434
0.00996139347362
13.3463570672
0.00743632891623
0.00714133069238
0.00812890050183
12.0077081339
13.9164203436
11.9255636639
0.026464044642
14.8177394221
15.6579661318
0.0260709249307
0.0143784273107
56.215760138
29.0368955333
0.0263791453492
0.0353379706827
0.033927211406
34.2289514151
11.8712581371
83.5234563715
0.0227114418622
0.0146365226989
0.036530865303
0.02752755931
15.4039343401
20.3660457727
15.2922531775
12.6040591895
12.8126338095
0.0407063428018
12.9600142286
0.0447863557133
0.0453187441569
0.0323705182142
0.0711060168903
0.0728545821846
12.2377964783
65.4892774918
20.2198325542
40.4115764066
34.7975356249
0.0563038998381
35.0563376803
0.0504127569237
0.023599874827
13.4871788908
13.2008599962
13.5750908801
16.9662457878
17.0065999501
57.0724524448
17.6485468567
0.0388413391932
0.0575082294387
12.5595760006
13.1517386497
13.0897543219
13.6293566166
0.0646741197328
151.715920037
0.0932753818587
19.8646160816
33.6975504743
14.013207665
15.2435665798
81.7523455642
17.4528493423
12.1770243228
14.496506828
0.0450629364892
12.8910108871
12.2159140281
0.00550595133663
0.0134123786603
11.8708441195
11.9486451076
12.6803779812
13.0062090617
0.0101390397415
13.0818743055
0.0067788247968
0.00715872493232
0.00684978450656
0.00690131140652
19.5707508379
45.3296007003
0.00761550621044
11.740732297
0.00991379063957
0.0109571441102
0.0110689219642
11.9982711783
0.00891503280996
0.00668765238976
12.8894598351
14.1287350318
14.3169910116
13.4875165612
0.00996091088848
0.00694205564415
0.00638426160238
0.00576725078628
0.00708434973741
0.00817841100521
0.00927528542727
12.2139987008
12.4254123245
0.00547849654229
0.00845091911589
33.0381717786
47.6891888278
11.3654258632
0.0345588768045
10.0122961591
0.0189503201878
0.0193334774277
0.0133736524824
0.0150237752976
0.0140585912799
0.0153254119452
0.0162027089422
14.5264905109
14.7628405935
14.3499403124
13.211690672
11.6345689647
0.0132849156108
0.0130696058847
10.552032053
15.1716969391
0.0142301048699
0.0161534562743
12.8773579888
0.0142959351693
10.6277165388
0.0127842358838
10.0005784806
0.0125768598984
10.5966730629
11.6015184802
12.4921167579
13.1334893215
13.3791489888
13.0600135685
12.0888675121
10.7390674366
9.71574446206
0.0124362575193
0.0129476447983
10.7070822291
11.6962023619
12.5303585184
12.9357056253
12.719566687
11.7941686689
10.4152605256
9.21179132375
0.012555808997
0.0129959728358
10.0156309192
11.1482567019
12.1531875437
12.5738157829
11.9989304878
20.173131059
23.6298376475
18.9410536845
10.5909161774
0.00801653323352
8.62275221943
9.84806411417
10.7815769491
0.008532880089
11.1850316577
10.3558629056
9.05021998542
8.20331509425
8.26731237564
10.2143094262
0.00286275718371
0.00333565702768
22.343860759
0.0121360381284
10.7981780815
10.8039953605
10.2586040075
0.0113428976463
0.0113608879384
0.00958624490913
8.13199569915
8.19095094792
0.0112726279862
0.0111836197201
0.010785415044
12.779718721
0.00907878649186
0.0106940475086
0.0087002489464
0.00885202767212
0.00905789035585
31.4256072602
17.0150297857
0.00909813866616
11.517962362
10.5431791159
9.12327270012
0.00893689622368
0.00927857048724
0.00974155618466
0.0101986703264
0.0105152640661
0.0106024500596
15.4840046755
14.8112567756
13.2146485995
0.00952474090641
0.00955039695909
0.0097763950199
0.0100592155572
8.2260464517
8.05876385481
16.0990959569
16.0798428362
15.265195895
13.5454707046
0.00856180041036
0.00868165487197
0.00910153563982
0.00963665245987
8.26471648581
0.011017866552
0.0110279540738
0.0107039056743
15.7401658889
13.9534800501
11.6770092303
9.62379997761
24.8521642007
0.00811656187924
7.99401163827
0.00910224705856
0.00936238216195
0.00939307779006
14.8885186741
13.4402737105
0.00845001688132
0.00825928470882
8.9918818984
10.397613031
11.41960225
12.0028637654
11.7597269536
0.0094331738719
0.00913048668566
8.81364444041
8.79225602651
10.0082973525
11.7164250723
12.7627857149
13.3321635901
13.6220988911
13.1308619763
11.446943912
25.7418246482
0.0312953402371
16.8162939273
69.1774106018
20.3572092447
46.4730416022
0.0452209256923
8.028645095
12.3342764894
28.8404307608
25.5892730915
0.0743649409169
31.4201337495
0.0898328583284
0.101120484982
58.1431976784
24.4358806263
9.16413647874
0.0937395774117
24.5627925203
10.1268944161
43.4792471694
0.055185696689
43.9960127642
72.0281046277
73.7608276136
22.6906949542
10.3168799747
9.50001837202
8.12171292378
91.5525939839
0.154332103227
0.108658173663
24.5191213431
43.7649367469
0.0955349119782
9.06518801205
50.2706293435
25.1912720499
0.0270088711996
0.0178116008552
88.7200023577
9.48302198244
0.0198275452704
0.0222465581773
29.4589309672
9.95958720119
9.40767462401
11.9978663503
9.48284407102
0.0446702148422
0.0366860633324
40.6623714905
0.029348486293
0.0294486520123
0.0360205342039
25.6592165629
30.1510740581
0.0369406727788
42.7722321413
0.00799956283333
8.19069972286
9.00481824713
0.00328196878307
8.79483748706
0.00134833739719
0.0
0.0
37.5031828999
0.0
0.0
11.3757779654
23.9804237637
29.283075802
17.1067363787
0.0
0.0
0.0
0.0
0.0
0.0
0.0
0.0
34.5020283998
31.1318088625
0.0
8.73467850767
0.0175887549833
0.00690220593821
133.4970302
86.8317336062
29.135232512
47.6530843224
31.1895632646
0.00378944625775
10.0406050615
8.23242114825
0.0232041262068
18.8008480047
0.109992604085
46.089727801
50.7119511448
31.1857142016
27.0062118764
12.143515399
14.2740824212
9.14352126578
8.26272435833
10.0836490847
18.7407175886
8.50470991659
29.2637380374
0.0660819246166
0.07447879943
0.0783078146068
8.92256561661
0.0779761523517
8.16115100936
10.6729279285
0.0767360879245
12.5179277813
9.66635953108
18.3068428423
130.184806604
0.142354506092
0.0566535993467
0.0681314563111
9.43056183529
8.2868776995
11.307747579
0.100598255404
0.0845505598407
0.0874639518304
0.136764398212
0.122347424237
10.5595524571
11.6762005848
8.18830736644
33.3119937228
8.37480717019
0.297574550195
23.6750988409
17.1753365573
0.285809468683
0.384691662083
12.4473539368
47.3043943691
10.4892962292
40.4869938323
14.5084644448
11.0501849534
0.2002726811
0.237645792991
9.90799158472
47.4723077687
0.47322574889
16.3874721739
54.135528244
0.312025151061
0.291670309711
13.8684970363
12.151463227
0.14202769447
8.78901802426
0.275810019747
8.06180136258
0.195653610054
9.29891210315
0.119481356435
10.4088688289
0.294064904996
0.328007642942
0.338291780309
32.0185531677
15.5081646696
0.129009681871
12.3683106565
13.5780290049
17.2610447844
0.129737354407
0.14136768569
0.146970640879
30.9406440732
0.273057068878
53.5828221101
9.35991455252
12.575275959
11.7587179276
0.138910984562
8.49488776611
59.6002280242
0.223691399951
8.45424615937
0.120198722135
0.0587609661307
11.0408739498
14.2942540837
0.0590368670108
10.740792518
8.91312384796
9.39051114229
0.12835395436
18.3394635843
0.135098605213
0.0992736800872
0.0927370060251
80.9002413817
12.0735456824
0.0904235682103
92.6181830463
0.16995836682
0.119239131424
9.14406428024
20.5802870307
17.0610856617
0.369840934121
31.2596675736
0.441834114711
15.5459061391
30.4581920769
0.163479552035
59.7250390877
13.3696614273
30.4628320787
18.8743135541
8.47640371215
8.32945580864
34.3047700777
17.8767484406
0.47858319454
0.407698308014
13.6611912076
14.202607421
9.27683840266
0.195013024613
0.175973119824
0.13266410928
0.0599310354236
0.0596632452584
0.0225587013416
0.0968459641465
0.102908691304
8.47493268478
0.0784034691051
116.548616172
19.1549881208
0.166550163561
10.6735110335
25.0067933478
8.15366981774
11.6290443117
27.2384883549
9.02563111548
31.3749793785
0.253479617402
93.0720637482
61.3903181824
16.7270704828
38.4965008738
37.7570154927
0.0815914564309
0.14872249967
0.134867497232
23.1638098487
14.3449830065
49.471908633
151.670561482
66.5270110867
0.111685909131
0.0953953050431
0.0594302236392
0.0773859191564
0.053319060616
28.4618005406
25.5962867802
0.0300485384514
0.0551572986875
0.084166483693
0.0872948213705
9.21946692004
0.0861258630854
8.04326546329
0.139686156591
8.38318047136
0.0977846884166
0.162073306923
0.180691028185
9.40066551233
22.8392332436
0.178594217903
43.1087768934
0.186009542028
10.6577153915
13.4220568495
0.0973340413907
0.077840286044
10.2863410937
0.262930139523
24.907284562
10.2817818453
16.6113271829
30.6241950803
16.9950327902
11.5748484957
0.138684976054
9.1606243404
0.0273629652231
0.0474782928393
0.0554382031768
0.0446640027317
0.0381023164745
0.101450987145
0.0887254899168
11.0876155353
0.10498823169
69.278806373
0.151880109028
36.9849437328
24.2429733569
11.3146021307
23.1183544911
23.2014053453
0.504807722906
40.1901268077
151.347975937
37.7338235059
25.1338365707
54.2036738924
84.714897336
8.41510990725
17.6503734954
35.9188834957
8.76116080373
18.790546104
10.4552966269
23.6384074458
0.244472416249
61.845381067
144.522605764
29.5863075724
11.2130924868
0.0999158991855
111.383794822
0.0883563611197
0.114431502135
42.9495521174
0.0775082989161
0.0880543264247
0.137648050797
0.139281121943
10.051489242
8.04577434578
10.735954918
91.4938490952
27.587204372
0.249491139143
8.81894183223
13.4753436818
8.83166435302
28.7650337114
40.848203888
15.7222480364
16.066460367
23.9549633408
72.4244000045
18.6308004285
15.2887827512
0.0963251549064
11.5810711994
0.131878417354
0.201102763417
8.85568060386
10.3097535552
74.1196802422
9.52899606297
15.7272966621
13.6503363708
0.204026182147
0.0513038376253
0.115360373542
29.7171942803
34.438814862
0.158036732926
52.9197625018
36.7295798041
21.5655391655
8.8982452396
0.133104277575
0.119152729014
75.16634146
26.6611739006
0.0771603623502
10.0385611252
0.0951654903844
27.5722998939
12.1351568402
0.115356001767
17.1683202138
0.14816958837
9.03925608634
13.1500450666
15.4948868507
0.11032890878
8.09042753619
9.68284600932
0.159571324517
0.161173389995
12.7210574063
0.166888789509
0.0615353785692
9.8774159879
0.137540282061
0.0532208783056
0.0418384997973
66.4119899002
10.1342049859
27.2305147799
0.112237946449
0.117986822771
22.7217842164
9.39005318467
22.9817295263
0.0813753539338
34.3473104293
57.6472075645
0.254063241077
11.6196919942
27.4234802414
0.19460271827
20.385681817
10.0037414956
0.563343256369
0.597798051717
12.2178231651
32.2269689205
0.653860353051
12.7764580651
25.1559039217
0.711647495091
0.676566740007
10.6176270022
0.333337724245
0.361008497798
28.5075664821
10.2068680253
13.3043402495
26.6649916047
24.5544208716
32.4520699113
0.0790170116348
54.5403545106
24.2334099554
23.4246215849
18.1272530855
30.0686097053
21.9330007674
0.0542203697258
66.6235354343
51.5596040635
0.091697183584
23.499129296
9.22156635003
85.3799638687
45.810217722
23.7009862269
0.157391058762
11.5792922415
0.212788338524
0.608745972989
41.0829506272
23.6104081834
25.3436461543
11.2419536555
0.37804055701
17.8319869321
11.7814301008
9.74791079603
42.5187216465
79.5580049445
8.84819540122
0.531191990725
9.12768191758
0.540641853563
12.5067254372
10.2521529599
0.109102109027
64.7973940309
26.8527958023
12.9918616286
9.08190126481
44.6895173605
11.8709292526
14.9703094944
52.3159316049
0.112467633809
12.2922634395
0.115904207635
11.7317517286
19.2539465724
0.0924399123952
12.5762269576
31.7143893449
0.053185655991
0.0748398953608
8.41495429253
7.85689876532
63.6253147313
28.3934491862
0.110785018732
11.312300315
8.08047561323
0.147113487265
8.25021833065
12.8763099799
0.111842471878
12.7120491146
0.117245504189
24.0967954537
9.15652547282
17.7444795664
31.7993837476
65.0059829759
0.0838721272378
12.8302497309
0.0816466071852
11.584540422
29.9789071747
11.9899636373
11.1197575515
28.434526747
11.8270661168
24.8244359842
0.163519063303
40.589890904
0.174366175369
38.4151661098
0.196870597536
43.7216377981
0.200139795077
0.22865331045
0.207114154763
79.0711495546
32.195310558
133.217695579
0.2123788295
61.1815256225
11.8539244649
20.4584115884
8.77435597569
9.41308645131
26.6301406683
0.195368333285
8.13942697585
75.5154644875
0.136483942894
0.106808271082
10.5367858994
0.0648802944381
0.0672150884475
10.2770854367
12.0021598993
35.4891226106
0.0431397013129
12.3677421467
25.4665500781
0.0472641547436
0.0772196430234
0.141687289766
11.7244885897
79.0464950856
88.3471048771
9.34215808666
0.161148265768
25.3339070425
9.86951857491
0.320973394362
38.3335981733
0.364686151983
