0.0
0.0
0.0
478.238695847
449.397164371
168.485217958
641.042989886
37.2121885477
30.5193772583
29.9662611108
26.202757341
23.6310647285
20.9978457632
0.335313228085
0.318257448617
0.372632124526
0.345616273053
0.234650153981
0.322485153234
0.331982362052
0.356838311948
0.291233690068
0.291261786419
0.253002958423
24.9916656483
22.8970600741
38.6301396424
37.9565070568
37.2743523449
33.4736059556
36.8820848745
34.577898105
36.11736771
32.889242028
0.153786240432
0.162463049318
0.17991050985
0.219582073173
0.208340839121
97.5437484064
67.6575837071
39.1231555443
85.6420109288
75.7610614028
37.0914781191
0.0837748352074
105.215469459
0.0673596347774
0.153984817906
102.44711559
123.122216138
139.371502073
153.474481756
147.112473756
0.0943849471264
123.85781778
0.0992974716862
32.0340379969
32.4325944311
0.193194120303
111.960310009
95.8182573617
158.798537794
81.673395584
0.37908424251
0.290860198013
0.278190867413
0.105097398841
0.117015139038
114.706586883
53.7999651195
49.57799065
88.9456355524
101.432538829
0.182808079932
31.687833827
29.5018174229
0.303374051519
27.361308964
118.67478972
0.221472758932
0.0910114444698
116.389168828
97.5392128876
36.335224356
45.0042410094
41.5613785375
41.7889799036
40.357837703
39.2311459766
62.9640825408
24.5380861324
0.241153144845
0.299630108014
165.614364755
0.365064409074
0.399309890578
58.7883253309
0.264204741685
0.184972770395
0.162096667667
0.191622132169
55.7394326841
39.5781682247
68.7257577254
85.2022812143
109.199779237
118.340373489
42.5915732315
54.3355315773
82.6405801426
75.4760468653
66.6169524429
91.4691063751
35.4459640192
54.7116474233
26.817587027
0.105336843133
0.215635757824
41.4159610018
32.1563831557
0.119366886168
0.224946319472
25.6422968865
0.398794685008
23.9721637354
26.2889518209
34.4913806337
96.123154167
25.8435596957
22.8800231089
0.236960391803
0.216158979029
0.209866221629
0.22242725242
0.204103866258
0.189421096789
0.185015598497
0.181937785435
0.169070182908
0.143481734658
0.172808180649
0.145646126806
0.0901854129314
0.147581664538
0.0904887262945
0.0828915611272
0.0814743798168
0.0789655923737
0.0805013151433
0.0784457050887
217.392528077
215.516857296
212.69630559
202.635938564
179.429014766
160.31320691
149.527442106
538.270823121
38.1503145793
106.913147393
98.5159656703
68.7159611496
25.3298725285
27.5723347992
26.711635206
23.2749989549
37.2542992264
53.0902940248
45.2818030852
48.5102353695
76.5833803896
75.7876353146
37.3977936797
0.750960379182
0.803941969757
0.777927620456
0.723791662967
43.7617443144
68.4109544545
0.827958857981
0.283872566034
0.146119755274
0.117897090643
0.106364887844
0.119021755156
0.121667337297
0.117858688803
0.121645051771
0.134668716101
0.168240624769
0.124677644963
0.133906709357
288.490813291
29.2618359183
222.253898559
0.445871943628
0.205374927508
0.197408253108
30.4655216714
36.2107280221
28.3812003613
317.922504782
51.9820249464
284.82483726
178.179292403
30.6357884232
77.1857110865
240.548256203
151.114698704
203.352570601
0.466766153602
214.830796182
32.9361526504
0.916566254437
272.420095983
0.887535445759
59.7402633389
39.4689202994
43.2840341797
38.3332613337
0.777015420715
30.228343358
33.0317147864
0.503711268624
114.872130524
21.2571755184
0.726052175911
0.646321166371
0.663830348593
36.3634184101
0.119616075999
92.7000433654
114.966244147
103.195950476
113.51425291
227.244343962
1.45302786341
0.450260080673
0.583181370752
0.3832385654
0.762095515594
61.7476464658
0.18621788928
71.4643547153
38.9618205762
38.4561655527
0.456399269545
0.313928912488
98.7755725867
0.223067176599
0.232418737084
30.2285981985
0.26253419643
80.6883536173
103.062895011
105.412057901
99.1826305346
95.3371143425
87.1666424253
75.286825431
45.3259878925
38.9214822709
36.2586885435
37.2006133559
37.6820883035
37.3506992271
33.8302779178
0.163595678185
0.158825270797
658.346241434
114.375579843
181.143734987
182.549307526
152.394202305
139.374002444
0.163495659201
98.7743164152
105.944586365
53.6292038067
94.5020867384
110.178903632
106.173707858
94.7476142181
29.5135172001
0.144602657924
0.135596862187
0.122989046902
0.065193687488
65.3056721881
38.4891764369
0.0915515498864
24.8171730223
284.507285018
453.172495526
26.5011327087
159.062312582
0.0908323473603
61.6088452464
51.4249992799
28.1083819175
0.102864282241
0.096101587509
99.355774088
132.764498824
193.622494189
172.116086558
0.208689608103
0.186551191458
84.1324858699
567.580839475
118.462987693
156.316056896
122.148726349
122.649576758
78.4321966403
106.742332423
90.3812621227
79.3306913562
83.9858245034
90.5084680278
101.753804817
89.6661778446
43.1636355389
0.44266062128
31.4653957359
0.297257338781
0.0958926861832
44.0868637881
48.8525618734
88.5942127689
27.6172618098
47.0631073601
145.570649659
46.0431398686
0.145523810853
0.125906014981
0.109180703266
20.3370806036
0.239461439129
70.4736795935
167.278499371
235.218681659
225.881996807
0.157388819047
0.121029293607
23.6459331825
27.2810379086
79.5425801647
21.1437879169
31.840333439
28.7676980423
31.6443587903
28.9741427983
0.0904717034315
0.121460525059
114.21862071
95.1225799824
78.5209415135
46.6504909025
60.7650742376
0.0932877224569
0.0990071117659
0.0820781699255
0.0812350907628
33.8717992374
42.1616809815
71.1747412648
48.0513746729
49.6095206412
71.7080998033
35.6777777628
0.120823190757
0.070002771183
0.0480830722134
20.4013755407
24.7929665122
0.0451102436664
0.0385040269632
358.002785869
0.0291449787723
0.0472909797509
36.2056183379
23.1840079624
61.4170102355
23.3134620659
0.10119505255
39.742695102
69.0119878746
0.22662495725
36.8331342191
124.575249704
0.205324818739
25.8276287955
0.264579932161
59.6451114199
30.3697484019
57.9800001897
44.6573336431
48.608257397
70.9053641615
50.3291261128
54.4739156115
54.3222771771
53.04727814
50.0872792395
55.1967869015
70.7821949578
84.2410096443
44.0352419105
50.2065803378
33.7923029264
30.3251040962
0.182346568321
0.22268240932
0.323703314595
37.6965763476
34.7419539506
36.9616762172
37.2522513267
32.805960347
0.25773214653
36.5808043146
0.329558822174
0.383670110133
43.4528884925
35.2813641754
0.313411369879
40.1129077739
28.0276734581
82.843312126
28.1666586587
80.5984284467
29.57316634
40.1648457628
0.331317589202
0.315046522763
0.308171816271
29.6383909952
72.82986373
25.445003963
0.264018430341
0.250541233389
24.743811172
0.21829912354
0.204878181721
0.188426128072
0.178334220159
0.168844489043
44.0709487993
33.8634172981
0.0411892557392
0.140967800152
44.2806022909
60.2955616703
0.0549527334402
0.0598869121904
30.1121086075
0.0686021851536
0.112003871448
0.150552001213
22.2074181395
0.162970081735
50.0890199093
42.7873535548
26.5187982784
0.31876532816
0.632270921764
23.7356902027
20.3667178841
20.8155880946
20.7444574488
0.227832802372
0.275698417052
20.6910617283
0.343266782197
0.348557498437
0.323540955321
0.321754003109
0.300592461264
0.301117637671
0.52734474214
41.1425079396
120.191718173
101.626356819
103.253993225
106.315614327
69.7630937637
86.1949343356
59.0278146374
77.2220474044
126.138055096
263.432512099
342.613456023
42.8896093188
38.3889833497
30.0948559307
36.0691357175
0.297342179532
0.225385398247
0.448516761097
51.3568384805
31.2680798069
44.7172595293
25.1287286349
28.6509833598
219.443305474
256.738002907
295.358698776
295.160280963
351.325857271
0.20985890569
0.280900281603
23.6083356291
0.416605822722
23.1487758007
25.9918309411
27.9801319491
26.4215305165
40.7992666278
123.892184727
21.2634024062
54.2861868746
22.6968842196
22.0441908038
91.1036492406
160.67291817
156.232209216
165.870828267
66.6559275476
0.0745955843572
0.127152564863
0.110254982029
0.0884033461357
0.0896998839524
0.111421095764
0.199938210537
0.142602173426
0.173080960501
162.808145361
158.632232129
132.902516264
68.2396424399
82.4074922091
72.8763144026
56.1805906902
0.246211302771
0.330520898528
66.1242879402
0.379636688102
0.44184487304
0.419353410748
38.9510081957
139.261657507
24.6532513099
0.277396308287
0.328480656028
22.1588335662
256.752722373
142.893693532
171.66653268
145.250802183
106.131753752
129.147057528
87.1649260027
78.3658969558
87.6777612958
157.269272814
82.9506380109
87.0186758148
131.161773603
0.498698018002
158.480437655
154.694207911
51.5275233233
39.0767421782
72.2874567746
0.416488019477
0.746595796685
0.685936285871
0.600186722555
1.84474230409
1.66274245668
0.633157813241
30.3227123144
1.56067779532
1.56377655049
43.5242159883
57.0514703828
83.8555990912
84.0867677309
87.0915216754
82.2052706966
55.999431143
55.2248612011
51.8631776684
48.6891511331
44.8459249262
43.6564370898
38.4086080352
35.6510408627
33.8713702394
30.9383904814
30.4667524235
1.1282743791
1.10128791379
1.03180323732
0.960649980991
0.912690446144
0.75621757213
0.672555355542
0.71248044548
0.287204653197
0.124234189756
0.130467048149
0.391342189877
200.548122487
171.46109247
90.1898570679
0.773506073944
57.2296939043
0.639496379386
78.6743242148
96.3845410818
71.1719890111
31.0145645346
23.8158341989
27.2228838871
25.3127363464
23.3773508847
22.933536972
0.54084659408
0.602608416823
29.1900954068
21.6971885039
131.673223739
145.021322304
141.435372025
163.830920209
176.587314343
28.0825274814
99.3084219128
90.6066849339
134.548619041
164.90974628
78.0889857156
55.1944068743
64.0091148228
64.3946894279
444.815241901
500.898566725
0.404531549361
110.912016026
0.220017246473
0.189033467999
22.6728982053
20.5105610019
25.1491849483
0.28485395798
105.845031347
169.753951848
44.7526917896
0.651805906957
26.0512741808
23.4626143588
24.047066104
20.9978642716
31.2745778033
66.223003458
40.1791151977
54.6539575416
177.179180051
156.675710673
262.295567382
87.1895300075
40.4744371148
0.568247356389
20.6158136551
67.6503436706
0.191315430216
56.8078700782
47.9831752853
37.7737736903
26.3295546801
0.172140321753
85.8876967105
25.3602168725
86.9884307786
0.207166242548
22.0062390305
21.9324645929
0.257207730632
0.507890033002
0.395260512535
0.413831948693
0.405295907457
0.369289963978
46.6559550318
41.1734831016
37.077722664
0.301743239512
0.310693466227
0.438185012599
0.396724405844
0.491408861725
0.393607518385
0.288509230512
0.313429013504
0.32820350207
0.314385118153
96.7647510555
117.628678741
114.477332731
103.402247259
99.7358905838
89.4066732907
80.8291209637
71.4261384575
46.2443308984
55.83388859
86.4804796791
79.3239628687
70.999449977
40.0773827529
0.21891125052
0.17197328376
0.129374675992
0.176157457471
118.716824407
517.959770539
296.991971204
246.195980007
190.164429528
132.866603656
128.407570343
117.553361321
121.088640289
96.8294224435
66.1015555874
0.133352551526
30.0275551837
32.208055766
0.108637330857
0.0906918539229
0.0846470214131
34.3158379901
35.9506474277
37.9267755845
38.2870076686
65.8290236035
33.3238514551
0.0941583147071
0.0859075149704
0.190727578133
1350.17035035
1772.08750953
29.0437467866
21.7373855992
0.125521806106
0.121939167155
0.0915737339729
31.7570252406
87.1191675976
109.678250847
0.142246352436
80.1414040321
30.678705573
149.237082864
179.282194387
163.74941558
139.485966018
109.797687846
83.1153535842
65.3312442722
38.8290135852
47.168836934
70.199019664
58.5608672881
81.4314163708
83.1339186687
80.342528076
82.3029092566
76.4513707662
39.5769700988
1.60381171693
1.28919973259
0.741994034194
83.5995041096
106.761483255
120.789608447
121.574840375
107.024434312
126.049618464
104.665311097
93.6116719785
219.616466226
155.140898663
165.944109499
172.021746774
200.31553324
73.7656921409
163.694581707
224.709376797
54.5253520941
127.785420806
121.451035923
93.726448211
90.2720136201
86.4568333167
44.4048640577
40.6437420958
32.78889611
35.0582562714
0.538926125529
0.654398759316
34.0511263023
52.2798859475
108.300027564
140.825779204
39.1420016588
121.696655715
109.491012396
21.0555843767
108.910006522
59.245382883
64.940059179
151.423864245
51.2555195861
110.800805414
119.756120016
0.801663713124
0.720344139175
0.571466669272
0.741928468258
0.459499288339
0.419175104143
0.449826091013
0.657731880678
0.635791500006
33.5679395153
0.216426601881
40.9008832984
0.0908206418879
69.6788781548
112.108280757
109.378879364
110.964297984
128.61793655
119.264392597
99.8739292159
79.9582529074
37.1716048313
42.3351940683
46.2910727704
34.5702233597
25.2863877149
0.305418446169
31.5590243177
41.5250637423
51.4579226191
83.4176326577
92.5452676275
98.7657481521
101.757332339
93.4977704394
86.5781847964
54.8404464611
42.7038312417
29.3796244081
38.9584004686
35.609105491
74.3806900757
85.3030369342
106.590482168
104.469408265
99.6780178916
91.5666413315
83.7594472371
76.2370324454
74.9649567052
75.2712821967
73.5271360311
74.2477113373
44.5183346929
38.9391435993
0.337061423477
0.303547041528
0.278227242992
27.3189259476
27.8808416967
36.0484451407
0.222224252534
48.5659093516
53.1837647936
77.1380309983
51.8991180712
43.8921102967
63.2237188884
37.7166552154
27.2520005166
33.6739792139
0.370244148752
25.1309987383
110.48399159
120.849978002
32.1840237014
0.369172193005
22.5345162279
148.199478952
105.329244297
0.331667709408
26.6856342376
0.0983607243004
0.115069220388
0.187974824368
222.152485225
250.097191933
0.0865470292117
0.234510758576
139.786770525
52.8060509391
202.697199909
386.702909321
0.447865465977
0.648701910484
0.526186638465
0.587755163799
0.669220620304
0.736537126697
110.486425305
35.0022814959
0.447823955945
0.551376280227
31.1263901673
33.290536395
28.8565134454
0.566827028444
0.529540556982
39.988954206
106.173520648
93.343279094
66.8810873387
91.0205307791
58.9769711963
72.7448483483
50.3625456024
45.9926048991
76.7649163973
39.4173269273
30.8645491816
31.6543390563
0.724059283968
0.517810163825
0.481212189549
22.6813159192
23.7731345367
21.7781516227
21.5148510514
0.859411266838
0.814159555663
0.762179101587
0.978499264561
26.2710529729
39.2836046769
84.7230155673
125.409081994
26.445665935
48.0654965632
69.5243753395
44.152101624
46.2580759845
66.9056367597
41.9632770072
36.2784377835
33.4474544758
0.422158414298
122.127559941
100.314229206
76.3513154023
39.7843707304
0.207215937883
0.135924036753
0.14801215524
32.6895890117
34.9495433337
32.7124811472
37.2684008195
45.8412880137
47.4984959732
49.517529317
37.1549479286
24.3922241475
27.0727534544
0.238022393993
35.1661374654
283.229322752
158.592885731
193.239189257
120.748300727
0.644129687323
0.76836508979
0.772258215367
0.806276716838
50.8028042972
90.4211196527
0.770598065913
0.673078780797
81.9348726646
36.2190462757
80.2089004955
0.791147535495
0.340541338381
0.325229247539
0.339919710827
0.372522073321
0.46117490092
0.434990477597
0.427425961461
0.527123077113
0.572371991483
26.6252669086
35.4889265978
74.7051591884
84.2672762972
86.6926187382
94.8316979075
91.8066351891
78.7847606674
41.4336215896
73.1335890239
71.8630370986
0.215446011505
35.1619704171
21.9299806701
0.359324750034
0.463841427726
0.376562709526
0.351035759532
0.357433269801
0.313216119338
100.958113356
0.263405262599
0.229731846012
0.209152421441
0.192136292817
0.169844204998
0.164503082937
20.7987554844
0.154689923291
0.145525964769
0.136454934982
0.129200902908
0.119964140597
37.1289219804
39.056952759
39.7973239213
0.096383826951
0.0823199088928
0.0616319136948
0.0656814789453
0.046856924609
0.0758586892426
41.7927918962
40.5167933396
36.4175362976
37.8515361203
36.5273005481
0.0875262256406
0.253224557798
0.0760217494503
0.121287922054
78.7491325421
41.9554512421
76.8287779901
46.9524158269
30.8945916723
43.4013456505
26.4210633789
35.5587304678
0.253817413336
0.251763742365
0.237407419559
79.8652003696
79.6098282859
0.270037069146
73.8502355425
47.4188325019
44.7344839079
38.9188373532
26.7668035263
48.3157089351
75.3626100427
48.6706423066
44.6190678676
41.3816278701
33.100014524
0.224429087246
0.202838324737
0.201365060357
140.350377536
20.8693825103
211.805342784
641.134548196
231.427518259
81.3868574148
0.118353381568
22.6544186372
0.214920218117
118.551267556
88.1007030405
60.1299611466
75.4901767275
45.9686546261
43.7748202267
32.7390987086
35.8736509489
36.4955022524
31.9016417185
0.145010485415
0.139112783688
27.523076442
232.631574889
0.209137769719
0.5664826975
0.403911178355
28.0459209029
0.349314724695
24.3348445429
50.9438752973
46.7512052844
46.2982381582
44.6621984977
29.7739081688
33.1874261196
33.1735789457
37.8537479715
37.8904813917
0.0691718551259
0.0587747898347
0.124601248151
26.486488626
128.192385908
78.3802906375
487.38993861
73.3043883797
21.8020180449
20.5826249401
0.179248027803
63.8692334835
52.1785589064
0.131133164862
0.100834814143
0.130595420019
54.2942999089
46.1223368568
34.6392680009
0.333122040685
23.6101684584
0.312397956687
87.7612213018
29.0015578281
0.410800326742
41.047684272
34.6013855028
29.8130846693
21.7546644587
0.384599955441
0.31874563927
50.2159192597
139.266875385
139.184321626
83.3823730715
64.298490493
59.4289888918
164.966577932
154.589631438
60.7343514992
97.5291490071
105.358298322
87.1948097006
58.2794423886
56.0105902454
75.8023804658
102.849466279
253.004482381
0.27349322386
0.37614438331
23.0431155118
25.0326252203
0.20823390356
36.5707134254
33.7373350972
409.91789499
343.746434979
282.292234542
295.742825923
255.047601469
238.29018844
198.719638557
199.374862292
203.220057629
152.336982399
152.0051568
140.373633837
0.0595116346769
85.2620393067
42.7199059502
71.314090744
35.4076038984
198.572936967
207.592132872
200.868068954
197.350460058
156.86122073
0.0261211302114
141.655340779
129.920459934
0.0330497363791
105.018300388
193.211023517
87.1786958211
220.538730401
0.109997621424
0.10458800796
72.7357585649
23.334052039
30.9803921922
0.323867409014
102.150371622
349.158140366
57.1048790189
231.586233291
29.3533900673
0.363278433508
32.4056752926
86.3130818359
41.684591791
45.9145428428
0.165011105497
54.6107592289
107.196572617
93.5692752336
325.605351524
153.319417456
143.875885698
86.946573148
103.402203689
0.535955799706
127.10175044
27.327434836
74.9509097547
46.3542207379
40.5809214326
45.8898917517
48.5392137729
44.3353501783
69.9353680746
86.2036141166
197.551142231
222.242284809
202.767054989
286.561379472
485.56901918
418.667632255
231.454347834
233.527111549
342.288160925
247.137801965
40.8435908733
180.193829505
47.909986641
62.8972407411
100.407136252
85.1978895646
79.3225430712
45.2244018628
0.230611915971
36.8952318761
0.312429601803
0.228601045945
57.1537373794
0.199824002893
0.2172577206
73.4944073854
49.8927600728
49.0807957862
39.8951527903
33.4290667862
0.0495017771056
0.0872106408497
512.712692611
250.460491145
192.138108493
0.0513275895477
0.0301534987488
83.7020353964
85.7076327645
88.0436114981
170.239472693
434.031527714
349.616501093
171.491782939
0.171642130379
212.943363483
228.646730451
0.0978516309749
63.8262621729
0.0802783059703
0.081352968025
68.5020610947
0.073862303051
0.0713991883592
0.0596709630487
0.0616954273458
0.0627691307935
0.0568514827157
192.24180853
147.59615272
0.0291444596302
58.8468110285
0.0302558846776
0.0352067922371
0.028823514669
0.0274185598176
0.0242358614616
0.0248039761546
93.7106440389
374.314376291
215.055860267
73.7403233594
0.0226876612787
0.0790144119872
0.0898293057846
57.3994741466
0.251464974457
56.3781779353
77.3801011947
0.437356617675
300.784958373
456.756274539
407.082874598
0.286585816606
0.344887611953
0.415521631631
657.171764005
202.841226825
141.150702904
186.007527995
272.868601247
268.818269447
238.405435613
0.384691598534
159.12813247
504.344379893
323.110846256
62.6324632253
77.4739396967
0.367554784504
0.287997730005
0.336031895021
0.241822046287
0.120392450482
145.058910871
0.332809291093
194.860692979
188.888141557
58.4778477568
74.5440016429
131.486052128
0.248866763406
0.224699574638
0.34583182657
45.4766744397
52.1782389611
46.3601902725
0.546875386661
0.454404330497
250.540362458
175.893213402
181.91801116
162.265369509
177.005988877
158.828949962
143.637311529
93.2962115658
82.9085014778
0.0660975953107
65.1598211148
0.0623888520391
257.297126192
250.50022566
245.187179215
224.297757168
84.4240220762
1096.73465047
956.456610881
643.496938947
868.152717066
1116.42763606
918.958183724
749.240490134
0.0530203146218
55.4956541238
0.341009077949
0.852421985429
0.366248021374
56.9332582105
0.057023919689
367.517567216
0.206524238983
296.469580843
206.909455469
86.6586427502
149.148800446
144.971623696
80.2237299836
1.30694042966
116.068712611
93.252987261
0.950010981672
0.605897186308
0.689878839217
0.798715841282
43.4308225651
1.04684145574
1.04096123632
1.02319149273
70.569020582
0.941725539677
64.3303518639
0.512481244883
0.453210618879
0.99157449808
1.17439454763
0.925637740829
0.738686792736
1.26756342818
57.2822444644
85.2281597054
1.23048832163
119.404549914
95.4144670766
0.519693990524
161.72829147
0.593404349867
0.610020887247
43.0291140211
48.5596770853
115.053134028
0.455917986827
80.763910319
0.585455467684
440.108703181
96.7070481726
87.7165278235
133.658246915
0.640386860324
82.4347882636
240.109840993
334.689516683
407.493843979
0.474052107773
0.703431208285
0.655656746289
373.509781826
112.004138153
264.062656696
49.4244737423
345.744743347
74.471594027
84.5900501939
68.7145756356
0.885438997951
1016.92459564
1511.12120299
72.7635005593
0.50893562353
0.432617259459
72.9129781868
207.177248934
561.892144623
0.43511872792
0.333097632277
187.340856101
336.622139988
45.6119381254
61.0764233104
52.1993585788
0.463754213867
162.350271843
44.9725859012
0.682862246553
48.3876791896
128.46098609
162.426647859
106.434795408
49.1362325572
111.580289505
61.0418042969
65.0389859616
1.39225769845
69.5876616393
1.09251970779
72.2916176851
167.999759562
48.3484399198
1.10296719248
65.7313171432
192.399853676
1.30862343122
67.4849538694
1.18254349407
1.17048043705
71.8544044949
62.3373027296
65.8292429129
99.2119432901
1.38841318877
2.09049457445
2.03221671298
64.3690467615
1.56545086285
1.56500333248
1.399679694
1.22219445976
43.7764262998
1.72351354961
213.222931931
1.70118999513
1.24326648099
1.1371077749
2.0970481219
1.83841796997
1.54711915162
1.60048278929
58.8687503133
73.9591140997
1.32134822912
45.7378794804
107.657031076
161.683089539
101.31736557
410.80098104
1.31705931544
1.24597420097
68.5668120998
0.670766648122
55.6144136206
44.242136696
76.2010159702
60.9550820643
202.568626426
0.465407282313
72.8696716552
68.3844315197
0.497466638791
0.382154691348
182.719734745
57.4746986299
2227.40426254
70.9153915224
84.7971834969
0.672002280123
3479.93602923
0.940714034185
108.510449471
143.033968497
1.40265401565
71.8301044468
0.998879456627
101.11582885
100.411819121
132.762883047
109.444811352
0.829799440869
0.449877072306
202.945411654
0.685895272974
190.73034057
181.506727108
120.541287841
67.4346451322
83.5476886874
81.6855951301
270.778052704
0.695607346435
287.128496699
93.9761585468
103.855897664
0.65115392633
271.91197262
169.944875275
122.599502858
345.885855619
64.5539114153
165.5709051
285.63856871
119.679371583
223.418297496
202.648121669
127.527245668
232.711754902
0.643622036988
70.7891059776
70.0413367727
0.576474011871
0.511595507285
0.44317914598
0.418452436555
0.40860634643
82.5673490734
0.426144620276
0.402411872808
0.390658483268
0.316695791179
0.275702437542
0.329293824834
55.0758387838
47.608184561
0.368223107734
0.502481502975
47.3868142133
68.6845131379
72.0710431367
0.466051057096
55.9160708156
0.291584011092
53.049993508
54.6375272962
0.801025895057
99.3545453113
1.18840388667
43.4833955216
84.7026376842
193.220282376
1.19438916227
1.46554589944
44.9353872522
1.3389891211
0.892172948086
93.427166712
67.8959873142
0.870884291488
0.741657672785
0.618515840754
0.937755331514
69.2903208388
85.5840268351
113.728604417
0.665050912621
70.0867011677
0.847605846426
0.739523547887
0.795222451084
0.982256680555
0.71030399611
0.983569298904
58.2842238941
43.9561559367
0.574434724327
1.11744713826
0.646491555343
0.629288252103
0.535755172875
0.780469901134
85.7218434798
80.7556644082
82.1327374815
86.1425250787
53.2159149902
84.1790525683
0.585405021982
0.369362504866
65.8521877453
0.766566738632
0.752922870853
0.772563196431
163.896406707
0.719279191926
0.992773981252
0.8421829101
0.745700181895
1.43924899752
1.30711282071
1.32058948321
129.436154696
99.0976164748
66.6110545362
1.01987000309
80.7321069491
80.6975324763
79.0620593196
0.484190773069
0.361442430703
253.291654732
407.742242801
98.9127234706
187.61889925
97.1468330315
162.887428366
0.678573614807
0.706039200524
0.724877253538
0.673394258788
0.650160445716
0.605527219091
51.6921316292
78.6046191426
79.1493621894
87.0080681836
77.3688567981
83.5907328739
87.042540611
47.3688028564
64.7208324312
55.6238928277
141.834603723
68.969843067
128.152430731
0.355599461041
126.182228965
0.444421735459
0.493363443848
371.395021394
53.3772793895
378.080682464
0.456029067123
0.421403939327
44.3523882226
335.335417798
0.537519124541
0.538919798597
0.537244776739
0.371225638157
0.478763225398
45.1726739048
87.7688199288
51.6660283901
190.18769237
0.398927176343
141.834789474
131.967370321
65.7246982532
180.708942017
0.566726699035
74.6664035978
1.68405819226
80.9558536107
66.5493512045
95.021144271
90.9149234074
1441.34324871
0.722456642061
1349.07615854
0.69290945453
68.5364685003
0.686435394609
144.635809625
74.0571093049
0.761368167655
93.4827626285
187.613084505
0.688025907279
78.7429543312
67.7409618921
304.473503442
155.310493977
1.1965179341
157.393581506
165.604902702
2757.90426039
135.246619425
2518.78456676
0.537591551583
88.5309246878
190.205403101
191.020683517
66.9815705989
175.053071115
45.7362182662
54.1330428961
334.361669636
59.8023886401
1101.79555652
140.802301411
82.7171236652
51.0824801217
1399.83470249
1398.5878869
951.195530806
1024.90871061
1064.68872592
981.749938138
564.524625821
310.331355515
86.7292084622
77.122392337
126.462744749
56.4207373312
58.0785630229
1.35079945253
1.87817978675
46.9376964187
1.93328393825
436.54351665
389.792594682
0.745798828976
1.13160765289
0.995511523886
68.7323630849
0.669446616629
673.068774383
62.2843592325
0.554393444215
1512.62628658
1184.90140382
1286.25029183
858.320638552
976.841536924
0.454879735709
647.952331784
1667.81619782
2566.14986709
892.226500876
1530.0919418
2018.24143797
1210.49907378
833.575071991
2306.71273635
1830.62188676
442.034958693
961.115625534
777.790365949
477.09686261
286.723321019
71.2838828059
87.053376403
0.554355142444
51.9300106798
83.889216679
125.167981751
295.571019249
0.578287493883
131.08874657
0.434511990895
0.422574564196
57.011774632
0.462079820496
59.5391154631
225.89165508
97.9032578839
114.295345546
214.712514127
171.705350204
88.7737473588
86.1590019654
64.7041744198
0.740845168467
97.3629290109
0.557580546547
1.01598861887
74.7184915222
68.2073845493
61.1544451934
95.0784270317
221.53046575
85.4876689136
67.2743569564
60.3448085867
1.95289885715
2.06996311054
1.22919739536
1098.73747704
874.595809369
763.934817778
0.445947800072
744.468475643
0.591638140394
0.655681697754
1856.45053242
2235.20074697
2419.94602379
1644.87126913
0.600057320809
1388.58218368
0.879133345447
67.0994272986
50.0844507402
181.00812643
176.656405782
182.724730086
191.713179634
191.716268639
222.907469283
773.472653427
946.010204273
705.485262969
80.887303651
0.99005550833
4046.28027677
63.8207274117
45.289630326
107.495199953
511.751075355
1.55779693083
1.11769048471
45.944250155
62.8922846711
69.0400235628
164.603913233
151.423381391
77.9780395987
0.919438466876
301.686184589
194.120189837
49.5493645951
66.5327089048
0.646399414752
184.1654393
73.1090756004
0.771202954115
0.798146528252
70.4775608821
90.6040608536
0.806100252079
0.84478873653
168.735589128
127.568727048
114.789598508
0.735778810285
0.770088969544
0.834641850011
0.943189477582
1.14003993789
74.6892397962
538.511366611
240.168350701
2.30383250352
169.578840316
52.1630182839
132.549688769
0.741228528904
137.732257874
148.357258768
58.461713207
132.404367288
50.7896084829
88.2388617318
80.9252315882
133.503791393
1.85999153814
1.44159543964
1.33377166722
454.889924302
2242.17414063
1.6854889954
1.84020681186
1.2708243447
1.37182568753
1.3472590711
1176.66089084
1.46358420072
1.69357708632
74.3230773746
1.0268177449
0.844105535145
83.2811129692
76.7321034484
1.02687558904
82.6963679487
95.9128159952
92.6745166911
114.092996502
0.806589846407
1.35179390174
312.753227856
1.56530391704
126.181886499
75.9264372881
79.263426298
1.43237276475
1.06806311811
74.8866231133
1.37178205465
1.95745876559
69.2045197841
159.939151696
128.562562069
49.3084865191
1.06294934337
59.6704637715
65.7326867771
92.9612043534
99.0979174325
76.7208100693
1.34481688887
0.947452956604
0.931380289994
1.03647468416
55.4580260131
1.20325490688
1.08002339267
1.03909878255
85.7653011703
65.9224687169
0.65319991461
0.586695429889
0.55402970099
0.453823892696
149.631546658
51.9698746526
168.433126679
52.2453683599
70.8968339403
124.587941406
50.2256841143
90.429058959
0.304214976147
0.275292381432
0.249894647029
70.5081988568
69.0798270298
0.755195697626
74.1482180589
92.0361280886
0.33445383309
0.29496564481
0.329843813393
0.508926732993
97.8632141458
188.040777492
61.1398757998
0.764700039323
0.78705259806
78.1676568443
0.726666065606
0.591051357319
0.60017044794
0.677135562548
66.151800586
74.2414352104
81.0978819811
73.049960489
82.3768439466
1.13585341695
0.953824715851
71.8174962861
1.17486893405
46.8885860838
235.580575265
542.84344141
386.727420725
615.461567402
439.835611987
142.838101909
54.5018908428
80.2213262098
83.3033415775
1.13155780485
78.5837007036
1.09813650707
1.10752291885
73.9458335955
1.49092631964
1.03133307658
1.10580678592
1.04229056534
1.05966485197
1.07569225825
1.21082211549
1116.27558984
808.921952579
691.138923994
1167.59923213
1452.48961781
1654.90317417
1816.28950555
71.4744411088
89.1471400641
0.726452655059
0.781108517425
0.625793934604
0.729362204732
0.743355897192
0.783167893616
0.894124183371
0.66932249526
0.62826637887
0.821875080726
202.721191995
1129.15733308
46.1042034683
0.498391518463
0.235807034831
308.890140804
440.969886791
445.59336209
713.475859422
508.982110472
270.907015975
299.402932674
281.119539197
156.783168231
152.483075723
339.041170452
134.297328134
216.402122687
179.220716594
71.7176315465
141.837939077
166.4920363
82.0039249824
84.5193049142
2.17290878813
172.053519195
258.039549552
217.240424644
83.8802686446
95.5683052552
145.673029846
80.0691315702
64.9706974911
74.0854849476
64.946876086
1.775280872
484.525931918
1.55616296541
1.48357449022
335.605453471
291.306348606
1.0390653925
86.8179606027
91.5400026975
80.6610007812
79.8416814149
68.1109164304
0.967009372633
228.858620488
202.977913468
165.644681171
225.989592332
0.911593277663
0.837717332267
234.530195903
75.4944179748
75.0704697913
0.636787902845
0.560906564538
0.502973547308
0.513825072623
164.352772628
173.855648849
152.187377733
0.42909758035
0.40053430704
0.388166839158
0.388964633666
0.386236791517
49.8595445225
0.37938401692
0.382674976947
0.376946980168
64.6370029645
89.1111436118
164.888569856
64.1353361671
62.7005379145
361.843326672
70.2654274139
0.23257091939
0.184537440466
58.0102118853
0.259945214369
0.246871231908
452.415294573
442.259959758
0.434874229448
444.185679092
493.424543164
357.135517674
102.721237126
57.0753936728
258.082039853
0.322612177401
137.526394318
0.511686438054
191.361219104
305.590909165
359.785407544
322.663044517
209.7664769
58.8005099282
299.395101325
311.875115263
232.737971712
0.180324748372
81.9281900715
76.7177804656
203.153333059
45.6720466687
468.189119947
0.125057992152
0.299463237833
0.250110338588
0.189024212904
0.165591330061
94.5555239209
0.125511999469
98.352422927
189.711829291
0.111534815272
0.100431685076
176.200257599
171.05691768
0.0354174221641
0.0227367590486
0.0211573048272
0.0332188692963
0.0464150113215
439.537487626
952.966807054
1173.36890158
0.0988262271064
0.0593940261277
0.0532238005069
0.0892156458334
0.187108155775
56.3664425708
609.692933406
129.103778717
172.526952985
139.842063185
0.404300798395
80.1000776307
67.0806950335
0.375091049092
236.833073899
286.250205892
272.542020507
231.7978868
210.28931774
0.370314605831
0.210352370444
0.123359411561
0.206514298555
256.443343786
58.9301539175
0.289216581178
166.26735591
94.2499417807
1.00095907011
0.895030456901
120.869449896
216.469209889
87.9053037728
51.3984342377
1.04428091169
0.852701943774
0.838681824906
1.75134375807
71.632617693
0.750862076406
56.7800240426
0.816158908179
160.495370511
43.71857289
0.440221019043
93.2241455612
155.850912929
152.151523902
132.916423259
0.347939172038
0.430931264216
0.371434005996
0.403576005404
0.275447815937
0.272488296484
0.262137750871
0.240662869485
43.8687534255
72.3493370557
0.533134350917
0.702210075896
0.812589075333
0.315791722766
0.0474561501381
79.0492726531
100.362348856
156.814095525
87.6514423968
83.3670935783
85.7577798159
85.4778905321
73.6505601063
74.6210864539
69.810830221
63.9961340518
65.884744958
0.292034715185
0.615156162887
1.1286368886
0.718609812508
0.380447416873
139.828575102
49.1866390555
0.399729079505
382.812737476
442.167704113
394.493855089
0.426999742253
389.107062098
175.603205798
285.522028991
164.632247287
83.7610424863
0.445278923086
0.603343020797
313.013614838
167.301042677
210.410920083
287.15231131
256.768019987
84.0412447295
0.162767089939
160.818374656
56.6348792542
53.5281468744
64.9736075265
304.019836135
0.33645760564
0.292327440945
87.4362528999
0.498447317132
125.989141681
339.741301894
247.78581378
43.9204370949
58.8006189859
1.68747783573
135.303445512
151.762220005
66.8406475926
204.205759771
0.890670377467
145.861337042
88.8797438455
70.3200358521
0.871653060707
1.06235289821
0.82373096196
0.701217209281
219.547755338
226.923745795
43.5475533508
222.93250997
248.891582105
134.826108202
190.745514739
561.3912471
564.881684546
599.951592325
0.526910229702
0.785815429734
167.307955293
81.9926151273
77.1347700489
64.1855249193
71.6673743243
0.477340487396
366.123149313
1.05068907569
0.476791518383
0.744255071254
0.661962868545
45.8708384992
933.608737457
0.645548109158
48.96601101
1234.47915991
1126.7757728
59.7422618499
86.3725537869
90.3570610872
146.633644012
81.4027318631
2.5989114986
67.8815540761
1.90158504627
1.73595110236
1.57782230348
60.6447025192
44.47407524
1.52786867563
169.581328391
0.85679030454
630.644761382
387.644234137
0.267567401284
174.339983431
0.130613745564
93.801467571
58.7558157931
69.9993466902
78.6745543562
0.600642234526
0.682092112575
64.2380349339
0.259516882725
0.690116591024
68.0915553291
0.595976472545
502.662719061
58.3058938692
743.042797672
406.999538557
406.603374631
448.58071866
0.783112430129
0.664143060486
59.7595549623
75.726452155
1.31965876991
68.4661574001
66.2754487406
0.875528570358
75.5210958761
0.867503567359
47.679407235
0.830409666792
202.94466569
517.751831936
630.815722254
562.736873651
456.532005845
351.158679208
413.474545755
414.846370326
292.161192947
173.106567089
213.247722027
119.373987445
45.2365328431
0.624889579146
48.3506506675
53.8025976784
0.411892722828
44.1286758416
49.1270599213
0.274023212107
0.465500609283
125.243922042
236.016337489
1.01785489403
1.20687698427
0.621118952483
0.617445592294
60.8036077097
67.3732876413
96.6019075816
67.5833457472
45.1191192025
44.9083177837
67.8171407501
169.526606575
98.1476152599
0.532631422446
0.741370382752
50.512532373
0.81623918255
0.690755931305
236.939602814
0.503127302715
229.776112721
247.197328248
0.498969337221
0.357264373401
0.349876494785
111.047866942
237.873942069
244.462343043
209.317455759
314.95686429
294.451542936
228.300967089
0.897546438104
1.08626194784
153.655486503
238.20820215
148.712781144
0.937227523984
62.6471454896
60.2456000645
63.7312047562
0.796540079925
0.83781265052
0.68769494866
232.109186548
216.873576225
161.408409381
174.696165907
47.020611609
48.7427119099
0.665511125164
42.8644502147
48.4786793863
67.0104720619
164.423992056
65.3570324633
131.489292786
190.08888548
131.055367587
520.674413141
493.275484879
276.102809114
0.800532308188
256.882736953
817.166939247
1118.52711648
0.858607626104
47.9966708522
455.815867396
1.56908657362
80.9888543993
99.0967805389
63.8746203943
1.82752623131
137.476950672
187.39212835
0.888400955231
361.233202561
1.2305076671
68.140446481
1.50327734418
295.942419639
199.790247916
131.992298697
206.085783108
124.214204305
114.798774038
281.492700121
135.81349523
79.8566178225
1.1593149511
344.243438671
241.373663694
338.361680725
306.233856402
99.7230612502
44.1003511814
277.539377541
498.060868034
88.3788276547
214.432766542
87.1194060693
73.1449278195
0.869105972815
46.4525427482
1.62333431392
0.98176325747
72.7513291129
2.53486157198
1.04344914018
45.5673865953
1.83774262469
54.631026818
2.4613302803
2.69082257026
54.1309644468
0.467676871027
75.9239787078
0.743672810454
0.789236928986
91.8825432018
2.81287388183
2.41376070563
66.4994157622
2.17142209072
2.61689551465
2.84218110508
1.31562259313
1.54557796078
1.63775384982
2.03980187913
63.6339514238
1.44897499023
59.445161051
1028.045336
1.49498610189
1.01055463504
661.796153383
1105.61934587
1311.92331391
878.633653128
1004.51495544
1021.55104317
1029.34808185
761.361027415
685.31281637
743.557531559
693.742002203
398.430300946
379.970677049
296.494199053
0.558492277746
0.451966907356
0.433051340569
0.37792197544
201.315772286
806.610744974
0.447614761334
0.382406063078
0.359359846429
296.252784897
298.356106613
0.340477590481
0.373795146091
0.392787866748
0.397879089338
0.35965290689
0.374705299014
0.34298845118
0.265630667373
0.240328806567
0.326852430079
0.333248232325
0.394797761393
0.374256547625
251.482521269
329.66007361
459.08414338
481.204987208
405.640255745
345.266607078
0.367600615402
261.544005596
306.302040149
275.504302625
312.415131834
270.548994138
252.462086808
0.570584809889
629.009877592
196.70812646
0.727961310305
234.358564091
0.961276466969
1629.60708306
215.506610435
203.520498954
1.13242446639
377.438470126
1695.40646939
767.001662604
476.499667513
363.412707422
3189.1380207
4641.15048329
4013.25269716
1.37944156229
230.453062641
221.305135343
568.094956668
564.858230373
627.226741098
0.997894634358
193.091552567
1.05105889367
291.296105891
366.398419524
255.416414427
732.672426666
0.983655323781
228.322172624
189.998590611
0.532662850105
321.678441082
0.51763873245
0.446052277096
285.566733935
0.36147813814
287.073487124
711.268103648
734.114064791
740.00853216
192.251717484
0.89968045763
1.45921205188
1.46184620861
3522.652947
1.01152186815
1.61206290774
2.04741686484
1.97042946434
1.37439704217
1582.5936666
1.81278412415
3.21027309094
481.605810912
427.618971935
496.517615981
1082.29803335
1163.76800724
1.68890566906
415.954489214
835.676949994
650.289465026
210.462543075
691.53284442
323.979376054
342.78374214
428.580314711
358.085280376
223.638203766
0.990374612578
234.307572545
632.192950077
439.283692512
493.598082402
997.4509558
1002.77710782
0.928189065995
4228.08725624
248.452019671
427.721978687
1068.63515218
1298.75508551
1984.05415453
1317.87292878
1020.74190168
1027.44994319
0.695699461592
0.61528977368
0.586078113978
0.613198999132
245.624569743
205.246435206
0.646868110501
2450.09785736
0.67547365874
0.710231283858
2298.4950704
376.011723892
0.260779657976
238.992141669
0.398731907686
0.354182794659
0.585245921567
0.470120793349
0.456989208134
0.403894361583
0.460616184585
0.512715735171
201.795839726
0.693216983433
210.381775122
200.402795107
0.9065314533
0.655791259549
0.493211641924
0.361784687559
368.631396429
673.553805806
0.440032003203
210.471990544
0.348638014879
0.317946299395
214.964169745
0.316909872478
276.79048926
197.678877034
0.277479315526
642.953742384
0.404107005917
264.799302297
225.484521675
261.313565434
0.444439941232
0.49648145796
0.567280306323
0.581013832248
0.649173201803
0.449650084103
819.615066918
313.505897388
1.18110554022
0.981725322444
0.455314475903
0.840496825583
1.1243164845
1.2265220807
1.30928783088
1.0031045146
0.70655268474
0.600694745521
0.540221130133
0.76317268646
288.370324308
0.99235714086
268.073721874
342.662717845
421.284373659
313.84170259
280.894522597
1795.97220229
1180.39479609
1517.76943573
1318.43123334
0.73570491012
0.626305744149
198.822870389
0.720793839798
0.850325138181
355.289344136
285.057771621
693.316657119
1176.52300137
1658.89657473
872.457827184
1250.30265227
1437.83461006
1200.51972717
1358.86408502
1088.20280379
1670.91688665
1750.28109544
1597.51983106
1385.27443186
1070.20015775
819.148314163
1128.0921294
726.814109941
477.626344777
615.210783133
287.455197914
247.637796401
316.152682928
550.068623781
1.26170160082
1.33541778093
327.795728638
1.12756139416
422.60635285
189.797812509
595.907639458
1.37605624608
1.63466354214
2.33461603989
192.199888889
259.38688768
1.98606606432
1.75109525369
1.94917840422
1.17496679808
273.149921296
196.305576602
533.74013171
1.07609103262
240.818947782
1.08981060923
1.00086122533
253.308187857
607.859544527
0.628177372127
0.505606590067
0.666858948543
203.784970966
0.574397399988
0.523420982477
0.493405579238
768.152003357
0.375248825254
201.438898009
0.31924331492
0.361207231079
326.863947642
400.049507054
340.53145984
322.583694242
0.458930427954
273.587560947
250.396826272
236.006039359
0.475748409292
341.313236401
382.868838269
244.589866845
269.038660604
218.282051813
256.693715625
295.722652239
330.647136512
212.220097147
1.33357822312
207.764669132
301.28174393
979.630156081
884.76339506
732.361458464
840.005287747
845.938712202
441.611588953
404.628225354
520.450061081
1006.19620291
466.493772873
330.455762588
1808.3912056
1.92422715873
1.81775187922
634.506205147
1.66447706184
287.995653554
866.331851971
751.582944762
1.36872233024
1.14699106823
0.865980313835
498.247126301
1.39688858027
1.23620454298
261.128389142
1.25370428707
1.70527081978
209.563140955
3105.73718197
2523.34729529
2789.53954414
2447.64679099
4161.83196167
3407.10977967
1327.31583719
530.890804089
673.900113683
442.988946266
624.743271182
355.934297768
1.61774151512
2.04685472023
2.31137264423
310.311874958
4.00896446992
993.031092867
729.264214924
465.196204486
947.18418287
696.40773921
290.097210014
287.061892873
298.822607878
308.19797205
598.508717961
434.917737497
478.14856189
373.183519665
874.681771938
358.138160145
652.63751081
445.796959116
357.567475953
1009.98726787
984.39754969
587.984759466
810.648340312
289.166137921
282.926612265
1148.18672203
2.87080852375
3.06219926159
3.5745984787
289.948363568
416.581761249
2.78522161786
2.93049019296
2.82088925021
1.45318397212
9112.74832342
1.29670574727
1.66841912559
2.70025079444
2.27786722279
264.261327104
2.0792804346
217.774238618
2.22082795814
2.13085818428
2.03594531322
1.75154114541
1.52474682493
219.174553258
229.517532354
0.892297020089
267.229118142
0.759611410957
308.870452805
1.34393665129
0.960057063602
0.896336261335
1.10643135033
1.88400005449
637.956656527
2.95831082978
658.091964008
708.706053705
2.23229707254
3.50516556374
665.93216219
618.474039499
262.752538683
1.60907645718
200.412683197
699.716069892
1.9741338759
671.591143077
409.624346545
188.809125739
360.691218153
665.07057613
375.040948902
377.509876411
411.896882595
1.73276624929
196.43688189
3.07500734493
1.86693683924
2.1613473647
508.172711063
3.15646966375
1.44315664627
1.31303455477
0.600862571291
0.303860826961
0.348441795054
380.224545619
287.641717903
309.903178896
0.540839400117
275.289754288
260.078140133
1.04527107027
286.377775126
239.420233417
1021.73305072
1.34050430817
293.645556404
698.478721775
253.243869353
1.2006986645
1.18013076827
1.65878654679
1.51789411055
1.24076098474
0.855692453615
0.638760464898
642.402914891
226.14328588
0.586474931952
0.75907055982
204.561052152
690.620263334
0.350862947568
0.497289814685
213.297073518
582.861328025
276.209049547
0.565526428893
0.687598710033
0.70156721093
200.016557062
658.644233202
712.408531025
775.770095082
834.708120693
454.4732402
854.423630037
415.363596069
291.690500174
286.007231205
373.663679635
545.079549502
0.568202867349
573.590255033
0.461953633127
0.428369272485
265.318531803
334.642301162
0.425002807584
0.253833007478
196.193570093
397.965832152
193.547900559
316.754359824
0.577923639406
0.577326576301
241.205359888
0.465983830466
259.783504555
0.410422904761
713.553267818
0.653905313731
0.509739830398
0.942457585279
203.991790848
643.42048213
257.449109388
0.951447588652
0.733900313174
1.66727780327
1.71845110043
1.76850429674
1.62712775051
0.556741822763
0.994492786643
1.90139504107
1.02688714496
0.419512821288
0.389868088001
316.316537421
762.900897779
0.732418660343
0.530224310729
0.783249907771
250.705673049
258.317709949
274.962240608
1.31710096538
1.92039052804
2.26997352357
345.461806156
2.12423924691
200.279723671
1.6220007448
1.74045897962
1.70786979486
1.68538238914
1.67471693622
1022.46009119
1.69157624859
1.61877141991
1.84885809592
1.70881536661
597.043312051
705.217508586
439.92550772
320.428359408
2.53261152999
3.26372305238
214.35314338
4.19878197875
881.42103805
203.388477692
3.52860634395
226.937488473
188.282221776
2.74124120183
653.916890031
3158.67648479
1.77991467161
2.06647844969
2.09468212254
325.543111027
2.19539270927
187.178234745
404.739532919
766.966914739
705.618621894
0.817906307518
214.076574357
1.42502703442
320.870148413
0.974407866353
0.71840892523
262.182475608
343.050230489
310.698671097
575.362223837
0.854334518156
0.918321296476
1016.72307046
0.890464095083
1.04507422804
0.981074054654
1.05926076834
0.949253726098
952.141294258
912.536621578
888.899086799
1056.53957934
497.81292195
199.638455852
1.017100535
0.62431814
195.354323792
0.562949286174
0.582323582254
804.870566712
758.379870558
206.289197439
0.505708144491
620.382358789
267.091517989
253.553085208
238.676003805
827.187105864
208.103594015
634.672765877
0.796712566428
0.932458608096
301.408480147
0.892175322052
1.06328759422
0.689476744912
0.973858573133
310.401894077
687.195568266
198.120353802
697.687588568
802.387773129
330.578382781
0.902489478183
0.764056063578
0.940789329487
216.894178236
771.230018877
962.767395933
879.035888845
1065.89548277
552.053787669
412.529400946
343.402982686
268.838738758
1.57157491437
2032.30004535
1.57655069066
194.712371853
3338.43608929
482.528186515
1.51107335693
220.769155031
242.893096217
0.716311671759
0.781914029193
0.796528701341
0.800091474985
207.807889236
0.84256296168
1.1569466904
1.00865313353
0.74643099131
1.18874727187
602.16629746
201.702271976
0.497485840245
0.672212428092
0.905143351226
0.939026980336
906.920950734
311.434879783
548.803319943
1814.66136471
1327.11690866
1.62555317465
3015.39583255
232.405311159
1.69393594966
208.2083936
342.484176577
395.897684044
926.319078634
490.216880878
809.399797121
470.498276798
862.758922894
434.391810885
352.469153856
796.868424729
539.642176064
920.09468356
746.536119802
564.629136553
6322.41721801
2084.35339652
1.01412717788
2.21900702139
2.08114000536
219.234620486
1.99887075275
1.92815607965
1.77692054681
1.60479177816
1.54279649532
1.49889550089
217.308878174
1.48049223563
496.366056777
1.24117689255
203.228011624
1402.92069238
319.904335838
282.005133636
295.826637417
0.524108802426
1107.18542603
3975.9952002
1.72450785297
1.76212782984
3533.85940507
2678.33548841
3515.5398125
1709.69390797
1628.11469835
2301.82303419
1686.75167449
1644.19635256
1795.42298295
2418.96492638
2022.04555301
2234.69201065
2276.73006255
1749.75169397
2200.65132047
2033.40144467
1496.66408307
1879.20045923
2254.01925194
1202.4516603
593.488489629
2682.62140974
1.6008076942
445.964229991
828.495588089
1.89846622558
256.355051146
1.68437487567
313.914111448
3535.89494083
2398.58013301
1.41734204355
279.124034673
0.866007747924
555.141123513
306.649230446
197.733236782
1.22892461368
196.487816408
270.48903612
348.117450926
295.722305296
281.364278654
695.246313674
233.908690964
321.262578268
1537.29122416
0.267655428456
0.290112237184
283.924473919
261.405388615
0.291195942514
290.005618544
1.22626903952
235.703136201
207.46501604
2.07994835562
2.66253631602
2.3806575213
276.667826622
227.063532464
1.61182856465
258.957093597
281.185211034
278.338386667
502.209158252
3.4686252612
3.79783982053
3.81499492198
4.61338001846
271.43732569
253.906057012
1.70581729944
187.431339996
311.943830765
288.992027249
1.45879518447
6756.88500286
7366.63517565
2.12461083632
630.265744374
198.687067489
220.952456921
1.46723568709
1.64657902214
224.106434046
291.510828778
2.34066537555
2.02535794308
371.441384944
2.01945118162
1990.52207691
1.24687135007
313.490590429
1.03633939319
1.7655556482
264.276291098
1508.14166736
439.251521633
285.257220643
694.380523449
1.30676452098
275.810316288
1.67468346074
263.979809958
574.576830173
980.375507499
1192.87051204
1068.15499984
210.739977233
4.14098349756
2.68910074222
3.14098950094
228.26351322
2.45899422992
1138.63396485
1078.79361454
1027.95271956
1163.94606087
736.288941673
1010.60361262
416.115827763
4.42954399233
4.53249578006
641.589851047
627.654646747
343.98585721
1.80519211388
245.360207048
220.118055213
613.388509639
1.90195331586
2.11459151058
2.21645858522
683.214400164
224.0100739
276.517233451
3.12714766074
3.19187909112
2.77443607451
653.025610928
1098.67659339
4290.6590203
1114.36245295
445.04562775
195.306062316
283.119206762
654.042606968
1.658942457
317.726758408
788.709003992
2.35424872355
2.96659416239
326.122384304
224.200042222
2.68743561439
3.61714312569
3.78029149628
1.84943533224
244.518810506
270.923191732
1886.92693715
211.898342601
300.493873937
275.351680242
192.840950529
222.59016698
2.12248775814
201.249669507
288.588126232
283.248855668
2.54712111475
2.41854886626
2.39636623385
2.46109600225
277.481085564
607.769641321
2.0625424989
2.34240083381
193.569980132
1.79770926694
2.08482082
304.57807959
759.75750657
952.431387766
850.922197746
1452.02565523
1960.99460809
242.401682111
332.829512399
3.82809308957
603.651620967
412.128614307
531.046003554
250.518718576
210.309013852
3.12189403085
2.96708863915
972.232674392
1025.00802075
1.16434282254
1.50551079311
205.833218155
1.16023063656
619.832780143
1.93302655291
1.65318892154
660.604616619
2.465260125
2.02723302256
2.01880432582
2.21263325361
2.83631335819
2.80898567047
2.61040155356
214.712588433
2.69080084515
200.891427243
1.84088847857
419.232955203
448.061402735
1.98293340975
3.56533418137
3.9474415936
3.32918333796
3.11838699789
199.117035861
2.74531577594
204.001564115
2.67719968641
3.90962351876
336.884391142
403.986894817
568.329603473
516.869306976
240.101066812
2.31610618052
1028.66981036
965.784679136
364.167278922
1.62875143659
1.11723689971
700.276438244
790.62924358
979.918962562
823.183718844
322.961978532
305.62677558
272.63357221
1.9796039224
693.519756199
398.792062488
194.856463716
1341.49436393
443.244064366
1.19980871109
310.068877961
1.19664223361
1.55651540388
3.45231854164
3.7986020162
890.962909417
6.25772844434
5.80234600175
4.44987873591
1696.64060721
1132.57682883
1987.35320863
2091.92690725
2657.13775923
4169.66673762
428.853205254
4.12650615665
4.03405642568
5.19076229091
1197.41095407
231.072309388
343.116244809
698.563962222
316.212703797
260.197378037
1.41540884452
232.335107634
1.67028689568
1.60147725899
1.71899709524
802.02927093
2.21504243109
1.67406419072
328.067096457
1692.23382855
947.542103808
790.786500262
276.07371476
3.33554450912
3.45516604006
1.28817865151
381.983660884
3.05629685437
3.08720594596
749.008602988
3.22695918401
3.00954319814
3.57293523105
4.40425428912
349.451561479
455.861216167
1039.72674653
345.095849407
1.18819360549
0.935121359952
240.366354069
1.29153265052
1.91652869595
229.796226889
353.001784191
230.913667378
303.852097957
1.24253422847
317.003775661
231.918568895
2.43771799928
636.256128065
699.374853671
2.281945752
2.5749523482
2.59656470967
2.84331985308
220.807727222
3.10253341168
440.782936394
2.85348051945
3.45077801418
2.58601804651
226.071705143
1282.58851479
1635.95889079
1574.05588093
765.265322404
1730.80699981
1729.12543283
1211.75825289
1037.13968004
437.031852481
1039.72181029
1147.09182986
1153.56441428
2374.73737463
3.55115034992
1226.96392399
986.195756019
1.36547885248
282.020855507
786.498293384
289.521179352
871.663181657
319.893663562
279.411341476
808.084614553
210.454525035
565.700651753
918.767370247
685.735035968
281.836722895
452.787972429
1851.06230624
1.71813498879
2.22782913216
2.69074264727
193.568823646
1438.82866137
1207.582103
1278.85608968
216.341001773
1313.03672919
193.483501273
1364.61750425
1331.08242926
1333.65484582
1533.91916926
1761.86360003
2264.01557791
291.389333725
4.19231021105
1335.25270761
266.455760453
3.92177866039
2.62012872953
2.01406011854
1.73483582341
2.83073877523
2265.61543084
2726.5153361
2129.24522657
1371.08077188
1486.40421218
2505.35658832
3588.52497732
3918.41968265
3217.41724514
2989.14906069
2430.33432799
1899.06055648
2867.49023344
3650.86387622
3223.48245934
2334.84597702
3088.58633835
2188.91413
897.019901749
698.753108018
1673.73739457
2557.64135198
2177.71169671
3033.10788872
1407.59095866
1567.11678673
1611.44614785
1253.73495316
540.013820576
233.879470755
477.672676712
273.376449505
0.24115672702
0.34369650481
0.507849444518
896.686762503
788.85505732
0.521187152875
0.632069504465
0.554527726137
186.578362094
199.643521065
200.295863236
0.379634930739
220.401305286
0.170494281547
243.510087246
261.362283982
233.096083351
0.087100777959
0.0282642727147
0.0279119529602
0.0281530987605
275.688912036
700.185211355
0.060350034795
275.670323278
0.031874471424
0.0589102499069
0.0686833055989
0.0856121802344
0.144255486601
295.641639867
0.229646228199
0.239499803508
197.650627756
200.495569376
193.8629621
0.193938964041
5135.93197811
5224.26258183
0.144536839807
0.0901250661914
0.222230726911
305.695098436
297.435167147
734.719067792
622.547334321
346.175763875
200.448743414
0.251339791218
5138.23959441
3327.34551208
4848.09536601
5718.95500207
3879.62310056
5193.38976855
3732.711157
4207.97902664
3604.78830583
0.109333218311
713.276621305
2088.41178874
0.106270410196
0.0627959772516
199.107250454
320.493814674
1932.85135196
240.009941888
0.0
0.0
797.876867873
2127.5367903
3227.73479587
1074.03743812
0.0
0.0
218.769071319
443.310514236
587.833384237
400.833529366
385.102841585
351.908470905
329.755199057
0.0
0.0
0.0
0.0
0.0
0.0
4858.92468228
5854.77500888
0.0
7475.4893505
8095.36281443
202.306129545
0.109522951958
3665.30414513
4814.43382442
3321.96399538
1738.10403912
805.289565113
1921.58749195
2273.55092366
0.0
218.298672694
0.0209914077933
217.360161376
236.989495093
314.324862273
242.253150563
3934.23544364
1.31615714466
3283.48002335
3462.80214286
4670.4546905
229.868780935
1.32039344403
665.882858951
300.43671706
0.864440963621
278.733531768
263.174473982
410.700935544
423.878362263
386.282566663
300.210395622
0.958702975148
330.665218816
367.310864603
312.770824181
1.3032175142
1.55241791795
1.49870581951
1.27782973037
1.63950779175
1.9091237439
584.3616459
2.60314234938
288.173962371
2.00317152766
339.371753436
645.996860759
2.37167306239
245.619526023
1.57168522297
268.740148241
1.75026726699
278.999908393
218.949564117
567.961273838
294.21459306
2.09959091769
0.709824315016
415.597945539
713.297321055
698.33071361
157.318783319
691.123897253
288.314800287
1.18274390907
1.24315600249
408.539918836
1.01859014357
0.619831921533
376.05434965
1.11924056971
756.69805302
1.19429290783
343.821792177
379.663518007
1.64507497932
2.07789165394
241.243511375
663.351592422
177.693145561
2.16980807555
2.49105658719
516.425198054
683.312495332
2.39416043477
2.59176097413
148.713420757
1.7709205057
155.546736431
310.489402923
225.91748185
645.910327856
2.14838605617
334.548830582
1.89315770993
253.456731824
1.25785392132
1.42933447285
192.775023481
1.64699365058
1.81139352058
232.638809037
1.70741419493
1.97086670329
153.720332173
230.703883981
200.866750088
199.417944359
153.318409005
1.18154756537
151.049810179
0.710603552
554.364063691
288.201463524
286.444379598
189.420274578
280.229731678
607.270457392
3.27162202303
554.041304362
544.546106014
437.728822233
285.76634781
438.77113989
631.513528132
541.269384373
202.652426057
485.990742209
1960.58818874
622.227658871
1068.53395915
676.670641876
331.706944378
2.86878361059
521.471052442
527.132318311
550.567214538
269.522889265
1098.39438541
442.915981439
1394.82705231
714.429883178
575.331448109
1008.08701778
677.212557053
1640.9503138
1072.5330319
1017.7915507
919.182415153
1106.78273014
1060.07340882
913.037596687
1283.83325901
1013.19265198
757.826120806
1114.9214673
1368.38515413
1395.39881326
1151.74323012
889.715379224
734.799576079
335.438918062
1027.90277591
1246.03033957
659.972639482
713.568802151
826.439740904
323.492450715
855.256134904
381.683141383
1430.63515591
145.822951927
1.88778820921
155.463500885
2.46775324292
2.5486106111
2.32442692387
169.58503247
1.53988630266
0.787607763074
0.863906297268
0.623221548869
537.879555077
141.371845016
745.529415409
270.726475609
1116.54033071
0.861552991261
188.072588301
1.1741457126
381.767792092
2023.14785926
948.302081497
1.54598768276
153.778915301
1.50271617777
1.78256941303
473.850267657
552.099833244
510.717332446
0.958569975564
1.33647647274
259.672554689
1.43061966106
695.153147037
1.70290579884
1.94227140127
956.453411952
1386.3229138
1449.69013124
1.20440130031
473.528645934
1118.06403099
153.888939659
2.97035802873
752.374129252
1194.14086897
701.550379068
224.074961747
184.04899049
240.316427402
224.180678948
1.35896430946
1051.6219284
1319.12743322
256.62275713
0.706812821684
807.22275732
2560.54659273
1031.55515819
581.582693405
495.957778781
1717.61705596
874.872941846
1296.22716491
674.3676263
470.852588541
1278.82711281
1.41675913558
449.682352217
238.115339655
206.188211115
177.373447064
164.092475952
159.450440974
826.958039301
1527.87073766
871.668064279
230.207897169
140.179551302
139.862639743
1205.06556722
1697.49532411
2111.68715548
1025.20159894
631.752967375
1824.90413493
2636.82618272
578.792250177
1.44382491953
0.821437769535
1109.68934143
157.681893538
1.14150823889
925.690913817
143.008652694
173.777495869
177.647344033
225.941964286
3.39556303699
3.83138144631
219.678437014
3.14767839036
299.605498778
2.34201789932
1.45776664304
589.525090281
1.20823067536
2664.08507679
3327.13052354
4064.423698
4692.49080011
173.757988346
2.51564541119
463.145156169
5264.07514785
3794.2954884
297.600046124
4865.42373054
4041.43854042
4635.56745383
3821.64207707
1.33521007731
4480.53233162
2616.37443835
2541.53571579
1.76290398221
553.055601153
1500.35327479
1.6546824805
181.670696967
174.02614149
215.817022383
232.442482828
819.456221153
1.89822039216
166.898349107
2.39574667533
578.840756533
3.055758801
1.90509978866
703.73260047
486.986540201
460.463282443
152.381190879
1.94881690589
399.186171351
2.37038768108
162.880615168
2.4365524553
313.414189433
626.777887679
473.778564911
0.751623016675
455.124810401
1.14537925398
1193.0935178
326.922559654
228.671861375
147.697158283
268.158207673
208.939199698
986.745841928
1076.18231544
204.731864697
1.42254935904
803.669791825
1137.66126445
2.11601681519
955.239404857
189.23411555
1.31089858809
177.00640054
146.927807913
397.722765471
1.15277642179
1.74146319525
1.50113013681
374.487743706
1.26071587311
1.00549828361
1.00612047115
1499.40355944
1.27956522359
255.977293275
146.59154206
0.894388216257
139.510315677
1027.80801016
0.87977617917
840.883273513
1.48801430708
141.903086249
1.71379675585
1.5317361473
1.44992230433
0.904870762163
1.07594032834
254.347917733
164.551888171
459.166922682
296.887864652
278.855930983
0.660902516813
155.49493431
0.805702744629
1.31589857614
247.12825509
368.092576183
243.211219509
2.36629046397
168.275409755
1.83946907556
566.921151818
501.731967909
169.090274403
2.42616374218
2.32550118956
2.22299516769
719.687998508
2.29109078628
462.405206408
202.540484512
3.64292305268
2.86590637486
3.08570042549
1.59355076552
4863.97992487
150.617911684
279.463650441
304.080871095
2823.90726605
5794.23775575
5728.17209816
223.158568091
1.72645039331
1.9660670011
1.10800517585
3394.07336182
4923.49957277
2958.51374114
4441.80067557
161.733347776
3315.75814394
0.405494076365
3086.71499341
3580.8236755
5116.01369348
4609.14680473
4588.29420939
4182.03071538
3794.72873126
4201.95406754
1.8290052939
4806.69019031
4172.63392825
3537.26321044
1916.42064233
1793.13439206
3463.21481876
3114.06624841
2927.74618106
370.645066673
152.804754646
3734.25255025
241.984797146
158.696946116
3436.48811045
563.649009869
0.860413543687
5745.78954732
4654.38192781
4375.52694493
3218.91819106
5692.33231678
1.306829279
1.38193195971
1.28958497369
4078.34581147
5262.37719061
4113.99807526
176.664869592
0.917213992359
1.06101356073
4077.07868664
5566.66028133
147.708469982
1.38970751755
140.58723636
4007.94208678
1.55756881746
1.38500884874
574.7476201
489.617640436
220.290040447
7975.4863994
0.585428390213
621.926796367
1.53475156934
163.569727214
334.167394421
1558.51872327
648.902557598
515.73729657
785.579596274
146.069538867
0.837890864522
1.16067496565
1.67905858457
2012.57124738
1.52088285005
1.44185755595
223.655056207
267.607161472
1.613535884
792.057127554
1382.87428455
860.047197864
643.828119998
1059.76078979
1353.10589741
638.389822424
434.113581286
925.873848386
849.497043424
1431.69076115
913.14816118
1130.532267
974.694017345
953.753117576
979.75326242
1414.11320285
1886.56270995
1437.36573893
485.24192359
219.30985945
314.433652123
2187.41540528
1584.93883921
508.193641132
0.52497375974
250.88251936
355.076848544
1.60106268618
1.12873380253
144.522348064
2.94319564793
198.744148789
156.080148103
1594.43420513
1647.79446
1412.09412037
1543.56177489
173.504965681
217.474225853
155.897260632
0.271410090401
149.731701524
0.718932883558
0.892295304759
141.313111536
877.986122106
1.74514077753
1.59256028449
1.42885840616
1.1514618429
636.246009098
3.67905010708
3.82134114183
1008.05418795
317.596963161
486.286091338
2.84498335457
489.585751472
280.786056836
593.496535551
510.373108697
3.2606906045
174.250076178
2.3445206115
432.096704956
1.7003987345
182.286957181
2.24090077618
2.54694341358
475.466915402
235.13698415
408.469216743
1.93655230618
164.761066318
1.71239227189
1.61353148085
271.932418623
140.78469318
2.08414701078
271.599410089
188.321417649
142.519299834
191.084119604
230.271267555
2.84319167515
2.74409756094
3.03025319819
3.13411323079
211.46955058
241.616908829
186.821342389
220.039841735
3.46254905244
2142.0136679
1.78070670806
159.536007476
2068.38738919
219.89688398
1399.16011509
234.69360054
2690.22411922
1.82088171215
699.810891321
156.549524082
1132.02468487
138.18462421
230.450460263
2.42030069022
2.84121598557
4499.63710058
3075.5078766
2707.64914995
626.547619166
158.36380056
453.191742729
139.529377544
2.5491148156
247.504835059
163.796613911
154.428821082
890.044919376
218.79756137
222.319274592
213.581415766
2.33306197983
1.95112298842
3.46345367184
468.183704359
4.06203916486
157.146462042
2.64571654873
2.41164999035
302.499946189
3.95360927493
3.12651176945
244.313723036
3.73568334097
3.28205235203
573.559341257
1.43863625368
535.052497306
666.816972879
0.704467298629
0.489755872234
0.626111565849
222.924438699
1.61691489647
428.980574568
1.30597999478
180.357651822
443.756276515
1636.20354787
2093.24299352
0.984057614698
1176.44981081
0.825871528674
0.792851269122
0.540314362261
0.692836601259
0.567960197193
0.905269329177
966.238631897
1359.61460427
1429.62501374
1564.62082401
1796.1087846
782.36747552
860.620472954
943.298046263
246.149695
155.272986556
782.991654855
1.42661134709
670.637617935
687.272138602
576.863938567
816.229534179
160.389932253
380.521685007
1.8640347604
144.287234964
636.814878462
1.70326640719
151.186266041
0.889410885843
313.822134873
829.024594146
1.00976081089
835.833503968
661.049276309
732.095565849
652.982914075
438.934262696
203.306302259
314.760966377
1016.87941688
1237.45367819
1354.71436565
1001.82262703
658.627927858
2.58300884872
206.18393662
2.27980056683
161.527727458
456.030388466
612.047755823
705.733970956
520.117412903
2.97575929177
470.269940929
178.175298797
146.590443839
2.040275817
1580.14022266
2.48676721275
238.058860294
163.0568459
0.567670877195
0.163353029143
455.770648445
166.337425858
3989.39240211
819.901899463
697.356478323
290.638640993
841.014941982
1296.41213987
610.980359836
1507.04017736
1741.8765182
1164.39550633
645.490477692
204.323139048
1233.86596728
0.541459129558
301.755153964
1893.36034549
189.521431753
1333.23555108
1417.85193319
1197.14526128
1568.61808049
1510.00625502
622.920807568
925.333819539
199.131951899
0.588488484333
434.653046416
1368.88737462
1108.11092481
981.439025491
681.506766507
820.317355124
2767.10777001
2669.88433411
1602.92025051
1.1553328758
2757.3285055
1461.27585472
1.07456293679
1539.01890393
1111.05686271
1758.79360041
1350.47879898
1595.78694784
1271.61879872
1953.06906531
0.329106946493
1677.29764158
1813.034602
1216.10767597
1371.56176742
1075.90126516
1174.16046616
3914.68032329
716.662311841
152.080857921
203.754987682
2.12732870643
2.21164520433
471.426921374
1.12290495073
419.455520406
1.71972936285
1.70149897132
1.47926590334
1.81834826934
1.60328706612
1.81586441179
1.11147074404
1.61356642003
203.193399846
1.0371286462
1185.95718313
158.832556477
1.21903809827
217.616037789
137.10910581
885.093587104
1024.83411203
0.549271152878
554.07237934
245.312163428
0.742705300975
1252.77118898
140.536908259
234.168449076
1.38184405438
0.929114439115
616.102637335
146.068566561
1.32255807925
1723.96429301
506.183457735
1.04870393021
400.561170467
1.59086476367
1.28719599362
1.28461797412
2023.29638173
2405.83143772
3470.97882961
2935.47011904
2629.34055334
206.832248456
1837.04976863
0.562521825106
3021.92972934
672.742490283
2477.32298768
3803.96282908
147.466374289
2593.95555152
3214.0567942
3583.78953786
531.760361027
4295.40573475
3003.52256835
3239.68109641
1227.47635894
3471.75003971
2840.72737251
1.72717814774
2851.6273466
3714.1634325
3427.88384939
2981.35247011
3281.7310026
2.04713309803
3418.06088243
2.21052771322
2357.1991052
3112.15171137
2304.51663092
3723.28835435
2.88237357422
3378.81591271
1943.19832607
2091.03333729
2021.98360865
2359.05307035
1067.97043072
1502.85296014
1296.45378817
750.985863237
1955.15691689
1.71733056623
522.394143735
1.54648094448
1.61658688682
1.0638170996
0.88287956232
1.35524524094
1.6400209623
1.27420301967
1.13361226711
1.16182549402
1.85962548252
159.206449674
356.851850924
3.91862081961
166.240683884
3.31610622507
3.21578268949
373.885229688
3.05174216655
3.11705984626
3.16960829877
194.729095043
141.576031383
3.06984006478
3.0850086951
2.89373098431
3.24710839286
210.289553555
3.1985581833
2.90165564002
145.451627368
248.625614082
478.536040782
3.17440797475
175.905789428
2.87578212557
2.87611499247
2.89932053011
2.80624779366
2.71494251943
143.050797397
618.88525276
662.206630858
775.208750216
737.498134876
1517.22942537
1513.48718873
1749.34429901
1064.3007998
1037.58673148
2.17773359748
195.359826593
2.05832503706
435.016524868
604.949415639
1021.20071079
684.99877777
775.35560222
1222.32998957
1454.84344804
1518.32119062
2021.42955929
1551.2509027
1504.49354858
1941.24464065
643.510139094
1.38193732635
1.35378491743
1.32609476075
169.393327189
1.28275624258
1.28920083631
1881.40624958
1325.32705615
719.257512975
890.378818943
408.13313044
1.11813850318
1821.88671003
249.194672611
136.846252271
532.310665281
195.563827382
587.392786033
574.461503413
0.700525631575
0.473175979647
165.839601008
148.011411954
155.456416388
259.707992756
295.489010505
281.93721491
157.678510213
174.560991062
157.542014535
165.407783508
0.350509282022
164.692002377
200.395357534
492.777879576
166.771296724
299.618618025
564.692720102
751.047280093
683.797313615
397.902741462
175.515874716
240.628732742
0.263126283147
0.220311291192
439.997174379
153.605585935
636.257684026
747.576840535
0.275702958677
707.230709225
391.80823742
401.290741221
690.245691789
616.631951224
171.562441386
0.18608954166
160.658810458
482.445100218
557.783966164
177.446137725
142.650743798
232.949996731
0.165768665136
844.247395856
841.293971558
0.159400451258
151.979979818
0.155036438059
820.356140611
807.715523454
789.915063808
0.143174530844
737.851265972
703.985088302
667.6213533
627.36466448
586.436347831
544.248724081
501.471938388
458.090138945
154.689647712
138.463932935
0.0659468325551
0.0640467389319
0.0619295826866
791.088155747
293.074844599
139.630724802
197.343501844
244.744927235
0.0439787348725
0.0403175008843
0.0366176702867
0.0270263459629
0.0853125637227
0.0883081805991
0.0808357609953
0.105828949635
0.11169309213
0.0889519147765
0.0841257919249
0.0789576956525
0.0741015781776
0.0694161132002
0.0647273169809
0.059758243599
0.0362352433113
0.0414748167177
0.0454458518084
306.087158289
333.217598268
345.804089403
346.223863476
0.0325801289379
0.0309696896395
0.0284928973197
463.956626739
645.557828369
709.985312474
665.91681141
535.197653532
298.829504779
247.963367202
0.0143541359785
0.013365151986
0.0
0.0
0.0
0.0
0.0
0.0
0.0
0.0
0.0
0.0
0.0
0.0
0.0
0.0
0.0
0.0
0.0
0.0
0.0
0.0
0.0
0.0
0.0
0.0
0.0
0.0
0.0
0.0
0.0
0.0
0.0
0.0
0.0
0.0
0.0
0.0
970.191949311
0.0
0.0367486672768
0.0549094058115
0.0444457970471
0.0716748369916
0.0705909671813
0.0499241366985
0.049513913291
0.111959666895
0.115324948196
0.0625847712343
0.0587819761994
0.0752114642506
0.0670272526454
0.039987816749
0.0366073022211
0.0337393082712
0.031191539648
0.0287027119935
0.0262461916586
0.0240142683157
247.559494537
195.188174239
0.0388379647637
0.0387529999504
0.0381711895846
0.0372739485698
0.0364856108198
221.038548664
227.44012842
164.179136097
0.0
227.813301692
0.0
0.0
0.0
0.0
0.0
0.0
0.0
0.0
0.0
0.0
0.0
0.0
0.0
0.0
0.0
0.0
0.0
0.0
0.0
0.0
0.0
0.0
0.0
0.0
0.0
0.0
0.0
0.0
0.0
0.0
0.0
0.0
0.0
0.0
0.0
0.0
0.0
0.0
0.0
0.0
0.0
0.0
0.0
0.0
0.0
457.444387315
547.649426792
852.541057616
145.433506937
852.413193927
314.432878796
669.109799013
750.009323406
0.0
197.818112423
218.380527708
0.0224918852463
206.850370851
0.0579057163029
0.0691049162712
0.0722013953781
0.0682910316177
0.0606814404576
0.0364713991869
0.0217690507497
0.0147663409794
0.0
0.0
0.0183718168425
207.161958253
210.065816035
197.358929002
0.0247817481795
0.0256947712503
0.025503826855
0.0245491800639
0.0232642111393
0.0220256549688
0.0377478659253
189.282267371
0.0379444844705
0.0363490991397
0.0186450646514
0.0182987129871
0.0178629537936
0.0172066124234
145.942948479
147.181282422
228.193010548
165.389675705
539.053824845
573.670877046
594.075232186
599.563261409
590.206128804
567.080569339
531.611027077
0.0
0.0
254.749426508
230.064049586
0.0
190.422947559
0.0
0.0
0.0
0.0
171.130570204
0.0
0.0
0.0
0.0
0.0
0.0
0.0
0.0
768.49377174
753.006977104
740.110350146
0.0
0.0
715.957560653
710.982279665
706.325386203
701.320710222
695.425450204
688.397247623
680.205990896
670.865073302
660.437290657
648.984902136
636.50698697
622.9485744
608.381305142
592.936933237
576.921219731
560.687338866
544.607126246
529.052043378
514.315695699
500.171831065
485.355207786
467.928482784
319.48017831
306.968443533
295.817167265
286.970165608
281.42592626
280.14669978
