0.0
0.0
0.0
0.0
0.0
955.77678703
1970.68830883
603.923098588
828.18611026
489.249234451
416.049804586
381.330982213
348.475006722
316.088178499
215.463664422
193.096700615
184.38325172
470.283162033
352.610707552
440.256652694
0.216072295152
458.936619427
0.0220871913204
0.0495428789406
3527.51617399
336.863899888
340.118247965
340.563525794
226.314278478
211.292248267
198.217953636
185.336851355
0.327323695306
0.253631109344
0.231988188463
143.972026994
141.811779834
144.178476607
141.435732425
133.034772454
127.942538125
126.221280652
138.259213537
0.140227419385
151.464322158
145.026779963
134.649265714
355.240751128
825.164649025
494.804922027
931.457180188
617.368639398
651.131580607
3038.73395626
5790.23295201
7457.57012277
7103.11067017
5213.02563272
3171.99796275
1608.32883519
129.623179475
922.892277828
991.088883414
0.0129021951005
235.722622505
0.137888803015
0.199131445257
120.393211182
1142.35527704
676.808175795
84.0521512512
2008.41018671
163.365850908
354.660004239
195.33395122
201.128236355
190.861701755
182.782222676
171.590934418
154.835704138
120.87503187
120.075312464
0.0997729299227
0.0995849507075
126.66242014
123.43559397
111.216390666
104.447039748
105.810217305
0.159308840685
0.0959749205535
643.779348751
92.9552569234
83.5214376081
285.278458677
280.95545185
396.561765587
411.965523012
413.054668335
0.0534347692622
0.183835870829
408.38790448
305.6160191
789.915898652
430.697071089
360.883590102
229.623457018
199.711648109
175.199001917
157.823624035
146.992386354
135.292510411
93.0620817277
136.391506634
83.1189171028
208.152030714
183.023596563
0.0
805.889691883
2735.65471244
82.6484736067
480.904816067
378.528385295
345.844353431
322.017871011
227.752506932
215.27303026
198.850277579
0.538020723881
0.253895670648
165.166922263
162.87507803
166.778216636
162.706443583
150.581490325
144.086368175
140.996156423
129.341039578
633.187264041
109.750059147
121.455168324
109.329043087
772.708841711
101.49643074
669.375508613
84.7892674895
381.453645943
314.440527203
1138.60540386
3365.2121415
5679.80276009
6804.52708441
6239.75600184
4448.05925356
2546.90288057
1202.96403349
122.498085317
0.0
116.303462084
0.0957904819612
217.604962874
162.621355162
126.549456397
96.014206991
758.609808339
307.44014846
0.0877766695737
2172.55731171
0.102542292524
454.785845799
348.660597574
233.826338997
217.532315778
208.122317143
194.59085459
173.404899042
0.151037457028
0.121336984875
1657.2634774
1291.11189645
0.048765995891
154.481195562
150.747463701
0.0591935423403
0.0383965167169
0.0421143274365
0.0632327978204
264.550828638
106.969218623
78.8931565085
77.649303841
0.0947548580643
0.128311041418
136.547398371
171.53943153
88.3242341432
1006.47456513
427.318054543
0.24901166605
478.533360324
1283.36986136
311.097560688
284.697669478
629.284643178
432.011544872
366.950495614
455.192171545
794.108986281
0.55052595548
0.66444650445
85.3011950038
0.676129347291
1560.80604671
0.180185654054
112.147414288
185.811197143
574.346649678
765.443591106
905.869632538
642.451735751
355.588445778
428.670524497
443.973740693
1143.40847244
438.105172525
96.059975073
298.967184095
0.575105888503
261.970692374
0.682442287264
232.439525054
129.862736078
112.712005446
109.340683813
379.642171053
0.744830635669
0.631498046565
0.663821473948
925.504269641
87.3144792517
848.181385157
144.876925302
86.7804808915
133.362533951
523.911751197
774.483033572
173.038184073
805.526888091
847.843502156
1006.92206827
975.190058809
994.812350594
2285.02380731
263.255401477
495.110206649
747.506620441
1199.63442074
824.46275018
861.26552147
713.577393233
630.107796758
421.974130629
208.90613358
0.0359591355997
198.564891658
564.946162939
363.592373467
270.083135624
349.165633179
264.100907807
247.663326601
232.035668593
0.501831918636
208.302651488
200.7758257
190.397668288
177.389598166
173.527431947
175.226711755
172.021299347
167.60125239
243.467842381
768.457795957
83.9610064571
695.682736654
593.646177848
622.589329656
0.120234496006
86.5638195112
94.4544459061
280.9164684
0.113305987784
850.551175056
713.776513025
1832.74478063
1917.10440138
2434.53692042
1518.84152607
1141.73725925
604.799269191
489.106833945
1070.54395923
0.705860983172
0.690165454618
0.715025585404
314.704613369
0.660809248641
696.336156218
754.323468047
83.5367360782
0.069585234486
3805.91106524
1784.44799688
0.162657291747
0.200663060732
0.228290554453
0.161734530601
622.482095218
1736.45331514
801.876219892
724.270405537
374.325365089
167.456416001
102.841531931
110.816438061
958.416709173
1663.31060407
701.918756664
903.851625144
0.26970034211
0.299283118583
0.318531850847
111.630646452
0.320990033656
0.263442705859
517.683099497
351.118655935
99.999093109
1344.75784031
1410.66512181
1530.49140312
1612.22188305
1674.97010814
0.0
0.108091812045
1164.05859602
0.198654750813
143.044842522
0.184253688758
741.700395049
0.141942259397
172.319949735
120.919582854
0.235297682134
213.032310005
81.8641856244
521.486766089
0.089613389901
1705.1468075
3211.447339
99.216571241
154.60163935
166.374320313
156.256610348
150.172221469
143.738595374
133.151433723
121.714573321
112.725540976
106.063938876
0.193950035654
81.4585364967
267.997330334
359.235988464
0.245746928335
0.169619413247
0.185407233899
0.155533408525
789.882822059
140.225360636
132.674460891
113.320876794
102.227399283
0.133025736185
0.201896902488
485.417996139
582.721578744
577.340184779
160.267596332
221.897510506
0.227703174767
0.389205680448
1761.19344379
81.303360759
1870.92255877
623.303991551
696.221470752
1466.52812634
0.520511762071
651.856638347
0.655206014109
3659.20376554
1673.9076833
1064.08011189
1983.16612739
2413.00009848
1079.8494223
1034.73778471
820.049476131
1229.7169561
1191.95764443
262.509124158
366.895953879
285.377613155
0.475078729306
1527.40146256
862.312483963
0.377468112032
231.109716096
342.495645304
611.061721474
0.474905327788
295.577671639
0.360247834878
0.266859846273
0.132261769649
85.3739847329
157.715449612
150.780524513
116.414842441
976.699621414
0.315861865855
1175.68257695
269.471386799
106.424736613
98.7397886347
661.908397484
663.732937102
8052.81140933
587.313687282
0.198404857285
746.379640365
598.164110211
1560.36132283
2530.13332759
0.134383063537
686.887736941
1547.29125577
1724.36136742
1468.51799044
1141.70119376
925.671170961
748.359346705
476.344250357
102.678231172
0.117028591713
187.704071614
285.42423488
211.899680493
285.567320338
194.69483799
181.381086775
165.898173555
152.820596282
145.237989586
139.227313772
131.820705155
128.617655818
127.573905728
122.537259168
115.400383421
111.436443457
0.165209567086
480.491257664
1165.82574937
0.0975620399557
0.100146694285
769.85435473
244.631256275
0.0248651884385
0.00875552194143
722.789890823
0.0
81.8243466726
103.902209603
88.8522440959
488.274088993
1573.36856297
1340.55017227
767.792635519
207.115917636
137.56557647
1596.57924255
0.247959590783
78.1591745405
1289.29649581
713.548024033
0.274012077908
1417.28073142
476.221077804
272.032639459
843.698578978
99.6975675756
302.318937214
0.166438613723
1158.79092588
0.192603143006
508.316459144
83.7744919845
89.3929016393
688.4841068
3963.99763958
0.36963518126
131.958087592
129.22041906
125.573023136
213.151657647
752.058979152
323.106855132
400.105005289
475.806670557
554.982432877
388.689450374
181.68372395
92.2401972491
213.810278695
0.0913200303885
297.844545819
255.029642584
0.0159389525706
0.0
0.0240496175201
0.0490524551018
0.110711260385
0.107047525501
0.187073437168
0.206659331436
0.22338195966
0.266558765474
159.594812977
864.863125458
104.574888383
410.239990432
119.059269244
99.3524758956
111.337797531
210.466604303
911.150089353
355.101210048
408.505308006
2101.51471001
0.208575588926
268.418508362
329.22143942
336.351667232
136.438252554
134.284117514
126.441370788
117.848927643
109.197158945
100.076765474
92.2196391277
149.555534865
81.8001938991
1569.79363847
131.293111609
0.634245786225
0.388326074072
86.4544401515
92.0536423533
614.812733866
1071.30361439
183.129352833
2421.06824911
2654.4336067
936.725627932
490.137698873
450.193733388
88.1215774962
118.642035303
1500.78016301
1572.42879229
0.514394241938
0.543644046249
1395.04948331
1162.27404074
538.732987603
213.667623028
0.86423661107
1193.42526419
0.991694729377
641.235925254
0.629686619591
205.558804588
1344.2176722
1800.68746154
2537.39706465
1183.38494308
1628.57532194
701.28909684
826.711365136
652.987423462
122.653757927
310.754775801
2.43848050312
2.3922477756
2.49283378262
114.260896502
777.419481731
868.956488872
916.66984072
0.447658472966
0.469163549484
652.453788359
168.758879511
215.318427875
130.589279395
83.1965792979
461.158469927
1.22239210781
0.972336828069
0.914964421958
749.46144901
1.55685541303
526.450988118
1617.2756261
1685.76880707
891.354787023
328.833679312
550.763802903
1.05994051379
0.946197843929
1191.9592078
778.548022045
167.631660184
477.324040024
1057.96005509
749.091350586
1408.9572515
1439.66385882
1299.22404581
794.490586521
983.263332493
814.211837446
379.91068925
94.563183723
218.907067628
1.01534974048
1.12381260974
0.889290500991
0.974914545291
492.825936348
470.529108098
1.66508534364
293.872935336
281.558153816
260.433363207
86.7244353652
78.8908771416
1.09207274698
0.383420602597
0.494381874862
124.38266715
129.726716558
0.960763867262
0.581108855144
88.2131602451
0.933685998677
465.547388292
768.357594078
1.184082549
1.71177225794
1278.55933934
471.590757722
2.34021454115
0.682068884007
88.0668186772
853.591873868
901.818744591
2191.83401692
2319.22523899
1220.53055231
300.528332751
736.632633929
342.502755486
574.981371494
594.756085386
238.925190813
273.807489477
797.152114285
537.022322161
1398.75354355
2135.94696971
1054.43744175
323.235708005
92.1599689719
0.960885685704
0.893233447425
90.7867330588
1204.41900858
1979.42920733
771.727255956
0.80789868108
293.506158028
571.895344927
0.732378260201
293.282799964
904.078457852
0.73958537493
1555.27236838
1027.68160761
120.220041453
594.210437951
420.38183868
1568.02253635
88.0794238901
286.773067987
318.874505211
317.389620628
565.144746293
264.257595241
1945.36602436
1594.22712622
1219.96837266
2004.86638179
2214.75108954
1.88782895231
2.80212881626
1.12444024602
1.30695952175
1.43907358842
1.25651686856
0.637934526472
744.802047732
281.131095681
1246.29469985
295.310129418
1097.79887308
311.698705713
400.274129307
369.272589179
341.619613991
337.983852176
374.890517698
332.617561101
294.830630094
1.50118083521
1.39422862214
2.03974634459
80.5395415314
517.201434902
1.07429550402
0.963066343409
1.53335430745
1.75637726026
2321.90866394
2.09731266479
2.2536574098
101.484855929
113.698186393
1168.66847511
80.7787054051
0.918327189914
994.463337289
200.881378556
199.426356726
108.815517502
722.216259383
361.434870165
359.032985802
329.424041058
405.35880621
294.552905134
448.699730732
774.061776676
945.329067086
873.411328345
502.132929205
571.549445234
837.780570959
2250.40607711
0.989921911049
448.450739273
161.636604164
184.500264878
344.409717848
1128.06178372
1860.02850904
1772.20787886
1368.55540647
1545.25145691
1.54609056415
1.11457694001
105.07501846
1.04896691297
345.976178074
1889.84668878
576.922863967
2932.59254162
701.889375352
787.360675668
1112.08070715
778.709890163
89.2602261599
0.748813317132
1.06130529222
855.915651909
1.36651428615
94.8318914761
1577.76120387
403.976707859
1338.15571431
229.229059489
388.963228047
2.49679598217
288.40534765
1.47994399028
527.736318621
104.727974023
740.909031877
495.498350294
85.6002361352
138.371582666
1653.52244793
1876.45813228
1103.27716512
0.727809094845
0.862116305787
1963.79343431
0.936335745702
0.357140511388
0.528363877443
0.636780599844
1.45937927062
1724.91805191
320.798049336
630.94305952
534.987386411
87.1857641178
212.621368373
1226.74218956
437.781921131
242.57775675
573.548973303
424.64947745
499.07556723
1222.38250308
1266.52698584
1522.26784805
1757.40071208
1250.67866568
1548.15072341
1291.0826686
579.173603056
433.530333201
416.8612466
460.000318085
79.8681854236
0.970276038294
0.691446228517
0.886307977991
141.399004031
389.035709287
941.782634383
166.90154424
158.292963952
120.010364788
511.951175593
286.386568999
534.907792731
1221.36936512
996.368209073
685.802851592
829.271908595
91.2016327168
2008.01759392
95.7942116122
140.096284768
0.262831583937
943.180677554
1389.66003118
349.607356106
1427.32688154
1998.89039677
284.723730256
153.225425903
2.19724911621
2.67644531767
1471.9957752
2.30670902036
2.61618144813
123.601460546
219.752315563
879.502298508
3477.38606227
1.13089588634
139.552539715
137.017053392
237.241865015
1187.00120809
268.041086031
498.068916676
102.162824268
866.194828992
558.035098755
373.653485849
147.335065042
635.878705875
405.572134372
493.292171523
2.81135650761
714.990989789
0.942343248317
127.381231056
104.681857971
95.8416306288
113.65108816
1.38435415916
1.26244957751
205.112727967
84.5598907644
615.112738608
852.671124096
1.12497350535
757.483694497
545.513984072
0.865746748281
0.934447432281
0.755967633096
1258.49966485
322.321851823
764.321464741
619.023297456
178.989222269
191.126279367
265.233358606
320.794563263
310.172933864
311.726559739
320.668429355
320.330043219
317.498261264
338.585743157
334.227093336
317.119867564
98.448071946
1.78436152061
1.72684315689
1.59618276147
346.1096314
1326.17196067
92.7862772353
101.358462204
667.98281769
2.15693980119
398.717347758
381.631095937
362.233036709
359.811343013
665.49512856
1.64626849434
342.111723933
332.511175313
312.50056514
330.760185364
283.346548639
266.959536934
125.780433716
395.279514478
103.035349196
3761.33376363
1506.45430772
0.754070080083
0.670113842257
282.840056679
240.427264978
262.822100999
602.69391447
1140.02241203
1627.72346816
900.939735178
562.735363813
609.125401341
300.68044725
88.0221867151
192.90319703
290.489500611
188.362102113
832.811995753
1.90485004164
476.152719911
363.885776651
217.375764952
304.109765569
194.783582491
1.63537893416
1.54061234069
1.36125525459
199.127468147
1.84537832886
401.098359363
531.423103629
733.840250871
0.371480671066
277.416285898
304.303144378
600.470852571
1105.73198109
1.36641945954
1.19982604496
1254.53113913
626.764899014
840.48671664
0.407212275409
0.637261573352
243.18053545
208.984262798
325.3516941
77.7551068193
662.634896257
1.38719320665
2318.54632151
2143.02366397
2742.1998991
93.7503476461
148.754910715
0.992658204295
0.803946350121
164.119505604
864.482376967
548.006036399
1.19059715775
1144.43900837
318.123827831
202.732819116
332.269689787
363.991546757
305.405544458
295.961873122
292.353352188
268.498380996
253.020120035
1120.35967609
1.22493532629
1315.80814925
633.715448398
1213.81036187
378.300305041
1080.6986557
88.3354881137
489.93989912
467.072467271
226.532642368
826.24393205
357.429673409
224.474709497
1158.03367658
0.83510952439
87.5481336188
1969.67419742
0.656496930228
1.04622986459
88.2260292259
81.7788289288
1.12449634424
2428.51715668
237.393782541
273.323147994
268.79788226
1.05085953865
1.42540896429
1.80867000956
1.20836171363
87.0469336149
1.45854386175
104.882997691
1.36371577904
1.29279129859
216.843492767
330.910497984
348.451832497
291.179458378
107.767463493
363.29546256
181.689921134
202.900762636
2.14613893921
508.389563721
103.184817339
83.5637552765
673.767826946
520.184412366
322.789598852
281.041714368
287.179843923
129.164301223
179.036379508
0.837849184634
0.850255942869
1.01045680337
0.983249279861
91.1428991216
244.684606282
78.0724612296
1.68894481207
2.21532035987
155.686218894
238.472663772
136.607392366
132.7590879
147.752429749
129.315052981
0.417795258233
194.271587989
257.465320487
0.873760821139
1.32770300103
1.06295547109
0.826102653491
527.991618998
108.697071254
166.271003701
452.480377894
0.797047844058
0.951295584405
196.041615369
489.669610952
339.790806426
230.677123504
216.223803521
205.020171082
188.618228275
183.714791083
187.631036798
187.218869498
0.537593288961
0.677466635055
211.861699428
1112.98693474
351.73862384
414.914683281
369.840923687
296.982451362
1.95015352562
85.5288605057
1133.67146541
2892.28413778
1174.98851756
88.1200350101
1937.89105993
171.015815565
547.770462212
698.393077406
439.747245054
173.648158162
285.858807271
108.150289082
87.1375339247
77.1367890212
252.625710534
0.549745627533
675.035305839
388.758353367
250.477415224
81.5827901822
0.205504586871
0.0884402409426
738.732036871
123.047583649
0.61523182753
214.357519443
1903.86037311
1896.02337072
2808.37448419
1.16096421538
1.26623925709
250.971669007
154.572946667
105.715744837
444.598856545
100.685183323
90.8497427595
1.29035754408
1.03705262622
242.475083635
83.4475567796
304.855822271
216.692841704
0.761414221427
1.21205034715
176.098224337
1603.5205812
1899.5253962
431.441433451
271.698526826
796.893598023
0.581164892569
0.767632398701
855.445585307
1.72936623467
1.21474055831
1886.48909177
1175.69833797
237.613733355
1.88672178953
158.23643378
149.512554239
198.224747631
2.10624503962
90.5181700134
163.947006679
0.870953072895
0.893724023695
1866.19489913
1938.7848273
2578.30198264
753.28068126
0.505288476887
128.613412838
297.620653214
160.874170882
121.259300393
102.622055703
2.40654086927
2.34607617668
1333.00358073
0.777454062801
1586.06361071
0.639970919568
571.361372249
1.365494249
85.4258580644
0.634790070836
346.625586517
853.082099813
789.508499491
87.8721561203
1.37006247513
105.706595496
231.054172851
120.752242965
163.613434311
259.320123039
143.931200648
1045.08918875
564.010233306
1.18525999074
285.662980099
651.230730403
889.688545931
1001.11928366
975.415911006
691.139424285
118.360863433
229.479794382
449.392976778
525.349196827
243.882810793
291.365671172
1.17919390867
0.870168020626
1.21583276634
1.04121177185
1355.33159638
1.42465405983
1377.50724333
501.146213315
164.156669718
154.645197531
107.674238832
81.9177408249
1.80036339806
1.62515026736
1.75025432382
407.74425349
2.16162241898
1.64527511822
0.346645407556
0.403249261802
0.627400167592
0.561087031569
249.418413486
453.22756302
413.845516003
380.1050478
332.624392076
179.883000412
563.217926699
77.350383977
159.449057868
148.664598455
119.246733249
0.467189293234
158.841124795
1306.5075158
652.072193502
433.189430628
1.01482325382
171.852423445
304.51691966
165.045724941
195.914092422
124.351104905
169.840236476
1163.79034557
0.90839616707
1083.64000267
1.3895552407
500.146634984
661.019274881
700.383515568
841.082392076
497.498642475
257.482419118
180.544186638
279.794828253
559.858479236
537.216339891
341.981889179
0.616378263748
0.387155847223
977.648688859
1155.8801441
1180.00008712
1563.45121922
1599.27646105
803.079798488
519.917799494
211.445098161
0.682495474509
1.37498262866
1.57326926509
1.55609433703
2.09889103717
1.99455693142
446.290731886
264.365057211
230.154907068
1.91636599108
1.63547820154
204.962475368
185.404357401
447.518224421
449.229715709
412.47814823
378.498319878
1.67474501675
1.83752217379
361.318094921
2.04708348681
2.3685112168
1.6500599147
1.1169772896
0.664434443001
0.785170988962
1.22492508118
1.27225535009
1.64667923346
0.670938303599
0.737528988762
0.737794444242
176.039471877
169.286341286
151.225692155
195.905074004
241.359290495
408.912637676
428.693920998
230.08660905
2169.71388931
1.1587251772
0.822369745414
421.661318343
387.41735973
1129.90664113
0.288217501481
111.765873995
318.318417056
127.930602184
0.474722339478
0.474515606838
0.449058880926
0.439041199335
128.518637464
357.064348827
349.323638781
342.100709046
334.193056694
225.405575012
0.447215401782
372.653001805
112.703636041
430.019828356
398.649140747
343.432142096
0.36780416526
283.89633147
591.390745398
1116.6437527
876.932781512
736.327903529
338.101773856
2497.84239798
1283.85360347
472.542184975
839.527498153
487.590664985
2328.18165477
0.951138361544
0.832805938724
116.839259696
1.03242107172
1.23237259235
2.06039630169
305.629130846
1.57398082295
1.59121881068
1.40083601142
302.389512003
2.89128545871
112.190329761
160.540789623
2.61505631462
1205.41261206
112.051946869
413.394339151
586.545100639
156.908815926
173.260634102
559.543632012
392.872928281
385.098147415
3.61592430031
3.70203175138
1.94817388078
1.5793573907
1.77944707318
1.65770446144
1218.75360975
1.77768440506
1.53381425649
1.44010253138
1.70647697471
1473.42747474
921.430839323
1372.11332918
1463.68222933
1686.65060431
657.955712761
2.67951599335
4220.12917581
1107.52719305
1664.22298426
1688.44808697
1466.34914988
679.430529509
4.1356591347
4.42559813234
1.95376848578
2.22293427781
2.38057334201
156.763427149
602.219818008
187.196299771
713.120218391
1120.53857237
631.265702235
436.769377907
235.054082541
206.937633471
156.603330472
168.07684934
511.243658449
340.59552126
169.347918283
159.461957862
382.72190737
425.237786639
180.934743892
139.15066381
341.151611594
113.489666492
0.341784461357
1.16055421655
1.03475571429
263.671986792
0.538791541637
0.858805188099
1.07170291173
1.31423940578
0.402934112473
143.904441774
0.841964890894
1284.02153752
1.11778614399
129.439527814
166.505317067
0.914903075274
782.626635919
1079.64782479
1273.16069828
1181.62386232
937.058459041
1486.66216503
2.189381612
2.00762786296
1.84937394625
822.269486616
0.604989192345
0.850378271091
0.778572630702
1.2046545
1.04296417865
151.740179344
1.11500757054
465.818429464
1.61586069885
529.36118233
2.06825098169
273.266651322
670.605280184
304.68268699
652.516176446
1.86462242609
2.18153824199
541.331863134
6.4243766064
1.38181810587
333.439746406
0.94565964803
231.231070102
251.165864459
409.088181215
1084.125876
381.790222028
1.14691026125
0.977479522042
790.986863077
912.9948103
1676.24754378
1631.90330027
2270.64461403
1943.25998897
701.619001157
1655.27179039
1473.01646549
624.1056495
1362.13897464
1086.19625551
2231.64591422
1931.12559354
1651.99930498
880.739127026
1273.83572575
1224.71553316
0.913017718314
677.862018023
188.498276159
218.05881318
157.405271398
1.00412504449
0.601317840411
0.933943914496
329.182603679
1.01933933461
1.3144099471
232.64628378
437.797183297
487.76710781
0.4123338574
0.44878997676
0.30097096365
115.674234086
0.355508567183
0.413139009221
1.15701571223
1.44239531268
1.15127815515
1.34436839591
0.218615076368
2370.74099202
348.965272091
408.551488995
1.245731096
142.912313729
1.21024604824
1.0964465462
130.674978709
558.96712247
3641.64545534
5561.19130001
3779.135044
1.49004989054
330.66733787
176.087622449
688.412061002
430.354529467
292.763030199
1.42008414356
2281.91358709
448.773644462
411.085837781
256.455289365
214.714520547
165.101336214
434.999915126
1272.19529762
0.958738095497
2515.59088026
1.44324183158
1811.12701599
494.005091357
493.4093794
112.727341784
1.29942321902
935.997942823
632.303415752
167.522429441
115.845157895
453.443088753
241.919644188
836.753699601
149.058754152
0.535507094396
0.506942500789
0.224812584931
0.271550660893
0.640154603213
0.844563440181
369.717134967
112.357360087
0.960313963472
0.969632502889
0.635398908904
2362.26895035
1643.28870352
1249.80502091
1176.19566907
1924.83891387
2004.3622348
1011.94490735
1550.31414464
2229.24331194
1505.22578125
778.927786261
319.358715431
261.482805939
214.352471619
1.13852395812
2.01483636276
1.38970723232
1.59277631784
118.261085194
1851.23253617
1288.96779163
1662.345014
224.135331385
2087.97130075
2597.51527025
2488.16417492
1.19056734703
263.906539769
634.824993856
579.2956043
512.113947628
2.70332483522
1685.95939299
1979.23811616
2284.19485971
1011.60187898
0.795507582326
0.784782094215
0.764487126634
0.683430304224
0.671798318788
0.6631987938
0.715968578625
0.816670792411
0.701666489415
0.956212432581
1036.59266702
756.846143716
336.553905445
2386.95266323
2211.09779584
2794.22336507
1876.93355025
1489.62904315
0.743116633335
694.957307005
513.177295781
247.776003135
455.107943662
114.507756835
1039.1860502
838.039580389
549.704946265
0.535501616551
1149.42264985
169.436505168
1.1381154223
0.842561390677
1.01873367503
139.256602401
826.737777866
942.440125701
1127.17030156
481.292503792
1143.71415518
278.47459991
683.707513501
2339.66588254
1008.20206688
1.30551693055
1.41594993252
1.78295921462
1.47344193332
1.48994701739
379.857809387
672.413849564
1.33919386119
228.95592937
136.503952045
218.240277141
1112.43259582
118.059947131
705.350990537
144.297781207
0.561715454353
1307.1257106
1946.19559113
906.185063788
548.563449133
0.0
0.0
0.0
959.965853009
130.17629047
519.994355135
177.689411548
2793.8307729
0.314138652815
1020.69491856
2328.59904376
873.339239564
1800.05279554
1374.02249121
855.719048347
1529.85499626
1681.19600646
0.376671948874
0.323502154725
130.57397168
657.392629866
0.607087174493
644.932966562
113.905011487
719.264432043
453.050097668
1047.80536007
530.421567202
415.80299613
609.980142495
547.422120501
327.046019842
650.66691897
221.121752533
616.013726788
680.471713296
670.346559598
630.496897246
579.527702086
458.445791313
0.424635409146
204.956262411
182.368266961
294.81851795
332.024097685
238.568956819
375.860573545
187.159428318
176.089355371
414.085644802
527.560831832
503.892773033
408.238965051
419.566887302
452.778698358
137.979159336
583.363542642
1.17506013952
485.987239243
555.329766988
535.70182336
503.344042776
483.061130058
0.79565003284
468.487475475
494.259486456
432.832223441
0.198610529125
867.556791547
671.218600057
226.794713712
0.155041053273
400.245825731
0.268759878215
1494.0204892
1039.64863425
0.698779763355
0.834100977318
0.782919555486
365.773615467
921.630629759
298.350206642
155.679779941
241.017501547
426.695596813
233.757605641
1.13680182475
1.28366770161
0.969058232652
1.28471242706
168.937632751
294.02591029
404.014570797
1.23753168799
160.508951924
3137.12935069
2896.95047571
1479.82347855
1845.86370179
2.04128742204
0.957101532333
1673.90360839
2733.61315655
2026.94922517
1590.26652937
2553.12030314
1.29355907487
1.38336087435
1362.07452023
0.612187170064
139.805892466
1188.72138782
910.098571353
342.081428772
226.084271174
133.752990029
218.879054241
981.329253786
368.868748451
118.311245872
114.107886852
476.765948898
110.714977292
0.23842046024
130.575402665
118.007613321
241.331963426
719.082455248
785.935997966
315.229651873
116.085687582
115.88901998
0.833282550567
0.819193534041
0.798815449059
629.85524876
454.999208248
254.302039678
114.09688816
377.926774233
123.363846837
0.364495417688
139.485763397
134.593179145
323.811657447
0.91775898949
168.067068463
122.050327516
177.570096189
464.761794919
330.408953969
142.097523772
0.542040854456
125.78857752
0.72394583389
454.783368982
422.234437118
392.056719063
134.563887048
0.701209770113
296.319355078
414.895787683
375.954762449
341.27091662
2.20783634453
858.514610886
130.103122664
532.038491311
2.08550820466
1002.62266378
2779.44529074
111.795850663
336.553639236
380.032683728
131.25535024
128.19961479
128.397629191
357.268362477
126.141640375
121.842276381
118.474868585
118.333827024
2.98564207052
954.131324491
346.568595958
397.959030703
417.885010715
429.524313193
410.914863293
632.022143847
1.17307700138
485.288477059
2795.47585381
1641.11880848
3595.42668833
1088.90476102
0.0
427.42971645
1079.27489462
1490.7962668
0.102757121456
702.473017664
433.695037235
420.374977837
254.883074068
217.495886818
1702.7555514
2119.67758434
567.14359834
790.387856938
474.016718001
0.27010994189
0.241536740456
1088.91012338
1205.77228845
1411.9324558
111.388595774
118.256601065
890.594305285
1134.77038322
1139.94009664
943.433201705
217.320873238
150.01463563
0.399092887953
705.477347401
1207.55653902
0.467135662552
178.00880677
5912.51951406
0.473868048147
0.635749500481
190.150370497
0.336058593273
0.170552058081
0.13627480592
0.18478019613
335.735321499
0.481773651088
0.311341847098
0.389218857118
704.427941694
656.570443272
1758.17945357
241.70305671
115.787304798
137.673989618
556.717185566
277.566932791
811.379280288
383.007238736
825.936993694
826.102539275
612.954583269
393.667305002
2314.02425101
688.975571966
0.0823502147834
1918.75649813
1918.58575818
1878.28277654
1004.10376919
988.615172216
452.203225882
341.970649283
1884.87135864
3208.67667573
150.749712497
208.726186216
209.54686794
191.856269241
180.364519547
170.449859008
158.451999984
149.510325076
144.936730089
0.271713806666
0.209628478371
0.207285833453
0.14665730575
0.126254935208
0.125436734424
0.116367249982
0.108165224105
0.10287745794
360.084805975
441.375903911
328.162238162
409.652986237
122.972424887
119.856606817
269.527952221
551.628980539
1157.69752514
781.098008003
1641.92208562
1138.2770652
896.120410347
2489.04814474
2105.7917915
1300.94951864
950.57987832
248.866102
138.197534188
0.817001767506
0.708505631621
0.673524251818
0.541379563608
1632.7510613
796.05764118
1169.76823459
0.0120569933193
392.222840521
2088.25691492
1237.53861902
741.226787065
1544.19505213
0.0159795705061
0.0
0.0324383198216
523.735152505
1036.87595189
734.744491938
155.705634668
121.765040171
141.762949501
0.204946800711
1141.4917231
2506.15927549
0.29592030686
516.132693644
325.742003819
327.959212946
1254.0876666
1529.67312416
0.238009260426
1248.36358931
506.732299508
1971.11784482
1312.32249225
482.408084902
1447.65182974
931.415746242
1291.00658757
2006.30761492
1925.60668086
163.338028797
1652.8758867
1730.83657673
123.751750212
0.501940541412
840.985113539
361.346046817
0.0127515522893
376.534713282
159.227569209
0.0729126053547
142.091848614
664.178943885
0.0
949.625374417
0.0524395071801
3921.17576402
170.181296381
207.992858767
198.824355619
184.887514322
174.200457374
161.510357788
0.433421506443
0.28051068583
0.222167412361
0.235951354802
371.714198692
2474.26159336
142.012470332
428.740689032
406.114597418
373.552393786
0.166067635384
239.419601678
143.760516089
614.984969108
602.229939937
593.153109382
525.331847245
327.919733847
442.90597666
458.445281211
1526.26772849
1440.88633379
608.445160071
1716.06766766
136.511280803
0.659948263929
420.243482385
457.826350443
485.087780682
113.867488109
1.10918206121
994.505933327
0.623843772085
0.742484927897
440.260533361
0.306064577649
1113.30849878
1100.27667917
2296.48236714
1675.91019004
1176.39896329
0.78286531122
1087.3359905
947.10809102
173.722508017
345.238984543
152.860832521
1114.43548785
1418.75803319
906.404727635
151.184553934
181.741110172
398.010618467
0.817685319713
2.23888063486
215.415222149
136.006559015
503.047973392
570.669185072
0.383309772449
438.734510794
783.059059268
1683.55876524
1980.03904139
255.270339671
1299.64904298
188.18946287
0.56544604395
215.679752787
152.691459004
963.895704342
274.284131213
0.30173744296
0.39650434859
0.756206545116
1381.50666573
2696.46060008
3311.65620842
692.209153273
1390.34024905
1731.51094439
2310.61279569
1893.35725042
1754.10755328
1415.30995405
1216.87708557
714.159681255
0.193052902157
135.523643086
423.184001786
679.557675875
608.597516565
422.154124094
388.332700989
368.837610603
119.116741763
523.932173442
517.784859216
487.023902221
454.379873743
392.101638289
124.316790043
1.86172764949
1685.87004919
167.49884495
514.063510511
513.222631773
158.332817796
431.931804252
0.197100833248
244.467466316
498.22955551
578.474060426
395.017592325
261.730670835
194.2567106
1069.04451171
0.653847748154
163.510881025
436.786850719
1000.67357416
1577.53058195
1178.15757512
307.342028684
577.374837627
1276.37380899
0.805049784755
126.458960792
0.306192566654
1182.38826863
383.897392658
0.492146745126
724.235463872
0.739010694615
837.485392195
115.358780159
197.882337517
883.39380811
984.459432997
1.27849208036
1.37002562763
1.37472148688
1.31202917955
589.226178652
114.02056343
1.58286576994
486.747265507
466.34467728
458.285279599
151.453690036
1128.00378937
231.708061444
204.873245606
547.631626678
1184.70078773
424.442924301
442.8674986
124.551038403
273.150410914
548.854534817
534.26861791
583.55061206
1.12674975026
0.526508890584
141.060477838
120.145268765
191.995100385
0.850352486592
1.04103686393
0.934643936958
0.981237814307
428.513326992
1213.67147358
231.510605849
469.363263625
1.98026044788
153.877777849
3.02077798271
2.577231046
1612.21201323
257.11369951
3.67550120794
352.074254679
124.827556732
426.733603282
124.644494151
0.681262339686
113.998579119
118.583419052
127.650534715
399.650652335
424.7464493
438.634714554
448.709371792
447.241392271
414.235035633
199.943789075
112.994248784
220.264226679
2.39051366894
298.498426931
315.840503044
379.112902663
637.966509607
2979.07550483
795.563816689
452.471422152
435.070465301
448.948759035
467.74542453
722.234088215
1076.55325452
903.882690016
1.47555963664
1.30543293299
1.45529889738
121.669994872
121.890335159
167.733543013
539.089734197
0.490257389649
1682.72881833
453.728628096
0.719603263342
0.671303656373
2419.37545662
0.702663655093
118.799835849
227.65416201
232.159276699
796.459052889
696.699690592
294.540237663
132.826111577
294.981508901
218.074351021
336.226505777
153.5389031
960.588616428
1.15247678896
1.29099427261
420.298714288
1925.84783318
418.782171677
125.701323915
2.04061124048
2.01600485841
1.16008680415
1.72031547841
149.040920484
993.07117959
128.302058602
199.481401166
595.136152167
548.584413578
511.721703907
1.0575847174
117.169828691
1.24305820643
351.902085767
456.816954905
4661.01716512
2726.21043784
1357.20900563
339.328589859
0.727244542782
0.969088695826
582.000269756
346.082991676
2865.35754361
147.919619418
261.411823261
210.908301207
215.715662848
0.756683768138
2499.27724616
842.785627729
357.836357178
277.93353158
118.78540196
1530.43377247
119.31030831
1368.86562084
2097.43350399
1537.76962422
609.303014484
0.614024572049
490.467269336
0.766206785565
2.25774586782
2.26128390047
2.28643897844
151.363734976
238.833357342
635.755388788
731.101257383
1.28638992821
1989.21732914
1421.92014599
1847.72854668
900.427467513
1706.8424018
136.485962097
184.511492709
614.996340903
362.414483583
521.093977063
1221.41559779
988.761733275
1674.85192276
2505.53234717
1153.86291433
1905.18293228
1723.51414759
301.327039987
568.700142115
1464.31722842
1037.98962985
932.934273428
1292.02314033
974.977101256
1270.16116346
1272.05509043
1188.74037932
1895.70418987
1199.1317003
794.94110787
0.66691006293
0.521172739909
363.283687731
383.945599781
403.246902039
484.5401639
445.60544047
134.721704073
244.174069706
272.163678609
293.20547937
650.924422143
1.74921114206
530.62235651
513.90197144
149.894097013
3.67662912886
3.61455527549
3.21154969729
142.077671001
377.456924086
125.914161007
130.852896003
0.890989425163
0.908494789011
112.892040023
0.72062440469
0.753627286632
254.872491385
259.750864171
277.000537164
415.240194541
280.047862696
251.34056619
234.876768954
290.219945853
0.303844098934
315.953382
0.916417698115
1.12805188784
1.67679697994
470.498022484
510.191490453
400.932591395
357.494999507
676.603979317
146.67325561
1624.95698103
1256.34988365
258.360797115
334.3466401
239.038663046
227.669058325
222.360612751
214.721875429
195.459461041
180.630723399
182.195660069
191.903266262
1.48931607279
0.750267752651
519.535023952
134.901483671
164.990668421
377.503992501
125.843419106
3.46714075795
684.716736103
500.263527563
1577.64772512
1.839454548
195.986286597
1947.93523912
0.990975471615
1513.3533643
1717.55693553
778.144639894
163.708444012
197.823216753
2231.30299169
213.931939848
220.282110494
334.090494445
175.380681516
4297.90572516
3878.22691694
1792.60046497
0.384124791234
0.125134939386
0.0927635896945
1292.47819011
0.151268366082
357.108743495
0.560978688295
2469.02297358
1.04449466996
1396.86477746
2025.49507805
666.138616311
798.430425104
931.629780619
686.587881603
120.116452547
1401.04925231
812.338675714
1.124137612
113.674486594
113.964724177
1.36054455319
1.02887869457
1.34407826546
1.77096930584
2.06603818163
2.45960031068
1.79457015264
351.263597406
1045.48470264
779.704864981
1058.34799512
0.861414538442
0.943301979107
547.672483933
168.696576243
0.938502175287
2462.82838811
0.991887664115
1063.946285
903.268950548
166.881610401
165.161766584
131.898380935
2.31597382804
614.729442666
173.616093052
1574.31426533
0.830361045403
2063.34062738
1644.8295657
750.478666703
1343.5635926
397.892347524
111.428579752
115.256365615
113.579400058
0.593449025987
378.120436084
429.692404266
921.427882734
933.04415397
1039.16507193
1373.35295634
685.670156348
306.674849314
0.627620622277
676.854205299
111.670648253
0.85732018957
0.462007440275
1222.08472859
387.716830904
500.14288225
601.345020613
460.634972652
76.0253087637
610.625375645
337.709928202
0.94566894777
189.289155557
910.954535503
80.909263135
246.900450232
1.26880326789
1.50488996037
1.48587959416
1.20569883116
1.0792307932
177.369286068
629.166565737
531.753822268
696.826998352
71.7828006889
1.05338581068
285.408200691
109.321810226
1126.4643449
1337.93343021
2.25474545051
921.086053144
451.963227864
2.16437590691
107.806077645
86.5702277053
2.75320894981
173.499006535
93.9455139466
1359.25099083
2.10151858373
1233.43237126
913.292664032
613.626485289
954.788557549
97.9164223581
76.6270706691
72.9669843137
0.503559868704
0.672001908421
220.496910525
221.165099186
548.048667149
551.676572915
659.23331397
883.852548097
436.668741277
91.5820895838
1.08726673791
504.921095229
89.3065690439
182.526828338
75.1301636219
247.910784772
479.114769655
767.43170377
274.787556716
77.5743103636
196.670405502
1221.72331662
908.57350509
795.898186792
390.832623778
229.250986585
369.921088021
1125.05150953
0.753346127503
199.880785274
686.16120289
537.98614685
630.298012489
513.787607529
303.130628715
138.939285348
145.745359768
91.6291156959
85.5424286574
1.59600993798
1.53615186737
0.984627886578
0.968319781915
0.693980122727
582.953995097
601.953703871
835.394227141
657.884331646
841.505852888
825.172340728
1.43365075875
1.49724710683
1.71223832107
1.92028062079
1.39261797385
94.3708713578
333.049469578
281.752532345
1.32449416899
1.16105213408
168.33343371
192.60251986
257.234717194
287.216955645
261.223539346
238.827689983
72.1141610181
76.5556059232
347.71040191
1.68024229253
2.17546629568
1.97060879073
1.98874844833
2.26370457783
1.26628282663
1.98668161133
1.36192761517
1.34996391487
2.05981876287
1.67414331791
1.11414609009
0.825278458989
0.762843347728
0.797590414437
0.533755433231
0.423195764209
239.042717519
311.447173247
261.900578734
104.186105697
252.492780946
74.5953238451
253.12371559
258.020205772
294.993046784
0.558388049273
1.0498785579
385.304774366
99.7924625356
129.340444699
0.483879177382
0.64611593104
0.768831062262
0.769947802265
225.088994235
215.616326689
0.419251125779
0.416028402183
0.396296294523
286.804214676
107.160266523
299.672057062
273.355559708
249.747303534
80.1722520217
1801.49603391
309.67356547
417.425292852
524.824790565
535.385426947
586.443219275
98.9279732021
1129.45427246
802.384539813
578.063754785
99.9532220748
580.408083407
1.31777649223
0.680188283991
0.593085584789
0.541393637968
0.596676112967
0.530842673295
0.941296422829
0.821754633217
89.0002295712
120.186516805
230.750801459
458.601035576
1.20076556456
1.14317764778
1.25579828446
143.301904112
157.884792189
171.780471147
270.56745611
103.796571645
1.2811607974
262.184607518
314.430997651
181.066125658
3.44144793361
3.05513692677
3.03365073944
3.34719105907
1.25449689195
1.0450645459
1.22087258753
105.988230564
87.9381670542
1.45176686051
1.64409239776
1.75636998618
82.5406069715
808.290216321
822.223624236
1022.53412848
757.713779889
415.475674498
1.9530017335
2192.50638967
245.275545375
746.038335487
831.056100475
732.55491516
647.526917009
3.82906875161
80.591287239
73.6464997812
2.06557909539
1.90471456355
1.84090476148
88.6158797739
129.979439015
398.567686972
783.967177416
1079.22650982
302.48084784
190.556173193
140.992231289
168.724479613
132.235280867
5.09530572207
219.993298917
3.51203530605
1157.36333419
258.057838082
415.048941477
228.964942384
196.415896794
97.7434766971
0.953471274909
0.392778653469
0.403180550627
0.367153837156
0.392911684934
0.388253272959
0.586766432798
0.59040680916
0.869461247384
0.720890735204
0.747327171658
608.86561687
1.02051943786
929.42208574
84.0301904544
74.7124533962
468.637571442
223.612505848
661.978432555
694.150917024
756.055389652
257.629578362
758.201940745
0.561107641114
126.861092334
388.515821064
78.435556433
0.491752363078
1.28578389354
1.24685399115
0.897897240506
0.779688785717
323.911910048
284.674951964
75.3005991652
1.58572967058
468.033730255
110.472966884
1.63577542658
1.64320403339
1.70171602959
305.154234458
852.70138858
131.918567764
397.132470342
198.606522151
1286.4662056
90.3635020985
131.581170153
143.602254798
186.372089017
105.202783024
0.517632219684
88.5391658213
0.618470538447
0.441148465937
535.2065855
0.457571869331
534.491069396
1024.6149253
1119.66626069
0.991386704836
1186.44021656
561.355547608
314.363741835
1320.98318954
333.356512885
607.131092293
1022.4638332
941.475647254
601.673270649
455.470718113
313.600207618
609.149829898
105.636354785
127.821899341
0.948376282895
232.355791602
80.4343416711
125.129673672
688.293428505
87.051719738
73.31620322
0.530095503206
0.778951807547
1.1588183542
1.34730981543
88.4997680461
0.997080114157
0.884026491217
0.743239307165
0.701822047218
0.641516898496
0.443502788315
0.485507908173
1.28147322437
1.10916632765
1.26108935096
988.874587885
811.601677392
177.095047865
310.418089468
233.865552431
1.24979396623
1.15998645719
1.0753616005
73.1214770719
418.672982328
91.608023417
1.02973936476
76.3317492252
1676.09218277
187.038400919
116.180519697
247.43797087
353.089048072
460.098144995
338.457879601
1342.03589958
1.00329067991
276.211587416
244.426264402
148.283783051
74.4690802188
289.881278994
1081.76466285
763.712630966
1345.75882136
1396.05752723
1019.9914521
264.765201767
97.223407474
83.1731826123
1.5126075084
342.946445431
6690.49528695
240.05505893
2.45752516045
273.810679566
86.9610266392
334.901176063
387.154079963
6.29330525811
5.61357374853
0.470917889411
0.458676130246
5.40484269184
5.70912509556
6.60569422574
4.82757292078
5.12370599357
5.30660333835
2.52843381323
2.33713205822
485.284273463
909.282701625
452.61007033
1089.71640031
947.080020453
820.031116473
3.77648151494
1405.76965409
932.539487476
1033.19978422
366.298882408
461.13047817
149.902027948
3.9888582127
3.19924828677
2.35087334481
2.63143102131
1.32447788649
357.634452526
762.467738281
891.925888848
1392.0868143
1394.76233287
1072.73708571
1156.35187055
94.4903657488
319.305683361
318.867949208
349.875874706
722.346890565
96.1258598431
613.528729309
1523.10711282
1126.62339167
806.420957628
253.437647667
4.82203889671
5.1636946341
5.10639262547
5.0261308043
4.91278762754
5.07839249294
3.32522029366
107.027779054
0.657136687762
294.94736123
1.24611204819
76.5641570624
1171.15725721
779.312711373
1802.69701621
1485.96360252
1087.96573307
602.150654673
1.3745692426
198.875721172
331.138223876
354.724085933
210.127782175
293.088021216
96.4290063478
820.358265701
684.096751032
1.39825438796
150.139812338
712.60809145
280.189431253
127.63090441
1.15108242068
436.865487754
205.366833494
178.824942269
212.807297545
0.371777872055
0.421638375505
0.309820351393
483.824901457
0.467561711281
79.736671271
1.12883212397
1.37996581363
2.05892314719
0.908000893398
1092.30834148
106.25765391
128.656934369
152.773716088
159.140504788
305.946108261
89.9198931194
0.843389184205
226.645936735
0.669536406019
153.446055005
126.23944792
124.866857226
1092.77575214
0.138748636761
316.025346957
164.685308153
0.0
613.309140056
91.1243612658
134.755533161
110.171706138
75.6607902665
0.127119857359
496.566470611
94.110610319
203.427202602
801.801567148
0.586182842482
560.347676699
794.644842051
0.920844179994
0.858662630436
0.630076495427
891.045404403
0.744786310309
254.359977203
444.844521024
295.273354584
0.584147825082
241.7002431
0.318387340585
357.890697357
210.082675381
149.257906119
130.932848567
0.693544339526
0.705233539329
106.546214419
0.871633564494
0.727122425623
371.558673946
337.754926736
254.316927583
163.358886382
133.445428202
117.153264118
108.865064531
108.22803596
107.597832196
81.0812199732
571.575777269
0.21321422249
479.481065575
86.4218723257
100.012124125
109.374722858
104.942463648
105.036312284
1.000383672
298.816958863
237.827212453
0.634338230753
285.478528477
326.677604228
323.571571783
301.789034283
290.87248655
249.417132789
90.9748565599
117.049424255
104.485694883
91.3322613315
75.5939584057
724.071223593
0.176316116417
95.7076510142
691.943124026
532.598191203
399.574671817
361.447842725
134.712692478
127.441185201
663.800102418
86.3511293196
211.389806384
80.334847676
113.222510089
247.67447298
270.527183026
324.812590528
1.85939400106
386.031659836
2.23276363184
261.764814529
105.223604976
112.428282641
1.49727972589
112.831203599
130.572207405
1751.51235522
1229.90297669
795.447196829
711.92092596
75.4973242158
441.255862635
1256.5529068
1058.17313076
912.869124455
815.557166513
1282.49742869
1262.50376457
647.132480338
767.846587642
0.871606565189
1.39231588267
497.878121818
151.992794205
78.096181856
103.854350948
0.499589039878
118.253361903
94.5055347784
0.695036277908
595.731944548
0.481275989676
546.322334504
364.215689597
471.133281022
71.9285889904
134.142300705
140.923417053
135.814817763
0.767686979937
247.388489199
360.826409221
396.062734803
367.917249812
336.846240338
300.067751692
119.005645152
297.239775945
1.65596458237
1.96667953689
1.58332670646
1.11445560284
1131.79388134
625.688450191
545.284453447
0.587933693375
206.331667689
242.78942502
89.2578035202
147.62581526
167.047668572
126.871827452
1.25423830578
140.838458474
1.32519015185
316.29228582
350.635828714
336.903351013
314.843208284
298.478236442
182.414083352
284.173170062
292.961730075
257.213059005
79.4622218755
0.278010989972
1406.90727919
404.111034115
0.296268501141
206.061657623
785.159897659
1594.27369104
448.485519874
1.23309125382
488.57762343
102.486046332
284.281257579
230.008917562
138.937105986
82.670414038
129.637842808
249.588739625
115.533790508
1.36083376751
1.45440408803
1.29944749849
503.517599569
0.767466928789
97.6615653503
111.605765604
525.275501814
0.551568341821
0.55574237501
1.03043892812
670.170188302
631.119748204
270.348288126
832.562150475
981.675139328
1220.26758154
970.926152803
266.742558911
393.850328657
140.846029239
102.906164495
0.974431025506
111.170619446
416.846177567
305.666658381
165.7400809
146.981351803
136.493542775
130.764585413
97.5966597818
369.29567753
849.058065489
485.048954825
0.188540252104
354.430682929
165.747948206
904.458018603
747.29389783
0.471886547588
0.595623382544
0.691010901098
831.155080704
408.608059018
483.852360824
465.08202895
435.752730398
393.91362808
270.849158894
0.757413478846
1.92433801374
989.992297317
1.8395353588
85.2729939138
82.5282834109
985.418803394
0.168914820439
0.819195168523
196.739968982
360.670767625
263.362503427
229.624468473
198.173751203
273.875878389
287.085362669
83.0849778342
0.977857307636
237.612907694
0.160384825116
0.221136521142
0.168621207285
0.321422866187
282.514330941
0.78921918981
499.030983883
556.709369862
563.634940201
592.881199639
567.632887036
798.457881908
1313.58690166
1259.33738008
0.188977389715
693.404768951
361.77490611
797.440807597
162.306166448
121.642679126
0.710017606716
111.393781639
620.468701764
120.807622469
79.4646166453
264.192257452
261.029442746
170.907375578
638.306987724
297.168975714
1.46358776469
685.868736056
144.223231419
74.0297629705
1.04714826404
113.101678895
99.5241582087
1886.20358418
1041.01295316
633.418532433
1296.87790861
529.224765904
388.796118397
1579.67073173
846.077504676
919.413660636
1302.34720444
1517.99191063
