0.0
0.0
0.0
0.0
0.0
0.0
0.0
0.0
53.7996459831
0.0
15.1926383388
15.4030600258
12.1340033222
11.8382658162
11.5191650721
6.60763618982
0.0188898311103
0.0193896795237
0.0193834287582
0.0268085142916
0.0503897468876
0.0418698565179
0.0337965263771
0.0325025028604
0.0291689467602
73.1529081191
24.9502215727
16.8083112014
14.5009242736
4.62138050104
20.6323113548
14.5846307476
3.76774301007
4.15577319048
225.06462333
0.0138351584866
4.22668647308
3.63243031591
12.0062658946
15.6191132861
13.4257508546
7.65372159152
13.1124925927
12.2862644724
12.1622902995
6.81318810909
0.0144669421489
0.00922145976819
0.0123731428245
0.0114690139829
0.0108623253351
0.0114612134808
7.17932372199
11.8642552247
11.8308677559
7.6380313732
0.00636610148459
6.98882724332
11.2370059042
7.44129325352
6.8737728709
0.00375760977693
6.59647820817
7.2553626441
6.75497199598
0.0183320113894
4.72086870981
0.0129855277995
5.0042416815
0.00461281198036
0.00485690201983
0.00671973550565
0.00327401146645
0.00593920533722
0.0089182210995
0.013658948097
4.97819569438
0.0184660595746
0.0130083451319
0.00670469899272
54.2734729313
315.107543079
0.00309004282105
196.632280868
105.102990714
197.32946698
163.924754227
81.1815424843
0.0259546381071
0.0198685518501
47.5607357096
0.03693851744
0.0310049018974
8.29473111828
14.3840667656
3.47509865775
0.0297194241691
4.52969877734
126.089191715
0.0529435253564
160.900189582
36.8497237304
38.2917925357
30.7264877271
24.3126592185
22.2657056782
13.2555554936
3.76192154678
20.0030308015
15.0814457678
178.145298036
110.61828008
23.1270059377
14.8007168915
10.9544086016
0.0582990146765
0.0445159989206
0.0359441898175
29.1853943105
0.0380728324092
14.4825728596
17.166706525
4.35396790705
0.0223996647881
0.0215182776358
0.017916079794
4.24617612545
4.80005854965
0.0137078675438
0.0102558755466
0.0102731893248
0.0217349467767
0.0171751036724
37.4048938187
44.7791409048
44.0562617802
47.2170883556
40.8198992638
0.0128994459555
32.7989858091
46.6562123814
52.6149615364
0.00513298435209
0.0106649157763
0.0151446370259
0.0135868444187
63.8772300171
15.5741703518
29.8610758015
41.2347882544
35.6887414441
33.0693751868
31.078104904
31.0653813913
29.8427442113
29.8730035365
29.6319345636
26.0325415398
27.9825892651
28.1948373973
305.998343517
390.39819823
332.400576883
182.409185311
154.453987822
109.830122091
54.0908638189
48.9608347675
45.0699786108
0.0704889661151
0.0897597985373
24.6523751048
0.0940450249513
49.2249583523
3.78327382113
5.72486099512
0.140606993138
0.106465006052
6.53747581513
6.45913285923
42.989509117
16.2686582938
41.1452663824
10.9454120502
6.70713819605
33.6648644142
4.42790129344
5.25821656488
31.6995294037
57.1513856773
467.266234841
43.3387508575
26.8108524958
49.528160866
125.112260084
44.7153480974
4.78980020127
70.7619927727
77.1912135549
34.0333362946
39.4745776902
58.5613034218
32.6606817825
8.19977903273
19.4430891632
19.8989252891
14.7860906356
0.205696055462
5.40382751843
12.0454174988
11.9897050239
4.84517964739
39.5214430536
30.4308952208
16.3934375663
3.66810584647
5.62985305879
59.2417263682
0.135099828335
5.91353228034
6.11355736556
5.44811723196
8.0100466505
5.35258283744
27.2764629983
26.1868516052
25.6049376921
11.6507100345
17.1706681827
38.9008219712
9.46344411023
0.409775547142
4.54373199981
3.89702176953
18.105628749
5.19912591126
22.8486758591
366.87972127
0.054251490147
0.0877947460691
180.536952987
87.8138709535
110.550798026
117.421355185
183.732941885
142.199571513
215.705611324
226.86342923
183.596633983
267.842290208
145.437961659
64.7892939472
87.9778841409
126.840634174
223.455663142
98.2353364126
115.068877343
183.976869167
230.082208752
187.916625829
129.08020021
174.875608132
95.1015050374
126.353595806
10.7825094294
71.4202477026
116.445458955
49.6496286973
43.6479391316
19.6149002081
62.0923438396
47.4294886501
60.0396053881
104.188730575
64.2204869417
14.7844066595
47.2414594691
26.2117381292
5.76982135301
31.6724547483
6.27642821713
22.0766892241
43.191624656
41.2007884643
36.5706379174
8.70339372462
13.646601302
7.05659334472
9.16419199499
5.76791610371
17.8269108083
0.0451314562974
0.014537523684
4.13850725556
7.18037402867
17.9245426619
12.3422648772
10.262909712
0.0284461990212
6.78210185843
171.702900161
5.20711685027
5.58884101474
4.46285620093
3.67998872785
34.1430833505
0.0645150505821
0.0647828895955
71.3995656846
70.6049929069
64.1695520409
55.7076782255
72.9246988586
32.7833045818
51.6623370056
13.4500789159
25.3889084585
14.3893698703
14.5278429665
7.88853929004
12.3813743579
5.01613129957
17.0848794264
15.6829978424
25.9664654474
10.7844309574
10.0712206657
12.4084873533
3.66045377022
5.43932806329
6.27309216934
3.9715309338
53.5869315047
0.0326691490624
11.9586699107
4.12013670202
6.35849959976
0.0520252189265
9.0443558352
24.6708004908
19.3215635677
4.53699787137
6.70923267497
6.71774624675
7.47718387058
13.3116993035
8.32390004938
11.7422556956
0.0206500699885
33.7913162957
41.207920457
0.0503658373147
3.91546529291
0.0614106978182
0.0736324660692
7.59665335204
6.88637895077
7.48219456088
6.44702953236
5.98323091335
7.65222907693
4.25517382864
3.65468747889
11.7124612847
10.9347414582
0.0801378791222
0.050513992536
3.56087330837
0.0564252346791
0.0561662905947
0.054972853118
0.043213945196
4.77904547068
0.0949960486422
0.105622025018
0.136978558143
16.0185434397
14.9993495273
0.118508959721
6.67595899061
6.51551835231
5.60390597479
6.01085172654
4.75422189285
5.15266372566
0.0558023057349
0.0725281793766
0.084353393313
0.0912646922639
0.0838633146258
27.8923167117
0.0652891577711
3.72846314499
4.17967979977
0.0315308030003
5.52250959307
0.0372328037447
0.0532035766821
0.0448369624061
47.4252698374
11.5981862703
4.77380683176
4.75067257077
0.0421773781859
0.0671386021921
0.0687579888752
39.8735799182
4.21176444738
0.0736956528862
0.0387740478207
4.74265024238
0.0798907598084
26.5085952329
0.0582159152254
4.14065702075
6.07553407621
6.52087841887
6.17555979152
7.29744437782
6.80434244286
6.22273712545
6.11870767078
6.30476148917
5.67012460389
6.25397517844
5.56596455874
5.018311221
4.77707617009
15.8232480845
0.0551584701579
0.0993094973993
0.0798246191477
0.0647054478727
0.0752687847128
0.0701426749787
0.0697510660219
0.0661335489474
0.0768215610321
0.07651211575
5.22120149793
5.119744447
0.0712914230725
0.0409058431523
0.0527673939567
0.0606714443405
0.0367384856155
4.30055034342
4.405881281
5.89135677956
9.33700072727
5.94983934483
5.69426127394
10.0002653623
0.0329130039699
5.42220278248
0.0172012182786
6.12226346405
12.0417102337
5.98851696553
7.07839922282
6.77577554299
11.6279729103
5.93522130497
0.0152106697893
0.0231172325483
56.3523443867
4.77304531793
4.27294645251
4.83408620047
0.126207552344
0.127232725852
0.106179315433
0.102676675301
11.6195034013
10.6530552138
0.0570076452103
8.98302596699
7.86196680508
5.0220949772
5.18558219232
5.28526030002
9.1600769871
43.7699121913
41.7206767584
34.4728492345
23.9375215719
15.9710508233
21.0441958378
11.2345626112
13.3572334084
28.3119848451
30.542455994
26.4077147514
0.0786642426319
4.9866564924
0.0867177968114
0.0991309308466
0.112692709241
0.10119471889
0.130982733452
5.57835839729
4.59580329354
0.179732437639
0.116538579532
4.94300726882
0.149721598268
5.16476089318
0.12885653361
0.122147532511
0.274660995664
5.76048716882
0.053373558664
0.0669133258996
5.08544786647
0.0730504222093
76.6888434922
0.0710960732092
53.0695921362
31.964190468
42.829529597
30.6708034829
25.0809608735
79.9051149176
81.3686614914
0.164021620826
75.0838014376
0.132785414985
0.132266560259
6.55488270471
0.129494839654
0.150754512181
0.0875792502283
0.0835865245929
12.2865013863
0.151163250651
15.5852293133
4.12012053709
0.0823748465501
6.11367713653
4.13885728034
0.111268419606
0.0623170793628
15.1305958175
8.49480952636
7.52491315148
11.3955934582
0.170698882775
0.187586070787
0.162582410104
4.9168020149
0.139974772396
5.60496040125
0.198100987389
0.0710762701744
31.0508237609
24.2369837061
17.6551797603
20.1154852948
5.31150750087
30.8693317936
40.8710039084
0.111392714647
14.3424051023
20.8547234184
13.3222844931
0.0340951255403
0.0277782150578
4.34209264212
3.6025502388
0.0773081906803
0.0317600544401
0.023660759992
21.2646658007
19.9202285427
15.1619963327
9.5519426112
14.8249072003
14.9133429464
11.3000330033
17.6990278366
0.0637903256
4.5052931348
0.0548727966577
24.5361303605
20.4010848792
16.4042792328
13.7057345252
14.3183373953
13.1934632528
4.01153124722
0.0515838660371
0.0477618847482
6.75064285184
7.47078373856
6.60623038528
7.08911376164
7.05894334552
6.54490347651
5.30651541986
5.77721185577
5.46545433023
6.07274281488
5.57076409628
37.9230363684
0.035980069122
23.3359030736
19.5863960949
17.9432038138
8.13121204726
23.6170859784
23.3545640537
4.02522034327
0.0556333454422
0.0608943121721
0.0460617573314
0.0664289597857
0.0942866607234
0.0949437404021
6.55180860732
5.46770156038
5.33081041676
0.0486855926965
18.5878227594
16.9282098888
17.7300864562
16.8623363506
12.6605348222
6.44307545919
0.0481678372564
5.18894071886
5.00834208128
5.35565866186
5.26813944622
0.0375111031658
0.0299389138621
0.0305535136569
0.0246512170962
0.0310179769991
0.0452265245803
0.0451305701921
7.2476877336
0.0791169686669
7.84649614553
16.8214522322
8.95054653442
4.54660212938
13.5083811774
32.7943705957
88.4315268742
44.30897235
0.0720337149821
0.0505517896777
20.15072501
22.5046053456
55.7733986128
67.6808557528
0.0513322482393
5.22508513095
0.0425481235642
0.0627686663981
0.10102934054
0.0590887894136
15.7475710392
56.117680493
0.0575029037469
0.0748276123055
4.97696413484
4.8320864665
0.0717108680971
0.0694674167825
0.0723476681982
0.0818750724982
0.145185987667
0.0234922153139
7.07062746177
0.0232747071782
0.0338190657993
0.0610277122676
0.0217737370114
15.8997811103
13.0048900854
7.9727614721
0.0316272782342
7.95717796248
7.4664619567
6.40653317729
7.3035787732
5.6782256517
6.39768512241
6.95156496857
6.00858255217
6.32723144898
6.54649069841
6.26592598565
0.0481662029921
9.9420629644
10.9555703851
18.0838706913
10.8038736351
5.91709416774
0.188964573979
0.173801964112
4.01177952364
0.0655229753569
4.11265219614
0.0904435759179
0.0940021815791
0.111913291979
0.0970633936675
0.171583953086
0.154516897557
3.98430514135
0.0855340246366
0.103258850769
0.143914241132
0.129116330171
0.143946772868
0.234588880864
0.245529317221
0.194910367961
0.210393057147
0.219275488121
0.226212111026
0.215364539157
0.209928585267
0.227070023917
3.6481536809
0.19699956984
6.00705132252
13.4139812597
0.187630407887
10.9646086863
7.43022907971
0.298169465071
0.259029492682
40.8939398848
0.278925317792
0.227776180786
28.819018696
3.85292085487
0.0535845546084
0.0780792130708
0.075762691143
0.106425333889
5.41274456914
0.140261080143
0.187685211876
0.145379647157
0.148083046828
0.0902586776604
0.104504477223
0.11852775814
13.3323239849
0.135550861914
0.136001611027
0.129185989859
0.126120485276
0.12062345726
5.61923515021
0.0866523118949
0.0493973357358
3.50546032464
0.0985844279071
0.1028204395
0.105975845836
19.4390942433
0.0951961788962
23.472522793
8.80828219455
3.5928657502
15.7186254422
6.83925033889
0.0279001824713
0.030834710919
0.0323196242792
12.420149952
0.0156545295963
6.02466480132
7.76952671165
7.08698415487
10.5235484951
0.0704526215199
0.0279462807473
0.0192728381472
0.0220128381333
6.35435622855
7.42067896568
8.13578514671
3.93326559792
10.0200077857
15.1688760274
0.121631987778
0.0962021627243
4.93534068476
6.72602257212
4.6609183698
3.99159192319
4.68479149569
10.0701119017
13.6647709133
12.83853107
14.8170204288
8.53436387337
6.67229089562
0.0328267334072
0.0498657758786
0.0604472375595
0.0478223921964
0.0458306698912
132.936166297
139.489328679
0.0200164622197
142.800648851
150.168788939
70.8271104261
83.5194850586
68.644776858
96.2181859304
79.923444108
33.443026245
32.7213251993
27.3151646213
43.0252960451
51.7410035012
21.4393600627
24.5139574078
41.1673432737
61.4262945701
44.8110307695
36.0063369406
49.6823354351
54.8302813488
39.4200361519
35.3666067639
35.7365759675
35.7898621574
17.8610512482
44.7112498361
35.0456518086
31.2110954446
3.86926942731
33.0667543967
0.010722900906
36.278691233
8.90731510644
10.6585538051
17.2329841757
0.0318675319268
13.8612613114
8.22151625912
15.0782311009
14.6141815501
10.9862398269
5.06560963371
12.4018609798
6.2738003318
12.5835777394
10.9430976097
15.033097577
0.0251669891123
0.0284635781717
0.0223207774374
6.07428644005
5.00810080546
5.64875389537
15.2518175702
35.456409091
27.7663299954
0.0165803335351
53.0896494025
36.4129663876
8.68301219344
9.18966568065
19.0691653655
18.7665434715
3.76006040621
11.436283242
5.19295963691
4.08277187982
0.026596299672
0.0338238237248
3.71134600172
4.3481331607
3.76793840361
0.0211627299706
5.54463245342
5.00693339183
4.0858107229
59.0341969343
109.604133548
0.0377221813539
3.663983164
0.028207974124
62.3031715509
75.6254290718
36.8684723823
0.0102811794656
4.64526016113
4.93663081454
46.8893202233
64.5365036326
38.0963501725
48.2089912221
61.013912841
56.050383003
36.5978824388
30.7238684004
22.3158904276
25.1092910237
48.8891472438
53.3736474152
36.9755455109
28.7569604463
4.63980055789
19.3638686675
15.8381666672
13.3291686995
12.0869639696
7.24366660171
6.68787422105
6.8663263942
0.0261102113801
11.1432109916
0.102433061582
0.128216754398
0.087430779842
6.82625933291
0.114716830237
0.114842984807
6.26443276934
6.56466695937
6.9869820507
0.0948085803024
6.32466979545
6.10073665012
0.0855505558074
0.140508733343
0.0797614147819
0.116133036716
0.119306804525
0.15093616232
4.83004322541
31.4176128656
19.8074005675
5.47830044637
9.15752420285
45.5882188626
33.0290716185
29.4477377341
13.322555286
39.1246619817
55.9677855051
0.236158414404
4.21058715989
0.102867146049
0.172674824689
0.159167734802
5.68474588702
69.0197728521
60.2711746724
32.1170943091
33.8034897681
0.141134253036
0.113735266514
0.110730006426
0.183093952309
0.198960860972
0.214991504788
0.253301484762
0.294960560303
0.293922105285
7.9286284723
19.2858827671
0.348089959441
0.188973818348
0.156276703223
5.10789588817
0.0969382283087
8.07175246553
0.18343495889
20.5249857547
10.6049971837
7.91788886314
12.5123780694
24.9110534274
10.9265090276
18.43285482
0.295401870995
7.39375966202
4.29197332906
4.69666213
15.5056748583
20.2791779338
15.003283403
19.9556003784
3.79274267269
6.05876405712
6.016952386
12.9362179878
0.0589049059162
5.42721392235
0.100166597395
5.73326675738
3.86518271133
0.0873597580813
6.28049914803
16.9279422006
9.33249668577
18.5766990345
15.1967083026
0.0699178295229
15.3392953555
20.0033096053
35.132077136
26.696945128
6.7120205844
0.0574973898336
11.7520002969
35.7990793639
35.6966781106
8.881691481
5.05684756372
4.40149084061
3.94265792809
0.0776406588156
16.4896084217
18.115276858
6.68059223829
24.9047188571
5.8530648369
8.07846968118
26.7063379567
23.4641898917
0.0802137795301
25.0754148656
21.676776158
0.0669281590378
19.2658013445
4.45923571691
5.86318125205
0.075246747838
5.16590338913
0.0844560766048
13.7739600763
23.4494040801
17.9604820671
6.51729819942
4.732416125
0.0608953093035
0.047641753292
4.48276818595
0.038225103189
4.35712507015
4.68775204513
0.0467183363168
8.80343875051
5.95339867018
0.033728240895
0.0410181237505
0.0410836967613
0.0407340231125
5.48531027699
0.0369475466711
0.0370005706119
0.0371406798338
0.0484685669466
0.0516796280839
0.0380108122708
0.033873475065
0.0347941093487
0.0204195448403
0.0174730576723
3.89456237294
0.0346665206342
8.90948882745
0.290283042697
5.45113434628
0.130590831226
4.96612285844
0.153498195893
4.87029681745
0.0615561898128
5.42398691378
0.0686783236709
0.0568033511431
4.68113750036
6.46813411103
4.10680595283
4.10948777114
5.85558569883
5.56106711557
4.49492130134
5.29889684839
5.68601471057
11.6094167078
7.75039027068
12.625446106
7.36071332015
12.3163670199
8.18649579395
12.8038837181
6.95015560812
11.0178959456
0.131482726733
0.141402342052
0.169829019378
0.167514540482
0.17566684833
3.80680589418
4.5147105765
4.30462867547
3.66614986454
4.09895160024
13.2653333209
15.9377335581
14.6249314132
22.2869374084
17.263233713
15.7963886536
15.614966591
32.9178573231
27.3354569209
22.4258890805
66.0395783492
14.3332083963
4.62956524135
13.8487728757
5.34857929641
7.04452397469
47.6541341786
8.05887172731
4.39519379724
6.83805810457
24.5430543443
0.113086135135
25.5693697158
18.2190787068
41.1168601455
29.2711402978
6.45432390487
19.5235657999
5.06290366895
20.26493949
33.2148412943
11.4446538495
40.8454248978
42.187209501
15.7463514418
6.78909066016
5.27689616301
21.3103578202
31.3608018617
5.37325321461
3.92878464974
0.189553195689
0.142804208737
0.152450898932
0.209745869346
0.157664372545
0.134968226465
0.157031953736
12.1836086481
4.79514225129
6.12771770629
26.9482688939
20.8363063701
14.5483034845
28.2274668348
10.2612729185
0.297839810263
0.231522868481
0.165871831502
22.5636785442
34.1559522279
24.5323198385
42.8538280471
53.4020589
23.9484209961
19.0963743142
13.1698870293
34.7655063837
22.9446258518
22.5731961634
31.8580984451
5.17866762074
17.413581231
4.0653756008
0.0785897347784
0.0821489368102
0.0730879071957
0.10762120653
6.7598701248
0.134413475972
0.163019994336
20.8308168265
0.120218371399
4.30856550688
10.4390093954
12.9239032257
12.5720819595
0.132519113047
5.64900142593
0.0816901228539
4.15343764773
0.0905909950783
0.0553096694648
0.0628317911544
0.0499219867798
57.6934593002
0.125940541757
37.6148306701
5.91193425492
5.63226290528
0.22710094991
0.224421290564
11.1373810494
6.77647144643
0.206901012524
20.0294159502
23.0628026827
27.0366136905
18.4666017266
0.134813285201
39.8635284746
66.5246987267
60.0399257323
4.90294031282
5.68634174505
3.95248438559
11.2788488128
0.0645201842898
5.94722856067
31.7954377036
4.28073709977
0.0497620011867
4.76879217299
5.34603850492
5.01383760625
6.89786537324
5.02980971659
3.8874579941
5.75776014807
22.9361824106
6.81386204649
7.45970625116
14.3562198055
20.4152640355
4.43940948678
424.834734657
336.374446508
546.801572934
27.8080725602
22.0701623321
472.894260199
38.3463265028
84.7250612362
6.28280266576
19.9550653489
67.2557031171
28.0238583305
34.858394803
29.7772906476
0.138605739357
22.0128054407
30.4434123446
36.0124645839
8.83753439848
0.141895170945
43.4811108077
22.5986275538
11.99055894
72.5852066443
103.713490246
68.4653045884
68.6907032627
88.7780740311
100.15653038
27.9582964097
69.9804643446
25.4384261507
37.29908893
23.1896624932
5.77562522477
0.28829709987
0.323769457825
0.246210821961
0.225767121987
0.226488811835
0.154715995142
0.157336956218
6.6927946314
21.3782693782
19.2327339986
0.0200476014084
0.00855508976903
17.372432045
0.0148994084819
0.0237812352538
0.0304619665992
16.7638769698
20.8331108385
0.0262052869287
0.0444252162945
46.3292239844
51.6093613203
58.7757669906
20.0146830897
0.0514919154765
49.8252426814
24.3582359039
0.0511341329532
20.6556269801
20.4131476396
0.0939275755887
21.6969119411
26.5428197352
0.108842676944
66.282732112
0.121455477324
0.104957278697
61.1455004048
0.0910044199123
68.2820278711
90.1996548707
83.3487296718
67.1631780722
50.817305836
88.2773653714
78.949565928
0.41094452474
70.2288083023
0.428356383655
88.5156242373
102.64197208
89.6226162987
79.2418548253
25.4567365527
0.273103193373
0.343134278307
0.316233683673
63.2307999259
0.223015385185
0.20790583501
0.202401729229
0.282644734
0.349622606819
0.418917179476
0.377987304487
54.9220967582
16.453451927
63.0973736442
20.636888554
0.407041295131
0.369516853763
0.382505845513
86.0047590705
49.7272008876
108.161672724
15.9583472664
22.2454626696
0.350593753742
16.9967142415
17.3757612625
88.6844849527
0.530293262598
92.6566959027
99.911956141
21.8998692933
181.649421319
141.832141238
58.8278494149
0.219518592762
190.303928091
23.4386269215
0.209944642395
0.201148616063
16.5245068551
0.202644031015
69.4193181764
35.503067751
0.197637346274
17.1806254071
17.2530435685
0.191745994122
0.182018785302
0.176408764245
0.165833799875
17.8193469238
18.3980828824
16.7498461851
0.173076585341
0.181287628489
0.182490834768
0.199645736386
16.9359187857
0.203937579289
71.8694397265
0.189926947108
0.203899015614
0.207515303031
16.6032149864
25.7106103871
19.4279025396
29.9988724466
29.2289656848
33.8592647682
16.7214639936
25.6758921854
0.0551788957604
41.273951446
22.9407727137
0.123297778947
0.146034445669
0.111429422484
24.8256551859
24.8351737273
0.195083800901
0.11472326319
18.045172735
0.158735571607
27.63254594
0.119430988922
18.5605449323
22.8336986829
0.196680395271
0.170060006634
0.131302874718
19.6996771625
0.173366429682
0.173230105241
0.281601977026
0.383073728279
21.2982594939
129.452598345
17.2632809674
24.61344288
25.6999569087
83.7232349321
0.163803808787
22.5936229793
0.200734239601
0.162783446275
0.181225741396
0.131585170179
59.9369336784
0.153439502676
0.137527093847
38.2189176327
0.181238130036
17.1734337397
0.163592882097
50.4669262241
0.105723849663
21.0449295181
19.2436507607
0.0818411680575
17.9284302952
0.0823711986277
0.0759477386005
0.0686841068832
0.0487053686986
22.0588809648
0.058827947341
0.081384637104
0.103262727969
27.3636284487
32.2491684354
29.530284091
67.7778347866
79.7947691748
72.6545172605
23.6351718499
75.5006381276
64.6609821333
19.0440995672
0.119517575996
0.0582339576292
17.8508172959
0.203165804217
48.5606756971
36.824342271
0.0384619764948
0.13816357186
16.6750147945
36.9643000437
29.1137573121
28.2102443988
19.5889616792
25.2760814827
24.9062232108
25.1818455332
0.185211062123
0.168189597549
0.193062600176
56.8545358949
51.740103583
28.1573531137
30.5204391263
52.3654862007
0.167682354314
0.205885680231
23.9657342358
33.5512331526
65.5689782172
76.4695324543
89.2750313805
104.495958734
121.633964889
121.244104149
119.991668884
103.877595432
17.3893512943
54.2592443748
28.714185536
30.1288949158
0.111345565735
57.0914109865
28.7951127492
18.2130964173
32.7554570188
72.7333429849
103.927779359
153.786736472
200.462354913
208.17126004
183.150818765
222.646813663
200.852380778
213.266729225
213.816204775
293.461139101
199.220079016
209.442312406
204.671144707
284.227251401
132.649053192
208.357327436
318.526671892
327.939766566
240.004576979
245.179306964
231.007660911
304.526792639
248.642856427
257.801595775
308.454966397
338.68831068
221.045034395
226.933660719
262.829090387
162.038122415
283.407535822
240.636812092
157.95695274
236.753727306
246.839348627
75.9091334982
125.564074559
38.2170656213
103.697710315
74.9749359421
144.740224625
64.6557548428
42.1600991126
30.2047278405
33.1919982185
87.1666537116
16.8691864225
0.215744371192
18.8672923054
89.5292471151
0.139359260251
0.181645990392
0.176740315244
0.156346877258
15.8399897854
23.5279085469
0.122664263987
0.345122453102
16.7730586925
0.338728883916
16.9589440023
0.348497870043
22.7137268102
19.8996950356
0.426333017675
0.453181415209
0.464060523339
82.1104851731
71.8993499789
20.799603751
0.478229192239
0.480221585858
0.476248350942
0.475430218227
16.5936523969
58.7414276883
64.9615155934
0.437045426194
0.446954116155
0.434913464077
0.358136707873
0.318394627499
51.6390393389
0.305696225358
0.262979622706
0.232147346154
79.0372903047
79.4658436062
80.3149047011
72.9991735011
546.157663171
21.3121444984
64.0255918876
41.4880639878
63.2990533439
108.448464185
105.121558073
158.44239077
286.932480181
253.049178248
213.493801228
107.553043125
29.9032695122
363.123693776
426.295947263
210.060853644
87.8858515212
31.6018563609
0.0177791186338
59.5414455281
124.213885231
118.794136563
110.062176113
68.5930988829
141.92801541
93.9758770883
32.6696724027
131.425196713
212.565285944
134.206487576
126.416201431
190.446741309
0.0235775127542
92.019794406
73.5218719708
0.0197946882358
77.3987789302
59.4938086064
55.6098849926
19.7657052603
31.6834322229
30.7772780343
31.5967883454
31.13159699
31.3885826274
19.559377127
26.1890441164
33.2806277946
52.8632350585
31.4310174912
54.4667821241
60.3760602317
73.0742110299
77.8049514961
79.8511526139
87.5017049065
81.1460239742
75.6800353052
0.0646127395465
726.509961774
0.0
17.8935068475
0.014386546989
530.562428852
677.981585591
0.0274992716179
24.4016004007
0.0319574454081
17.3641353669
19.9211731044
36.8090937425
290.57236128
0.0102829519428
227.753982151
167.321181326
94.3796770579
167.949634967
85.3605490489
32.4744595599
75.2849863468
0.0102725068461
16.0190007357
49.8735467345
48.077024864
29.7746073353
60.5618652261
64.8934080383
37.5299442787
35.4719581929
31.8019541599
25.7212815961
0.0
0.0
0.0
0.0
0.0
0.0
0.0
0.0
0.0
527.960863902
0.0
25.2777261854
0.0343891563699
391.317651465
0.00903101624328
992.91873207
0.00352496820976
408.42130955
416.161572494
0.00449051384373
50.6662012767
192.374012547
265.445068507
195.37752408
25.403767148
75.8434312587
0.0119725875786
47.4001450636
81.0054548245
0.0100638465042
111.960539437
167.265509281
141.240485016
94.2889229017
130.983356857
115.095173476
203.778600874
179.531836277
148.626465842
289.553796634
156.654105367
45.7491839634
57.3961957142
59.7467207658
19.9264264027
61.7298620653
0.0434797624012
0.0251330320366
27.131334489
144.629431487
102.18212239
67.5694926576
24.9520864759
21.8760205933
22.8981404177
0.0827456122734
0.0792475089139
23.7461992915
52.6348850262
21.2223324653
24.1290086129
0.0358143863667
192.82538965
264.027712003
200.189123888
0.0406356352787
207.687540622
0.0220840798201
210.789658814
0.056713841634
29.1250350077
96.609407916
121.94520402
119.898052885
34.664872845
25.1579575233
129.760844396
38.4852783678
22.8029655113
43.9140646247
0.182777362445
24.1107831353
0.184763658648
0.173149524266
0.203005419437
53.1334082165
0.174580540485
221.643254056
303.438925763
167.967326868
291.085016807
210.834372741
189.522437818
187.740233558
382.965177332
18.7251019705
27.0728752234
0.42868823158
55.4245731166
0.416524745751
202.249199494
239.651772483
303.189001499
202.445857478
175.455127589
367.762094439
241.242113267
118.582670106
159.430834306
282.610561556
178.805729053
135.129400449
115.751962437
240.678666807
0.313502898967
0.212387192339
113.62038392
149.645481028
24.7316559702
0.176625061812
64.5057345206
64.0123802568
16.9724552189
67.8915269049
0.0856945733557
19.3916367518
22.1570501779
0.190659884767
17.7272706728
57.1706783062
74.0140215342
0.189064314655
85.7711847809
130.508218389
189.170251938
0.107611735975
0.193669124925
0.179726024447
0.145092657356
0.195249238283
0.329779439326
0.528340347411
0.46623075393
0.566609810955
0.724661265571
19.7214301406
0.574984131233
29.477382774
34.6325451804
27.3424253591
79.3149694584
129.195968275
50.8840580796
60.3081583353
130.576456263
127.509817986
193.831616475
46.6145350117
278.240191537
65.7365913927
122.571211308
36.6498221546
31.8652202677
40.0308414977
59.5165869024
16.8559780323
30.1279168696
28.5315543695
0.206934507464
0.179739254452
0.213579439234
27.3998878221
303.677374584
342.84786643
414.669410455
0.216170963403
167.203512164
318.537135605
49.8091847957
30.2292297775
30.0427758307
24.8161993161
18.9582498158
226.899631759
133.253422837
152.595452967
154.402960022
125.949019433
112.904786369
103.778889157
85.3665314089
0.912084342064
18.032110787
29.2075090907
22.1886363724
20.4681481911
0.309248346525
217.477317187
26.7223338719
163.641041752
171.3728959
352.819511642
274.35603497
636.80878425
332.63855545
0.186621205723
184.917046519
160.732983732
0.201784414957
125.149559408
0.274988269982
0.276136494617
0.253255311762
0.222140729246
0.30142784372
20.9423422473
0.370774043364
0.204245039267
0.333083423842
0.19853595918
32.3061364849
204.940005674
411.597996149
407.393333216
571.496700701
377.096641271
92.3549204403
182.065974109
125.084190183
30.5632974652
0.906304577536
221.963217881
0.593555277142
0.594395322278
310.46425554
33.5252715503
0.35485360563
299.433722195
514.076936722
365.090990921
320.511782222
0.406949295591
450.664814376
686.588393695
23.8894855801
372.181873325
394.091998044
0.173038706844
40.5078864547
16.4765586356
31.9597595245
88.8508953167
35.912555326
0.704186703709
56.2655111979
61.8848295818
19.7881226135
48.9233952055
25.5875316118
0.274647806615
17.5297680693
27.4956036086
16.2845095664
53.3030608094
43.8629838226
22.190890923
0.49484005134
76.4575153712
20.7474257686
54.7027510243
1417.65770541
49.1327387397
0.416279744073
19.9066740924
22.8357196794
21.3043460966
0.216673957216
66.7199563787
0.277743879229
0.27549449502
0.206306597855
0.121254534857
30.7263716256
20.1343330883
29.7291336906
126.078138857
46.1754856794
67.0000525381
198.812335856
230.419531914
33.2029654324
112.066294771
433.773379755
390.538021836
93.5460943514
466.565614794
190.099083707
102.598893958
138.240405111
52.092963989
135.050871592
0.327491602481
217.493196604
141.836421843
156.30547971
215.037241402
162.366622205
47.0898870076
24.3361529549
136.878200082
59.3185264923
22.8199409226
485.971507935
24.9796774178
87.5727244841
108.127725356
0.129297585336
0.210641092937
21.1699536753
395.644380281
23.2818865744
217.571435438
299.767210044
155.715606532
64.8034310968
0.131944477807
0.226995067835
50.9339741509
0.476951741796
0.530605036782
160.895947878
27.9579865893
29.3686509393
0.45101880914
0.567200660147
0.338953427093
83.6203588797
0.398310904382
0.168652278873
0.251191380412
0.185666407397
146.715880266
70.7923763608
67.0625711179
54.7619706436
16.8794990365
0.414084966467
19.4999154567
0.300858497858
0.351031290851
0.343992086833
49.4227996692
60.6531254903
24.2723331276
422.163564079
427.339459475
532.020086315
394.619223688
488.042251318
868.110181755
0.197808970677
49.0378836626
619.405567018
25.7900273258
514.573021946
449.916311521
803.200802257
25.9183006452
474.748323375
460.827093467
514.317907314
475.479283684
298.688562192
661.519479347
0.325872864498
363.119050749
396.956143755
509.844756804
266.061185682
266.53522626
308.254500345
326.208212599
317.423388944
198.722706468
331.617555673
72.5899485876
0.557112925911
55.1254622405
0.438891430585
22.6331544766
18.8781246231
0.484757076259
0.20339514374
0.306385881893
0.164415788428
0.205829866604
56.5057461805
18.1167500291
29.9382102017
27.6538223997
17.4063231132
0.0284420010556
0.0378175042723
1.01923192583
25.6277943065
0.335461632709
0.355935808279
19.9468861324
0.210887575282
23.5009002809
0.173841360035
0.129033175825
25.138710269
354.645006042
329.925453332
388.406375233
311.27413229
239.40999166
256.000846281
163.657742379
0.216930866583
0.322378858017
326.820988055
20.9901116887
432.382276087
412.446542903
55.0432970492
277.534993669
560.855019995
705.773760111
764.703005019
1030.83024631
38.1442117446
0.467583416156
0.457211066613
0.453202926179
0.404371673902
20.9574435803
38.0376525424
0.0950530241217
21.1132520336
71.6771254537
788.430878358
0.334061113345
0.333668812894
729.06496519
70.439622001
77.7543348269
19.3961675437
0.205173047346
0.341997128257
26.6958075882
0.27125601647
0.27791109737
0.210980559425
21.270227654
25.3755547813
49.9789600094
31.8618422199
16.8143656376
18.1267172299
0.5235019818
22.164330067
0.39869486116
0.420533697832
18.7091193052
19.9817025181
0.223378983472
0.334906281585
0.378243958596
0.226103745364
79.7277353873
60.7064041248
17.802450241
444.51813262
316.479513452
354.477483596
295.08165478
343.313982717
351.101322218
662.913665131
740.376511027
547.469683703
16.2227640322
699.291883509
0.185843191122
22.7775066873
0.295405810898
23.8698467019
21.367312359
0.289483953997
23.2375135362
0.374390444194
251.801537965
169.548927275
18.332727667
18.265178707
17.143355187
0.520103113876
19.2986884413
47.2527748019
23.1420792907
17.963983704
17.2526242453
63.4422195557
21.4531927804
114.145316209
0.102079799086
78.3877056191
0.14005614364
0.21281848579
64.9388928273
0.171866995179
0.311102577217
0.281286192307
16.3239165769
22.1624863668
0.211081077525
0.233579989272
0.238890897044
20.7854721714
52.5202274609
88.8196920405
0.251134476978
113.509777922
81.8085690197
110.86532669
110.04733406
52.2790493189
123.345364379
0.20891124899
361.973129389
0.206108157527
101.855337467
311.969807314
17.9237650224
402.867240494
76.1853869349
162.718429447
164.703972894
139.096922837
86.2954093579
139.486297136
132.062711419
55.5699053642
57.6679295418
249.658540813
290.731104458
155.588627919
249.626553415
0.0716779890875
18.2989492941
32.5932134274
56.145303144
24.9161799148
24.4538405214
0.139586868907
0.117944601724
0.00417814151674
0.0303067980369
0.0
0.0
137.344671524
0.0
0.0
0.0
0.0
0.0
0.0
0.0
0.0
15.7796460851
50.3038009348
57.3286497398
52.2839422411
53.9704287215
56.7351166145
59.9121952833
67.0419268887
76.992457467
86.41894918
86.793186034
97.2659551152
92.0216494519
93.4116706043
102.606642242
86.9006354281
30.5013709512
32.8489528561
25.1050597
153.332196683
131.625843105
107.825592544
0.0155280147559
0.0262588162048
91.668896258
22.6220748155
102.965827563
99.429478222
0.0342053226899
76.2487454468
72.5072276479
75.1865856297
69.5342904568
64.9713371407
64.6930857703
65.8709622738
63.7009393643
55.5025362006
34.0031096544
19.5803422719
25.0268033595
0.0275626216658
0.0242201921301
0.0270317856763
0.0233660715249
17.586097594
0.0352114800955
0.029695896839
131.626863005
0.0427029888371
22.8968201823
0.0180700754556
0.0151666967301
0.026274261202
0.0159686505559
0.0519757709389
116.44703085
100.16422006
89.0021916552
20.2354549632
16.2076278404
0.0602559909725
0.0575346288777
0.0546033041145
0.0962460266685
0.046980569468
86.1283001255
0.0399039637006
0.0422037435398
0.0481011292166
27.3437251143
0.0362737120647
0.0322071019888
67.9510747503
15.7755020426
32.3146685142
0.0533246893406
52.9532394362
0.0587247264352
0.0672154562485
0.239510324755
19.0011211372
45.0935971968
0.086261999497
20.7920919581
32.6416204419
17.6166324791
18.5674212889
0.0539482633752
18.9993153247
28.889201411
25.8868044873
22.2992264075
0.091545873577
21.9982022503
0.16889512667
0.21370009392
16.1138377664
0.222121570406
43.2036758687
0.108066888517
16.6466717017
53.0716648035
0.129167893001
0.163400023296
34.9648679243
17.0317098
29.26173858
0.200650730047
0.201353023666
18.4242545776
94.49244204
139.568964481
51.4042177444
78.125174422
77.6461806194
48.7109155623
0.138567659537
78.2034386073
115.196188934
81.6317166048
16.3925032386
26.4889656129
38.8649244118
0.177488309302
49.5403324626
21.8815878755
22.8157571741
0.142020210209
0.164499785041
0.14077648724
0.228303858591
0.195628056431
0.285207089647
18.58393923
0.521191813404
0.567301940552
18.0498860385
0.304055740026
23.6432998584
90.4549531891
89.7222122916
21.8332360803
21.4424100706
53.5691882488
82.3020316182
0.576489316449
0.634985034995
24.8512967085
19.952003844
30.5496277156
19.9264478927
0.29269003772
22.1502499122
0.326040761611
0.420217556238
109.599820012
38.0342872626
18.4077514658
15.7858151948
0.117273047159
0.110112379926
0.257655559575
0.135515880876
21.2119411858
17.5211404427
0.177426417765
0.317399635483
66.7152607926
70.7362866517
43.0449873188
101.639640559
149.187665893
144.012745968
117.99443507
120.410326656
104.984068492
119.945549685
58.1589330246
49.7245749773
94.5249680859
33.0779040026
73.3372723906
0.38891269934
0.432285092779
0.417526046381
0.404711981258
41.4727025931
35.0426192628
25.2097291956
37.5272932846
31.2585380285
0.427581946404
0.52528761746
0.363994099487
0.174583755052
47.8790057233
0.0917730644788
0.0581838975182
0.0863530981519
0.0524321519236
0.0636462472251
0.0738444583329
73.9367888356
146.722150079
177.599306003
193.322267652
176.912310993
121.973011327
35.3449360188
19.9350045489
0.221511627704
0.217027621941
0.323696519721
17.9901439689
44.2050799564
0.628808189388
0.737931721894
0.356876185086
23.267250297
77.3870798295
0.517939561494
0.543768429917
0.501302684644
63.6929756455
50.8068539469
0.413067013147
0.390088844335
0.426950877162
0.300260589941
0.235455146855
0.15275220435
0.124890344849
16.4300349092
16.7601963439
0.0634624121876
0.130491761277
0.153428494074
17.2607951855
93.8155839164
16.4012933213
0.126010992085
70.9757767559
0.12998853421
26.0179694316
20.5801219425
32.7792708951
0.228409901822
18.4901748544
51.875175921
0.299034524379
15.9455241183
28.6075775271
27.5676310121
62.3853900848
75.3577025333
139.778954004
111.839945147
64.6726346757
25.9891035247
22.2447443304
27.3352336051
16.1865268182
54.5575481542
45.3811167704
29.937003087
80.3409437593
74.3349040533
32.1585530761
23.795730914
31.9588850787
24.1428704561
34.1830635496
26.6341999835
26.522010762
0.330784083956
0.0896924668203
0.0288941303527
0.182692379138
22.9889333447
0.0876378361816
0.0751910537184
23.6118688897
0.132043924244
27.0570948481
0.096986163455
16.018205166
43.5883880975
0.209457483438
15.901959163
0.288960323845
16.1485415425
0.0
132.41348522
107.269367799
32.5335432034
119.790881329
114.896522377
30.3007407596
81.9845520006
74.8090052031
42.6444047609
73.1050549558
48.3194640052
0.133240579234
73.941824789
122.050803474
189.414366758
49.5359676254
0.132516986503
20.3112865911
69.7107354128
0.265125915862
0.0901040221448
109.694720124
0.122493049546
0.120466382698
0.126238648643
162.503640883
141.898002927
95.4995276067
276.587335529
266.177403723
0.174838149926
104.653318712
105.716942094
86.812420116
0.412489858076
128.869229592
0.603049177522
0.27244873651
276.417392427
177.711543577
166.118844584
146.752838914
94.9476194774
834.752996333
78.7311500655
1.01281693777
1754.90798071
1884.46696179
1387.85727257
1420.05416321
1916.54184952
1796.93297117
1571.1874759
2.91991059076
4.42626873858
835.654297511
7.95154637025
6.50677060753
598.991337926
1.1381557144
9.17668805038
1.50831526603
1075.28572144
4.91292836889
3.45630345104
599.864040675
1383.77564131
1.92907780801
995.361041012
677.557712539
793.97872472
739.809541781
1363.59410077
1903.53967068
2.02030267887
109.653890974
2.06197266968
1.9147303246
85.5739570604
1458.5377103
1064.84022021
602.179069023
335.783897656
1.86989188952
1.59967112001
2.81183453508
5.3336982387
2.49919440902
555.240266917
112.221545636
811.998033163
1048.09412222
634.238046996
257.584421826
9.01818607962
528.70159431
155.468612812
329.249588462
327.317867135
100.94871933
872.564420028
3.92353877782
2.25521778483
1286.63323927
901.01840884
910.502152592
765.801394868
806.189736178
133.110195406
3.79127202353
3.72643102645
84.4417626909
635.548582237
5.43709702133
4.34452815752
4.29181862284
3.08565204488
1.88108047787
1.60502493805
1.44463830011
2.40636852107
1.70742420257
3.71148987681
130.432267642
141.296372524
156.148456301
248.774936755
148.6367815
156.640303706
140.460259287
200.795390564
147.78574912
89.7675193096
4.63313184045
55.8685764313
5.8016683527
10.2056547061
23.9360013829
8.56695700561
7.77983604342
8.59939920211
117.423894402
8.42697578552
5.73887084776
4.85141660052
5.49800321636
5.03355025155
4.55517784904
14.2277423027
4.88457633021
9.67516354742
6.73880710002
5.39556871515
138.131016632
948.532990663
419.99973513
231.601750068
275.077238036
777.616103157
92.2807784786
101.952338803
295.966814631
292.736722681
262.140158547
503.593389879
51.6032953102
99.304728507
21.5389407515
231.723483518
117.155535535
81.0245668362
580.917767894
244.239043744
400.57228401
422.572243205
401.041587686
300.683962552
7.91679736183
5.65958627987
9.57640117394
92.2694319091
105.672912242
8.86969378391
120.368769945
113.469344857
8.71158575345
8.21106978609
8.78955922068
20.7685935326
834.828204032
634.864155656
591.077263199
207.703690309
843.18734743
472.951868012
395.882943982
86.6493567699
13.0908577503
525.545621875
234.062220005
166.644287699
1064.4510575
1044.50530584
8.04355213543
957.866134171
861.668484302
36.4735476506
347.883560168
200.971018729
601.958204256
592.179217322
120.12477463
156.594851991
21.3755352939
51.0304751277
123.484037399
114.158099775
14.3399138413
154.747411956
249.899779458
213.579445528
11.6612726626
493.686188012
13.4544931851
112.950620589
21.2758279433
493.639450244
791.73182662
239.586989056
19.5498239207
20.3912835504
14.1435431366
155.802561101
15.681010372
26.4083032077
13.0443886272
155.145993303
291.87277777
344.703008962
314.126411667
309.153542764
474.915660914
30.3163261176
340.864075032
104.711097747
135.30920042
94.1467424218
41.3302423535
66.2771699227
63.9966906166
134.329890434
102.327313387
96.9987776303
84.7573896358
27.6865543053
13.4912153905
106.197984117
110.340723263
114.986895475
113.352792196
104.629896192
16.8762815981
107.757329411
19.6457605217
331.252716991
112.660521464
415.531910053
16.7364310183
115.311531373
23.9880206737
298.819759492
107.097470204
321.714974778
106.039153327
42.0416072243
81.6073726148
438.488498282
478.045169496
14.1161035239
447.149211796
520.100330133
40.5373782949
554.872131875
801.041697869
465.25507966
284.234210279
336.014887155
500.391843319
156.972336517
22.8333517101
223.762884707
177.7015379
21.5187958739
21.6805358874
20.5528517031
26.6995379163
164.034720675
96.4821735403
116.946721183
18.884446019
19.0553437448
20.9038979279
127.909492164
110.828968104
17.9939808385
21.7523226453
17.2253358918
17.6622806443
122.443282078
140.600000991
150.680099324
151.495219652
162.636926413
179.838392664
242.950674665
162.84146562
148.767147873
12.1667671167
198.013148473
488.701160815
512.042128423
592.654564011
146.753573476
30.2588023561
82.22577084
41.1758033249
3522.49116359
3712.83973089
112.367935871
361.9513576
331.082526853
26.0834917828
439.868460675
369.779931616
340.379088625
597.970312299
24.1463632643
22.8144907567
689.877996282
19.8791826371
11.4100398837
11.0816416629
8.05069274548
432.055837119
835.168403427
973.400473432
126.788800165
230.022873683
422.556951083
184.379359052
411.758887767
269.056799584
25.8169378191
30.3935099401
14.330652111
149.721173061
143.04699614
23.2355837625
80.207064455
11.7331348165
4.45659615517
215.391380723
270.565130678
266.871731859
155.198401845
43.1480186481
82.1226296129
88.8757160778
330.715219054
23.0549625565
8.95336671943
356.118222872
34.9340900069
15.3506301351
45.662269252
570.644469684
541.447338307
138.162018835
30.1090028824
30.7410456034
643.345496344
1133.03109483
847.048492779
905.137511754
2123.44520581
134.145358705
477.099426506
116.046779645
50.6125173256
36.1117440149
30.5211088402
197.464876224
32.5986416105
134.272237743
154.355366502
24.0041335613
633.306876883
16.7393136376
90.9837688773
91.7458539134
109.998853551
197.635004014
319.862166031
121.830111654
143.992034041
167.002912345
144.800591356
183.369755946
131.524247536
45.3098419222
36.7347697621
317.405241784
377.863946523
47.3404763243
471.999670414
510.591436561
478.770555285
454.319595994
437.237809517
456.312534235
531.109085429
412.770592331
162.041005821
31.0019593459
25.3254707912
30.1653322863
74.6279131615
65.0410595499
20.3880730857
363.987536436
543.331720261
572.562830742
891.430739822
904.207957418
878.487037296
1087.37296249
750.684884187
841.82053792
709.309495394
998.897060695
917.239549523
1054.1469944
604.061486678
1210.87585635
32.7488130411
1101.09806767
615.126927657
1028.57725594
44.1330547414
742.789507528
739.520763966
728.58126769
169.248787487
716.980237428
534.76609099
179.539880832
349.152434543
346.641265723
459.623502544
207.197294911
459.96151134
396.172053527
622.447524854
38.6933228174
251.23029328
566.355412049
136.068946832
200.624977802
428.558384396
55.7218483401
190.105490514
182.488729197
46.4881993525
654.439803416
595.766578275
559.212902035
88.0288497757
697.446917264
746.297526881
20.6637466766
1211.31072926
1239.69794346
1346.97055529
742.081980404
779.251758077
1292.26121495
984.845373862
1126.02507154
1010.49556353
19.2821955628
1086.08706439
1072.65827606
1207.11978507
1243.15786744
1162.79186213
722.639124938
1437.43980916
14.6455723199
849.666769128
1010.82321124
1349.90074894
884.461839735
691.581578802
470.698551358
488.925492121
508.822088452
361.217158855
177.45970439
174.114460388
47.9773751867
41.4407083114
36.9246096799
144.770238863
128.119844656
159.572512177
31.6683182106
39.7149808791
197.439600289
120.235019028
50.8523594062
40.1779937755
98.6115093529
122.967069375
154.831775577
533.473814604
617.126028551
545.992225432
671.475497175
1183.49272833
855.664712407
985.443196243
708.82429142
667.555958872
258.027054127
234.431674762
854.242569586
115.881861921
125.629299609
8.88932633333
103.027447973
98.8675013607
751.779165738
575.584213448
354.65972041
558.774953128
512.65901274
476.024396914
696.62559262
212.509570251
542.336970512
985.913114594
765.608016823
598.984632236
1204.54995997
1286.38345862
503.739212019
202.32197813
42.7133786202
74.2394900645
145.345258844
37.441993042
57.1605168182
130.237071761
117.903202773
109.128889805
50.6245331594
180.444148875
285.59584164
146.291088672
152.110722543
132.02919473
160.525244213
128.484380844
65.5897934125
39.902069559
136.080627847
51.2736079692
52.2300640413
49.8153273406
51.8323575078
136.276815361
114.728020925
128.902792245
53.5480247458
468.734787788
536.336094929
237.855936233
159.74738692
180.513791291
89.620104789
92.0755743905
418.093487889
130.875528975
416.846040645
37.5557923002
69.7590081646
63.2632197614
195.167650864
192.394055757
84.6254576516
127.465942315
176.712825773
193.581588659
143.911166973
150.080708538
279.540013693
56.3828342538
156.16742828
147.102977679
61.4849103203
55.4434481229
128.801891093
139.857032042
136.666385789
33.3980118701
92.7485443736
124.04799262
48.7129047041
35.8436752656
42.3355780635
56.1197959344
1343.3544545
1059.49470326
38.8685743685
386.155062357
148.384224197
504.585321316
55.4581925973
829.904995833
833.46125543
189.383368718
370.275598676
830.858173283
666.987167377
823.682982108
609.626929338
165.245703326
52.934210547
141.943755107
128.34429028
326.580648112
364.145521102
272.855588444
204.236309273
422.188412999
290.923405624
342.394975034
344.239270288
279.025766789
306.189788534
339.402293544
370.33128934
205.191916405
204.916128388
52.3886473956
193.945286101
371.026525577
441.625830611
420.790644807
258.642389434
277.231530327
239.981683106
516.662743693
730.498768689
796.942993506
672.151766741
161.868286742
153.38339806
135.101266068
26.5504003026
61.7702828612
135.095513223
86.3560982451
68.9307539909
80.7577995704
221.030319077
172.985281722
67.2470541532
51.2081029307
47.5539980097
319.009710065
253.18290145
168.562969918
196.459989044
124.310798379
273.901181726
40.3211733714
174.621760165
131.71819512
49.492157012
110.617078803
155.277562046
64.5669250456
64.6724091537
376.581677347
130.092086762
157.625973054
66.5097706219
393.494976689
128.157695973
275.610040913
486.148355185
291.547490333
68.5637543152
538.507497308
814.416550822
422.621713145
834.245644452
920.004616223
444.191837546
470.218400527
343.641553356
402.427529667
389.514343197
495.667481908
351.099676541
422.941126056
339.740234064
612.811254827
374.495200296
311.71221926
400.616778049
420.129250729
234.259727392
452.781690618
189.798307919
231.876620006
123.048678882
486.659003714
460.431929145
129.490468692
109.147390464
181.654082899
184.891897842
141.172253214
111.940675059
241.300467389
270.443687699
160.734896662
251.917074359
276.255409137
648.67384864
583.022104347
69.3187982786
117.551069063
138.991110441
100.736211199
163.928489217
144.390743582
230.776100379
221.28095445
62.8174984685
140.736799038
66.377947341
76.5523863475
75.9280438692
66.3318426199
170.107148099
165.646600349
227.654198026
163.542923182
69.1645578024
75.9516100076
68.1445377851
64.3205030399
59.8337339443
43.8494006642
56.5223222292
51.6717081048
221.88627627
166.859537328
41.5173001852
110.072938081
1047.74835656
1126.11503573
924.090967616
955.351368747
52.4099967533
219.500823643
68.7737107996
75.5282304877
277.582544197
170.299737301
944.579809705
334.93280664
706.864590031
740.700074861
397.677397706
447.785597521
582.938102414
144.634208685
284.583728682
196.421858978
147.099637178
206.375691567
267.825561508
230.505540131
147.226003884
67.7038702527
151.653089062
172.273781439
333.846683618
266.851289275
260.367320169
164.074489591
225.792173562
134.697386492
392.034090365
365.670734696
431.189851674
442.949143662
389.614479749
202.246944866
480.769796346
294.333755513
852.336667455
821.286901341
248.399298221
908.070636267
381.526205563
49.2229433879
246.646385689
492.829201426
568.823901893
136.385173577
160.211939853
96.3585490431
166.127537298
95.9154576992
228.669736031
325.172313812
123.822612579
198.87696823
95.8113719578
274.766818731
372.816043649
447.181753396
539.804067195
347.778440644
131.885717549
407.972715162
241.480400679
195.506218517
243.195792758
84.9489791446
605.302255025
133.594131627
134.991243025
616.475805762
467.055440127
619.500045117
956.228301667
525.922370386
344.594519227
174.232343684
422.982132037
952.651645084
765.945986129
441.101186105
474.030992113
728.103961785
140.46279201
148.296105592
171.709489197
210.898697245
200.190607822
65.2273498257
117.712197542
176.672134815
118.651582818
206.001636205
193.465763636
95.6636119033
143.037141948
218.344732966
107.347345118
123.807353669
141.313628773
74.5297679528
132.381977614
122.316417833
52.0843084253
281.352427084
61.353831745
174.46062677
57.0523022167
177.966216953
582.584926307
117.54709341
186.10081891
64.4881170037
73.0557273992
601.598286657
780.697935838
654.335299496
75.138333447
52.4467448184
363.60209997
166.995527043
237.815894371
151.970234016
590.898445129
199.423158794
122.298068033
194.436601251
141.38613382
136.912098237
315.836876194
199.959560042
219.794724575
247.028137503
622.83952597
99.6411213944
150.456727736
211.119191372
134.787812985
217.429009644
319.478931947
330.690310557
263.644678845
321.383947233
508.254180318
310.374731195
536.966360133
98.9774716111
432.066180018
329.043345494
569.040272768
536.026093965
332.692119909
202.91084856
557.488715942
548.747693976
172.568969339
593.93209824
591.342229317
108.470055924
206.161891438
91.0761782115
308.911926773
166.147537351
208.975533763
97.72341375
142.527575722
101.978522959
252.09802075
100.432521113
214.396738519
401.49037105
243.948764288
271.847735299
86.3878771977
95.9895979279
70.6080094723
69.3036307489
89.4187042584
64.9986553398
266.374929145
140.725714404
293.935888766
524.303733486
128.712957784
52.0077976649
59.5093762996
348.124680165
258.711545637
249.136092589
143.614463035
1456.95643273
684.005584555
489.697917659
564.570689921
801.212526963
1031.13363805
770.294327599
715.292957021
718.596742907
513.75196081
535.470967456
627.169365927
551.687236389
533.214531752
418.384437211
891.259976849
366.21023695
635.590381459
447.107611718
574.904749144
424.135258017
445.340291356
439.990415783
530.441218496
115.75962181
416.383086938
550.949467225
354.681688129
226.148939738
323.111282947
460.359898443
302.544695034
576.239679564
219.102316474
291.51867385
104.172560077
172.969221744
460.300640067
129.391312697
1202.08784728
914.955263067
108.83210597
351.437642017
479.760744271
156.223105253
347.468282287
274.656458968
247.835993594
339.997997692
107.756643267
58.6770393509
371.654773131
66.9147065753
287.317005324
291.002590176
69.4830741717
247.635315012
395.075240944
592.213163757
640.794095716
232.484061358
708.504617558
473.804587187
323.667824311
285.292019352
72.1310078951
88.0932490941
510.443767224
446.497733729
466.846432205
436.97915726
161.424811666
460.983685798
618.846270124
1331.87451902
2165.90118408
1517.52079177
170.704398496
884.010214519
357.648148927
347.401919116
113.085569654
566.678248769
66.1178402162
747.088846413
8.49253579751
402.861797757
58.4919214059
540.330307231
400.02362936
686.200338965
411.978934408
754.377267796
109.892161907
414.478781055
102.776368313
648.022919146
195.178967831
105.873959433
50.4166365683
318.753559649
564.861106383
632.497721548
403.015143925
365.689251462
623.605662048
302.53446682
370.320628011
94.666218799
333.56628998
454.756578218
236.44228984
50.1494640103
247.968342458
116.317904902
478.306487125
61.0034698248
572.098461562
471.743237869
489.858789931
751.022516029
784.969195617
494.308466355
502.586042879
397.941990246
809.97603746
586.588319395
386.220258097
528.097615361
104.969294263
104.268399375
397.654879368
651.406785537
530.602163326
530.954159192
553.107857332
525.161993066
585.709552977
374.248460507
711.967952899
697.202750648
606.518258449
234.529647815
118.388115911
98.0743434198
325.177611142
525.672858638
255.53961634
252.843042104
147.905094769
164.440820189
371.165894948
349.956068541
131.431544159
907.231015068
673.293698412
806.200478363
203.87411102
117.513710163
152.140836016
141.340453759
297.898234447
87.791426148
198.84874167
794.347946666
597.381924968
228.139379657
259.379635043
403.463909454
526.609340815
676.73426315
540.607599178
830.376221239
408.528192967
152.349032844
226.021061086
543.416117749
288.057206123
161.170491746
220.584661228
95.6216170337
92.5146545162
725.195065855
458.443943006
916.32391002
335.931448526
403.719969617
1471.90559163
164.567742675
184.745066782
440.682058514
1605.5976871
1084.93859644
531.746277253
821.942315414
724.514288675
447.347874388
455.687498569
182.044234191
179.897337461
440.37850762
243.13626803
492.279387119
136.361204969
240.903622456
204.001900128
664.535350337
61.5946253095
267.133559023
215.832596475
267.199742133
96.9720394291
430.763062075
101.820532597
354.15604473
132.785606405
124.250400646
108.061365797
145.337068738
151.488071579
580.993171503
121.523259146
208.168506559
563.871969147
101.601397544
38.9152856378
129.862383596
79.7137752991
48.7474418589
53.0328295892
144.227172217
207.8574339
150.528462124
581.296703593
195.479341886
168.619574327
620.642321137
588.959859299
342.497913392
476.280194916
339.163644364
175.783708192
675.019382514
183.093904423
335.628947151
282.802329444
154.696850958
498.665275055
247.409455869
132.396492112
139.671630786
534.950580363
93.9241982265
133.709015139
291.890184471
358.512361104
546.49603415
838.577909942
335.557350354
1373.50555586
382.072476988
473.940231823
187.642564354
181.813799016
857.030201697
294.675306149
1478.85982415
245.197881469
214.832781863
138.249619902
163.647371859
119.861855217
176.754532145
421.416586934
241.211858959
796.992059967
140.506960501
206.613622828
130.774639684
220.440964578
154.086109433
141.328558415
83.0234326388
94.9654422215
92.7993149258
124.235181468
89.2937886868
61.9311567339
50.0964770463
172.562472205
441.170671164
270.156795137
214.730940224
60.4350368764
310.792589296
292.38181012
228.887059883
174.827481332
81.5332307348
171.105263944
272.939967634
241.73315326
428.720733951
534.794770042
482.858829933
238.506825419
1041.90702342
197.691695901
262.545215467
238.246756951
186.399773988
611.222616994
160.208362008
196.627366394
189.225649607
646.261111001
324.688542755
289.335026709
548.890286097
675.789839954
264.124940946
291.317280453
481.41191528
359.838409578
154.135962862
132.635745381
255.659403455
171.737381799
138.398016434
204.371894289
161.296374073
136.403294532
200.921212691
82.5296943999
150.437546135
117.414350016
158.272058635
218.326428048
377.488683904
203.019977607
198.090454495
426.105393749
234.535161226
387.9980738
0.0
0.0
0.171278486692
85.0044086777
182.410701791
574.009649663
504.252252013
441.586763933
446.968065993
1122.12583326
346.685617253
436.906837882
384.85879297
61.8339365462
61.8015592006
74.9646735323
0.31089304805
73.9572417305
66.1334703209
196.089557788
132.216804585
0.360923157225
0.429528918474
0.302872609096
52.0559602641
0.35826042059
0.4332503343
76.7667038236
184.793716413
109.473150106
1.40355229942
0.298564300555
460.89393552
306.525076347
658.200126949
416.524473303
522.705425125
419.820088681
478.75424619
0.337789112555
0.303050232091
374.609720275
1110.27161588
522.339415578
56.401823729
0.843552434647
55.3865594429
698.482816683
771.234473379
797.093113737
780.81305914
518.339008318
472.495260142
428.256715234
478.408307721
56.0517877992
1.2029768479
1.10701069656
0.712456109983
0.648613322463
0.724268907112
72.2189827574
238.063569318
201.900086909
292.642466763
306.928540145
278.977589328
269.717946464
179.825348005
124.279189004
89.0825207036
0.48505469142
120.635436863
167.221588847
75.89505314
208.14403614
122.8990561
138.563879969
57.5298863074
80.5957735484
294.062251755
0.259594605974
232.091154096
83.908485866
0.573790298461
146.219005333
52.6644179114
56.1698640067
157.256046067
0.401350862911
65.2090312767
0.408089787954
0.436791010081
0.342180181932
0.284540955397
0.252931672064
186.724411787
165.911284919
0.423632491789
143.440454329
57.8623565659
0.596610956027
0.798638753934
0.826041142313
0.866749744294
64.0159420519
90.5992379485
0.573553351599
53.9064193313
0.610124215028
90.7807202275
0.670536324688
59.742613602
67.6932016334
0.622952252073
0.804095442195
62.8213692651
141.762071321
52.1815024809
70.2282749342
61.7906663174
59.0350512162
59.9782046012
63.4223461573
57.4895952785
73.7376424701
86.3453375958
158.829409774
175.055461903
0.67512810925
83.7539387409
232.320263209
142.542691783
0.406549937023
0.356949167658
0.335681907124
0.416758031306
0.572303853452
135.762945418
71.3337168632
0.541399508579
123.975177561
85.8050958412
83.6795799483
58.731137854
0.684073542652
88.133500758
333.715188978
303.646562118
389.332093173
460.579889918
0.800468072617
76.9727439086
0.985036812979
0.974776040712
1.07037201279
1.10635772872
54.070722291
52.0678072626
78.3357199953
0.55598896743
315.230658923
131.757813927
112.191524988
0.622253334791
245.179395591
282.294830724
219.777501541
72.0159840475
56.2903702713
55.2433630269
58.2920549848
71.5721339607
93.7594956808
67.5624155779
0.602394116731
91.5686883965
87.9156098913
1.07140147603
355.711032672
1.11431192891
1.01407910732
99.7439077145
65.1270563832
73.334828186
0.764035281943
0.857352195054
82.7075733243
97.9820490234
0.563380471493
80.1191762543
0.46689426677
0.379225040262
67.8655936991
198.82282135
571.72085067
0.790873951505
178.994653022
0.826065195895
111.245363667
0.461314333438
0.422369101463
0.651324661458
0.468624012389
930.749282256
584.621855204
1931.28164206
2119.58985808
0.640762591785
65.0049343875
0.765325278875
103.41011841
3307.41725309
64.4878619594
0.565202896878
1306.42713831
205.175874664
338.06435051
0.730743738463
70.4159201452
88.241165018
272.012154834
349.030219314
221.038542332
421.950799208
553.583043747
595.354700893
724.935613005
765.314242711
322.676162017
0.459904157615
58.8048021241
60.4490658758
290.036165839
224.309874028
293.337081387
155.860609742
0.473079307489
96.2159018153
0.516158995104
199.650404577
0.762629699266
194.180088001
64.6432891496
349.31145537
114.215318864
56.0860918342
589.104448488
155.229046481
255.709515654
78.2512143196
358.949874357
59.6087010457
65.788733565
75.5370098307
71.4838008282
52.6762979598
64.8417419419
295.425945027
160.2712668
77.1589110919
193.025055524
107.395720614
141.311153375
384.501686304
0.159303388502
223.260590759
234.524018011
492.665986149
508.630438382
81.4212025792
0.465841070913
245.125244824
404.826325623
818.549947267
0.238094007892
1881.9632925
53.8522058042
95.5355224716
72.4142631908
0.726688789259
0.501397060402
83.5297621097
431.290744303
558.455170481
479.399654457
349.913617897
323.383167072
249.166367074
441.489903992
205.528668284
357.378878858
377.227639866
235.272213214
153.780444013
0.377500425633
66.9322390582
477.195720157
0.47890142882
0.395350398145
0.333242935079
168.721530555
175.417013011
1.12024928989
85.5043325225
69.9892857965
1157.43949206
2049.65069107
4184.70487098
72.9915736334
235.783439199
470.753221314
472.165706864
322.81411141
1058.21566129
1360.31841499
777.119098115
1181.42948164
741.40803819
234.743937598
513.632824703
327.43016187
0.0730363595167
0.137787131268
0.32258716515
0.374810046313
0.190579537578
824.717073695
464.013744183
624.533013085
526.032658658
501.557553945
410.768924135
493.494295842
150.728863526
303.08128756
570.176698789
1452.9840558
737.821150138
1221.71353977
0.136785539243
1165.19282031
659.828287973
467.149438221
0.0629402741951
163.366612981
180.897004377
726.055793372
68.770989279
73.8829655497
0.0
544.918141133
0.193309413015
0.194594706489
53.1634775673
0.207312344337
0.195178098778
0.159460417916
156.219763722
0.186361740265
0.128332799039
495.817855624
0.0
0.0
470.616394919
0.0
0.0
541.690712213
0.0
384.742995612
0.0
586.332502751
76.2046255741
532.738100534
0.0
0.0
66.8596300844
0.00953407117892
599.964676196
55.9916048326
775.223157609
0.0557220366026
55.8859242449
91.9465856842
745.67152043
53.6163227563
0.447975400318
294.968621015
0.506220807225
113.99760099
0.600007514336
512.739233639
0.578352198076
0.537281197894
57.8678825357
0.894459874817
0.721445767858
1.01380145812
0.724147210672
0.7828760809
61.2525422839
87.6009908719
60.0649159461
72.1320098796
249.140342402
362.394378046
64.1088682019
107.221695393
61.3964546336
88.9645481691
105.21458326
1.32715025016
266.630110839
0.892659466531
64.4223605246
116.760563278
119.142910808
144.766776336
87.8391237315
183.829708435
256.906353662
400.929522358
299.104436259
139.821245743
0.60965689124
62.1655549695
82.5382730257
264.835195482
347.442219936
453.468262365
431.150997827
501.134711222
625.942687823
562.963920954
593.378507702
365.902787859
587.097055103
0.37827223788
0.310808491234
0.358935274144
0.593238831011
587.812567912
561.870414601
572.221455005
563.798672864
0.645458188758
332.012074904
1124.97670797
787.147290508
428.953487327
1129.69401388
740.122121537
758.733130056
456.115769474
221.52504673
66.8341893363
0.705145380546
73.3660874859
0.518638217738
54.500240986
59.9203212901
53.3465310361
474.536951607
425.291238651
345.222769662
248.210381479
335.925391803
216.459069573
128.431688108
201.71646868
284.697128826
247.491927988
254.250323355
1.00667766727
110.463978069
130.098640817
114.532576037
221.352684301
0.593060980041
0.384726971323
184.053552166
0.427167567427
190.47237489
72.0417626611
168.608974091
88.5758659486
75.9256791768
0.88749952706
0.754686077446
1112.52077723
806.011487951
706.302060551
696.825096353
0.704547879388
0.776658054374
123.047902998
293.689744686
52.7153591456
1704.74683574
0.550793446595
583.101469127
658.914254404
898.98561077
1248.56192924
860.048636695
1402.75755694
1094.44467367
1051.76928966
1272.41333037
0.963335863403
1269.65113593
1156.6272989
1458.13152797
155.852162784
1371.15665801
949.281348264
1501.88094393
1.08280107266
938.123892807
1253.39233205
1103.29367683
121.10158197
924.697059674
1193.3400202
796.884585749
606.613429498
687.014802563
624.94551004
2.12681517123
631.886401458
572.817241382
723.424983174
0.44900249582
584.063555583
327.947230361
62.969602854
266.448662838
127.28787775
0.236811607344
310.340233505
73.0838215189
130.48399727
308.746781825
245.380794279
0.326709660817
239.577076153
0.569399711317
0.403801185016
192.300261527
0.507032776276
394.14880847
259.232274838
213.202128675
316.661052168
311.562956215
421.200960771
605.767404266
342.491212756
363.169673756
166.414093952
816.497516984
355.558442793
210.785964715
0.488754356238
278.855311667
0.331110309751
0.301830185474
68.3798432942
0.394798166103
57.4857982102
230.17855549
267.167565156
363.766958766
0.260655094865
277.849961085
61.5310806003
181.028364295
218.426050302
64.899058839
215.777691371
464.095380579
566.55480229
612.68387626
794.300901604
647.789493475
1153.06923938
837.677230389
621.752726965
889.626950146
1.4565142841
549.220622949
135.74181404
1.30228434041
273.537725432
460.99143372
559.961010804
358.330747585
1.15734984877
196.86527658
770.897901333
514.764821972
614.822278983
520.474577864
87.3923266704
108.363417652
105.044204331
257.449714156
175.708756054
0.745514123528
775.558499944
522.405537432
456.013215901
684.840891892
467.54262694
404.18920161
52.5573310032
0.54016693647
53.9563286289
71.5672081651
0.468897787208
77.9746193198
0.765432542816
98.1427340577
206.881973949
179.485436741
255.443899462
193.176949573
93.7006298954
66.7833660296
464.768064923
383.896504076
223.795303109
0.477763633663
57.3411463795
100.132575891
240.033635592
91.8183907047
134.828198833
119.136939351
1053.2372591
894.950918658
879.730990563
1098.10375431
1837.65824741
916.137088503
1168.5022261
1031.28531627
0.630434112659
419.893207943
671.784983975
56.557837087
0.716347516506
0.768946585182
0.854438711554
0.816993823603
110.493019238
88.4417276827
1.21883682167
1.64421062948
1.35568976481
1.32391608661
0.835088129447
1067.33957901
1.14350925321
698.023057973
742.744103502
57.7961780601
0.317034262625
2164.24091883
2442.29316818
1089.95166392
388.966442245
930.212453923
60.6473304361
237.038131635
90.1181633667
61.7296618888
148.254801725
0.618170894667
107.029388508
61.1801620497
0.268619218008
60.1386681011
103.685314291
73.7691533452
84.7512352849
99.0607409231
0.260783023549
102.198292702
133.135582059
137.135974724
185.121058532
120.890875572
181.289246165
95.6003855458
295.231894773
0.441547648537
0.375859491152
65.6968941508
0.418949804583
0.909904435897
282.883876278
198.207507202
464.060397028
275.417173785
232.957875687
317.985834118
195.091397709
0.258638484808
128.941405894
165.266605597
845.612713495
643.971226457
0.471607694416
113.032693094
0.37243071091
0.285735055752
1106.22141676
1341.21608894
148.596163449
1203.00693022
1197.77925419
168.863213547
571.611469775
452.81655405
1017.8517339
134.95282917
295.283956975
344.712828507
216.051162881
208.665008334
90.5918986942
0.475363583352
95.8672374659
187.796562199
57.9245656823
1.03953564775
0.925251128034
0.84310125363
0.949271167472
98.0628115295
182.46319596
0.788146743857
0.98198009538
0.963237041827
102.97527618
189.873159933
361.519336336
214.344280303
243.847686015
65.9750715991
142.84170509
483.158828226
153.269519878
1.29070566815
75.7731028227
73.3549722788
54.404937649
0.122342550677
1561.50392044
863.185040543
413.138799184
0.259930200784
450.815412815
139.181627209
424.960528853
1497.07019223
60.421607234
770.048380083
419.10832687
660.358127896
69.4824421928
539.997915485
481.759330037
585.706602076
1.33644921394
380.28207567
338.788827517
657.78964527
267.756722967
324.405151477
453.420233564
80.0860869004
1.06980403516
257.392544489
360.541722799
57.7883330166
58.150286636
61.4298839429
160.953138041
187.114740758
54.5270798061
202.319816969
57.5101113299
198.386971915
104.777076255
305.851820199
338.346796394
54.0708141464
57.5182411975
328.714991185
0.243955582166
278.322813575
88.0228807277
67.1009825751
210.984212879
52.6976154991
104.378492276
85.8630795714
213.009809377
65.4430198696
0.518091584298
0.848258069602
129.76714723
91.0216163871
480.776300703
65.0401608932
468.501753747
887.342347685
70.567861957
204.335816205
227.727289591
588.867868258
76.7066666998
84.8599166504
96.1983370208
130.494389143
54.4886833259
476.777019052
856.260487483
411.257337855
725.077996378
419.455002419
634.038881954
894.876835612
499.143988037
0.369813722219
0.372914140892
61.4635235409
311.430205139
342.182874125
0.320251131852
61.5699740916
0.369307851162
60.409634961
675.350997987
1213.70589174
833.793184328
940.123154235
0.984558055243
250.636817015
1.21727311657
174.74734177
0.863889312171
791.347938236
0.607157483346
0.501116168688
56.0761233004
869.198248467
0.288761582451
55.9706300835
0.582500276511
122.39369502
161.135052546
89.0372425378
91.8344175501
82.3891200903
73.4818950631
87.5422597463
0.436871765195
221.412058823
336.428221479
445.286892519
627.090428472
595.466413526
284.680830305
160.700897186
479.866532928
481.729939263
408.967741181
874.815498746
0.883744551954
734.511370514
576.553072378
97.8024988446
743.142797036
256.553074201
0.82776147728
0.923517472146
96.0187680117
0.865460968099
1.01474033038
0.793383188033
1.00368274882
103.129840713
1.33130791834
163.523171039
0.5821195615
0.450398389918
189.388163575
198.704787275
0.495893134474
102.829192869
218.938193083
170.941450972
0.227346684942
89.6537503259
180.423256127
0.456330481721
0.39395942531
53.4326809598
0.453531646723
61.3902260362
0.481162293081
0.819321180862
0.456170746558
0.442619884288
5018.89294616
0.28861645123
90.894366424
61.411957688
577.330319719
1098.52101557
1039.59163916
1105.37000047
1295.3087801
598.291574066
837.618339536
1474.7805032
823.289250704
737.130957827
578.872999087
68.1804987933
948.644740664
0.401782059429
0.417752877481
417.539099029
0.451027928201
56.2454599923
0.388150175641
276.642035529
0.362076769072
193.117193455
55.1952543336
725.50761927
685.217514468
717.360244675
768.550526821
671.208818243
535.521604469
958.505022554
257.462420268
207.024132457
138.803944207
246.24743822
176.187241519
66.9837693054
68.8842426936
159.555393014
0.55504920171
133.148207879
179.407953298
166.256245055
113.348722946
0.484363883098
0.476993069045
0.467893976365
0.457781853606
0.448893296025
0.440952860403
265.690022652
298.569919463
0.414594802253
0.404310065754
0.391117649737
0.36246217718
156.075319282
103.244109896
0.335221732727
0.323398463435
0.308210128213
113.849298164
96.9754401143
226.533579071
150.819901696
175.00407161
102.598211329
187.573681195
59.0449108258
88.6861802607
229.889626901
205.831956373
247.495031903
0.184226280976
0.17053927939
0.162484269901
57.5197941277
533.548300552
369.146369556
282.316257961
267.123005733
532.899630464
515.201542047
218.474291925
0.0610744381694
195.498232111
68.0191880366
62.8676629971
178.131993072
85.1356862878
272.800198701
0.0
0.0
0.0
0.0
0.0
53.9254448031
0.0
122.118746684
91.545055318
78.3315206275
74.2888193887
114.278322193
125.461897332
213.396331497
241.264841923
238.374485016
82.6444542599
188.804214882
211.838739331
231.313133413
229.032344164
206.13045926
218.59697174
208.138334706
236.741272253
261.865356977
254.900362556
261.205633119
286.843046689
299.333014345
273.912258296
300.384246926
284.763474496
273.507341579
287.983539831
288.299313629
281.7933565
268.334690672
257.170632906
249.952914402
212.296511895
215.777616309
226.244233167
242.468216311
259.845183236
252.787205981
253.401495907
265.059937579
266.867044721
248.917288308
214.350326828
201.825897733
180.671600212
184.597171177
165.911043908
159.291439179
103.844875159
111.120799695
174.863799034
61.0859298668
0.0
99.3561028659
102.833469191
102.12325196
102.610165804
54.4872849731
0.0
0.0
0.0
0.0
0.0
0.0
0.0
0.0
652.107335032
92.8833399067
329.288609319
466.227126839
641.184171339
172.028545296
324.517379302
0.0375038547196
56.4191030071
0.00795089776559
51.4033433876
0.0
55.6843300612
172.488584203
52.6397120668
0.0284453173142
0.00737911257888
158.332670649
105.301046965
0.0
0.0
0.0
77.3279734262
0.0
0.0
0.0
0.0
215.161947645
218.629478108
197.098437938
124.005978125
290.504092163
53.6729932468
0.0
0.0
0.0
0.0
0.0
0.0
88.1081512795
89.6357872514
0.0
0.0
0.0
0.0
0.0
0.0
0.0
0.0
0.0
63.2491893961
51.7333173157
0.0
0.0
63.7880215424
356.678454436
382.953367309
310.138045512
221.555962947
185.526002471
100.317974385
0.0
0.0
0.0
0.0
0.0
0.0
0.0
0.0
0.0
0.0
0.0
0.0
0.0
0.0
0.0
0.0
0.0
0.0
0.0
0.0
0.0
0.0
0.0
0.0
0.0
0.0
0.0
0.0
509.716502835
1158.9811198
0.0
1477.26832635
1512.31691056
1312.52232276
1069.56712522
846.081646584
555.807706406
0.0
1268.23376626
1963.40871038
1252.07405015
0.0
0.0
913.933088119
1105.47727856
0.0
1080.06583166
0.0
793.398834187
1239.73748182
1082.16646222
1206.61455515
935.723694397
1198.93552073
995.4876668
375.000347012
821.492911504
784.002528238
0.0
347.28311585
494.979773195
300.937535771
331.850689395
310.608182065
251.91205699
176.614322025
0.0
0.0
0.0
0.0
0.0
0.0
0.0
129.044854526
226.635924999
703.197137624
963.48841477
0.0
180.449573107
343.556120398
328.336053027
228.242697783
163.195330152
0.0735374588736
977.115994915
1040.35784283
906.252442025
827.211768748
805.882571585
948.888628053
0.0534936966176
867.553964191
619.74580433
818.57509656
698.345662989
817.824498234
503.086922735
804.336513795
759.911850968
169.868289044
323.390952472
704.257758656
0.0672903980807
0.0592707544127
412.720673945
491.356698262
527.430830865
265.822472935
118.35342929
437.32880903
504.480635476
53.479237459
106.019690836
353.002599309
483.322197699
370.91511099
0.0
0.0
0.0
0.0
0.0
0.0
0.0
0.0
0.0
0.0
0.0
0.0
0.0
0.0
0.0
0.0
0.0
0.0
95.4895988491
101.607622861
103.719574871
103.469015234
102.136202962
99.0846376804
93.4610846869
0.0
0.0
0.0
0.0
0.0
80.779757363
67.2754148571
59.8977196839
