0.0
0.0
0.0
0.0
0.0
0.0
0.0
69.7398777308
459.229836276
772.420066332
94.8389458763
291.966704914
172.960896455
102.341217328
97.3768936306
43.8029624302
0.0641036480453
0.061063077795
35.4331280646
40.3837999339
39.8823566106
43.7274915594
0.0516038163743
20.1330946066
23.234929294
0.0803100567771
26.8935368979
27.1650756379
27.1071494249
27.5097614989
28.265950382
28.8471196199
28.6867812122
27.3045936062
24.6702570691
21.4835196881
18.6010040602
0.0142396964128
0.0134337046527
0.0109192372683
17.8279662478
16.701082261
210.945630429
201.175498903
122.821231024
100.751386644
60.3231591327
0.0
216.131028588
297.994748516
136.698559982
106.065956297
67.5110638234
0.00633023254666
143.840614387
304.031137204
172.31344973
110.93947995
82.8296147527
16.5542064833
61.0162415961
384.882437818
275.595271837
149.913146535
132.90603889
118.096164982
24.1465117979
0.0
0.0
0.0
0.0
0.0
0.0
25.4595799374
28.6692042047
21.0711038502
0.0
0.0
0.0
0.0
0.0
0.0
0.0
0.0
0.0
0.0
0.0
0.0
0.0
0.0
0.0
0.0
320.063394638
341.521644668
150.330219128
115.553213785
71.1516416654
268.259458497
206.349328681
351.410540884
186.720873571
122.623066319
84.5553355891
0.0
117.490871971
385.458818746
256.884254119
129.627874022
97.2008300943
20.8394000162
0.0
232.64562851
230.346775661
138.01869058
110.259448963
39.7599412465
21.8056639907
0.0
0.0
0.0
0.0
0.0
0.0
29.0381283961
23.6242556733
0.0025059744608
44.1599021122
0.0
0.0
0.0
0.0
0.0
0.0
0.0
0.0
0.0
0.0
0.0
0.0
0.0
0.0
0.0
128.84142097
82.8689926954
29.932122646
102.945293572
58.585349611
36.882898275
92.9636771172
17.231187928
64.7376666669
38.7760332928
0.00619384923392
0.00989748988028
0.00496580321903
264.858189206
179.399692749
42.6366169865
82.9160872312
0.00756409212274
47.455325616
288.316195629
320.20189203
170.156792821
137.471561808
122.714225985
21.6451423802
0.0
0.0
0.0
0.0
0.0
0.0
0.0
0.0
20.5128855805
0.0
0.0
0.0
0.0
211.657049775
176.166358491
0.0
98.4162398374
58.7558043991
228.887730038
33.4013122029
20.8811412329
0.0
0.0
0.0
16.7461218308
24.8183978661
346.795648593
209.707182183
110.881855489
36.4606107433
0.0
0.0
0.00399148164038
44.122353937
0.0105092225538
371.484731254
16.6466381279
112.262481653
90.1008806215
20.9184735508
148.195051096
19.8414385643
0.0161275294406
0.0157399340393
67.3193993386
16.5476015239
123.958532247
118.472466345
116.531082083
0.129875058114
52.7249524192
0.221308840892
38.0652617588
0.156038573242
86.443482336
96.4373152858
45.6719212112
0.214238571279
0.271107408674
0.211668428658
123.278238524
154.175632386
96.6724532397
0.279660179686
0.296232063956
0.304361019439
109.370757736
155.792803439
136.734728922
0.2702736937
0.245444337573
0.278882455271
57.3073044523
183.685836839
156.588158338
55.0097493349
167.813801509
43.7855481786
81.4677444863
74.0765902887
18.0875563657
0.281770676842
195.939896282
145.997508328
81.9592658885
76.0658803005
21.4064504324
0.212966248898
147.908889979
188.514439151
38.0030014524
88.6212090849
65.8301962056
147.694864196
155.937996334
316.139666399
125.155558252
108.735727826
153.533618228
18.4588628865
45.6276755276
51.509077644
78.9580215295
44.6761154954
196.413042396
174.664159706
151.343349356
0.351744629374
0.355703460599
26.0862450958
62.1143504916
69.4117206134
56.6539431537
116.464273883
137.897022024
0.193545169784
20.3700798755
244.308771987
64.2357868571
182.682421938
72.322640957
184.289521709
111.100171234
0.179341302014
328.59833782
112.829391011
228.339103803
0.340431940618
86.4932535384
80.5112287478
19.8959900559
0.209461380881
189.022035809
164.347023442
94.3982339647
87.6064172068
60.1226036293
233.515282144
133.241967752
231.27191539
41.1509563724
87.7880254999
71.7111513633
262.930057533
0.236385206428
248.972229323
134.432011185
97.0784141424
58.1878505952
22.5476332885
0.657128770046
0.678811301072
18.4009881623
0.689766550903
20.5421389221
21.2454666017
17.6417226772
27.383181195
0.677473759894
0.682850727627
0.676313770002
0.688181426336
0.696606902992
0.698373636454
59.2254783652
0.706377789566
0.710299880282
18.0100262874
0.709961696703
0.701489413252
19.2475229735
17.0560608607
0.704602253209
62.7401734492
0.698020214716
0.679330385185
114.070140822
70.882402834
76.394976233
60.9026586581
96.4597535044
43.6559344565
73.0609769089
153.675729332
36.0262728683
78.434122612
0.719007061098
18.7457712196
0.675458872067
186.965489608
36.5309474558
62.3616722268
0.649283868198
78.1971695194
0.693393180285
315.784086521
158.459239875
91.9505101224
86.9341185769
54.3551779413
0.826680960278
32.5429528548
33.20007126
34.5316556197
52.3699019933
52.7202525381
33.5871280411
31.2125892106
1.0635440657
1.06203515007
32.970383092
36.3261646216
56.6588860923
77.1757402601
141.346474385
69.958772305
0.897074069983
0.95327253229
170.87842335
0.895144178182
121.621294238
0.672864966604
97.9191972953
0.219993780058
86.2472486183
0.177183054945
43.2327355229
96.3151599083
138.764105721
109.357117566
123.557449997
71.1619817666
51.2784065615
117.946698763
18.0632784974
110.789249189
89.1758415313
78.4018199065
113.760317513
0.0079488750036
30.7813583505
0.0122536174963
72.7001994888
17.4403246344
159.479533961
125.541538523
0.0687579451977
82.4063990404
28.1294939298
24.706169881
99.5238652412
36.2188994348
20.9394817791
0.0825398093631
47.8357676112
64.5162854304
27.5931043172
56.4485958415
18.8662496361
0.136512197037
0.0527621894305
0.0711923939749
17.773505356
16.6661036299
42.0155924302
54.029679454
0.140143845735
34.4401216111
0.181991610146
0.116722298512
40.8524268863
37.7977551419
25.6037075441
26.0695189642
238.581691022
637.56499697
800.366377024
70.9083401071
36.9844133784
29.3694207219
47.1488366562
287.622259749
376.369358254
65.6488051545
18.7536274726
0.0936506032701
27.3699181186
147.619054901
164.394316459
412.327592143
22.6599151164
0.231451496599
30.3152111942
123.475413344
117.842503519
61.6693056198
21.470029569
0.204980593031
20.8532270618
0.314330012433
0.299781533829
23.3322527649
49.6637313987
23.8924660156
65.5523701157
0.153362150567
59.8043798924
22.1109091283
235.928006771
0.148311247742
27.2166680374
18.4524305021
62.5313457497
55.3711091337
0.490736579451
90.5020100013
0.447036478721
375.450024911
166.882559024
0.602476210069
47.1326440204
35.6776052288
17.7751467899
20.3919792887
21.3888082983
0.401017050833
0.477909874236
87.7565107392
57.6193923764
48.8205769048
0.491397530871
24.542223308
0.32698591122
0.478733636397
18.3166016387
0.382103619832
170.20354243
37.49663924
248.557180751
455.695186646
20.7442745023
26.6154435353
17.0129411178
0.357809384972
36.6673220483
66.8927652487
137.164781323
0.397730902144
89.5693859162
85.0642003249
72.9404745511
0.39038918737
73.4777647343
112.078307073
27.0253121332
55.0258927607
23.6147307263
0.253636011264
0.284108337253
17.5797964504
21.0100741424
0.402936861
61.4873180023
0.430774598036
0.435072344666
138.823461409
67.9208174141
0.484882865014
399.953248581
0.47946198888
65.2092217357
0.286989682526
34.5355971822
63.2088712817
0.315491114249
56.7898047937
0.306709742829
18.641071747
17.8076116406
18.7843321684
21.1472466155
47.7745795451
113.303042881
21.4982064678
24.147592461
45.4089023422
106.315156569
27.6801381151
50.4678376516
347.512752696
207.655210274
24.8559548238
78.005968966
17.0436270356
0.222445041917
162.735088808
26.2405199585
111.859353427
0.214536446572
105.093412331
49.653085411
147.658581986
274.844081021
0.580222056311
0.556843115237
50.7996327765
0.394350845868
64.2250702127
109.912574679
145.96811855
32.2993927411
90.289984832
57.4637150468
102.788797061
261.023102249
344.189899795
160.777069882
30.8266424008
48.5420155189
31.4573918552
43.4597491585
36.632619158
66.017936391
94.5318219198
67.8937502494
70.0920107363
108.047301859
73.4975498928
39.8883597616
30.69895848
22.0165554824
48.7229917981
72.3353970813
0.919217516284
105.747378336
27.2282214418
38.7845360839
64.6069994828
1.34682167335
85.1274102907
136.334113772
116.92980349
197.501410803
54.9730036073
291.061898544
110.335524407
288.655694653
144.526730587
86.1666888684
79.5258720902
168.456246555
52.1984178712
16.7702814639
82.5086204016
43.9095874175
42.0187016341
19.2534768086
23.141047351
26.6472523144
24.9217753687
2.41806475454
2.36044933719
2.35653953858
41.031512656
2.41380807134
2.44621437269
23.7603643561
298.772262837
27.1915867883
1.31643087973
1.48372123746
60.9026973518
1.02912178639
0.106907998182
18.033118043
27.3888110231
1.29522629383
212.822351175
175.489156583
113.769106597
93.0807392658
61.7657311821
181.955298986
276.194431898
364.337970262
163.288538575
194.605867394
150.821762131
152.779585305
143.073860259
304.821369144
244.189789257
151.774154649
102.955206095
203.672548565
1.54431652921
193.201419515
155.211159383
100.118452935
91.3232887561
109.290243875
243.277533285
118.150723725
73.0021731239
23.9968798499
161.482258937
1.00046313153
19.745322055
125.761226457
71.2299692668
0.286863206473
0.0913344460372
0.279817746862
25.2150488508
47.603589806
16.9567468442
28.9143139194
0.468864751199
121.045976798
104.93075947
0.673301213905
35.466918488
67.4944914197
0.692139168109
19.0227419385
48.8614212858
0.75168121397
207.784198748
287.820579615
134.178682886
30.832716828
18.5597031874
32.7491073751
34.3202434889
286.087335969
188.422608822
147.896566179
1.19530537647
24.5237436869
103.038408336
80.6651681839
20.4394551967
132.114901388
139.495733387
140.461933206
1.44347172396
18.0186348615
57.7060566476
80.1312534668
66.3065044747
91.8417974871
80.3290373287
39.9235454259
129.777917044
18.8426419683
262.386489489
2.14106481556
70.1465285395
34.1431639966
96.4354377091
48.1461212836
1.68058478906
61.124750025
40.499094869
40.8307058561
153.31632945
82.4094410539
1.64974539789
216.858018844
1.57446838479
1.60879342857
18.5478358258
18.1099113371
17.6778155856
18.8871626636
39.7989157078
0.972735828679
132.488485833
154.108353483
260.060965016
303.492538667
256.365207457
81.2064120797
24.396308101
22.0552044338
214.012551767
0.867651640069
238.488867553
0.124687888673
0.131201158736
226.46586824
480.980001371
81.1833184198
55.3677320837
343.031340753
0.465133971049
166.162572626
175.046539764
1.08444243445
1.18561416437
1.1923960826
232.068922058
99.6548547778
123.409786954
114.53327864
0.79297552893
0.791810253367
179.208771987
25.3606015988
161.565688984
149.951231112
183.104733055
135.243011773
17.0762810468
87.6177187036
256.526726914
203.705726244
65.1044790793
149.539001023
142.909355082
118.02764903
158.210283561
48.6368392047
21.0165223676
88.7112677786
83.9917125821
36.8779183789
47.0901834436
0.739183022584
88.0944425263
0.602445218725
1.07391852587
21.6139245322
1.0582949596
21.7873050557
102.809359082
0.876238723007
345.396120251
37.480783085
0.901428020998
0.915965557899
44.1240614301
0.977148333702
26.4131300967
103.349365096
1.06386554887
17.6765957048
18.0401077625
0.804084905694
22.6378769128
51.5834916345
30.6557448679
38.1186986498
108.997983701
204.142623376
191.153265606
24.6241749915
190.765983493
152.683190679
171.55658651
79.2687217018
96.6463101556
43.0571689126
49.1195597057
20.1989896508
0.0910124435041
43.6528984858
164.583060434
191.083433904
102.952212371
0.12495556792
599.686657034
51.3822991304
212.585924056
139.529647085
74.5758640839
0.0362490487659
107.288533222
17.2423834894
305.49765808
0.0464228454852
23.6745116348
20.4195302153
74.8158963971
18.6509067329
66.987512291
236.727045248
18.8234820841
0.0825985091959
0.0754073375836
147.681150411
374.340183701
0.118800747246
0.068029155048
265.053157098
72.2125987729
22.4411475493
0.0718363853407
55.9537586595
92.686841772
99.726478536
62.6469889273
0.0684079382193
0.183408718249
216.010021282
0.0662998620013
0.0860640253442
214.269102544
44.6492671384
47.0904982633
22.364165431
0.0947424462817
2138.69872846
37.3308662589
2261.25258085
116.242279912
97.1634045884
88.5057245377
0.0989935824118
34.0572845634
21.219639151
0.144011362034
0.0999887795729
162.174156058
138.268269509
0.0987376871276
22.2848615219
0.127256906642
131.317349129
116.230249341
0.171019068725
138.344098065
93.6660200037
0.10953039207
546.289845273
76.8853692269
87.8035163702
54.5180825366
314.416747847
165.483680995
291.9862912
112.08733753
161.096833106
85.8843853319
56.7335274713
114.844062852
65.621445297
51.6197911504
2045.2646211
1921.90518361
17.6913972453
20.5934395507
36.9811211177
0.0335153900379
82.0748821096
72.2066763936
233.159565356
181.372107883
74.4913971786
162.356602235
132.134612123
104.329717137
0.0628736935321
174.652633011
20.5772254001
134.02878104
115.571177544
155.397727226
206.242667568
178.253860141
43.3391082924
0.127201508163
88.775340193
233.861151762
16.51852903
22.0441443433
0.122256410516
85.5266275048
17.8156942511
103.584235978
0.0410983507744
19.2111828109
114.761531607
59.5761080654
126.712218646
43.8201828617
17.0909052817
77.2219234716
54.7824201484
0.0353442079794
0.0422697038443
168.496943364
96.5642858475
25.6221860125
131.361970633
181.964880205
95.0024416866
58.5334881822
0.0502409628391
88.3955229737
0.0594222921576
0.0246956582228
0.0346295837515
0.0759867674713
0.0203438337062
30.9307910096
60.9455982026
28.3951204773
0.034824551113
18.1001507021
257.171350255
101.627004078
133.430079364
96.647220224
40.9914645369
89.9993213439
87.2631562156
83.8200151731
107.570607928
131.999487944
91.4183148286
0.133784296626
112.806365892
89.7446497386
23.6815618488
17.9259196263
0.156821452675
19.2426011373
0.238681432938
178.794603595
202.8356125
155.153062725
81.1673456159
56.2327254672
18.4134680371
90.755388945
137.136485832
51.2517682264
59.8166606751
34.0149043861
139.046102964
63.5833787267
88.4571801585
100.503603057
122.599299226
194.471404821
48.3202868043
22.1570023023
0.0506866923133
215.332899581
61.8776402404
0.0905527162063
17.6474015422
95.8804050362
0.0281923554149
16.6887517306
113.393442952
50.5764441411
163.574176376
291.525115865
0.0773767606084
21.6283454064
0.0273357227944
54.4796914336
0.111566412971
0.104407906064
24.0635732552
83.0720858713
125.068223755
125.817661348
60.5371452379
60.9061845372
141.469663719
79.1749826727
90.200926363
163.71181877
117.933582146
38.6148995841
0.102241102048
45.4378085514
148.209315506
17.9762718656
0.0190757404158
186.61917952
54.5315280352
23.5912657549
20.9188554413
0.114714273259
59.1487794615
0.140411106869
235.004489873
63.8998252007
24.6512031309
0.154040578723
39.0620519392
335.896432654
61.6658913894
0.173619488719
99.3325779838
37.9327959827
78.2809442657
131.218922124
55.2079930744
38.5071247524
19.3212415904
128.135969752
0.031286586091
0.0160450635766
21.1392325702
0.0103788038692
19.9391073224
0.132980387482
0.153032026216
34.6303984028
2331.77574048
0.0930386075065
111.885879932
29.014060657
0.192098959943
22.0602736327
25.4110747315
400.226915588
391.608203445
73.0380837336
27.0016893231
53.1556377164
20.6209361328
18.850985822
64.351212339
27.3814785317
120.791953987
77.0533063339
0.156611317599
2255.82261915
2159.78322607
46.9268389831
258.59172513
100.949222064
111.399698925
39.7232152901
69.9983388596
124.015814515
20.8740271592
110.046373112
149.429384468
161.917712686
171.414822078
107.391733382
19.2667780088
0.146541536483
0.139804284535
22.4520526063
31.6099611853
16.6018466958
100.776947451
148.523654549
136.926118208
167.749131435
102.326576671
53.966467337
159.619454286
43.6702785875
16.952066755
20.7130772025
36.8072096492
16.6660235401
153.264470381
154.260712182
98.5988831853
135.572601809
187.606568669
153.678868199
82.7502668291
0.131123504274
49.1479339808
92.4797432102
104.388474366
47.3525687067
0.231302937177
0.216645305709
0.0375897835466
29.1811363961
52.0618324159
354.751866165
359.515019082
262.580798913
22.3237657671
20.4393954235
43.5398165468
0.246712265536
227.228252535
54.3955994296
76.6295219868
88.5251325884
0.0720431232562
16.579793847
90.5195265386
154.31956012
334.628625152
105.86605714
47.9517354559
133.947437545
53.751747274
26.6655688588
51.7820217204
0.0357331361782
0.0301353861213
0.0175243867374
0.0220753129046
178.744606306
97.3699389449
144.30834846
121.999939332
177.961080292
102.886156179
41.8155746646
0.0548065855507
81.5775318035
104.418576694
116.959956525
99.5691861268
21.8402998444
96.7042838358
20.7262841604
32.173957622
136.503418551
123.165667167
171.0923496
41.3455437565
0.122705652331
65.3176067406
70.5873819445
44.1310742835
42.2140452242
51.3644327424
144.534146963
123.61321217
59.3334372167
98.9638003054
23.8578495792
0.196068223195
0.0823924092106
0.234854934325
141.500409585
127.436816483
152.123231057
163.032083869
116.424868879
88.0546629942
41.507277881
80.112762117
42.7722921824
26.3161549495
20.0690147129
0.259062050799
159.194555374
109.243951658
65.9791784841
65.5596612594
26.8681559484
68.7741450544
21.2755308791
16.6960325147
98.5739300864
58.4837612752
126.984759861
162.215645151
24.283877329
153.143329043
56.2038812499
43.9543993874
130.998455381
24.5391390692
18.1671600154
0.177735098784
0.133787574209
0.153701759815
0.127589168241
48.1228445067
92.4322212448
0.0961311520131
0.0789691992599
0.0755981113709
17.9545494577
95.2667664141
112.979814206
18.9717156339
0.0341939389812
0.0588844274892
0.0591394058538
0.0544517243928
0.0519210043386
113.773934684
172.201591094
115.298316152
17.0931548581
82.4594027835
18.7644554088
143.176865845
119.398752781
44.4173828341
165.682618511
24.421718076
104.250758555
96.5243132718
65.6180691462
75.3803253229
69.0594428347
0.0960597538496
54.9861434653
85.2025400502
0.0739297786667
19.9690640342
21.9908122081
0.124616109259
0.148974039702
0.17180020341
0.137056192333
0.271168793689
0.226829283055
61.0579214714
61.0126129125
0.0947503131063
0.136185596829
16.6895371494
18.7384888871
0.0898390051742
144.284138521
75.2340326925
127.341292961
64.8119519547
92.9378745473
81.0980294378
58.9129880244
23.6311022188
20.0694108028
0.0810207242659
0.0683114302579
0.0510215497026
71.7099463914
67.3413151357
0.0505042430659
0.0473512802191
0.0555177669249
68.5612950267
132.587549413
67.1660263757
0.0695511586921
0.107302356721
0.0994738235863
0.0997834537399
0.090188731719
129.501645799
54.8735772514
176.069612071
182.345495903
57.3376801478
59.480163367
24.6896468693
25.6007380184
134.559051989
151.826472867
103.621348238
103.826552327
97.8884125504
133.107575269
38.2575700204
77.6974396615
23.4805974414
22.9115614636
78.5191422452
87.3406823864
0.0296853168663
0.0311489857565
27.3717210152
32.32760657
0.0509553742958
0.0603147171076
0.0733589128422
70.3160286751
0.105701875333
68.8637904598
0.131742296367
0.0965748583785
19.5610477464
0.0735558121454
0.0599792792808
71.9122047756
25.8041547873
35.6151811808
31.7475940043
31.8917091564
0.0473591234029
0.0690097124662
0.0195474708022
0.0115517033641
0.0142294912582
0.0162000351959
0.0174861682306
0.0151177397756
0.0220787065735
0.0237896904723
319.887699672
75.0910143112
81.1158815677
108.163414208
105.658457601
22.5426987872
322.380495098
245.827531847
25.0829948696
102.328611029
107.642387317
392.999690621
314.731032801
209.740959892
165.2541392
178.710374458
145.13392245
116.57880614
0.0526431001387
0.0377451272149
130.297316577
46.5250974847
0.0313023113543
0.052862717014
0.129288603733
39.0748660826
29.8427716283
96.4316132776
0.125793659382
0.112374184194
195.76646495
129.454172412
0.143850507916
92.35563818
170.960891301
52.5648903588
25.9733173376
0.147212247353
424.392879696
33.142619666
32.8097568415
70.0336578006
22.6297949498
173.933699006
0.0534468205611
25.133517706
100.222497122
0.0491473436689
48.1872448341
0.0553645752893
0.0551211988357
0.0503869028564
0.0503035141338
21.1624685536
24.031818167
33.4598100479
61.7727864736
19.623061979
31.9282431226
146.516320243
67.3195166166
159.504247096
113.663360479
126.540211904
47.648752766
32.8352777705
0.0426913268607
0.038811781946
38.7171628707
0.0333992770281
0.025517036995
0.0200827913487
28.3168087827
24.6629429562
23.1392036854
0.0937655865627
28.2397138471
83.5693107218
156.947716825
0.133284218172
98.6620285313
0.162932323833
0.190023939163
0.194471790157
203.010515348
29.5457921816
60.2841417753
43.3921336478
24.7709233628
249.365112072
78.6611704993
167.324814893
153.671774745
148.399738259
96.6498595442
0.165537994037
101.089001968
0.177346466964
0.18051445935
0.175332659839
0.16139642371
0.147512497178
26.6165597776
99.4574026736
182.097240611
147.183250475
199.679879101
110.545275074
150.515060271
134.353831059
82.1258692789
49.5130770355
20.5452875198
0.0740774918563
84.2069834333
41.4268794746
149.098738202
52.1661752044
38.9156938375
44.2802956465
28.162558508
63.4459139046
36.9095734655
61.4097386
78.2825648121
168.97975879
107.466702225
134.466723605
0.0997039061691
26.2898656024
69.108943515
162.046426004
179.424494765
232.942309659
167.603641351
45.5865389873
26.3704880849
74.7939686515
171.966798132
152.140486332
61.2864924514
37.0118127562
75.1329202467
190.382614789
169.586787524
224.437975967
133.341166638
109.331864723
60.9127604083
109.868757453
26.2562812774
54.8266770362
187.655300517
239.959072827
153.294525246
47.3219029685
86.1616371957
0.0581523957084
77.3311092672
110.490836856
25.1081966903
197.196435017
163.587935333
0.0600713466892
0.0843533019555
107.110016808
22.7328866368
88.8384477247
68.4422560303
117.503064298
129.421541001
66.257623313
97.7999854901
37.378600541
116.670937669
20.3784231043
20.0004039559
0.0484422991643
0.0526313847761
0.033465384147
0.0290960690839
48.4402517183
0.0673383919107
0.0591638054663
0.0489257507712
23.4649108392
77.0768897593
56.0391532029
24.8909911341
27.0508700918
24.2847285335
27.0151201454
23.278121795
523.210388176
23.8776652172
50.5640300678
0.0185160311546
0.0187096639454
0.0110208534416
0.0296004618756
0.0290688453485
74.1750805378
60.1964892269
122.391950921
97.7326109348
0.0441108410912
0.0510791225665
0.066085884975
228.911762234
0.0928957010019
0.129186292765
26.3692670855
0.107978412392
0.206937679525
82.9590035618
83.3726806267
123.157685794
48.2365968963
20.1171888152
22.5643011313
0.191445289813
23.6717106707
0.144562058308
22.3540592743
0.143998589331
0.135513776535
42.5975443921
128.603009487
0.169098284174
185.616357113
164.866438164
57.9277750083
0.182207689441
21.947131873
22.3836115522
87.3701522954
55.9075950452
159.916516485
0.306230535998
173.571804524
140.169773116
161.679136797
203.323647025
142.299293522
96.7846548212
19.8643321436
110.495626355
0.363923514575
24.7842142838
26.6042897021
20.1944812344
0.323019378891
0.208937741124
0.279591658085
19.8803983574
0.176635687064
0.30141025971
0.18158420199
89.9257752438
52.1956482208
96.9506527166
96.3505824437
79.5543466938
70.6592401089
0.416283206058
31.6718278925
75.9987671297
0.42723769714
0.336253403602
0.326808815747
0.308268390094
46.8189252397
0.370323917072
0.402667225012
0.443321098643
0.440648981181
107.0670682
0.438688612991
22.210512835
71.8569134025
26.6676095346
23.0000853889
0.481985865619
61.3634618164
138.983340756
21.8159830886
0.185414714542
21.2090996534
0.11884948847
0.162697464592
20.9543466956
0.218690674899
32.4227446683
21.4767867106
0.218142049871
156.409950876
140.21780751
33.0029304709
81.5119554749
136.639095998
118.000051878
129.916737029
152.021825774
54.9233925533
99.0228413198
0.236782486541
58.6517371127
134.503484918
55.0290297865
0.427813128864
0.316755705813
0.416964490904
0.359301261485
0.400961035378
52.7468520702
0.190981269995
40.23196893
0.249119930506
0.21396281408
70.0273474402
31.6423381086
86.561529547
82.7524067058
124.947476876
0.342862246431
42.28454741
90.0758680567
0.267838326458
26.3242099245
0.250708302131
29.8745081342
0.341294648685
0.411030338388
44.8326413079
26.8270671472
28.156218724
28.0484866366
29.9924956292
0.235276812483
314.081655064
147.123057644
147.085658498
115.670398475
0.252196145874
99.5315136935
206.777174972
144.98617479
99.6280826957
118.122797229
20.3672119194
55.420690849
103.191581868
119.781238805
94.8083979553
102.062671232
30.320463093
0.403307595152
156.139773948
0.32149738118
28.1061278924
0.244332487549
0.243393451922
23.5142466948
22.8084289564
64.7112140436
132.31221567
37.1632379202
20.8887917504
0.169203640873
20.4610822948
36.706342613
60.0814462881
0.182854022881
102.364909191
20.7504638879
50.3538162586
0.179217026383
22.524858131
29.9643735966
0.250832902448
33.7493561575
0.163077225978
190.881097258
43.9644396841
0.150658207853
0.140685624524
77.7495697518
0.150668317378
21.6895689566
328.004934999
95.6089545862
0.366564932301
42.8978094547
93.2593386776
24.7053477259
58.7252572246
0.21633347798
27.6862080781
38.8611257235
0.344048237585
0.355018885522
0.237741827552
20.6304022341
50.9455263113
100.604368977
36.8475922206
36.0437240497
24.9517925068
291.669366591
34.2614831595
22.0307814228
20.928596777
43.2369759464
80.9351375321
49.2128024191
75.0522673512
53.7275765465
88.1861455262
53.2051149987
101.708789768
67.8982281321
49.4852582627
105.556737063
22.7778817844
114.910392479
82.2841328599
232.597176668
106.155900534
175.604880027
19.9806490827
126.289272978
73.8617344736
583.793073386
28.1070734827
0.323044155221
20.7866418089
114.900556244
50.7507672918
0.327784010288
24.2166110691
142.188031832
50.6256758533
69.3928073554
110.89312297
143.341845788
132.939052686
0.192364939778
25.6956844301
69.4535151359
0.144694132176
20.1662438124
0.289126557167
170.818627642
49.4173638723
92.1427098878
24.1280172384
287.757933223
100.863327832
204.919271564
139.173438506
0.378109650499
59.4636192887
62.5612931948
62.7901732534
29.8007229135
197.067223963
27.9289129105
65.1914405401
26.547499425
24.73519434
30.9918994135
35.5568607558
207.857105818
263.482511582
114.606721309
0.0890027956563
0.137877793165
101.432230213
183.407490771
85.9069208815
192.441663955
125.181732608
104.882540661
96.6690073335
104.985543139
91.6323567932
70.1622004538
49.5008069327
26.3887627777
65.2968636421
23.3368122644
27.7653989259
23.7882744997
225.784063119
0.29517874579
0.665546396185
0.707294069012
49.5992268933
24.8968259053
22.4013108764
75.6437957793
0.474349879832
0.137237512473
0.185937723385
32.5307108887
58.5720799444
266.027056123
137.059737619
68.8558316119
223.146272873
53.1027001643
99.1359993847
79.3990409665
98.7959691091
45.8890358288
0.38548632011
0.326266981129
0.290419181736
21.9443087082
0.190151064663
123.316070287
48.5627924205
24.0117747708
0.216479329567
27.8884178198
26.4724214128
42.768671988
0.138334632908
0.131134696639
0.229431093257
274.218472455
0.197175017745
297.708291938
0.284385120145
71.4224760912
0.345312121375
0.348015495195
29.3510147312
29.8909751256
25.1060493138
266.149759279
142.087076864
122.774079652
103.292089668
26.5046298114
406.655756376
422.824669498
89.7209776727
86.5186446768
132.442118123
246.740736162
396.024102177
350.085314004
62.3408127759
170.307820094
146.88506547
236.129457446
302.201703972
0.340581835054
20.1754879716
56.2150548157
111.821179904
99.0439310741
105.70615907
0.235754102115
0.244434881262
63.3169574599
25.909082373
0.226214415891
279.523367982
261.561130121
0.216440212133
22.2830545301
20.5289384146
0.325842670635
0.339031426112
74.6427151117
0.247207912797
186.184752787
0.105012882616
0.170600396893
27.412220823
168.379248624
130.254072306
69.722948467
19.2524183845
0.181382649759
25.3640002819
24.1571627571
0.31329699254
310.65690584
69.3723821822
127.125411007
225.599853255
132.706607331
183.717904923
221.91506821
97.5608570861
126.25034756
0.26037529106
79.2526256653
247.72399955
183.44849512
28.3959488939
210.663652719
97.3921650432
154.906761187
297.08614379
0.431458687142
234.849513103
28.4264276618
82.7734820924
59.0437826827
229.789170892
0.365387572797
24.8909093903
0.369885355166
0.276746911533
40.8772222805
26.6553613787
25.9984257239
58.2908553278
102.086514096
138.548605644
0.502335287019
48.6950441735
49.6320569299
190.760271466
438.847054183
118.938773835
0.119887688286
92.5103737894
190.694767212
441.207835346
22.0317155774
0.279340422111
0.250939053182
21.0975774436
119.875223393
0.16821984877
172.001412922
217.316931254
0.169853561041
243.974100849
78.5333216568
29.8361551222
98.4085679945
412.548216097
224.881234557
168.65279673
89.1856296735
58.4757180017
0.193998569189
327.630409924
71.8071672202
85.8014457138
63.5184076242
241.778322511
0.537222799144
348.352360001
79.9257028992
115.325509326
74.1495034364
39.0549230876
130.523550504
30.0598902357
145.580764922
309.284081255
181.453022328
110.934961096
77.0603821926
30.2051334722
150.35640255
102.99703735
165.749661234
22.2847858282
48.338051704
68.6598869928
424.678738515
21.1278787565
22.6254607728
133.489460722
86.0115887443
111.474186931
142.044521362
166.981459777
145.081390824
87.6111858208
91.9230661673
127.954301631
118.606838309
118.769582762
183.004873956
0.295583838884
27.5410708046
0.148286799346
0.227086224307
166.511462549
300.611851116
29.2218533304
73.0430264905
167.731926784
458.459983167
797.707618863
99.6158940134
269.07795684
177.931726519
0.0391374407452
21.2476110839
49.4280621677
46.4209987819
2217.70075049
239.727328517
616.041483735
326.011183659
172.618830976
231.223116033
21.5399677816
0.0176963792151
339.772485969
65.4353346648
0.0303937893098
145.367581822
405.853052453
286.445509279
0.023360520346
167.736072963
0.0675929010254
98.1416354409
65.096309098
208.613595719
210.064157752
241.557343758
121.923238134
19.5219795641
20.2895735653
2396.8536773
0.0332036972775
287.571799459
602.547097218
449.113510167
0.0278977825121
0.0226815202963
0.0163105883339
26.8708308752
26.7381595367
627.832194389
42.8163585697
23.7818830801
277.222748076
42.2286413166
20.9321569707
0.0601092883453
135.814516368
0.0750437401199
143.860906545
95.5145585299
134.250367819
454.591261273
324.481835201
22.9599561688
50.787142668
95.9489039836
0.0361345287847
257.751034233
0.0565719267134
137.634446582
0.0245648887948
0.0106575816129
0.00935031617987
55.5128297352
345.755905431
515.024918069
39.9963593836
19.7791428642
0.0837635081884
2458.52390019
0.0760231879941
0.0873834080354
94.0887557819
140.700411519
108.571129042
365.488307547
285.789378538
0.149130325493
83.0600381185
26.7899128909
19.9173197386
20.1985004051
388.319765905
0.0572246776296
22.8162955275
273.704623905
220.378765244
20.4014716825
59.5810242937
0.227751324934
121.28145386
0.300318044589
131.008795737
197.594421154
223.106916279
0.32644321094
126.443496752
94.8813625752
0.157752152617
210.836561489
77.3826339831
212.276308511
0.157192081238
70.4859157333
24.5984046875
2008.47875218
70.7983806032
126.680224588
267.332085365
186.85231976
299.621757224
250.780310053
434.853567715
318.509282366
0.0123827463453
22.8798072356
295.095813305
0.0924075327542
262.652200819
98.0910534276
0.117622109104
218.127836174
222.533607321
194.08001731
25.071872045
335.121982616
254.013644619
764.172365275
156.392706326
25.4478266056
223.463891547
158.551359786
430.264184988
323.680597024
82.1699962669
135.216898396
97.4156881735
0.0140146201703
0.0
19.7967029285
0.00216501556768
400.970982965
244.53381646
67.4789883606
100.703681299
21.5320609937
0.155082031337
0.131446129866
0.0730923452973
174.576779226
0.0695329100844
272.63321653
0.101061347376
40.2223583275
0.0349418684576
2022.69534006
0.0232417340952
267.37101677
0.0294472835502
0.0192435268419
0.0223357712625
310.307221095
0.0233313175367
381.496042538
174.899145196
0.0
297.615459095
114.386786483
128.220771786
139.107270197
65.3234186208
62.5296461756
57.9339549223
21.6268803657
454.565872641
232.236762273
360.818893299
164.050407897
156.322703666
0.0222426294373
43.8462525806
22.4817333963
189.411191558
23.5458349653
115.216420683
30.582399811
37.3579661303
67.758092843
29.9508853794
73.982310459
102.533760588
120.166042868
35.5702625279
23.9241086058
22.6375752275
92.6402499264
292.382133791
73.6474893809
25.5436753541
0.197211492435
0.181324856111
193.822917436
297.395023207
29.1762187719
0.0675164485965
2085.32839281
0.0781498531557
31.1254470489
32.2096987222
74.9764846252
166.546322444
0.0905527549034
74.1049131202
195.832879743
31.0119609571
88.4053619593
0.0769696804362
53.8012214029
0.0429411337107
40.7407587402
0.127536842029
0.107758951909
78.2800431024
84.0405963156
55.8667756709
22.2770510283
24.2031882558
506.738630604
0.132415959062
314.373694671
138.5543591
103.636354539
244.360859751
55.8288910242
26.2258280177
0.0133569866505
85.7681134933
0.0332288601643
0.047545648389
83.0319175436
25.1925058845
249.739661746
66.0508504074
24.2154414729
120.05827016
43.2363070077
26.0996432289
24.16060505
74.2667770176
0.106622704257
0.170198232377
236.270276131
0.211669896549
40.7346945368
63.1228011564
176.061633272
0.134062885213
84.3565851187
108.473128066
37.3799210835
173.473059366
0.0157320091469
159.856088074
93.8858629545
0.0
0.0117479020207
283.156412486
92.0858035384
22.1767293441
45.3958176651
31.8498427695
127.58505844
19.8023011806
0.087854382211
139.780044307
62.0332539174
135.812549624
0.112676932506
0.0802405993976
257.347459102
129.897516751
0.0736643897245
239.406983073
59.9920274663
0.110632551718
0.114804905675
113.639396452
39.5815053926
19.949315243
29.8882690837
80.3035024839
0.183569406913
64.8397022017
0.19678725958
19.8732175296
0.103906357954
0.102421694017
39.8514094655
28.6760207464
0.209954592731
202.457943252
92.7364452698
158.522979397
45.096865487
59.4606219136
0.107821972376
328.322125022
274.116145618
106.204048771
225.299594806
24.6020388137
0.0111993248362
189.398375701
46.8881370343
716.726455939
26.0172117564
43.4695681761
295.388557249
204.36382766
0.0992376819909
122.084318888
0.13368805197
85.1712355351
74.0460317152
51.6233562894
0.143959132466
50.4886636978
328.37212265
44.8369463323
204.209101289
157.723122505
30.8942895357
0.148536743443
88.6141355993
0.101341524876
46.2409067862
20.2179611859
342.894447537
20.225434855
149.606446768
0.00780433590803
50.6439040842
91.7069238354
0.0815945355374
30.6227589443
2185.40021738
0.121918191552
95.0351783362
35.3829461997
20.3016836593
222.767971707
196.375739385
44.6570849118
25.7355634562
72.0672816109
80.0211353843
210.945564357
0.111298777597
70.6409689173
0.105532008683
0.0919851014225
21.1150428611
33.6692925172
135.080141409
300.88999634
0.123706824554
557.949874312
370.994818591
373.150826676
77.4896252891
159.85373223
0.311900982979
259.311858795
152.268190806
20.2406312699
200.104600433
208.6892376
586.747688331
485.695766929
168.596579599
0.0229352875738
284.631171402
208.234988539
0.059020423169
75.8400315378
24.9171190771
86.967144786
20.7780323317
85.4306922948
182.845736729
111.287852199
0.430308837291
74.3514221115
24.2298960292
80.5245380844
49.2505278002
0.461327794239
26.2831312297
64.2629967563
0.108227473696
54.2373513266
118.095865243
0.201717736366
0.0934630197596
20.7572403454
100.450474932
0.778762911586
0.770750090928
0.788691258499
25.546167167
0.821685093122
101.203988855
28.1969182772
89.1985850785
59.810727535
26.4063648023
30.1584273696
0.763862820111
20.6061690471
102.241809994
117.501348569
52.8059238815
116.832001599
44.1218482082
151.180373982
143.200310557
73.9508640975
63.0032208948
0.3762305382
22.7241552282
0.339849589318
0.340014578026
0.38055133739
0.363005561605
154.392227185
120.645276483
23.4065778758
0.0312998877572
0.20880593812
0.183942799082
76.5872666345
29.6872983393
139.359259595
75.8647825859
0.0514296290297
0.0464567931342
0.069015145464
0.0822684604853
108.324588206
128.125667095
186.730296075
90.763815947
103.978712455
94.9656139769
135.279816957
181.630786843
94.1226102455
164.769492783
159.091342865
64.6230670749
70.6975028626
128.759377055
121.954908845
172.087890982
111.510575292
85.1959807494
120.253825882
148.362138705
77.8856197144
24.5248808604
22.8413589332
0.0592714808192
0.0778378779085
0.12605646342
23.7577963448
61.7379589512
0.0716993271182
21.101606687
0.0993585195345
45.3142068011
0.082801088276
20.183081311
0.0484805858479
0.0401862396729
28.1656724235
22.6224482265
23.7279413702
0.0477023421567
65.0680660963
22.4263704748
0.0361530828595
0.0434930904909
20.4092106624
0.0383600790365
0.0365968071568
0.0304808992661
0.092948609951
0.170545889269
118.520299065
83.6975478098
93.3696840744
104.563930076
0.0964999277593
0.110813282375
129.620709855
21.0818203125
0.0862783026766
91.765506194
180.080192042
148.670263443
227.586149748
116.358652776
122.834993829
99.0418009134
51.1305207479
267.241818418
69.4374140733
0.0442085482947
134.526413143
75.2293207048
92.9199705608
0.0455710688978
151.040367672
131.813097173
136.707129153
161.079871625
116.235698548
59.2570935457
111.586165048
67.0185554151
20.7330888673
0.0778196346234
0.0901434310438
0.0839728179216
0.127662541353
47.9636677627
0.046630553837
177.826427142
18.0144816392
0.0783602130743
20.3730598779
87.9225263721
34.8918024382
0.0230289892926
46.9697815761
33.4366003532
28.567370662
42.123884094
0.0326209096903
61.0796970893
0.0328744796689
0.00918541589177
18.5653520033
28.3416269333
0.0188481716714
0.0199253050817
0.0239980177092
0.0176960120615
0.0949973540201
0.0458066127471
0.0475251880016
0.0433893456222
0.0385763767672
0.123602721767
0.11997031097
171.605676079
41.8034364379
0.117511337027
209.411547909
272.449372606
49.731379468
88.2419348958
0.0743208080997
0.146106788685
24.4539232578
97.5925048709
21.5984342254
69.7602225434
24.4988125311
0.0483323407962
17.2220354468
0.114225790948
0.156985174235
24.1817769077
39.8652941537
102.187292438
206.68235533
59.2380232772
117.230561746
196.560895862
262.274039245
185.086446833
168.074523695
78.2849728784
118.612984693
111.858522411
98.2858203063
31.3393973661
45.2010612408
67.8251040007
152.913218422
35.4218445932
32.734922271
77.5880586719
0.0687364692834
0.0773688171902
37.9851092521
0.0645133931371
0.0558195065967
0.0558009964653
79.5071965597
0.0400006297006
211.327680199
0.0275786784591
60.558730452
0.0840540607004
160.204559735
22.8360253968
38.1687701855
0.119643349833
19.1504738581
31.5107081246
138.233669962
85.1198796352
0.0470419737365
23.6224382427
27.0145955083
0.0153339585104
91.7121589878
79.7764875505
112.973726247
54.1853124741
81.7896507852
0.0629378290397
138.185316224
33.3586703002
0.139120676443
22.6049901354
17.8344010345
24.8059332032
67.8401213356
36.8292968152
62.5657766838
27.2717251435
23.2781343875
0.201193510819
182.852785266
0.159318695378
26.303871618
68.9497942741
38.636073266
23.3424826192
83.6725702771
41.8396029567
201.120905887
146.647118804
179.570070338
146.149398288
79.7243859292
79.5104363382
50.6889429601
126.936421139
162.542792199
143.252051882
124.940200889
119.020033722
86.5064096382
122.400666903
81.0221359892
78.7351292955
94.9384134372
155.534028064
114.983329091
184.022967939
151.376838189
76.0736627606
73.002295699
0.0432097162906
34.4433178876
34.4495366397
61.8025824191
34.6330635435
88.8210800332
182.474623514
139.320741975
0.136677560259
91.9065428714
30.8447132177
0.16895397391
0.41275868751
225.981552342
172.421683617
146.202037699
44.3782312376
114.969834455
133.750955407
103.29126744
84.0061903951
49.1871084498
87.1438749904
0.0375882063488
0.0455303917506
235.040547983
146.053465599
111.515435007
55.367963552
29.1957094739
113.347575728
0.0980974956789
124.511551859
111.496041656
234.254153403
21.6462932301
119.287743441
108.057905664
0.106977907235
237.839755247
21.1800470349
64.0521616763
17.6356607331
0.0605160479451
0.0539717240952
166.606073929
157.079919806
93.6192005075
81.8572193844
56.7776610118
69.9134649381
208.270248861
95.3479959467
80.6280059902
83.4043888983
86.7639222751
83.9707271994
93.2069471593
37.9319554075
37.1774539672
18.5534302237
42.2879267469
51.2972738243
49.9514875649
20.4265115916
0.0405466389782
26.5517801989
0.0223022661748
0.0273465884115
100.608100548
80.2808573047
0.0170803635049
0.175791604334
0.0333261900425
0.0284007532432
46.725041619
0.0396506880119
0.0328742978171
0.0528316443516
0.051897466446
0.0599379625647
0.0627087928097
0.281621121324
141.097316328
79.4823543654
68.1865716379
26.3009302055
111.098761253
170.316469742
196.840361657
26.1034179999
18.6603685003
28.8502509436
50.4343876288
48.0144826719
0.340634169118
73.6162107941
0.447270841564
18.6872770131
0.382868787701
33.8286175088
56.2043837965
0.458582975409
0.260661276187
0.289062279666
0.340148683809
0.335751405055
201.678548859
242.125319921
255.088492843
23.9901447355
268.015877301
0.344380984471
0.425894824134
136.241686729
42.5914992409
69.6427876311
60.4269673085
94.4591662872
213.486544784
34.6410386514
132.639023183
167.683409775
0.427711709683
0.147538869394
41.3201393859
33.8002297884
20.9849832599
0.13938771401
90.4465154594
0.136893083799
24.9769307156
0.142173382195
125.937110986
20.3764232834
18.5838152631
47.5829897781
44.0960895143
103.894695111
30.2824380276
57.9274124251
30.7272776867
55.0885690255
33.976117542
0.292864475122
61.0548294007
24.799881571
75.785145503
0.300270562945
62.0132972425
0.299402520401
74.6583442706
32.3683382284
130.17471753
40.9047055315
39.883727597
24.9313940996
59.5213053625
64.0530257187
97.7937350881
93.8822866941
96.083289052
0.410624756762
22.1407835246
135.421459733
97.9327120646
28.7372197008
37.3477898676
0.111905389555
0.066949104894
0.0248263950832
0.0416002864851
0.0160209957451
0.0194777560238
84.0630908315
70.3434692576
0.0180436637954
30.9841257594
0.0291453858325
76.9802301514
166.649556004
117.918648195
105.565590554
21.2987541578
18.3440536031
43.4723601346
22.5938081526
173.315729674
212.180671575
0.0651464648573
0.0507564948667
84.8686270371
17.9694021896
18.507655373
103.724339729
59.7469582771
24.3399097812
0.0761330510269
37.9696030471
25.0581875432
25.865042711
51.5359248211
0.176113663333
0.177660671975
0.133791753666
0.123504609656
0.164816449906
0.206805780485
21.3493077515
20.474706112
311.527819336
25.1650392425
0.324549581268
0.178802023526
88.0402558609
18.6155875371
20.7401078201
57.9192084141
27.2134634904
0.294762599776
23.4193788763
75.4800059103
41.999711592
68.1786345943
295.335856212
311.303358263
492.653007332
39.1395545837
31.9837837265
41.9454598535
0.152223555875
187.163310359
0.201225020075
66.3660402495
26.0552412367
26.7889455018
0.253730858738
118.133297663
0.287956688354
0.254289797808
0.348612050809
0.341234514168
0.379221456398
69.6097947228
59.7738561667
79.3049009891
24.6593580734
69.6054209725
20.6104466086
0.310816800484
0.191350469344
228.230478716
30.5577863799
0.243066220084
25.401047539
20.5252690516
69.4302540093
76.0186658036
18.4999270617
23.5809275272
0.422273542632
28.649383061
0.27191321111
0.225313281851
65.5252338404
0.191584200416
0.185095091957
20.4697177892
0.284160892729
39.1420163667
127.318557113
85.6949089141
50.7758142404
21.3411860845
0.438284816102
0.377556412267
19.345772927
26.2211048452
31.2003681927
25.2016319307
0.259744236682
228.03649815
370.790543348
532.466770082
47.0235722478
24.7467341021
18.0500103675
0.337984589421
0.383144009944
21.4755425542
20.2151854699
18.6356678466
88.5209480828
25.7614482147
72.9783074539
121.19811949
95.3064803726
78.7109425989
62.3345068951
0.378515049871
55.6065403576
21.3345068827
39.741383983
0.170716235714
0.397101639049
19.1254416629
25.3002217159
22.2929765785
23.6419575851
18.0902871706
0.340642070511
113.016193599
27.8627397494
50.8606009804
0.564689759942
29.6003156688
33.9895730819
39.830980584
0.384018423297
37.2252787136
0.50547490717
201.127743225
28.5545777389
273.348642996
140.980623175
80.0792812869
77.7018697294
50.2442396026
0.49738738417
0.154571668886
23.733944597
76.6385665763
100.83036985
225.139270368
161.724949028
96.0817286639
49.4979913337
208.66546465
0.788746892522
279.398743694
64.7663925769
113.988222577
23.2287242764
90.1182587784
58.6989169306
322.74689653
50.6397081326
19.5566356388
25.4469854781
28.4909438961
35.155639915
34.7058424575
21.653331995
29.472516647
60.2359786924
91.4699998564
0.145909955272
42.9930522901
20.5400575147
87.9965554051
0.205360454339
61.953859431
91.3448652283
27.7768504249
79.4136427502
91.4687972767
69.9573523391
73.0376407237
45.32935458
103.035953024
90.781794062
41.3768011345
74.5605770147
59.340174034
0.123733880871
23.3526842044
0.205907103307
105.377301912
128.521898786
44.0568688221
0.264017117526
41.9979785789
42.8298536796
0.17848699361
68.0148163248
157.686631183
161.645093581
0.129860010976
79.8376271269
53.9352574502
265.640171091
112.166397776
89.6745551472
55.3951938537
17.4873684817
0.33721575388
35.4287483601
37.9535686845
280.302627169
22.266645929
18.6328085996
0.251088287743
133.972745061
27.3999427525
0.0830610107841
37.8226541985
61.2492409791
0.10844845154
0.126869203821
52.5224190596
0.187739418065
198.157157326
0.248937315234
0.226660060955
0.320213834464
60.1974511123
25.6818136715
27.1774620477
27.6746557782
24.9363763295
146.791291841
381.547024773
145.053406951
121.895760931
153.800136899
20.817651811
0.197292785816
448.938857274
35.789286189
150.791477427
208.385791361
69.3909783713
171.047351246
207.44634383
362.188347018
113.367119148
132.099962654
131.916027102
156.166233026
157.893975121
302.331972483
123.195424161
95.6715649408
91.8286467663
319.017259643
0.142958495568
122.176787774
0.101564519576
22.1940738932
20.1340277032
211.594726728
143.280731966
0.137783825461
0.186525733409
0.146554575267
0.134522385167
0.0935476006187
0.0783095500155
137.873012323
101.72344627
0.186479711192
243.585371341
0.213620057802
0.19760488794
0.258301829809
67.1270392967
0.186253876536
73.9097834277
44.5579977712
0.196545632118
23.1257026502
283.167733476
159.600202062
0.254417476206
68.2157860453
36.1847736408
34.4948475786
54.4248739168
263.28630315
202.037139072
263.684489003
129.056019014
23.6059788951
268.753678497
95.5631708315
151.392331953
145.838604921
45.8440230792
48.2939773219
90.5678249408
68.6593029026
0.211665695216
96.219798594
0.240483594936
98.1442393238
28.7455462943
140.98605623
53.2447661352
0.193182651661
0.14230891673
79.7606500012
99.6134750849
17.9444848812
132.667740023
0.301974322654
101.610429871
0.243497131851
22.0030127733
0.139511244877
125.121694902
20.8543127684
0.3964772753
20.4716306998
19.8719653179
830.983962094
62.7174100939
0.220536035271
0.30040091021
208.246464468
46.7143130812
0.479860376948
0.47867307147
274.448728696
0.430036047279
382.887563969
138.077734118
68.8745747147
187.102159902
371.199540065
166.936330227
88.0778523933
67.1796241807
19.2685327817
97.1495548969
230.599738613
103.635252784
79.8541190601
19.9308539023
0.405912875918
27.7297149319
60.7151091225
222.474309373
144.378701078
0.2514485074
209.115365079
193.41038615
74.3529089315
187.806101244
63.2510881752
234.944053937
159.678788918
0.196821539128
323.777303105
230.467042985
285.605567112
218.167708694
71.6986228849
139.519576592
199.517104516
54.6193361962
22.9200550007
100.413312401
187.438405864
54.8411094435
187.098895216
49.6587930113
89.0948492008
86.5227577698
49.2173539668
83.2558042051
49.8753856408
53.6425103022
100.599013668
133.887953498
0.209298681964
0.148537955901
18.3852380242
44.9397723698
121.943534294
19.5825131664
218.254958914
61.4536959435
0.31685305905
75.7698686664
0.339132025097
18.9766278521
0.453121898601
41.3036931856
113.50013639
44.400606469
241.334201187
184.411373367
94.4326355314
0.597076019354
0.318425643397
0.409823960992
0.36457240796
0.342760193502
0.308272286357
0.220906622744
0.113342116151
0.0973535997047
0.140929980187
0.105329465227
0.129448368741
65.9313548757
19.2910144679
0.129165443933
144.787438665
28.1067197452
246.744731995
22.6493044509
25.5438986336
0.0455920484891
0.0351444127401
36.0849342592
171.719376009
184.36408669
183.386678698
206.755899231
105.277230992
168.514604487
0.0161629417152
0.0619820393031
18.3430995798
26.4779642254
108.187544796
217.59780099
33.3025684614
188.881361518
186.653509625
165.740661522
169.591735229
61.5736476267
0.0182466727562
72.3658226924
198.387955017
54.8809163661
76.3383761994
62.6649365593
58.9701422494
130.969734272
19.3876468523
152.578812155
0.0
21.0496446953
29.6063742405
29.6517446872
18.9994876168
38.1536371198
31.6243013504
48.5500864039
0.0074459118025
0.00529450448549
40.1185499122
48.4063587887
0.0
0.0
0.0
0.0
0.0
0.0
0.0
0.0
0.0
0.0
0.0
0.0
0.0
0.0
0.0
0.0
0.0
0.0
0.0
0.0
0.0
0.0
0.0
0.0
0.0
0.0
0.0
0.0
0.0
81.7379735212
24.3360943008
0.0
0.0
0.0
151.561869122
187.547952355
62.4675011027
0.00288976716042
131.075920131
191.322875148
333.386397561
124.697629354
59.706713359
0.00516573521039
0.0119162054639
20.8994489765
154.725982773
157.935547768
54.9892565702
134.58262108
20.9089808957
31.7420713147
0.00731941020539
0.0
167.18813853
261.641783487
191.013277357
0.0
0.0
0.0
193.78120834
57.4715978393
178.391820493
89.0701300236
0.0
17.7941439563
22.0809299655
43.1222804703
119.360823871
46.5914308519
106.396772444
171.656716799
0.0
93.6138359058
0.0
34.5296643005
0.0
96.6783686978
121.918444635
42.5841362798
221.065211111
264.386364589
20.5506290455
142.784646909
0.0
196.490280809
0.0090649634402
0.00752862928661
0.0133503015275
0.0166898624587
0.0045850993566
93.0658058101
17.5521379344
45.2611963691
0.0121148339001
0.0382357054621
0.0451180063284
57.9024764828
248.573594927
176.737001852
197.993668911
140.314324587
122.797814841
39.0801527992
23.2119269454
0.0124908426713
0.00976405385427
0.0119162965702
0.0126340039051
189.736544251
17.188564639
268.01176835
137.353692415
215.514487048
124.300113603
86.5133799344
92.8948866253
75.4939548793
69.7722967995
197.790232722
25.6064886637
0.0139525442892
0.00461098560553
49.4047830127
0.0119854930314
55.5899390849
89.391521569
99.5557196774
123.301068554
155.877665126
0.0
19.4545276037
0.00281038458995
31.9340094149
98.1459751667
41.7077974178
66.9033872049
69.7910663151
60.2159446753
31.8133021597
39.3961069377
33.9048938931
121.703719201
76.7900683451
123.166885685
81.8924258674
89.7834562939
66.8219930829
0.235731058139
0.216414386013
0.104077688334
0.11546734588
17.2899214744
60.2888731511
89.4674603814
117.574501789
119.6184975
54.2172378838
68.1952657906
19.4794651543
57.6021532727
0.24827400029
0.267835537242
0.181839568278
0.195267116049
0.192203017279
27.6218389386
78.473008832
53.62959791
23.830943861
27.5918330597
0.125325340489
34.9625894049
0.267546612285
75.1645769085
42.4719248154
85.2193426032
93.5947205689
27.9766270636
87.5822288443
67.0099247002
63.8919508733
19.0562907824
31.5214076136
25.6184895238
214.025368822
17.5027340085
50.1855649699
72.9733164349
124.475208408
65.0137003892
103.964639558
33.3472586515
67.2573727059
187.534222993
92.7238646403
82.6586425605
0.35094876295
0.363567102071
27.2176094933
60.0635078779
72.5837861713
0.280776596232
0.311346249093
31.1597983164
20.72814157
22.5288110457
263.477826789
33.1358338304
37.68456734
112.377102929
25.4245967584
19.2275408855
0.235211160105
360.867633404
120.279484873
27.8319195884
0.244384974489
0.409149382272
59.5098557815
0.227726109906
79.1206765396
74.648449659
0.288849123511
0.0849174146356
17.7781220968
17.6211964909
22.4589129278
56.7630000811
62.4513005853
26.3808318421
55.6998478805
0.231172857091
0.066895689994
62.8911061304
200.746193512
84.2902946807
23.8437865892
279.351268993
87.573530742
160.87284484
19.5688149299
24.7956136173
19.2363749107
0.543039885293
0.563499337432
168.63002584
55.1892774722
0.526083502017
19.3612202373
111.125525155
0.653117904838
227.080918082
0.633953127898
52.3268623285
167.750451768
103.922177844
177.039864596
49.3014815682
135.061539165
293.283624002
118.61088364
20.4245588112
49.3766232856
76.6472832947
51.1526375047
284.411337431
154.668696386
78.2382871366
65.4214267633
0.660978674082
81.6235495793
164.409880388
138.178137803
65.7077979162
0.70857616381
0.701792737516
18.243365356
0.634376602561
0.706930757268
37.9771041144
0.718002016798
0.631759559511
59.20075814
77.9325101977
242.202839675
134.13764625
18.8565766281
21.1219698776
20.890851099
19.1438334109
60.3859200024
62.0897126524
2.21048954642
2.22152576189
2.24198503035
2.25882464009
2.2748295845
2.27903429311
160.520441249
18.8389825864
34.4023107722
2.26586058063
23.798690916
60.0192691209
38.6788200325
50.0554435079
106.269850607
83.1435439782
48.5568301442
131.41395678
79.3043007564
117.853453147
0.901414055586
92.7939543512
143.648573924
71.8687784683
133.618110193
40.9071963268
125.645651433
0.0212318467813
75.5889644085
78.2551480696
17.1588699085
24.8633402391
0.127892058697
27.013026173
99.6528923664
80.9096141882
224.666957157
81.3502494755
202.172106994
35.941886728
166.153997374
156.429957995
280.830457684
128.036913847
70.7347651629
122.645150768
52.534172796
105.148292237
138.312429867
34.7259953342
98.8232647401
115.021009629
87.8684577599
107.924486132
81.1610974306
95.7415091762
70.8533507809
97.0969803962
79.3545498361
85.6334021116
91.872755939
71.2084373482
93.1846524643
94.7645567425
112.041402541
124.325712036
118.560228922
150.094764566
85.1850626399
107.312427136
39.0797026976
151.541334977
153.162233258
48.7971464415
72.4601943681
33.7755297516
0.128044286978
126.568327752
111.719412139
0.096974989182
390.781252693
153.614479001
136.453800805
126.826513994
28.3920059941
51.6209603408
0.246073656359
81.5342070803
90.4677948383
87.4536945914
241.772654754
199.7849336
220.958259417
35.1390978586
26.6672145077
72.4391616982
149.119181932
86.3318481671
108.876559156
55.7005226804
59.4626948305
58.8229475074
0.242447537547
0.319935465927
73.9569310978
70.7148684093
37.670117987
95.47490282
96.672199457
22.6230313593
100.917984073
89.4549792642
0.22038463073
83.4284634745
441.059562602
0.226903770125
0.296559146852
0.198393882369
91.2817427433
0.176811393645
0.169055094328
23.1221366998
0.196578460652
0.16583657025
164.294594686
21.3998371306
58.7547874212
98.9666429338
50.1611337973
55.827778905
0.35249686748
17.8139361718
30.522948753
18.2029868785
180.296655374
23.5000140333
252.119637049
158.930779562
107.650790828
159.426040623
25.7085206628
0.608307724462
0.73137454298
44.6942190462
86.4302878591
89.040216416
70.6733677582
93.335635134
0.176585140411
109.946350894
71.6260606722
32.1976902959
58.1591302686
58.3937827092
40.8457885169
29.1920256962
99.9321381197
26.6601001761
36.675336677
53.3891226444
173.316141833
18.3573424396
206.235789602
0.8287878546
0.814626432121
187.609847264
17.7918110145
0.737513030911
271.773798993
27.2092831953
29.0079398829
0.701485415352
77.6382093244
63.9159301848
49.8525269324
176.646619076
48.4018798627
0.129192280891
0.142251941973
11.1644878549
26.9303630066
0.118709465779
30.1335884577
0.126131264652
0.0841543715949
10.430647211
12.0165863394
17.2123472801
20.7886430083
17.8383546069
10.56091646
0.351455562949
0.386071052408
0.385832464336
67.7897534144
54.4837917168
22.241646441
75.7984759468
71.6061475873
70.9558740883
59.7007748054
12.9400252273
31.5273698587
140.075679482
0.57676285021
29.6341884662
27.9737394236
20.6334592813
37.0232467738
0.261161678474
11.2655775514
0.0598256894846
13.9011919079
0.102840811228
18.336747777
17.3972250167
12.2525864057
37.0124637359
0.210269162409
15.0540920981
30.6145392368
53.2154252999
99.7240818362
73.5557356956
60.8405080448
58.6715423397
75.7051927937
0.342976631503
269.512922514
11.0485246398
0.309972320691
12.4816341165
18.8097878296
24.5591418546
22.7248635501
0.416039433443
80.7526325595
36.127368833
29.9686420613
47.0199860165
50.2739761568
0.0892704173048
47.852368053
19.1134290309
17.2219246336
63.7501775717
0.413707803748
0.439491463794
78.7820426523
17.0543982658
36.5899066096
15.1783301719
85.8011576097
13.4506582251
156.405802229
64.1366779953
0.662669304923
19.5956562712
21.143475744
27.2536816
62.1360888418
45.084163696
15.9767158497
11.5122333253
0.313117900218
14.9387097427
34.2264391202
15.0808389927
82.2319985067
64.4569386779
15.3045524278
22.6325620505
22.6756746834
151.491243332
106.096426271
42.7556844071
69.4249109367
49.9492308475
24.2131532964
42.9356638414
29.8005250744
15.9847152151
27.1559674042
31.9289334705
12.1916251931
16.5252716162
14.5485261528
39.6159453628
28.5259253301
39.1413840881
43.0054867243
17.1938580512
62.5727952249
54.3630981126
80.8597756824
51.9584267008
76.936922333
42.0190102529
108.361510196
12.8398713979
40.8520131766
0.856300342775
65.6407934473
27.065651537
15.4939375539
0.980341414853
16.9006894761
22.1598858949
19.932702291
16.8342959518
23.2236069342
16.3858253185
1.06994711423
18.7884956539
22.0676659073
13.4866899696
37.0454444265
63.4423048642
59.3189216433
53.9169927096
15.1814544725
14.3613701951
30.7233887923
0.795976327545
15.439389584
0.849132717903
19.9343072482
11.6219688898
0.729009840428
143.304755096
396.3742276
157.352557759
0.527816495457
10.445463991
0.322031448986
70.0721088613
127.616605335
22.9177547304
54.6408016668
39.9634423753
145.313988965
0.518131843872
41.7874311688
40.3852387691
51.2318054632
74.7942389463
1.21519220753
1.22918037266
109.158462856
118.605977894
23.6597307587
55.1833208638
11.3353733456
91.3641650747
88.9149947076
130.132493996
65.040748583
40.3434731311
28.6027244124
15.8697785303
17.9365381531
34.5856256201
24.187080782
55.7687096233
31.1081766575
0.507700843232
10.7943522062
68.0603735009
0.209377066702
15.7673074522
22.221071902
91.5168154702
12.1119447666
107.494153571
50.2423742034
0.210027934224
18.5970094026
10.4152337055
32.9149612795
15.9094565905
28.4708262748
32.6530048359
0.269541911478
35.2876243286
11.4738668515
0.345493795122
0.430464230439
40.9737384486
73.4166612974
95.8503698943
59.9297070257
52.6615780589
77.2375821578
32.7509230782
20.7560737299
0.475883757477
29.3817955797
70.7252542534
144.46560162
11.8730167672
58.237257155
16.5529777098
49.6859496587
89.4987250878
37.7135437615
0.547381128684
48.3500891111
37.0249399901
0.469678407268
0.474824403579
16.5520841861
82.1711189073
61.146874638
42.7681063302
65.7402358051
30.3873541803
51.9312537603
0.456484805813
12.8540433306
0.504110074292
11.0534273073
44.509842311
173.027027311
127.155465803
0.658379563826
0.669879999198
15.6743379325
11.0080843652
55.4994040855
230.966391174
0.684421892334
242.305456443
10.8240695041
22.3500100706
24.6067621717
11.9394111703
30.4246287361
36.3752441675
115.517372556
70.2967645696
18.7974200938
55.6676279545
29.2075487111
113.89086969
10.9363716365
12.9150812191
80.9617291048
16.0229135588
0.527734549466
86.4172522642
18.4178308993
17.0121485032
0.782349419176
78.8106963093
14.8089083523
151.296448037
35.7975267772
18.9372020355
21.2413617562
22.3065809283
33.3148587777
19.5175396458
88.618186397
111.470910216
16.6833279737
35.0172672815
10.2729191195
0.397499562849
34.9906864899
78.0030156684
42.6488639602
51.5878106075
1.28130483097
70.2751260695
134.673719499
32.8928834182
29.997898502
83.3984374436
23.1266708131
85.6756404264
47.1742287355
36.179501583
56.7359480104
39.9780707384
25.0686006336
38.8374045756
19.3882899473
44.4931434883
32.5547166744
28.9667371801
0.898293522927
67.0269775025
0.945478114004
112.309177879
76.1598782676
100.832199252
56.6251200072
20.8003688035
44.8829912727
1.17302175149
1.16435366773
15.7947347608
40.0801902083
39.1422198803
81.0425857044
49.4932001051
17.1519350273
59.9076395278
33.8641524433
81.0237198186
24.2700862069
76.3509168423
48.4555518997
35.8640109909
67.9455333499
38.2518458479
73.3405211593
35.613482975
31.2387067747
29.2288703619
64.1241948887
49.3710878383
22.6297841851
30.5222600107
39.6088253436
47.7380667505
25.2761902134
69.3292910142
50.4542782778
48.0544367275
79.7024223653
42.2939508692
66.365119356
57.1269098705
117.65127134
74.6441957784
49.1317456437
47.8760902111
12.7474443731
41.027516549
33.7470498896
75.1603563767
93.4661606859
168.882416635
95.5369235548
68.7363926701
71.8264987537
36.4512634459
1.18194245636
140.132297952
102.812355561
52.7813984573
40.2807500391
122.837993977
58.3470006915
85.0979318692
0.742720737009
0.734026735715
15.4065358009
20.1847800742
20.6414703902
17.9046346903
0.536069223995
11.0416160661
11.6089390411
0.485821493143
0.432464455927
16.3997884585
12.5208202716
31.8657147648
11.4509778971
316.440838886
310.988783866
0.109837759887
0.281228240249
12.8558742771
177.381956682
14.7269591769
54.1484254192
35.7640410499
0.137173792849
335.653216302
317.616902356
0.237492528561
30.3200956651
34.2480257842
71.07029295
89.3672165668
28.8052834318
43.7731388579
40.090547393
24.8517238807
32.2244296842
123.824880514
80.5006504536
54.3192461407
37.0926836038
30.1542234408
11.5331801353
84.9458475177
20.0229446205
37.7376705495
17.5341625991
44.3412965648
14.4527449605
23.4731083764
32.4867382295
10.9522899932
10.7154767462
11.6344045164
29.7706778758
35.15354456
45.4439294057
96.4662337305
10.6813792537
10.2097845404
10.0758054981
10.1114819202
10.6076171483
0.0652225615912
10.4052323413
10.842839129
10.6558310819
0.0806533034135
12.0561106429
91.1599223722
0.269209488847
10.8906295464
0.104070038518
46.4402744341
63.0750116759
25.5438383384
15.1576817217
0.0866076998241
11.2186578802
0.0633774216801
0.104100006578
30.9948201275
15.4646015414
12.7941467125
40.0519032221
15.4427968559
0.0268570293759
55.9649126388
21.1513564735
14.5083641815
0.188418983637
13.243082962
43.4792681715
11.6289247179
14.9948907019
0.243920963839
0.18537337694
24.2649482074
0.0167070888977
0.0438221982736
28.982158389
10.9220084485
0.599290147705
0.626373461592
49.0880531028
50.6841121379
65.8732219003
87.5943889633
16.3650034462
0.780005449433
0.0
25.4990347888
13.2789728946
15.205299982
10.3129908865
11.5686474792
36.911771678
