0.0198714167636
0.0230425044526
73.2451013068
184.900164466
170.936165042
81.2025181017
24.605500531
21.7864151421
0.0537037364837
0.0384948525746
0.0369300997106
0.0318695842366
0.0272289687226
24.1084054579
20.4169073775
13.8860175664
284.712253663
183.540433044
0.018943290207
66.5515777408
54.4165204536
28.5570224529
0.0
0.0
0.0
14.0409820807
44.1670913443
26.1965853381
0.0
0.0
0.0
0.0
173.231246823
59.1260788066
54.7163766985
27.1851438124
0.0
12.6009520815
0.0
38.15268964
0.0
17.2130064461
304.408910893
437.98284408
0.00442539445635
75.5987756288
48.6984303638
22.7063216575
20.77953321
0.0431789327573
21.2643933138
0.104998961088
0.118906980421
0.125433542267
0.130055678784
0.0904602606776
0.0710561976448
84.0099006841
59.7920176839
26.9832519287
28.1066877683
25.5163586744
19.0561665858
0.162021623885
0.155545326972
0.129932028085
0.126699655555
0.113311912174
22.3574753536
50.0943093192
13.5909635275
75.0649780185
29.0923117839
128.772545359
54.022483897
50.077008332
43.2340971792
18.1905055474
0.0
0.0
47.5479068744
26.4077129317
0.0
16.2400038787
0.0
0.0
0.0
72.5685443263
59.3864291237
49.1333987966
22.205253363
14.051006957
0.0
15.3727404076
45.2906422053
40.1533607638
0.0
25.8139611579
0.0
0.0
175.976973911
68.1057508561
63.9971449336
51.260420017
21.4194296579
0.0
0.0
55.5183845949
44.6326662535
25.4386360106
14.5262848099
304.019380598
0.00285671095976
15.7800980604
52.5292473846
25.9235753039
21.6770770797
0.0490525961106
0.0706134604969
0.0715239949998
0.06030092777
0.0519673566787
0.0416223033157
0.0353499123956
15.5531139019
0.0208112701404
0.0189568949027
82.8036186092
63.2805866698
58.5236529001
48.1183009975
0.0
17.6189143872
0.0
40.8205197109
40.6459677063
22.8342557702
13.9702871631
0.0
0.0
12.7290607222
137.783879865
58.3704765083
51.1714811983
26.4066790844
0.0
12.7123942162
54.2812615347
0.0
0.0
0.0
13.8604819805
13.4411307754
89.2098772373
19.1113171202
46.5104216736
48.3342666977
29.9537061239
0.0467167426881
20.1308536655
90.8220167481
77.938313311
0.114391070299
0.0952052631333
0.0759612946452
63.463717102
52.3997911271
0.0570710426506
67.4276437976
43.3363904004
28.0107973848
20.1688629896
0.0801422107228
0.0580227701451
0.0556366441547
0.0671285231361
0.0625478825438
0.0277320532227
18.4818193551
0.0218576577085
87.5503675634
32.9115120233
72.8852963992
52.5778299519
47.1710489389
20.3397351386
0.0
0.0
45.0200476087
44.7305249909
24.9424681459
0.0
14.6307250182
0.0
0.0
83.0502307174
64.2539832963
55.7283403699
27.6196230037
0.0
0.0
0.0
52.4450031804
52.174512071
43.2914209879
0.0
48.3616729428
0.0
18.7898446793
155.566824237
63.6628582904
58.9540125146
52.2219454465
45.1078059091
0.0
12.6399429626
154.862475829
12.7238239178
12.6807605278
0.00143989247012
343.012385156
12.8434050473
89.8974809837
0.0107156061032
14.0322370383
173.146682906
105.57865631
87.7062140486
0.0462948766899
19.791229993
0.0464363240385
0.0419854046625
12.8067024981
13.087408873
133.50595427
0.0631701011066
0.0684201201515
21.7585498514
0.0310895267385
0.0164160924827
59.2602355097
0.0100261068594
98.9236549634
12.8078231692
31.4063573483
0.097474358832
0.115289081726
19.4473325747
12.8342472241
13.1583101341
19.802395908
47.802584712
0.08506134067
0.0547844213316
13.7060813206
197.96532069
0.0373748644885
230.772856455
234.080908455
143.028910428
41.8790904564
0.005020916256
29.2383940719
0.0289475193698
0.0434223469334
39.4715255922
0.14796158619
13.8153469098
22.0209513094
84.5027232324
57.2593228269
15.8873906603
17.6386580462
23.3488043684
0.144027608906
13.0409355585
13.1156693417
63.3544282797
41.3454788182
78.448343345
18.41858398
0.1351503289
0.154361240243
0.127256459153
0.0617170341371
16.9572257192
0.0425622314738
0.049537648397
321.560601693
118.617465858
61.3445309962
33.5953040232
48.6401868248
22.0278239245
141.676812027
0.00798715061234
0.00723247741729
325.930873642
0.0322376854341
25.3461102041
57.1657268129
49.4032904644
21.2406333558
20.2978777484
0.235845897425
140.799143199
43.1448602554
156.084829268
478.588005643
927.382950072
65.0030285171
142.62620193
29.3846128724
36.8012250128
0.583108742057
0.575020074266
634.399627579
0.148500282777
65.8730836766
62.1939099053
14.8062724231
67.8831854942
0.130271437925
0.0907340735916
18.3699959897
278.372239917
86.2097037093
19.0662913811
14.7949803081
15.8046985417
0.119223675531
0.108572497865
0.0939922661551
0.0936932995379
21.8666197142
0.0859817151412
24.1809654859
0.0891200957238
0.0675858406441
0.033655477253
20.2599731659
207.02098854
405.266443915
18.5877559062
15.8327393654
14.1842824292
338.80811248
295.732795489
230.780177161
155.880821508
274.678896561
0.00878863010525
40.0774767272
69.062521747
74.4162543819
57.7821174437
57.499659024
50.9675806161
22.7878767431
18.7531350618
15.7150176842
14.4917713653
0.00289567829674
102.294452114
0.00694016464639
38.5188223126
22.8785040128
13.8607248678
0.0955328039403
14.9182658954
21.4366004751
0.179179517923
54.6828041284
41.1790398884
0.0922479712685
0.0986898460803
65.0004395826
57.4775077064
47.6573551201
45.7516841729
18.4183287181
49.7737709666
12.7084864239
0.0562818594333
35.7616045829
0.110188352615
0.146845413867
0.118408912093
0.0787953422891
0.0643284648808
0.122947476711
0.212100900006
0.184107240563
0.154341429273
0.100799356255
13.5418213835
0.0293739975954
0.0176144051343
12.8501416338
97.0318171771
0.0
0.0
0.0
0.0
242.877597502
410.12140356
0.0
0.0
70.6002719944
138.599652411
0.0
0.0
0.00143683052109
0.0
148.65281621
95.5479252731
0.0
0.00762434075371
0.00711572354764
0.00654084129401
0.00765519744576
0.0107443490849
0.00576270202966
2019.44318798
0.0244526802513
0.0362085820013
28.3939120201
0.105037071562
0.131598916582
14.2571838104
60.1993497358
60.0406140687
13.7397592269
2313.68590302
13.1746658629
0.0106505248211
13.4879520389
195.726517529
0.0144092472164
33.6929157745
0.0350354909064
0.0740195219702
60.285763854
0.138141051831
20.1156111938
0.111427502904
59.279381034
20.5267719004
0.0632972902166
44.6352401686
406.170651102
20.6994273678
0.0473295033757
17.3581736041
184.930185989
18.8412623385
215.786733854
15.9247061443
0.0447628723883
0.0198034271734
0.059163154559
45.5285048993
40.1374271335
0.141296830222
16.2384627325
36.8269228618
252.303278464
13.9101860611
16.1581609722
17.9466336292
0.0904581158291
0.110851717357
0.0919353249427
0.122436127809
0.0409376446732
0.0371258031077
57.3374217806
20.6009608137
21.0962139038
0.0881256049324
0.136249621553
0.106029672401
0.1089715911
52.67428386
16.0246796025
18.1455669192
49.023487705
25.92725156
0.109009349633
0.106630914751
0.0328874396663
0.052450777323
0.0707576449382
12.7828716398
0.0619844725724
0.0803556078896
0.107871923124
13.9411510948
14.3258136322
0.166380715383
0.047549966998
13.3859615949
0.0864628527479
0.0789279482987
0.0858642388782
417.498495462
73.4046886258
48.1128471136
0.0663189214682
27.7654368483
0.0485180702226
0.0389412737068
134.012216108
0.0204973531931
0.0324756445376
32.5592089074
21.1472381267
0.11313877298
0.143593322935
19.1530133505
22.9313554824
289.59631177
182.490621048
0.0718098416066
0.0528677698689
0.0449278107147
0.00965371746849
0.0229549602405
16.4886014085
100.045467089
19.4619396434
293.250283239
0.0925624481051
0.0643408189643
14.3310895617
39.2540251167
150.485501412
79.8468538392
48.7403699066
12.6864102014
19.2396936145
0.1181708948
17.6678541529
13.884236999
31.972269091
55.6540407326
37.0138845077
0.128059592382
0.19388859752
0.23140782834
0.231898127349
91.6107933003
0.191390339118
0.206594909529
0.336105853848
0.271513014704
59.3098636071
23.4530234828
0.012781086342
311.372709605
0.0349269324761
68.3062179573
0.0718038990119
24.6305618677
19.8480025152
321.983047844
0.0646545956309
0.0314846375914
0.030495279799
204.06910716
50.0141658474
28.1598523919
57.2668750165
77.3585270305
16.3888616896
227.966047658
0.15803273111
18.1448053677
0.135362161148
20.2829059653
16.0147064706
19.2014820906
0.0459362961624
46.3545055331
0.100411982536
0.158912600905
13.7590552163
28.7145895352
0.0731901362401
0.0828251170864
31.2628084092
46.1921506328
0.115583244046
0.0825310161382
0.0747113077215
0.0873211248544
51.933643554
22.0490640371
0.0616988494286
0.032328186694
0.0554647098249
18.2678780295
16.1822801292
34.324197351
82.7847382404
34.9767903987
0.089149354159
14.6484939239
13.3362807711
40.3618064122
34.0679194523
0.06879874437
0.0872655690905
0.0669990967453
112.188375841
25.8960301016
113.541210459
29.946807373
15.5074453038
59.13781931
0.0
0.0
308.631882261
474.184643
41.0498875439
0.0
94.6359240718
148.989334198
0.0
0.00142487405458
0.00136169223989
167.774894219
134.316673213
56.834655909
0.0
0.0
45.130063331
645.371776235
0.0301553342005
751.753687492
0.0642210028077
0.0584307915807
62.4901623324
14.3131669012
57.2856329742
0.0783079929426
21.6865311665
0.0938818596612
31.6369204524
149.15397058
30.6836953205
125.470427246
14.8364872642
12.866253457
33.0721219232
125.639990481
30.1384361337
159.44756862
0.1430011243
0.126950548673
105.166575269
149.233540681
90.3849727774
50.5548879629
36.2188871309
23.9890869175
83.7847792598
0.0124822532137
0.0185418856063
59.6049419596
52.7930603129
104.441685273
84.0250367124
74.3001374622
34.9694125897
115.731236826
13.1723647885
0.0300003954617
0.0375801276035
300.083008139
37.512619887
95.0561342672
70.2205786149
123.064486748
141.885775278
0.138500638633
0.15745689697
114.193335348
81.9565543468
35.1082556004
0.0924350798522
42.5046055613
19.8597254576
121.055861217
147.986413874
262.702485649
0.0390750373603
0.0304142165995
28.0152911183
14.3024661077
24.0731571209
0.0850399055786
23.6836370131
0.105405181656
31.3004346329
0.0718409128945
14.8564875088
0.105603075451
34.718957433
0.1249193129
25.6355018326
15.9611335845
0.112812917768
72.8446475798
46.36841783
0.101913512179
0.0875619184397
88.0827149505
35.5038258484
14.4467551913
0.108905798258
0.080864391506
13.2339011654
0.0171642812827
20.0258289994
91.530269578
0.0439454205921
63.7488062212
48.1598487234
42.5725599712
0.0
0.00733224713157
0.023061203132
15.5159532682
86.6730232863
65.7405611544
0.0826588436367
14.8692800431
42.6799254507
0.0962103166224
0.0969218389221
158.261822358
0.0433715283308
50.6699537701
0.0323267467176
0.0367913415201
33.4729856774
193.397905442
39.3463027323
124.387694564
15.6485814924
12.7446400334
0.111681685608
14.5068417488
69.1433043571
84.3581899637
366.451547581
33.9034227685
257.67489565
0.131050760129
36.1133877671
0.0502466055021
18.2844980515
72.3297614404
73.6992184927
0.230513259607
0.296596514899
0.153877384967
78.890020203
0.207716181882
74.9691279568
0.159716106263
0.127476273423
12.8111193131
0.1136727377
0.0788776875533
16.578896231
24.2544243182
63.9962870806
72.0641424577
53.0538455333
26.195435723
16.8144334397
86.7695783251
14.4122446894
0.0281024425621
0.0202237276925
0.0536712453661
0.0754592591911
164.592416604
0.185247124307
0.159285332618
0.22586856033
405.719763857
0.0908026337077
169.509559133
147.624660496
159.136655544
141.956774874
0.0640099909131
125.073911728
0.0789640162641
66.7838765934
57.8525698107
0.0773198748487
0.0713262472484
20.0376021581
23.8493200638
56.8622966243
59.5852062144
0.239837323995
19.4835582985
13.5079381099
62.8362350792
12.8901324
20.9958352954
29.3603785409
40.4473299296
16.5759684309
17.0794529201
186.94446709
110.331575105
300.92861374
0.0572474468805
17.8769025745
0.0378969759514
139.991482151
65.7209678644
42.9256184392
39.5102637816
52.4970365722
37.1129344722
0.0228037035507
0.0244959161212
13.294434368
0.0284254293212
0.0162580060876
18.048285791
17.0782299669
16.8537198759
0.00306610395382
501.933891245
0.00481098892598
0.00729155110504
119.635855602
0.0102041914453
13.0583815235
0.0110428054925
0.0154454477431
17.6165645952
20.8624998954
21.7821437791
21.7316360315
15.6093136843
0.0238382032414
0.0520940643601
1015.94871244
40.2847157286
0.107421240962
34.3785539465
13.45151884
27.8545088674
19.6291694019
16.6514509419
378.690713701
0.165503982866
21.8624538375
43.3574407898
0.0747724901268
15.2198719555
20.0475375844
0.146259484424
16.5888224781
13.7511623202
0.298840444034
21.2292773402
0.143741316368
52.4620545043
41.8314961746
0.289449925776
24.4188572198
0.23088433567
0.138106130028
0.112822520215
72.0938475039
12.9075029813
0.0540513777723
22.7835104929
33.2027230463
50.1134275902
17.5373961015
237.046090054
157.946312409
0.0737194072849
0.0679481089734
0.0752440250623
112.60247993
28.5034455579
0.209428955431
0.251423970604
0.300448845381
0.307108001094
0.239268758777
0.217575950293
64.0439393667
24.448733134
0.15631450846
0.0824747044801
0.0646093037555
0.0169003579267
52.2937054295
0.0567989195238
0.0440702704793
0.0630310628705
78.8090575578
73.9249816109
152.221697568
0.130103818465
155.504609198
52.5235737558
16.6167898853
0.206418982711
61.0598740546
0.106694187035
0.135309171709
25.3286890603
64.9346691665
34.2963806391
19.5917513308
14.4000717006
52.6054341029
0.174098013794
0.179970925797
0.116481941911
57.1806074608
0.0629553698629
17.3267772375
14.4594177281
0.0377120826217
0.0177473693401
0.0197564342405
259.782456552
14.7506787131
22.9343708789
41.3881678009
17.6314279974
0.0582197689589
115.517580452
0.00619426530233
0.0
0.00872923794045
0.00983551148285
975.742890689
0.0347026735586
98.9657819659
72.7533050197
78.3311486962
86.3762588093
324.905817148
14.3662213689
35.4254433952
19.3269139251
0.0281131776931
0.0358979433743
13.2614342749
56.2272834309
311.199992926
43.4194355642
48.984750704
0.0891024415767
28.0945913639
29.114096414
254.58376573
303.568015838
57.1117627838
205.805412802
32.2551268716
0.113274703255
0.0739539500579
242.511662269
139.885596889
0.0615137676764
0.0612475011808
38.2683495878
37.94874687
22.8327100373
0.188354648063
75.502804469
75.8798576261
24.7419002992
49.814964355
16.5608208653
59.9710877644
16.716232191
0.0235634270763
16.0092802793
0.14970926122
13.8161247028
0.0818825362901
0.115142530416
120.169088535
33.5173595886
0.0519915808156
0.0392669764695
0.0255881492188
35.3652632375
266.568609423
13.7556903302
14.8107493526
0.236222060333
0.264169173347
283.732259
0.163878231998
0.147778126624
0.0997534345081
31.5869385242
49.1720917014
0.0916531959286
0.112442871257
113.846037655
16.7666047405
54.0767465481
32.101819797
0.090824936306
0.0964473953114
13.8359807402
172.149805927
12.5345230375
0.0819005417919
48.1025748328
0.163041837574
0.13364044909
0.0514246447595
0.0646869783407
0.127303771459
0.0497126688329
24.0783689832
26.2242495897
81.3511868504
0.0872246098589
0.0854503355097
0.102740327959
0.0731005161748
35.6863469676
92.3149474968
71.8533960368
58.5994190121
67.6959117952
70.5554394575
40.2857410316
0.062336629959
18.2428385628
0.053651895668
109.162918804
15.5455891458
16.4258883854
0.0
13.2973650239
415.040361088
13.4005615901
0.0
0.0
0.0
13.0087797455
0.00133362188612
0.0013033375854
167.652367639
32.3135941989
43.0665857417
111.165805854
14.5594671562
20.8348414982
1176.84998131
13.0747855238
292.582369171
130.686468652
225.641625162
0.0610759978298
0.0856941364664
34.4165496728
196.04977321
191.850093014
102.001297444
13.7099927055
0.22712068843
15.1165926662
75.5020744453
0.119764827603
48.9533605081
0.0926506389954
91.2249146303
12.7419335785
20.4110637489
0.064017819674
27.3735898194
13.8589361852
0.105331006955
19.5643793744
0.059665854008
18.8912645421
38.8102652586
0.159388152652
18.4180330339
274.44415118
0.168104812731
0.154924989894
0.18220051747
0.226879058616
0.21349401191
41.4405819787
0.226258173065
143.540945662
0.31114554963
0.335902251639
59.4319071601
196.252796188
156.186251898
0.182755701522
0.0918792494623
89.3475972182
13.6667625467
0.125468086684
41.3064495021
20.5138222208
0.142694444367
0.03232911169
13.0863840773
22.4500699027
0.0876252666265
0.12305139064
237.552516146
74.6917882794
75.4805225433
0.0904462856379
0.113360140913
102.953303597
0.228972370315
0.139653827682
0.126002383042
13.1878627142
14.4233788712
14.5373066891
0.165972442626
0.195175657219
185.712739079
0.135412571084
24.3590666853
13.1313751088
21.2458522378
0.122577750588
0.187741806998
36.7571929108
15.0914209348
19.8123222388
0.284581667917
0.23500971382
107.557907614
65.5235720415
33.272714755
34.8437515415
50.6314338483
46.5257548872
19.5191236229
19.3944791676
23.5028149702
18.083384636
13.5005939504
26.3405138654
14.35632734
44.2626849324
50.6240758908
33.5192452337
0.280531830655
0.143351737935
25.8683390133
0.139333247256
0.0857078800029
0.0938012322445
65.3217348693
0.0922891113788
0.124346374886
15.7348700875
74.8496409268
43.6573295652
12.8611317813
0.182652868721
41.8593909172
0.171119325256
47.7768406635
13.6391362366
0.123736935843
0.133840740709
0.101331799095
35.5379207829
14.1984937774
22.8748747224
79.4998891663
68.9371069001
0.112041879334
0.170020206055
72.8297813968
120.700594072
0.152309958957
14.8893682986
25.3056952819
15.0506625066
15.5750973697
15.3636824758
0.223677005708
0.204210305307
0.209509167404
61.5751040656
0.10318171528
0.0484622503103
0.0532625269513
16.4810058824
17.2021645308
0.110247843238
57.8560227433
45.419510058
42.9817881946
0.162856831636
45.9308311017
22.1356449231
0.205484557723
0.188487752632
0.200374528898
36.0891349965
71.4000256816
209.557105676
99.414647819
0.304389668857
0.256698344356
0.242425507685
0.244492827446
0.241898446568
0.301285037677
15.6056026715
71.7583739509
0.142326450316
72.8433241485
49.011979757
0.10899362914
0.153405557789
35.6588961059
27.1782420428
24.3163386088
0.141354633714
17.1140618427
16.1567778664
14.0562331815
0.199427771827
0.157879908469
0.206362571944
0.249373710637
460.725562155
13.6525862332
37.3318086798
0.198779437318
0.128703763848
0.135075128977
0.146161648096
91.8321314888
0.284940945565
43.7461001765
19.0752294133
56.5487784657
70.5729635751
30.5507659335
74.9053360916
36.0687295515
0.357584658327
0.355606584426
57.0420102815
59.3591715144
0.221604075776
0.180867416522
22.1001156529
12.6758068398
55.0521544035
0.142374418642
19.8155593717
0.21635159395
13.7307152136
0.21063726182
0.220707488986
0.199193321554
0.196418565894
0.191790001532
0.200027865614
0.233153630648
13.4663764376
13.2274747881
134.105430896
71.7504980019
0.0643970683122
0.0640263647088
0.0709137057052
0.092235021908
0.123561010533
19.7463389553
18.0159936655
0.114498519993
77.3859911132
0.109887637163
0.163977026203
0.175452887887
310.853143437
0.209068279975
23.6848055453
27.2288710603
65.5366678691
60.5986379402
70.9963684023
37.4289836861
0.216753709651
0.237756479151
64.3809038251
0.176753095186
56.3170091398
0.183765563074
0.179970639964
0.192342544505
49.7821708236
0.13637497388
23.3532356428
0.134019030942
0.124840205597
0.155351552648
0.1860181323
0.143299506055
0.144376646837
0.138582716206
0.157467814692
0.139982679114
0.173064023541
46.6125650986
15.7884147144
0.21935714254
0.271310846219
0.277749427467
0.214266619871
0.214664781157
70.3147846715
22.395847689
41.7874873143
16.4540509076
0.189016261242
20.9943914161
0.460527323077
76.9647144335
77.0402436277
0.683192600037
31.7079657191
243.942957567
20.5436529773
16.7418646752
0.139349399008
130.410641541
0.0760077290094
140.370948243
357.441103042
79.6301730879
0.198942532973
0.145218792888
18.6939867178
228.775373721
0.0889469272372
20.7450561997
170.825419156
0.123565569858
215.1201611
0.107326379884
0.0490809759134
15.1023381473
85.5615481751
18.4347071204
0.0584757239049
44.7194838791
0.062029993613
0.0578968712612
0.0836367394414
0.0771053428008
22.876173865
19.2668027621
25.8959882716
0.0584507077833
0.122031131009
36.1477102465
58.5153499021
19.7283657225
142.970887467
23.0179656819
0.181379667038
0.125130306231
245.275812632
29.0605411858
0.061515675864
0.079215280448
14.5393848793
52.959571845
25.218920745
23.6308719781
17.0982274365
0.123317856525
0.164170851543
175.110229375
0.18786090761
0.181356832513
0.154040623423
16.6794694833
53.6582232966
0.252902333188
37.0277670535
39.6061113528
334.198497623
0.16035871332
97.1966556863
105.927851702
77.1758220573
19.5264945035
61.127644957
46.4850050957
0.246129272865
0.242667603181
14.8901312519
50.5952604541
27.909581796
31.4592792805
0.340987849747
81.1560934084
0.346160306484
0.415642444057
0.360202721113
0.417170231836
0.337099115356
16.6697842563
0.535791106346
0.329694611775
25.7945055904
0.570871950719
0.545916143473
77.2931241028
106.339734694
16.6979766869
0.37293057613
24.2453763864
67.9190269008
18.6051746075
20.6705757196
0.365724477856
15.2823328603
22.8248458522
0.345894473589
52.9433136222
22.7567386864
18.3972498094
45.5296259738
0.191048256793
0.176921391126
0.103065787137
0.182604105054
0.218045133596
18.4695713565
0.108800315277
0.103816532368
0.137429625974
0.067529015509
0.0880591768463
0.0938777384585
14.479479028
16.7134046938
0.227638569459
0.328922891151
0.245175862149
0.212906356947
0.152613857176
0.190282070647
0.227285200222
0.226306849801
0.208139978967
43.2379547332
62.3391312965
0.224025112546
30.0405021937
0.251619119033
19.7670690696
0.441285464957
245.923838286
17.9705574043
25.5669378016
18.19773921
50.6312669174
0.410758351746
0.459813281047
0.443007768671
0.421006876915
20.3773896408
31.3729190723
87.4512334572
0.42244944735
28.459909388
23.0585231505
91.8819201676
16.4670865367
109.978075381
0.331913472975
0.310815216727
0.308322525071
288.519081088
31.7055370093
39.5569769483
30.5949304603
0.33018161485
34.3074078022
160.129646202
0.117506664919
0.144417729431
64.9215018276
167.306222233
19.9472731742
19.2974921588
0.37227011686
310.34576168
0.2195556322
53.0907082932
26.0466711321
26.20301182
0.445712893686
0.430608503616
19.0915111661
18.7574362973
67.7452788273
330.656030069
17.7263792718
17.5353310121
303.482621956
208.464272465
40.3982588838
0.176192630941
0.188212216121
14.5490787489
0.214336127612
0.176498490956
0.183563168476
64.2361009543
0.312455483931
0.202098761678
0.275494649401
50.4617503919
0.246780253119
0.19707310422
0.208779412371
0.373528898222
0.271089000199
0.282189778808
59.8576004779
27.7987281868
0.171281006058
14.478774857
21.0456142869
21.2478260501
61.5130006808
0.100704118546
15.7738519961
290.392208817
159.591193727
0.180737977515
0.159166423167
0.0930146866594
0.0732235451808
17.3882197156
0.0881408572529
0.0811021883218
0.0820333698677
0.0955213203745
14.8199212902
48.5460619406
24.6052194035
85.2164626533
0.0599585469762
27.7957575481
31.415232552
62.0058811081
66.9414127612
65.7240662855
45.485960099
18.5714487926
20.2912826297
26.6829711253
27.7948229086
50.3553574525
46.1864180423
0.067771078752
16.1840391099
23.6540596182
77.6640569006
0.0462635702555
15.8114384698
22.2268383192
0.0563148678858
0.0496466099237
0.0500750998167
0.044981816179
0.0913416097565
828.431962248
33.7878720746
138.655065093
31.813592999
16.0265247206
55.7920086814
242.053188376
16.1944302016
161.252099134
19.1220679651
22.7698247655
0.135159139373
97.2638520721
14.4665859402
0.131856113459
20.4673103997
0.222541649919
0.191106297883
0.213153612812
45.4656487056
29.3115623581
96.0963299174
0.169911788259
23.5210197224
27.7800403069
0.195513576951
16.6700750541
15.5515751768
21.5839308856
27.1892782994
60.0339977428
17.1553111298
14.8822570027
19.2875055959
0.033092932171
14.4575374241
0.0206961573316
0.0106662093496
0.031102328541
14.7309359608
45.2506702147
0.0069701888549
17.0859467569
0.0212044103915
0.0216335139942
15.5757812316
0.0146934467365
2145.82111205
0.00392123523894
46.0460178317
0.0130453062468
0.0161177205956
0.0257552915748
52.8445111155
0.0755541043307
56.7643551129
93.3771513726
141.58565762
177.531090404
161.992600426
44.3703443132
0.0268837435748
15.6506060211
22.1872102727
45.2366972189
82.0436589891
62.1246428175
116.822852398
38.1369007775
0.139830880628
28.9692407645
14.7797784901
0.0929998723514
69.2533565131
18.9372425341
15.2947944089
43.3591953566
0.0489849843173
0.0500014773107
64.9311256839
84.2752816707
103.249435388
131.490348353
17.4335322553
0.158274249502
115.226422927
141.509533766
153.48061566
161.885482762
187.877825951
23.6482648716
0.131671080224
0.137469343434
147.689922342
150.194015542
126.667046797
132.929026855
0.113455325623
45.9457136552
56.7006987225
88.8756227759
28.874820082
18.7976422895
0.103442631728
0.108423745357
0.0709347801005
0.0620977971189
0.0843850767784
50.2465414448
46.0206289253
17.15455581
64.6602056208
15.0645462431
78.2928576589
0.206431919142
14.573062218
122.40524583
0.197452126421
28.5807173179
72.1676843033
0.189401713271
84.9740406178
33.5264805974
27.8792697661
0.121228168669
0.138767835398
31.4905817382
50.2400638566
24.7231305172
0.210001011883
0.338923201084
17.76501166
55.5132291032
21.6623920933
0.299284655668
0.147250059279
0.184225974738
0.1884773322
0.128872309764
65.6791739189
17.2774950316
16.1561443658
0.0447600501378
0.0
18.2249595677
25.4668399451
0.00496689312592
0.0290630217868
0.0365037200926
0.0239999611046
0.00699634864152
41.2735658083
0.015590307572
0.0173606825015
51.3867830681
0.0
0.00367948751739
0.00368052960378
50.2770306814
25.7738067947
22.7901098741
0.058379052788
14.6246551065
20.273379175
106.147113745
197.911115544
178.797950167
182.221832013
153.727827894
39.2818839599
0.0651467655967
16.5098891346
22.1481330023
23.9046437925
63.5562594359
177.361459388
47.3692085807
0.199100135763
0.229196716635
0.170752663538
0.195261927726
0.147816476376
0.149775266437
0.205334464561
22.5394160912
15.1134857506
0.152850874966
0.0980069242036
0.229474152901
101.782556311
131.155962951
104.911145349
112.383249334
97.576483498
116.546461073
138.963967168
135.046927919
149.061429427
131.917192012
24.7610729032
0.0944432417333
0.0968982104886
114.68899527
97.3138475066
78.4611083662
92.1367491475
0.145572004786
18.4184145141
43.0188852393
44.9974359885
0.0181463823146
17.4521946976
54.3922837487
0.0323007353086
0.0433495702782
0.0446518436053
14.433109719
24.7059301928
0.0871459250754
0.0799876104325
31.6983748035
23.2591798928
0.0318508244603
207.500087027
212.004526094
43.4735549587
199.537395726
60.0551984231
60.5387967547
21.6419576029
182.129804494
0.123795897164
15.2408871702
0.148032404337
0.10907159192
0.110044343933
15.2551962435
55.9944745462
0.161570612656
0.190033545792
0.15557219246
0.232422080278
65.5521396564
15.387665079
26.1171459993
17.9790056929
34.6182055091
21.9387346086
19.3555104573
15.2447364831
24.2368130722
18.6827863332
0.0200255048796
47.1667624478
0.00864508682508
0.0150174110477
0.0376046557422
0.0305549676349
16.2545460191
0.00668645604676
39.7247695259
0.0309425797412
0.0221161636663
0.0037559786577
38.5267697284
2236.28052165
68.5367738049
28.2824557
0.0172387576275
0.0341453089131
0.0803592067774
0.0802756317314
37.2736280926
0.0710430515544
0.145802831306
0.162756620646
14.5743529982
0.171187645089
19.0647448301
0.0828376817504
19.2433831241
0.149090553194
45.3752172303
0.133444730532
44.7667018345
44.8887556748
64.5352139229
0.151367514772
0.112530152903
0.0862073487856
34.9380154823
39.9847262665
0.0917668614515
20.3279180009
23.2619525237
37.2932925579
46.2767808467
36.5286347376
0.0555597861945
28.7444188913
0.0550694866556
24.7293553468
34.4782609834
54.7547551295
0.0647439648503
0.0588396191412
22.1476367282
15.6763388685
145.41123398
0.0625253415494
0.0579399278835
0.0698883042687
72.4942551361
15.9825327675
28.4777044251
0.037298637523
0.0618159792285
0.078075081718
0.0607328801414
0.0727342820547
14.4801873905
55.9847264644
0.0637724516295
0.0455333285692
0.15191603205
0.0873979237556
0.0901022441848
50.64286463
58.9178972619
41.9791039805
15.7233738255
0.0760112249608
172.593097977
0.0434905720623
0.0607334243135
28.9178777233
28.9386837313
24.4490468466
0.17454227428
18.4692796453
175.859427952
216.632232588
0.252227856736
38.1768171914
72.7447522817
73.9807436835
71.5725410483
89.8593017674
44.7084892146
245.171366633
407.296195666
44.3208370983
26.7511434855
31.7281019162
51.1602479981
32.9316700225
23.3125448648
371.52089846
101.675258252
39.1312659319
0.0
0.0
0.0
0.0
0.0
0.0
0.0
0.0
0.0
0.0
0.0
0.0
0.0
0.0
0.0
0.0
0.0
0.0
0.0
0.0
0.0
0.0
0.0
0.0
0.0
0.0
0.0
0.0
0.0
0.0
0.0
0.0
0.0
0.0
0.0
0.0
0.0
0.0
0.0
0.0
0.0
0.0
0.0
0.0
0.0
0.0
0.0
0.0
0.0
0.0
0.0
0.0
0.0
0.0
0.0
0.0
0.0
0.0
0.0
0.0
0.0
0.0
0.0
0.0
0.0
0.0
0.0
0.0
0.0
0.0
0.0
0.0
0.0
0.0
0.0
0.0
0.0
0.0
0.0
0.0
0.0
0.0
0.0
0.0
0.0
0.0
0.0
49.7687792701
129.990447796
228.770995532
355.236210458
458.056705796
337.887672638
661.31150376
48.8733104952
193.421192723
311.532505696
19.0570209606
20.9628455119
0.00320088680847
0.0320862153291
0.0785662784436
0.12107986153
0.117260683059
15.0213427517
16.9807059119
15.5017164261
1092.28229954
1028.97326266
819.735293271
607.148011501
363.29430513
0.0807777545556
112.985927102
292.624354851
0.0602414527862
16.4084803368
0.0402314675026
46.4550972138
20.2555710226
19.5434740099
18.7787521596
17.2288041826
15.4920499848
14.8502275028
14.8089124713
0.12723868698
16.0255491476
16.2187681272
17.1258125403
17.9275941874
16.7482015315
39.3079959381
331.586722727
221.928093758
14.4450556777
15.3082682755
0.0374249200436
822.270868892
185.817754752
345.79144233
34.1479507555
38.0328431066
23.4785831309
0.0324258412832
0.0356599627764
18.2896812019
17.8406518236
14.8402167425
36.9246778011
153.266666394
184.521077959
16.4749133938
0.111766392861
0.109510998786
0.0991506406302
0.0666779321531
0.113664644481
0.141749751573
0.0263979749807
0.0214705761963
831.948403607
734.326032892
571.203276406
377.409546573
236.475152476
69.3253369337
328.353894436
238.264029658
0.0174240360825
16.9968429384
0.0
0.0
0.0
0.0
0.0
0.0
32.7160652248
101.161777759
0.0
38.8393286605
0.00488933271298
543.05323867
72.3104017533
62.0886304842
32.4912631552
17.6422828825
0.0260148752213
23.1672783129
0.110005118621
15.7769677801
0.0640222144992
118.525389613
110.054497338
17.1293383659
28.4092670684
71.8346254336
24.1869744327
23.5371348163
21.0926714761
0.0703558550291
0.0834943509654
0.126100085532
0.0798268330217
0.0833127738985
0.120012463997
71.8759186792
0.164432962548
40.6902992027
0.177734208033
0.157716811859
21.0940148923
14.6785761355
0.0639006720116
16.142715134
110.865168404
38.1680774688
17.5889000521
19.4761297872
19.2190112576
26.317267109
34.703051579
37.2868124159
58.5350987737
70.0989139653
69.6603167393
15.2698515578
0.0436513218194
0.0681928331873
97.2945047606
18.2881352334
0.115094801055
206.199044831
18.6153566081
0.0759461062818
14.8459910161
0.0442050856818
529.444813982
0.0190145562269
149.35454449
28.9464854972
66.8710305948
35.2675965033
36.1230191827
0.00558460455592
17.1592289048
96.9447015112
0.0520626952245
0.0723166450712
0.0474434568409
0.0930841844608
59.5627361934
47.5078977622
17.6707571494
17.0085279983
48.4279408368
0.17465611156
17.7604365639
0.156484950193
45.5685598324
0.176836469219
34.9176143838
98.528652214
0.213038410157
0.200544173009
0.216791011546
15.2889700809
16.7249622249
0.199423094409
258.803079372
150.252126827
56.6497106329
0.155562146618
0.15709554988
52.4127838872
20.5789135873
16.3602237581
0.0105694675725
235.835503048
394.63857847
679.231803148
18.5743388977
15.5423159146
56.1313617808
30.3119048966
56.906639395
30.5125730278
24.211112208
18.9813779986
49.7198342071
115.283186123
79.6676979731
0.168143641334
0.193928965665
123.166456086
0.157868777827
18.0024607008
36.6675143245
32.6995054579
131.404653632
19.9217802052
103.586530806
237.374931057
52.6211373669
177.770571624
41.0450545716
198.58361195
0.156495456883
108.303960116
193.537008989
68.0553867893
0.121775862144
0.107853259615
0.0832911142925
130.197355506
20.2604153654
0.102072071974
0.155835808395
0.146722878071
0.197893035272
0.173897817902
27.3454397695
0.100931017201
0.13366618482
99.8717978858
55.9102426534
307.717842474
0.0479273283996
15.8266357681
285.710920992
0.002855108348
262.356361719
0.0
249.060701265
287.092520826
563.147362461
114.175526748
15.7184681878
0.0519606078879
29.1868812597
25.3573909819
0.0703426292094
175.898532961
0.0348277198816
48.8580028931
0.00278297422525
0.0
0.00662278834676
89.7866270802
0.0113859807491
0.0235699898424
0.043121140897
40.9470570824
62.5068301602
65.0291985316
0.105405286975
40.4848116819
20.783193544
0.144386126247
14.7443545975
0.148478529447
263.491048539
189.939509906
114.417051322
0.146790124152
50.3796616972
27.6512172863
0.164865081989
0.206676391035
0.120422115073
0.138715744464
20.709919674
0.144519947539
20.5009477547
25.1210741469
0.130963158529
27.0734639127
0.231479087505
27.188260968
14.9278236592
0.103748966798
17.434675978
0.0745624809762
0.0525939771448
0.00583504772635
0.0
0.0
35.7412151218
355.359710938
530.636346938
32.5797795447
0.0
130.019424168
0.0
0.0
0.0
0.0
162.657760511
107.459406199
15.7163451763
19.7897934595
0.0116721305227
0.013272023908
0.0088012484496
0.0198709023135
96.4436744725
497.147417927
0.0121154343725
18.7406955141
0.0532514350079
0.100056786345
0.102089789575
14.7426842348
15.1513523105
65.7878957466
15.293308525
553.694236212
15.9766869132
0.0126740275905
0.00965420992147
129.869901824
258.83214621
15.4025407197
36.9960362461
0.0335021479749
34.9982884602
0.0425241350899
24.5369784684
0.0317593887965
0.0408887537265
55.3103992042
26.5014944148
0.0327433653078
16.4375880788
18.5284374426
0.0414811000832
0.0645565245961
18.292411798
0.112406957257
26.83592936
0.0517274588372
30.0513480298
87.878512075
0.0623028927819
163.651392494
14.7790034562
0.173633483817
15.1070740112
33.1869923956
21.8695434297
169.303528133
23.505484358
17.0721824375
21.9558949958
24.23127493
20.6850850307
0.124170838697
15.6350424991
63.8666655301
25.0805997747
17.5979608293
186.883056242
0.0437368097742
18.4433523065
161.922892051
0.0527439642409
70.3558902879
0.0940430060774
17.4294372201
29.5139102497
17.9493627828
46.2706797757
25.8636150239
17.4379730246
69.8069326716
63.7876639557
49.0454438467
26.7904263389
0.12724434014
0.0944344407916
22.4894702463
68.7352269592
27.1016935543
18.1607412845
18.114551911
0.0447231544767
33.5577426896
0.0
147.250150582
0.00744175756009
0.0381213308639
0.0474718710507
50.0981672045
22.7791789723
0.0575297870882
119.603978542
68.8100632651
0.0
0.0
181.764698872
0.0155278874136
0.0371561951574
26.2352729341
29.6324739247
0.0416567604323
188.372093035
18.5249303544
0.0173965828408
0.0226803228961
0.0178838726803
0.0211956625302
15.4969203979
0.0296774703519
0.0567759852384
0.063047056999
17.7833572719
31.0956396859
0.0704355730728
34.9972794581
17.3113390679
49.2921268413
26.1252970421
15.3788923592
70.6813733847
140.434276641
87.5855059474
56.5848377289
44.5037069315
250.048000437
0.159110985728
0.184552708288
29.1909817654
126.237421773
62.4889659421
23.0534832109
23.7950189112
15.9552036292
20.7521373243
0.148082180427
14.9632320476
48.3621763324
0.138804343318
0.101310190857
722.623827416
39.486032067
25.856109281
20.4161197456
0.414468459875
255.138087954
157.566006896
0.0539080023763
0.0357496020703
213.008770791
0.0109050272185
83.4128093731
66.7446890218
19.1816654477
62.1628232456
0.166629552294
139.315565714
20.9508034249
110.955214833
36.4168572819
0.0780524278009
71.9102764154
52.4653084222
48.6414071119
0.0280239284632
59.963086546
55.0733910659
57.5689351346
0.0264148951055
55.7406660398
458.568818771
329.093522792
115.739434815
0.17852721302
33.7765268691
48.095993829
0.140031079164
18.9866153315
318.005431234
0.084543752467
45.6096298906
0.302128342279
19.2854574154
67.6644004502
0.373524043313
40.2675667181
28.4166000158
45.5935666893
0.160241135306
19.0924861512
21.2368883318
24.9524442168
0.046703656856
19.3031024259
271.409629434
0.0248298022169
37.1472719428
30.8065186087
17.3763428371
0.00302995575537
0.0
0.0
270.485717523
451.061779578
603.762339953
0.0
0.0
149.126671651
0.0
0.00143012880665
0.0
179.137737707
147.027040531
48.7018629805
0.00141599352729
0.00142595732068
770.828629664
480.380855638
0.0277372523984
27.0700084259
0.0152782317413
25.3574974677
352.060145
0.02094831796
32.6081045223
0.0513898992425
0.0997754990666
79.100749976
0.134439692134
50.2421661555
23.6647054097
58.2314290325
0.0816959341714
0.0723726393599
0.0727173781207
31.3843474962
0.108688676742
24.4130025968
289.812189671
126.188261004
20.8052231208
135.519705307
0.0033807474754
55.2321885194
0.0
0.0
41.037306387
396.168868029
585.202524859
35.1956479125
0.0
20.730344672
57.2229218684
0.0
0.0
62.5256119713
161.97146475
56.1534418696
0.00636203687998
0.00575063597727
0.00479085340061
347.662645402
983.962568939
1004.88455299
440.922955434
481.444302779
22.17736701
48.8018804605
331.115758648
19.2705443159
491.845032587
542.841725289
44.4835067052
64.4972288221
102.105724682
79.7076197638
148.693164865
0.0997275100086
0.134456117141
72.805629717
80.36914941
0.28505505352
109.247318741
0.124386669382
147.023877227
50.7250756355
72.1477290808
32.1003216758
0.111995772115
46.7853470792
0.0602496002903
0.0588698521786
21.7934502533
24.0162909433
23.5224298434
190.544251802
113.13057314
60.6640390469
64.2967940771
162.92022288
0.0528835058166
64.4352553957
0.0165030942024
43.1277544786
55.3810604317
87.7803493805
108.472802991
96.1569370921
96.6768718017
126.869496627
17.8496386157
142.745516107
123.381783429
0.314487619726
0.202702519154
0.112753758886
0.057027961701
73.3019719281
80.2915168116
91.0058974503
271.964060738
0.032751984197
59.4672415225
80.8998760403
85.2249548048
63.0470676302
18.4292021728
0.0970666181088
0.0975036040717
0.0982332315456
0.122318520299
0.133899841749
19.5365996839
17.1757998538
26.4591617589
64.7914559096
0.113134712529
41.7804816963
74.8482727444
0.132461210832
53.4871935982
0.138440996339
20.1620171723
0.400204848877
23.0533430214
20.208764833
28.3730498648
0.0216332831136
63.0833212402
154.916044661
70.0831141175
28.21389408
54.7180683064
0.0
77.0251723841
43.4722136234
0.00557122425049
0.0104332795832
0.0237320274449
0.0592190932168
24.1079653138
0.0703040971088
0.0586181450212
56.098504296
0.0765189479939
299.966990663
0.0497446810465
19.0391747666
0.0160741484236
0.0195745953649
274.521495226
19.3638194269
162.984073686
95.1270982335
0.0716160627757
20.4753054781
28.3257398585
0.147093171713
0.179760334583
0.173591575593
70.3532797852
89.2669106486
160.230541133
0.223895381097
0.14835547096
149.642064734
297.262725618
0.0624245218153
98.1834708374
0.209082809413
0.262807840319
17.7762624462
0.286077230724
87.4865116006
0.221841872585
0.146394272643
21.7016611549
0.109178931024
23.6961773004
30.3090549274
18.7853887502
23.5747760513
0.0993278936083
0.0873447979503
69.9225672459
26.2101307223
0.132195147865
68.4106939836
64.6256725906
21.920896012
91.5955857925
21.5940190876
0.0582526657213
84.8741214767
19.6004644966
617.635062628
445.231579364
628.980006916
367.284702082
222.414102855
195.659418158
209.425427254
0.130749930435
0.0675631558441
23.4908711184
57.8310420718
20.0726522041
25.6944043688
0.0548538805807
0.0700647209026
0.0703346704619
43.3387921899
213.271627664
87.5735095651
23.5049175028
17.4750596774
20.8192673774
73.2381312522
61.9550697891
0.209435623848
24.1115582154
33.6351043277
31.7564166017
95.5861521962
114.698427198
121.14754244
0.121548804971
0.116541081804
0.0688012511129
21.3252768002
19.2149764178
64.5863532168
25.7302293597
0.0566241425138
0.0542075587501
35.187054397
21.821175772
0.0187603909722
0.0454066747099
0.0486314089023
20.5331483505
0.0
0.0
18.2658280463
17.7516079543
433.048564434
622.801996712
38.1699543953
17.4752842599
22.3844741612
0.0
65.4209924119
63.8417022403
53.7916999558
16.786000853
0.0
0.0142124174164
19.2749987126
0.015019163356
25.7294105185
20.0506547773
710.232335845
372.767540987
426.523839284
0.0944622721738
116.363263731
107.0782137
18.3063331372
22.9636782032
305.648766928
90.9906868419
0.104972431871
0.0568818739444
0.0531839376377
42.9573688731
24.4036648417
0.149255384117
0.156281240592
0.249370340476
0.260330186031
0.28445174792
0.269798278198
17.5033854838
65.8916152088
22.1047410507
101.702702311
90.8486068538
0.145579430029
0.125168828058
32.3702108539
0.00731453999741
0.0180468902837
0.0235684119693
23.9546134543
39.1976257019
0.0518295807293
0.0418804857657
150.054526052
0.0334073821658
91.0468092841
0.00715488563344
78.2575952645
55.3796255743
22.78640361
110.744650345
239.149303447
0.121657900148
0.131926031229
264.547955936
0.131816107687
0.127433721481
86.8505505888
164.510726468
635.299343046
42.8355380607
0.0543440518385
0.0433705207941
0.0256184598
18.7809079269
103.371310487
0.102675334766
0.0580099274436
39.5100687148
0.0806010374187
333.371173821
50.2535281098
0.0643038095322
0.0731392031819
49.5400295187
19.0222655363
53.2296305463
0.104395028796
20.7920894676
33.5508493012
17.862749186
0.148279161096
0.0769918652335
21.4979692329
22.2608579415
17.9643909027
0.0544714007121
17.264616423
26.520767638
24.0253410006
84.5082276628
127.328025878
61.5404017463
37.9535824345
20.53823107
111.955446604
171.686348811
67.7222630902
22.5665855599
23.6465048904
0.00611873950786
0.00700873073018
81.878928207
0.0424723205817
64.3295360433
0.112807198844
0.11609513171
231.37520431
120.737792148
0.0375506536153
0.0562347024283
0.0583335576068
0.026886682951
1014.63600524
0.0286890507718
750.728328041
0.0660939729052
0.0798833497571
175.389979824
21.3419438005
0.145299548332
0.160222124076
490.549141116
141.45020758
135.538442202
317.082238504
17.0093640794
0.124985612255
0.126647890117
145.211025541
174.515178839
186.043084442
293.785356382
639.105379172
121.586140263
17.910751364
20.0431884889
23.4356699887
85.3567484082
67.4872952012
71.3779566344
27.3615932411
0.195401576146
0.166012277893
0.134093139148
68.624518694
153.104430403
372.053641198
305.910498135
19.7136828225
29.500570437
0.145174156992
131.693044735
17.2477518973
0.32896691141
25.3805470527
51.7949498449
310.222205309
24.219820288
530.718471224
0.481440453844
257.956322024
214.75279489
21.1607228659
0.762397811779
20.7665127741
44.0854125157
25.0312338537
34.069479515
0.0194295864851
93.9985850783
42.5285779213
54.6063374755
0.0324810043112
113.641982302
133.592207754
220.986925355
124.647592209
112.325642072
18.6393117712
0.0518505512654
0.0734747178856
0.0651849412871
32.6569184734
53.9518914879
58.3657835199
47.0617287861
68.7737561142
41.2018058965
58.7291507918
17.3829585216
0.0993792125024
0.07549469415
0.0813103222199
93.4628320064
44.849543381
20.5697360186
17.250948613
29.5896808471
71.3641104572
20.3238652975
0.0432605662548
21.2737720681
53.2584734831
77.5372111702
17.2282550079
0.0
0.0
361.830104583
525.445386698
0.0
0.0
18.5064331579
52.8380090275
0.0
0.0
65.0320234924
0.00465607815706
17.6916310945
24.6535505181
74.4710360052
19.0299399626
255.51385123
25.767992606
259.029132824
163.443230916
295.260153052
0.0654754897971
17.2139705568
0.109634798648
23.7082857434
146.555764655
101.500624751
49.7551499563
28.9267758182
0.0828974876935
16.948377551
195.175720335
144.764385116
0.12031588997
0.0487365273394
0.0410403954998
691.976185852
21.7481281758
24.8243982089
0.055524077947
18.9441384808
28.1055273246
0.0918358050039
27.307043082
42.9132684414
17.2099948747
0.0956087718209
259.892263657
0.147564695391
0.14051390003
0.162129796844
120.50626271
0.139136581594
18.8736793151
0.273414355261
158.960936966
0.121830097353
0.120700922992
34.3584413661
146.060048734
91.1478340727
119.906162928
30.7228262143
106.011925119
0.123408577596
31.3416904452
0.105125405109
0.110394928713
0.163545507028
0.10834913859
0.114944230369
95.2968730318
0.194299444254
0.252269973669
113.87675747
35.0843239174
24.26642578
0.0947679783458
179.171468307
128.8338635
29.9720470082
0.159299595177
0.133977255561
0.107784863076
79.7206922924
570.054859706
45.5473881227
19.1230964741
199.435243172
0.0828542616045
0.176762810878
20.341289031
22.473256887
86.8348326931
0.230114037499
0.231843850353
0.313055045841
0.276413061429
0.260480196398
0.225016583462
61.1173475135
26.5566008927
34.356026054
38.1707474425
40.8761962637
22.0415949365
22.4460068039
56.2134605801
0.262380867765
50.2637632676
0.255791668095
24.5937262832
42.0567157032
21.5987041394
18.7390185716
18.7070834141
51.0212814378
0.359913716807
0.348177085413
18.227463723
0.341630070704
0.315138989598
22.5301247997
19.8543310655
0.328695023054
19.0112324359
22.7103522287
100.444328718
27.0885954157
241.583969629
0.21546133615
17.1449023952
0.271213400459
30.7443789949
56.5854465059
0.432688780153
58.6955161081
49.4612679133
0.21584823588
0.248676181162
65.9128510932
160.479828788
0.21537147607
33.8787892342
183.691307563
224.518196576
45.9972233195
0.123328605955
0.0352727263229
17.3905554543
0.167104537954
0.151998423642
18.4048505926
164.94240195
89.1323598796
98.457662596
20.8948430395
31.8134452088
0.0251333453914
0.0291270966402
0.030518351554
0.0689410179835
292.991966895
0.120251883501
18.098616105
73.0780927783
0.120921330063
0.209413822038
0.225528586076
0.238992403755
0.185995063666
226.171131902
50.8397716781
222.985150006
203.232680522
79.5196888199
85.116152527
70.5966272689
62.3778977045
35.6002435859
18.678204096
0.341039549898
27.6107224437
263.291042597
40.045546384
0.291448805239
53.2996174805
17.9167169355
78.8854852585
0.220067193954
29.7774934462
0.177367963334
0.18890583543
28.3258262189
18.0818961678
0.252504673289
0.339021132858
0.342505990201
0.318461773028
0.298984057039
26.8619466717
0.347542602987
132.746310745
17.3012572832
36.8506089925
0.442188185092
145.941590605
513.152787563
21.6333169147
0.460340337514
19.1612830219
36.6996484675
33.4225580965
71.2173259023
31.0284882164
0.437304557537
0.44453410864
18.8547328181
0.577052675343
65.74100229
0.672361565886
17.2399173067
0.638463269244
0.581250025377
0.654194317236
198.097220614
0.623867534685
41.520575902
0.517777317255
0.532930224784
0.567792666283
0.57388299258
0.685792808167
0.682019121937
30.9788278374
27.2556114139
0.22463309738
0.141558850086
0.189556975259
89.8855437528
16.7869100139
0.0919947342335
0.0774104937715
84.143087191
22.6435830294
23.6911353988
17.1895691694
180.533625894
176.509730878
0.127601549638
82.270323284
69.7949882176
79.7643506668
37.0801125065
20.3807656832
19.0233755328
22.7733580695
0.099456611667
82.5253761293
0.145148883817
176.278876931
0.139568153847
71.4559663453
0.127250070731
133.150739054
0.150294667363
293.400863233
311.034179743
20.0677213593
169.388855116
23.0006699716
135.578269146
0.331723569847
154.370554958
0.132790262826
0.124055181853
0.100246122727
0.11837540885
0.0949764558018
0.111174043209
0.135219615371
0.174258915567
55.482716279
26.2920763826
20.49307859
0.128483659465
0.142971158156
0.175156726763
19.6791211004
0.182161198523
113.567528785
0.139793682314
0.145275037599
125.317034094
241.70067312
0.0880488692986
68.021791675
27.8407608652
22.0763358198
23.6379651834
0.125035358177
22.3215846395
0.140414021292
0.228832189013
18.5556237644
0.224669245815
197.145854196
277.812639068
0.382696909694
43.6902186189
0.202467823848
62.6960022559
0.185625150227
30.0957679089
26.2885967837
263.111992941
0.195571351637
79.7690291171
82.0677436907
86.8813741183
0.256341397272
33.2836512891
58.2407540563
16.9556681433
0.651224119932
0.651410062992
0.694515402631
27.432573838
19.4692554723
40.2050149885
29.5598466796
0.229027276598
69.3205154308
61.3073416859
0.229813156205
18.5161955501
0.313411316508
23.6966127822
0.263927996121
18.4492021902
51.3315548463
0.376130098736
19.6692684455
0.302507927395
18.8221248232
0.38492136244
16.9581760602
59.4216811704
0.321587687069
0.336785804743
52.28644224
17.7526627187
0.421407264126
18.0875024147
0.257584412071
17.4615441554
19.2953443948
144.799019809
21.621197902
0.143583913813
0.101999216666
0.0861585324292
265.484693067
0.343169446831
17.9496929966
60.1891300927
23.7680597551
73.5529532305
0.291102384735
39.7993837547
19.1927226817
0.161782346359
18.7644246521
0.127412259448
0.1361393338
120.572414576
29.1354423338
92.8313160676
18.3880144634
0.152852817601
0.156517031888
0.172124902473
0.189598069615
84.7675174636
18.0810247207
20.1068231304
106.090374439
22.3033929302
85.6137174827
0.150635859615
22.1643343464
28.9775895774
35.9907813374
0.102268717185
0.0777676260066
0.146917224301
0.156586311198
0.178771904759
0.182766078573
0.239889342494
0.214492092946
27.2489026525
62.6147001891
64.6943488283
0.148017497811
84.0711652795
258.218252824
18.8427146836
0.261749530866
168.278706841
31.0530720152
25.0144532563
26.4503400552
0.204674498127
37.1672460992
0.0919063825993
0.0461228410322
0.0805261746176
58.9888855308
0.112328924206
27.4977481948
27.5718236402
0.394154749481
335.223578913
34.4162952882
48.945828668
30.6933720672
29.5983460782
0.172322523034
0.12889759119
19.5975056421
0.168744542877
0.0980552305131
332.902522046
25.3349607165
18.9011742008
347.755118163
264.541453556
0.0615847244702
0.146026221872
65.9569654166
0.154156517939
0.15473970324
50.8543687113
0.158211494275
37.3098354795
0.189328179225
0.192794744752
0.239233109012
95.444304783
89.1019570841
82.2812757607
42.5108927115
19.2743866918
235.066925041
120.687545584
0.166216748788
29.6258906457
0.150610679496
0.154338901139
20.4691526194
69.9529515565
0.159893103681
20.2105099028
328.838528795
258.266047181
266.607433611
26.8145637516
0.181813660081
20.5597479887
0.0860942892239
19.3233044826
18.747207751
0.0732939745478
0.0656777538633
0.0896493464561
30.9615539379
21.0925433845
0.179475672347
60.6478937604
91.8383047376
22.3820997413
27.7836194129
62.8442715637
84.1735195592
82.8556788252
0.119999872595
22.4994594703
0.0943049870708
0.102786329931
24.1620823871
56.130197733
59.4970345588
0.0626874416255
0.0542269809456
0.0453316225879
29.8901027217
296.021777305
0.0400334616954
0.0309055247826
0.0631924936447
0.0757857333132
0.0584037954635
0.0622265579624
0.103080341548
0.177873643593
82.2641427339
0.172157282262
217.407092471
0.0750468767697
0.073249029327
287.436146266
0.155469168922
18.4997030342
78.4488147745
0.216373373424
0.226094207877
21.352249161
37.9690241757
0.133861947605
41.2932589569
28.4348651487
0.132980080031
0.227946377848
0.208976191407
78.8198868222
64.6037526461
20.1822792573
27.3200168637
24.6358277733
23.0529732758
0.479156032178
42.2784688402
32.6757132557
0.190089446886
0.221904385949
19.6983324208
0.128066806829
22.2209433455
0.0302435862418
25.334240801
28.2527276555
0.00451822032635
0.0161438294599
0.0115505810648
19.8982298838
0.00507969569668
25.6090567566
0.0
0.0133531916991
19.3118924918
0.00346908657417
2082.49613185
2532.37290366
19.2206749438
0.0149659852975
0.0197031377263
0.0299244483792
61.0545958101
0.0525688131547
20.5114131845
46.6758108762
98.6511530154
72.8288096122
236.947445441
87.7765201826
0.0533811540511
0.0463184527484
0.0824063756954
0.122402724493
76.8034990129
31.6432093432
92.610916856
82.7365647856
82.9507059313
26.0571373047
0.190050366545
0.245472341521
66.6040048962
0.142372147546
0.118048488276
72.6881506083
0.110128362394
0.116904709289
0.154674435766
0.193495209241
137.273652849
116.059989637
72.9404353038
0.0756173725646
82.936012867
115.804442438
96.7602372196
91.6378087679
85.809761245
52.3205777579
0.0508529945858
0.0463945002149
38.3135165503
46.826330453
87.3612807787
74.2469073181
0.0773759199892
29.333646205
72.9069278265
31.5697094374
0.0958517519563
0.0499761973107
24.8187455639
30.2572963191
0.0933266909394
0.106569577912
0.0366358343945
0.0997284959124
26.4692069914
37.8377331511
27.8963894621
74.7970463338
31.8852410023
0.127341903942
0.163559383421
203.797219249
18.7705438225
22.2483592022
26.8932852309
21.7807001627
81.0020280911
151.462130468
68.1527967441
53.4380713294
0.189563659732
0.173121895118
0.116182965687
30.8622401132
22.3982715297
0.386012503532
22.3162437239
0.458755871961
0.487380127909
95.1299332764
0.411678806087
0.176084307382
0.183151125742
19.3782128213
70.7808850003
0.210561374465
0.103089998054
18.9162260811
676.731441866
0.0960611456816
27.8109367547
0.0162661967546
0.0386989655995
25.3587144436
0.0252674131016
0.00709898756482
92.2284986931
0.0163616032868
0.0164761392888
63.1229535764
0.00732406570467
0.012729191033
2615.54059699
57.8844584206
0.00376068759093
0.00689835948209
0.0140494405981
0.040624782189
0.0546238742596
968.603148021
20.5173829814
150.06555854
0.106045694369
176.767799982
22.1203733473
0.040483463437
26.6154495267
0.112806120623
26.6657157899
177.209992504
121.095585993
58.3072159188
0.162037398866
0.111008713519
0.137181404754
0.13756332292
0.15191121473
57.4246092991
26.574736726
26.5502700706
0.145355693131
0.173028016653
0.269452728421
0.330156064201
69.440139178
94.3034658056
100.666137331
18.0690142013
76.9831391313
70.7831172205
93.0159508535
86.3969584664
70.3449125261
72.8377328002
20.4594360584
0.0927045038921
0.14198995002
38.5191862762
21.8818643693
0.14413825058
127.982738012
0.174542947821
27.2446549066
31.1967407224
27.9779665747
0.0113492393169
28.0220378046
17.5009424661
0.040719878367
0.0354314881117
0.0320369767789
0.0460850386386
180.047725548
0.100334607627
17.4812788473
18.4846466065
120.188676292
123.145597812
169.665115419
260.408952447
72.0737687657
54.24167747
21.9440470618
0.0950655440916
0.105723504914
156.114251995
0.0504764122299
75.5348730311
0.0946806514348
0.108577829935
0.09331074111
0.114995321085
25.0649369713
0.111180859596
19.4157556174
0.157583459179
0.185712490077
53.281914351
61.7333718212
28.3174704579
25.8904240829
22.4178502348
23.8784802783
20.5053312259
0.0585030020961
0.071060080178
21.9105384294
0.0225657118228
17.9374300194
0.0142467521275
0.00872678716169
0.0397079610854
0.0358220927112
0.0299478925883
0.00690676510673
18.0951505843
0.0154910728294
0.0137763750735
0.0102090871166
25.8711372277
0.00831352237341
0.0078647141148
52.2913852662
0.0154460881543
0.0201843552348
0.0677274674624
0.0608649768087
124.931235145
0.0474669087505
45.6026089702
20.1265574983
24.3535049275
19.9635255304
0.0615143551705
0.106246135198
18.7100249065
0.142258628231
0.138502150748
0.175966354098
42.2590493596
104.913514503
119.47599772
68.6468120931
0.107319965698
0.0742329588725
0.0830971190274
141.441340737
0.0981297796125
0.108629803772
19.6686108948
72.0972079947
31.2821570836
36.8140859687
0.161078257028
39.72956293
29.0373202428
40.0348556418
72.5166635494
69.4689423362
0.110862208142
0.122366206447
0.00762565083657
168.586856368
27.5374940717
0.0399917393806
23.0786362447
24.4717306781
81.0610056626
68.24143848
72.9862942887
51.9357004739
37.8758106289
52.8955635321
22.7515872008
33.307859159
0.0391357485672
79.9021653172
69.2416363953
35.4884766816
0.0754121185954
0.105731289218
0.0832770994508
0.102100319866
0.116669932846
48.7635193856
84.3389673169
91.5571951267
51.0087930056
0.0734469953716
0.0906618267051
15.6145277714
120.473008174
0.113843516208
40.6251214719
0.133879405753
0.163768582634
30.5193137824
27.7124933706
0.157593087614
30.9362917569
0.105509558477
52.6761772703
66.7907632967
54.6656256564
0.121888988473
0.133089573423
0.0834702779348
0.11573871668
23.1167019851
0.0501408034914
15.2575174348
27.4987239435
73.1442031635
41.6298137636
28.2578010654
28.7580653513
53.7911359083
19.388284948
0.0300846563045
28.920511277
0.0685165890991
60.4569264383
57.6521460212
29.0264981108
0.111953450452
33.7541669698
0.0430083140623
85.1840405656
59.6380268811
0.0769747333939
0.0702781735356
63.3024238783
17.3243204778
93.7468683323
16.1712007276
53.4233249946
29.1912317494
46.5652547004
0.173918133797
306.905857572
224.411370422
124.671834225
50.9207232992
15.2002978203
59.4112987196
230.151107368
63.2649298763
180.473437844
178.011956486
362.177805915
157.772470884
135.927420235
155.870578296
151.829176212
146.009608037
141.455463393
128.621989594
141.229087188
167.319423337
168.33846536
164.833696737
176.56173035
198.049596898
192.620720405
197.47114121
210.606872798
206.700600074
186.428400761
168.480307426
169.061483326
168.933006653
170.601894223
175.813625235
189.518907651
207.404764493
205.958340104
175.22843321
182.753988502
161.635054927
176.01349335
143.034228883
226.075091352
201.727773077
0.152730194022
106.017023336
215.276440608
245.024473036
114.91667524
151.190574034
52.9752863998
30.8100159798
48.5057688082
49.2204712058
0.354550851604
31.9984710708
0.274695096374
68.2876105148
18.5133220024
16.3988410639
22.5703750271
100.82524982
155.528257316
0.10149389146
19.1993038
24.1550308113
0.190139637559
131.990340811
101.558234618
88.3037716077
52.5539516552
33.256175497
94.899289733
16.6620049076
122.576807231
113.490803507
72.0331633534
0.0579047255063
36.7342808542
59.7857202929
79.9042441221
38.0975735947
80.7711093575
67.3731060015
19.79891527
0.134094841173
85.3696553922
68.0190295032
90.9603948653
87.470654934
99.1825545195
101.017362214
105.120569579
94.2689274451
104.954188989
102.4032223
103.936037111
117.30612606
15.2278998691
109.92789153
0.189723300697
100.960786358
88.9866779179
85.8610604314
90.6555128451
48.5820073377
95.2821425063
88.8560997523
94.6009008805
75.8210995205
76.6650439727
105.842330914
237.454430439
72.1169900948
172.514688146
96.0626487502
151.96325857
189.254122691
0.131654038441
28.5008883799
32.3808066296
34.6971756323
136.720563497
103.34537575
91.7787202565
0.171403445597
178.817769373
0.130520980174
164.984245679
0.241651470351
0.254589541561
0.203526063254
91.0520876802
58.5987973389
53.5994574502
0.239625410053
23.6496627828
24.8607536916
92.5830110679
158.961091013
68.4228937172
25.0553571669
136.167007651
88.0667277015
129.612776487
110.53781127
41.2888632116
78.0194382953
141.113700008
72.6477403359
115.860954035
153.171614718
26.6674555024
84.4697804196
41.5691155323
67.4811159825
35.4226691343
96.6899179962
76.4649608086
58.9175921565
85.192604676
68.8148817733
92.3418001862
110.925165183
87.737884531
82.1115442747
154.906460799
69.9203305398
22.824722215
17.202085682
0.120090337752
0.116105790222
40.5470674123
0.110733172191
55.5388002862
15.6248069808
0.19889610815
0.390827604805
0.257414314804
28.3386329637
0.351674808255
0.243316555527
0.239412383662
242.672026469
767.679473746
0.227720256564
0.187419493427
0.217935170255
0.248132567351
0.28174130578
19.8488760397
0.363228117995
28.3305451254
0.38136899572
22.5315205824
134.719823983
0.319235942075
64.9074414042
397.483202067
0.240983299835
20.9691521738
51.3478215362
0.262083130334
0.216059498058
0.203563303313
0.201103144534
65.9900050757
132.015867572
77.512233754
61.9250324714
0.338331583554
0.411314494907
26.300429175
19.7324108537
15.889013089
0.289078850481
0.248980712792
0.19517459205
0.324101819984
18.2926747415
18.9777753522
0.371422260183
0.428974610676
0.19719417834
0.517016163896
16.5618279965
19.3834376704
19.353398172
92.2444645395
41.091161265
173.71635145
244.930584562
26.7966744871
28.0918473172
0.57610690678
0.58983332861
0.646812539604
59.3404285462
80.7975483287
84.8313662246
30.9445664687
0.662817263009
0.606088767833
15.9282054391
141.614625157
127.970109511
0.570953561443
0.61017889985
0.657549275891
0.586041520086
0.649636827028
0.577746760932
0.561761794904
27.2782650111
29.9722822119
0.518113060621
0.516804347308
0.636141601877
16.9668554673
0.659436191153
0.656045227792
0.650143903278
19.5638880481
81.9370189878
0.798126653434
83.666798568
46.0378436281
0.173390092294
0.182914763623
178.954065678
187.495996825
79.0974336707
18.6023639683
0.338493470781
40.7351808511
81.5295058892
98.2333078648
33.9450618358
15.5723641647
0.236844412962
0.148435357473
16.473272165
0.114940529188
0.0779162731012
0.105487188841
0.0928318457413
69.3865799724
27.2650737645
35.465390512
0.171880432467
520.627333362
0.177524569812
16.9327064118
0.161448733731
18.165844109
157.418276322
0.240064268882
242.40657805
331.541785028
0.12046940588
0.108221800291
22.7027189702
20.2791121456
0.0967967880662
198.12081837
200.936225008
91.8778912996
97.3771069104
213.391867568
17.1873293685
109.007460624
151.343645964
151.419721745
0.0701513778409
103.322513353
159.792306356
67.2798663388
45.269104735
0.137164138521
0.163788479404
17.9105642119
0.131348785405
224.079997177
0.0916703645589
0.113697364528
0.130074933868
0.0844026042211
92.2763514431
0.175704394368
0.17500855491
23.1231151817
23.7596937886
57.4670999281
75.6382393333
70.4188000794
153.155277875
90.2186245124
0.174273945322
25.3570124074
0.148983030232
15.4187733986
0.205857899402
0.251424839194
201.686010088
228.171037018
17.0609676001
0.157807899615
23.469082921
0.242906519308
253.30540032
188.838127358
255.933743495
0.297541497873
0.202802271071
0.244587327228
16.2290605864
64.4600497116
19.0097371499
0.218931267486
58.1720857937
17.8899052053
0.279037526775
0.260891571807
0.313074667739
0.345736981708
17.0951149001
0.578551866835
0.513526784203
0.510090127772
16.4472145441
65.9758848379
180.220414282
145.042283662
96.0749328092
121.682820535
114.713975163
121.390286397
0.177723160732
27.5425947334
0.325073775064
109.157001348
93.2896799658
0.239827378127
146.661498609
127.115597364
205.099607096
21.8020390702
0.0257496147484
0.0462256460322
26.8763832324
21.4931422725
56.1526876315
0.0236773595816
0.0890483630708
72.1294004968
0.089490491783
0.0425891312543
158.386776893
42.2747101684
0.0855586784808
0.0906658316874
112.315256286
0.0342028311327
84.2979891107
21.2762432297
0.0812260523072
0.108744389653
21.4909412375
0.117046239128
81.0285123707
15.3552656197
24.2897032085
0.164977268364
0.132113381177
0.185332412026
0.180153866415
60.5264942941
0.173189844627
123.206836227
19.7626599776
0.194546050822
0.151432842173
56.6354697612
34.4078853897
0.284556622052
0.356594391874
0.352619232239
15.6354085788
39.856985532
0.120762592929
74.3497665738
62.3320655427
215.945340963
232.671025749
97.9525354994
0.164148267701
250.392276299
50.3386337141
0.160536816109
0.142847794234
0.201837273497
200.866845345
0.150868325248
0.152799470589
37.8804258002
0.295078288168
110.460404074
308.260149683
247.124765095
319.615262082
0.266401496873
38.5943902042
0.254799435155
0.242876644349
0.259036544454
0.343528109233
0.336757299397
18.4891839709
0.337936348166
51.9450131983
17.2740254561
204.338127935
30.3788066399
0.30808716734
0.344050583728
0.326336620038
0.357280084548
0.328514916968
0.341515868455
0.366272169864
0.360312338705
56.4019841663
77.2936015906
84.0907656542
144.819982404
113.210567312
0.400412443187
0.371543702042
0.343680580872
47.7902022152
303.561197766
138.097411318
17.0384078958
0.302588903485
0.28488460801
0.255656163476
16.2307489048
123.359269319
0.186763851692
21.0067869761
187.028682085
208.099461996
248.876767745
0.205132762105
0.262055177489
0.183193392698
0.0987538224026
0.125255207315
24.5217687986
18.7059403029
30.1864398983
0.12313470351
24.3877481143
18.8507169129
26.1311387012
46.1629953216
89.0299133112
68.5488668611
19.5536751612
53.0396785555
66.1958196977
39.1380693223
62.207634909
21.9304222324
0.155500490624
0.192464936032
19.2875752627
20.5696975081
60.3808640494
15.9452677129
0.172575337825
35.8462074463
49.4615986828
0.0979175769238
0.052658071868
17.230016779
40.3944322861
0.0243525825238
0.0343285605047
0.0294432182642
0.0498642376348
16.7038723432
37.2492223763
0.0953780441458
27.4960123359
0.0985863289664
37.4672996849
186.805964461
27.9086967186
18.2393364638
100.419020372
0.251114012485
19.2625970791
0.183931831805
18.2220979042
0.15275977469
34.2996832968
0.087483998415
0.108894526571
0.12382935329
0.18513389139
71.5856692618
53.3328517519
15.7792568693
0.283807297853
0.2961862113
16.3449469632
0.280340256464
41.7462270914
29.6599360331
43.6179454863
17.4002259699
0.0375449826083
0.0376444901919
21.494376932
18.4531916047
0.0348719198322
15.406460131
0.0671457238897
0.0407593592262
0.0542383724102
0.0231511302519
0.0243071698615
0.00646231677731
0.0058318907916
61.8935623888
15.8685867933
0.0219623558673
20.6588228131
116.76078904
75.1669006577
0.0267370434905
0.0375339986847
0.0557624229182
0.109578844152
0.103628192263
113.958147708
0.0652075350955
112.806815031
131.116035658
168.102281032
60.0366889091
0.107325643491
0.0953143172563
23.1417054597
22.9856602501
44.6763902968
57.4639520215
0.183410251673
21.540874696
0.143347109217
16.9177971888
0.195812962498
66.8221855094
63.9961502596
57.9393411977
64.9015688637
23.6876792209
0.113391888177
0.0955207064555
0.112553958471
79.2029283601
80.4468449563
112.101524005
151.706963467
160.037644566
121.888733687
110.267205807
122.4383947
119.82218837
154.30035052
120.369252251
0.0735562175407
0.0761616451187
131.837872018
129.973417479
106.145617812
114.307136106
124.779894212
0.161320878164
15.917126619
55.3148857163
106.18443221
0.0750219220152
0.0644525952527
44.05523763
0.0891335712441
0.0972680353521
0.0807664329357
0.106048168602
21.0304738332
41.268865725
83.9863807025
56.4238618358
0.0585401797187
15.4931829523
214.423554545
195.726348074
0.249281486515
28.2175501719
31.8479528865
65.0987496046
0.422584907176
109.666674811
0.343683165186
0.209240897748
0.252421065641
0.0953822001176
0.103263086149
28.7896259952
0.199109020722
0.564825255431
0.633870149974
0.664719722143
35.4374156982
72.2568816208
0.646948834992
0.366145056545
0.35505866462
0.358961427359
0.189351489384
16.4072967329
16.3728997321
0.135010691922
131.844772077
0.151458571941
0.159543986683
0.166530439939
0.0658875667721
0.0541904363607
0.0579665561029
0.060968230591
18.138922683
0.0149344791829
0.0212629444607
24.440195917
0.0156004691022
433.555144476
17.1907381974
33.9528056898
0.00339527830229
0.00817826041736
0.0389501765691
19.2227618336
0.0345704413086
0.0179714481001
72.716089229
94.3892420802
118.585284376
82.410684853
98.9881163062
122.170580934
0.0875224659851
0.154967621529
24.2738207371
62.3614520747
16.5168231008
43.7757932712
0.340460255658
21.9343557298
0.250506024267
0.3375435596
0.231530370165
65.1424190997
27.0786766942
0.175963947018
54.1880780276
0.178769242763
0.160643970498
0.241308765069
42.5484343983
51.4724130038
111.682530829
96.620208652
15.2506853112
97.7696887409
148.327787365
120.94261502
109.0778819
114.873162468
22.157105971
0.080059998234
0.0671836033853
105.248715991
101.794363787
65.7393529866
70.4615165495
0.0743328959384
57.7584920663
22.4914582667
31.3388256125
47.8118464939
0.0460663729543
16.5040486153
0.0365081423798
0.0427938626846
0.0326174075885
0.0388543385192
0.0479163352787
17.6653131957
58.1673624016
58.3622599318
157.883701631
0.0755953043918
67.7644178611
118.124835024
104.311374609
113.548129582
114.541628326
21.1123506391
0.208708760975
81.0878280954
0.147995567614
0.149153095392
25.8354460111
28.9121055128
28.2891284203
45.4405445699
17.8181267838
0.139313278291
0.21800379822
18.9619448126
0.39526384876
49.4724534788
60.5855584862
39.2332893171
20.7451456726
0.16290082217
0.120955247251
0.0999306499164
0.0456216245778
0.0747518586748
16.318600543
60.364496857
17.7406250022
0.00400591049021
0.0
0.02210394466
0.0221357118368
0.0106350995475
0.0103231041294
16.2948624296
0.0105239966363
55.925508862
0.0275072461009
20.1363058536
0.0134433292105
2222.37131784
40.4025744336
0.00279420679645
0.00581811089543
0.0376382612951
0.0481242537086
0.0350804476644
43.5218182968
0.0349035482303
0.0842728812947
16.2170287003
0.146554622807
22.3269340915
0.136160883475
0.123748145059
41.3981522019
0.208440668852
0.199972146044
0.166504029242
120.912790114
89.0603958599
23.39713861
21.673234594
22.7498620057
16.2187811217
28.8491807008
31.029682523
50.4310432479
43.7519775803
0.0886713244733
0.126481415974
52.6418727496
0.168381783688
0.171679513316
0.0994532070942
0.113984427269
25.918778657
16.8940738358
16.0923378766
0.119245728987
0.1404820171
0.122647904229
0.222570779414
0.233571358478
0.240063510004
0.224647113685
79.2127323444
62.6765011363
18.6324305173
0.0681400829946
0.130633056641
49.2089929552
20.0466101928
70.9191958056
0.0297426413038
22.4418181749
57.3355114596
29.4888494902
29.4142671534
0.15570161185
16.757228852
23.8680914052
45.9636127626
93.216823553
27.7336745508
0.117524872126
154.951601825
0.129351519148
54.270842438
43.1908389341
27.3033674574
22.7335710234
0.3010217161
65.6139157275
69.8759544895
192.263220852
211.753030032
81.5519309667
0.0523373216455
46.8543359313
0.0401012825933
19.1708708553
28.9902901779
75.825875393
381.474190637
0.128111010888
56.7243699317
29.2222203394
48.6000863518
16.0144161741
0.0289000962013
402.455982957
19.7917036563
15.3660566324
15.3666898309
19.3615913428
40.0771947189
15.5599294499
27.1248079275
0.00357992397434
0.016389749786
0.0147436492135
0.0
18.1911043915
0.0197643645643
0.0187534170466
0.0120750787316
0.008863366763
0.0191340744803
19.2214606067
62.9998789956
53.2756328023
0.0305695555652
0.0282842022854
190.919223399
92.7147371981
17.5727381299
15.8302469135
18.276085633
0.0789136692869
70.274014312
132.124460386
131.934369744
75.0870449107
0.14605144134
0.175040577942
0.182764685313
0.192738110881
17.7259516854
0.213663301016
0.222695834382
65.2747904081
59.3424893835
57.6482110423
28.1558391916
54.1922667537
93.8684329409
98.7339571651
22.9517515406
54.5101111218
20.2619952143
29.5155991809
0.183653549277
0.202739331178
48.6791486281
17.1705476378
0.147759497074
0.214848020832
21.5879905316
36.3719670512
0.0681936389714
35.6623906071
0.0
0.0
0.0
0.0
0.0
0.0
0.0
0.0
0.0
0.0
0.0
0.0
0.0
0.0
0.0
205.768280104
205.234396785
234.534262593
42.3616170558
16.7183608806
0.07294161907
0.0792089975362
0.102679017146
190.118905849
16.6614474575
53.9342915549
201.702482482
23.6179206678
20.8014354007
20.9133072881
20.1419287655
0.192488219092
32.9744847698
57.6237068346
0.174974223949
0.156929317942
0.181535235801
0.169444245864
0.154088450807
0.203920197208
0.147086167308
47.661943954
22.6062548772
30.6170796276
21.1707942164
0.184694173806
0.207909709371
29.3529870117
0.177156785701
0.188914030034
0.128912222509
0.0771553639039
36.1030161221
144.42098917
117.192962218
75.2688644079
0.0
0.0
0.0
0.0
0.0
0.0
0.0
0.0
0.0
0.0
0.0
0.0
0.0
0.0
0.0
