0.0
0.0
0.0
0.0
0.0
0.0
0.0
0.0
0.0
0.0
0.0
0.0
0.0
0.0
0.0
0.0
0.0
0.0
0.0
0.0
0.0
0.0
0.0
0.0
0.0
0.0
125.555727765
417.40181662
853.780452343
394.00673896
1589.9356694
5363.80176859
995.53061162
1913.44857523
1657.57429004
861.459970197
729.96897882
0.794806008334
3.33216655934
243.415835076
0.750192364663
2376.55016087
2.03064711258
2.61936535964
2.63264970163
13.3989742528
7.23677413178
6.41744366893
10.0456125589
7.57974621736
7.36021208028
7.56424293744
130.87678219
4.27849201001
7.31309861166
10.2191350955
7.40671387615
151.808517303
2.28825122815
134.578908322
2026.40264761
888.177182342
1502.334471
3.71099682683
5.29665273087
450.943760348
8.20892538168
9.20948388951
201.320927407
5.15658917697
162.314766337
260.374104001
622.212660813
653.447245615
2.31968625613
240.837187655
505.361029348
2.53768701647
2.43162603491
390.070896381
133.947305025
1.1344765696
2.3167417816
202.161362708
169.897778224
1.56564142894
4.57656530755
3.76935502645
2.32122073487
1.62866778475
250.610067475
2.73641721463
3.95310977959
6.26023569759
4.14614028404
4.1400957493
3.5763222317
2.13017875653
891.341201212
1.86109252977
430.135648306
7.38455156168
547.245833948
3738.25540969
1713.58935383
282.491464238
223.379088251
870.097766647
2.02425337481
1237.43487355
2785.04313314
2.58930743021
173.9899649
1.85470290183
473.114763737
1980.64069794
130.076736326
895.260503646
1026.16593042
795.253441423
145.885524112
334.717225807
1.61489857719
933.757147167
921.10950361
926.653063042
922.782296835
1118.72299389
4.90214218702
178.278252912
217.424484561
203.821477539
177.118501084
4.15402685516
3.99459208284
3.49711248585
172.922971259
2207.54052695
2026.8156256
1626.10347634
1518.22672629
1485.27323656
1402.23573405
1348.20392754
1167.00525726
964.464046046
833.457241426
709.956257559
671.572776142
595.757976381
225.309570167
462.416074344
149.134301072
226.23846469
3.02956323327
1.30610518631
815.378264452
578.583824443
2012.71967383
966.319864745
1072.95884478
1731.95049336
1500.23897929
1587.0770563
1211.10942905
696.641079023
1.5003038744
1.91454422377
2.1950228091
186.747018584
160.006400599
589.941266635
360.998111399
1610.46677112
4.59365887301
3.57160920243
2.84107808355
3.39510608047
2.73818035821
3.51356144403
547.562666631
540.845453435
1061.57867569
1117.52036934
927.4474769
829.507884461
1003.30635118
3.30313693685
2.26961522357
137.153861568
178.68195668
951.33782969
155.833121367
1305.51357693
1733.48309031
133.112379867
0.753605741482
729.645400278
236.435829968
424.783795896
1.44215599692
220.577365863
2.76584518075
3.57952009901
2.70205172635
2.55673917535
3.31783308228
2.7870497302
3.85438208433
4.50824152026
4.69347928396
3.88461137766
3.19406481889
2.85522752272
132.362329654
2.54085781157
2.75588699727
1142.87216278
3.54723681153
4.03854430072
136.242168784
4.366820668
917.075204901
848.321867036
4.68383613053
0.797017633278
1.25027026408
141.346635703
1710.61753421
1600.38247629
609.909535614
0.723950119507
0.776249251915
1.11540186281
205.042952746
578.198152657
574.575590061
548.602635564
461.09694783
559.577103491
1036.6690538
897.857157254
1046.70469881
1106.53341447
1124.14815642
1159.79400678
967.025517415
901.633534593
546.092992394
971.645047648
742.62907508
1610.90084282
3590.11802921
2813.82954406
5.44360496944
6.92756928401
535.609092664
4.03330170062
3.46344111331
3.25473963129
1970.69738846
1690.64147518
242.276738496
1.26609857033
1233.53937549
855.114678149
720.209138192
1245.29080991
1094.93855066
166.017143299
0.424318598022
145.706919493
156.307873585
0.740819654316
1267.1825524
629.483988912
1.95818776259
2.47447147145
2.20646090695
1144.45799245
1.18551123949
212.562574619
344.928947399
450.940768933
2.19351480261
218.217791874
190.516744347
201.003031772
1.42598026851
0.89863325139
0.602764444681
1.5153178345
3537.64592552
1569.0128102
1683.01251175
1785.24104191
1911.86279922
1955.76092007
1948.42804518
1821.69069402
1655.82715093
1533.88032734
1334.93020674
1212.24407688
1142.33211914
1062.64950748
656.165645729
172.62890296
524.048560336
528.719280133
130.43648763
503.054423776
598.326143652
544.710925152
449.788021141
290.929985471
252.746094589
1.50807227481
2.19260587336
1.46639497424
2.25164160475
2.64549687939
2.52024743644
1506.76145315
1939.37973957
1.28988778245
1.24596312293
642.455410186
1.54887704556
258.588428097
1451.20768147
3197.44868973
1001.76158054
731.467207027
4480.72258622
5.20918681455
4.66195736195
7292.88295204
2669.14854628
704.251093963
3.36146075072
504.230923011
785.55025481
858.385878366
710.028947167
849.170952363
8656.42318539
1.87523302912
2.14961247929
202.97907258
568.202159198
404.491533688
496.015512013
134.288124401
169.668762813
251.580225334
134.701496923
4.3197378818
4.50265780092
3.59333696083
606.532272707
886.459829961
825.931647681
658.31454461
554.253613588
2.93164794822
436.661481907
177.72675675
171.793913999
1.24033293996
201.531696323
3.90566016844
3.46824069253
2.7656023342
4.65469485618
4.01659157565
3632.67851633
2.53425081756
1097.99150913
3152.32590781
262.136271991
703.75473463
2.55852409715
2.91141998885
2.80449198289
2.69004313469
2.0430158086
1.18846358345
1.5306483946
5889.73818517
3.57773035053
5402.34703581
5579.73822192
6500.03517317
6239.0260779
441.101520462
712.522250045
485.689571473
861.619049487
536.639281345
1565.01551984
1003.79904473
5.68153218784
5.12008969964
211.816203515
894.029966156
159.048627802
582.250721605
866.08473861
268.752388328
142.315914169
206.86099142
816.841447018
377.047404319
16148.8741222
1613.94218547
1.13251424423
0.96879674332
0.919409769301
0.857222283728
0.695286923826
0.791926631243
0.584345718515
681.918921063
181.419222241
592.971774287
463.984479231
3843.88280052
5679.64266197
125.662219614
1.53359384752
2129.52060564
2149.49663479
3119.20784419
4044.36789733
3374.54638869
3658.46942017
5127.59893959
3918.19840407
6709.99821145
0.933701218564
8009.89464193
1.18288489728
318.748504676
3720.55042453
4780.78561432
173.639717965
1.49367678727
5604.83426579
2488.59734897
2.52470979125
3778.48058603
833.710514667
1861.0124773
2.24101675557
128.813901309
2.28916820332
134.142582475
220.036075595
261.962456062
167.506120432
321.743941383
518.417527228
833.61712324
153.168635826
848.418691722
612.217155515
463.149070922
479.788914951
175.928547844
1.38163685862
1.1974473357
216.801260785
203.76508634
1.14663136445
1.17394602828
1.12575069263
1142.00398396
789.021555774
744.690029565
976.464818358
857.83525474
411.870281778
1965.63336707
405.965261537
779.781721184
1121.98408752
1225.30584539
1020.51563568
836.161009488
760.286674951
628.407729329
216.937252908
184.060274389
176.668078746
624.865464308
685.922650859
612.87245994
1528.64418857
0.534872053254
1.7047671069
1170.18740996
153.945528061
0.224399651202
0.158609822317
0.602492231633
2492.15679161
2205.92057869
2033.98820117
1339.30788516
1257.02735674
128.452639217
1.60900108478
1.51419391714
1.58874853761
2.82927176792
2.76655311117
1.93342509039
2.43027399188
145.003827921
146.910970993
146.195384134
1.30616316494
142.286584506
521.689608813
801.941930599
572.87490286
171.457718259
4.32311874031
4.44207149717
4.53077123599
203.744403156
128.256044056
370.069304157
290.056949163
524.287662838
254.249514646
522.9707188
1078.06694359
1264.535422
1929.30376704
2109.45156846
2164.49285166
1693.03613699
262.132058645
140.835654895
4.43812484706
3.96632477167
3.53672496901
573.796469453
647.040041586
690.946044361
3110.17812477
4128.87762527
3943.95600938
4213.44298102
3349.13054546
733.697062216
151.93607047
2.90283139616
357.203723621
709.658698861
2851.92131693
2994.91825391
3010.57962992
2349.72266744
2482.93333145
1564.1422583
198.587764383
2.25471817022
1.76659082019
152.2756384
0.67113157962
0.812397982232
311.365755121
1.06455511927
165.402723604
734.536243308
324.977916839
1174.08020627
2.48319698803
3.43130221407
1.77948551241
1167.18651751
1983.42712652
259.197551105
348.249158357
1522.7706052
1278.20649573
144.511922541
425.892628584
147.61475259
829.09022619
161.708575812
1.17625771141
519.990605379
356.940376924
2.62557660231
740.705112477
2.1140139371
483.165352401
1356.14779198
1080.76308774
920.692372377
787.317416106
698.684349351
652.747287768
583.803408187
492.510086381
446.30002122
149.542833808
132.195154682
0.580987274693
142.304714068
0.448087268789
0.364803247027
0.666736418635
0.903097002544
228.761278025
469.253965602
1.12974412226
2.236525544
1.87794462406
1.94855972576
1.36629060478
135.446689893
136.534346367
0.917020479721
180.915855584
234.566145458
1.51027121769
1.32479297713
1.3775283643
3076.17965046
2116.38834798
1250.47360655
972.742878649
0.527256484098
138.863773748
162.266188381
212.357149868
0.613489684344
0.746394706223
5978.11263789
344.614188826
6040.13091609
3061.01806925
781.964103612
161.995786576
433.676317514
959.999478734
1450.21545307
2307.00409796
2579.29283713
405.563553833
409.534978286
242.069376551
185.423013907
3386.49186775
1.39833392623
1.64375295667
1380.45849021
1.982099743
320.376624539
1117.08230215
148.463326739
633.463721447
745.388802609
621.735672578
653.026774401
149.476339107
4.02921165528
646.089709983
719.252483758
243.677625748
246.325469075
1007.82981379
1.0029129001
2.28738431995
266.411388476
875.759420987
4.67947245252
7.23423199168
7550.6402062
3626.20476021
892.032758039
1435.65181236
1444.2361315
414.2648221
732.656658954
923.708909845
1497.70694916
2054.24625132
2029.58050245
1632.87442036
1424.5304454
206.212123837
183.506820445
412.158753815
408.217776699
438.741892689
312.659454245
264.925181886
604.852328436
698.544326526
244.207452701
9.49658382345
480.621912916
235.178984052
277.774096614
224.806355831
10.855373939
7.47472379883
472.016730879
572.900739065
703.95901895
223.517725712
6.73049928424
171.543369423
9.55903201828
375.982161635
6.34287830857
207.315935516
8.24299829732
7.76072637379
180.048549609
8.78867951911
1250.46486991
2896.70262142
1379.23751256
3.62385380322
1773.54659344
2194.28776106
6.13215849005
2.05554334475
0.841661450395
3.52769072766
134.119980425
4.47542575656
5.52135286378
3.2460867785
1596.8430926
986.548536722
1329.42932525
2197.37336132
1655.39168534
2.28955617838
2.71471730851
1195.81051125
797.273306697
2.48558945554
1054.96303878
5.79090065329
876.423501601
169.677066645
0.993262447445
216.029643369
2.20838015255
3.1741307723
2.35483298853
201.212198851
207.669944392
184.099570729
161.355495226
816.69885141
997.500537756
4.01580017261
1231.81960394
976.715811877
639.529010837
348.570557466
2.13208541559
666.337087814
1.01294068071
1.83610884683
2.5886882794
3.48151592698
3.58867572806
3.18428325535
3.19379260418
2.5787294413
4.28079403696
3.25183432392
461.212072646
537.315645009
3.61076858349
3.49043340209
3.30972983434
226.830700587
225.706516887
2.78721898807
196.607202932
1.92319198877
765.056708629
1358.57127478
1309.20992202
1170.11496188
875.321568499
1263.40399143
1852.54944798
1682.31800224
135.767037403
1.11123438913
185.522588743
5799.91527081
5220.8065521
4644.16559078
159.678653869
185.093847136
1.16347883837
1.57379288882
1.79205349966
0.742425398418
1.70852113965
2.31275528701
4.82148865654
5.67210942365
9.29776314338
9.32686901627
188.5253733
7.82434676734
4.97624201655
7.75103865018
7.81236647448
8.06647890436
0.960586579295
1.40239092026
161.926123883
1.25984873694
145.917722785
1.02188538336
1.07621875419
1.6291170671
2.75714905718
244.895673208
1301.42080549
176.21049753
365.519456416
1379.88592038
1345.05152711
179.239849011
1335.78671272
2.00267026667
1118.04494201
1822.44751577
1960.22743179
1.12207322379
702.242048816
1.6328768984
264.810091458
0.91132636344
1.08860595945
690.640168954
142.54686498
124.687394287
124.347333048
160.631353325
163.918459552
226.495595469
0.75724127231
2.13756937726
2.22981219376
1.57683082554
1.509595718
2.70890446792
2.11754230441
1.56172743327
2.11870281247
2.3898371724
1.32077018159
2.0090410106
2350.35371334
7320.95214593
0.821701839427
1.81917611873
2.02509057222
2.30562564291
1.57003570844
1.85312877989
1.32663295245
1111.99474666
7008.18348565
6788.38062536
1.84569235685
4946.17055253
2676.5559926
2.51687781643
3543.0842371
141.96178619
128.121077975
2.90175641262
4.75499166746
2049.11256578
2336.84003462
2378.78369273
7.36048852084
128.286843406
3.50411151893
6.60152642572
3376.00569016
2017.8950234
2336.02694712
6.93763578032
3344.25699089
3376.03798573
7.90832395774
137.089403505
2291.71834229
1.79575810868
1.31844096068
1566.18705675
363.727661521
1950.57210446
1116.25770084
586.746464865
1077.12586682
907.225318653
147.709652741
174.472270486
2.5642131947
2.084266992
1.93927811549
385.546141149
163.356708932
370.834944484
149.047029209
181.772965897
356.762885896
146.311050407
2.09935516842
2.60318609845
193.887667944
194.870942689
3.35555484851
176.730195859
449.461042821
1.19240864703
1.46291823124
158.656869977
1.92802955107
3.25746425433
2.75971586847
2.40821479346
2.59380511326
462.354609729
269.063266487
2.45947875247
240.765269129
461.220058353
582.359421798
182.827187279
1.96495993489
1.83221954531
1.67229792351
1.49700909898
1.36598449417
1.20375139158
537.675897379
1.02057798213
1.60541262357
1.24068934063
132.514391754
1.04128663433
1668.70638669
240.676146298
154.935516587
0.671357949114
1.22402299366
169.393094222
444.858789773
142.71476134
251.901549729
4.56750389893
1746.10491901
5.04394815924
4151.31998571
168.366961066
6395.67457137
3.17545999218
2834.34796212
17.9868075542
3986.72667299
3947.03144063
2528.91227652
1136.68567317
2.95674724366
198.178710181
322.74271457
832.775885105
256.945104488
135.538128319
8.30656209266
172.813866916
403.122000216
13.3052963959
468.086514095
524.344435791
2433.26547732
2767.62091416
2167.54706178
2874.9864996
1278.54408702
3142.58051155
3299.78794568
145.509881177
4798.02809862
226.061519576
2.36289824786
465.407633411
224.341338277
493.076689284
295.784740652
283.35044536
248.009399542
465.021421283
532.783005141
248.815903215
216.156501496
194.690356034
2.06594478489
499.514319239
296.149059449
3.04982308327
0.934955026686
3396.7097919
683.042362048
477.903421006
1809.68585902
358.334138559
2532.38329194
1206.93992666
1.50948540716
128.641415651
2365.23635291
1640.43127141
228.576689229
635.518277568
593.828968401
483.235107984
1663.09451091
1766.10458439
1726.09448119
1793.78718412
1.14218638091
0.848934261065
1514.01511151
1974.95122394
1468.10765363
907.257751903
1510.97535495
1406.39477093
1180.8672752
1330.53626512
1058.97439736
1130.4454658
1301.44876453
3.60103347696
828.162730683
1244.20624295
1327.5694619
4.28252281127
2011.19348941
1807.69002471
137.972313469
2.08357972117
1347.0093647
653.880436116
752.513774693
878.681047511
494.281342164
272.105906886
665.713294447
1101.42250024
276.414081097
441.363591772
461.647520641
651.597410257
241.523181648
1.32618679167
696.973771387
305.310117213
0.858664734937
1.5155015454
0.900711292299
1.2716922557
234.064740915
254.949808394
7.5854980206
220.47624364
232.234494055
230.019519924
7.32687474624
521.790111936
236.487128332
8.63441563478
217.9765672
223.699520366
231.102975905
7.51789198138
410.504877278
257.829658623
263.099776895
428.524720946
491.903943758
431.567425348
237.079752765
246.246144916
216.841034491
5.79297597993
5.73683604622
5.54163313683
5.38324496837
5.20346463579
4.98349461261
236.234933946
1.83430567568
1.42860453207
0.572719729262
0.459965613028
465.245108586
0.69510596753
1.68168194467
133.556952604
1.70812508727
1.26446557512
196.295808378
230.335768107
2587.33372159
1417.35593052
896.878646884
162.99836408
1.23265131859
2.5908096744
153.788244007
339.652278249
5.90682294299
5.14336942826
4.81571808159
4.87370276675
8.18658155856
7.10977444548
2714.3590779
3691.63814248
2477.12055531
2455.30736265
1024.25562248
9.06437361604
606.349871226
699.825736785
303.299839335
476.600043474
921.933926649
1969.62292505
3228.13302368
3582.59614023
1.95509309404
3991.5415897
1.84138693618
3230.49633356
1.66645563903
621.476979091
228.863700001
751.854905848
4.71746736992
157.021849465
1.90170797399
1.63831305741
1.25096743865
2.13115996762
2.27992133934
3.50316073575
1.18411147021
1.35167004432
1.19638212465
0.791564170543
1.04921491659
0.839812394908
0.819473532831
145.781549206
152.924143055
0.846885164333
0.496065532822
0.774954714866
0.759622314494
0.711910085194
0.64967602938
0.762943090582
0.677784798959
0.477004660356
0.315845598347
0.587800395414
0.51375436075
0.756105807961
757.391363123
153.736509757
153.711102974
129.718743409
0.843339512877
0.90663292351
220.876423383
1.50289195671
2.33991134302
4.45996429069
3.32925090321
2.19105575118
1.01463795617
474.378869991
3.18885341633
3.00992879357
182.801256569
3.62297192174
353.494138418
2.81840020401
197.556209154
2.77605968401
175.399831479
1301.14168852
545.613510307
2.09978221672
3013.71929346
3356.85909556
2781.81327441
2005.81731305
1418.17720917
1555.6629268
1349.19821957
597.760314806
695.372757187
579.468952392
475.578465929
145.727535707
448.033210253
730.199233018
1057.51598287
752.886367791
459.304335068
130.908731479
617.959951606
1.49316934679
521.266144848
145.01592957
403.981541626
3.31342704573
2.68996064966
126.727999285
162.160680207
267.589004911
700.390291256
4.43295991844
606.469064859
3.72194888329
596.759788934
187.950987507
589.994783715
184.016947754
549.52505686
186.139621423
173.523765172
2.36698724666
136.175513604
491.625672804
4.08813019018
3.35761636248
185.074152235
476.926893954
531.491591015
189.863714094
124.470878372
137.003547418
2.86983300369
3.48493592194
151.080026085
204.263332049
180.789558786
125.554726661
0.499252355047
324.040595606
330.267850629
469.264909004
486.124309618
466.036162469
477.345590672
704.581971038
2.43575472095
1.64586420173
1.65413262549
2.00647675892
1.84037002401
0.502815742046
0.793500934104
3799.94819938
3887.82087879
0.626512123326
1425.71029111
257.810033843
0.989801338653
248.095205459
213.466754208
211.738538343
189.984335059
205.594598234
203.240271943
205.613854431
194.597489055
0.699384883719
0.956384559935
2.01967339502
5.08997885841
1.57408704551
1.50367630718
1.48366309579
1.30296334924
1.13112425351
1.02937677947
183.909583669
0.94830584473
0.990397957555
0.863275391098
0.818416396532
1152.56054479
0.67433920107
181.6247583
0.766540518154
381.247011308
1.00764774908
297.522307024
301.818467871
296.38415497
308.938851401
301.483797673
297.994147951
288.339438453
353.739747167
334.435453017
2.71758842926
2.84019918848
3.16986414067
2.16200357881
3001.91851783
3536.28300769
3393.37559564
3002.49646351
2713.01137077
2509.25103636
3218.73126012
3295.19011851
3237.32598123
2607.60005336
766.326537832
1350.72876851
1667.92830402
1296.32173842
1238.15996627
837.832093343
219.039325883
272.523847489
303.502883814
225.775853799
1.67773854209
2.65597353622
692.274632481
4.13666849096
4.46765534189
5.27540908722
483.626306088
3.07880809842
233.145632192
6.83662335673
6.65931619312
11.2086111704
11.7801510661
350.242164459
11.6207785361
11.6183284637
10.9581467691
10.4933822534
10.0248737657
9.84516073846
9.99920028818
9.69487650768
10.4387455094
9.6669290286
8.489107768
262.15217844
8.89910972885
8.575085771
9.63340551102
10.3298964582
665.482069653
8.0626870369
2115.43315015
1720.68092017
7.41000960729
7.17187973029
7.06038212189
6.74557480374
667.252396058
1.81169037757
1.25005086378
1.0841126678
258.546704415
190.228376129
276.41710078
220.265516458
1.99000566859
1.94217645995
1.99290395244
199.001544858
1.673591581
1.51018460736
1.29386842461
1.32470513124
1.30955265661
1.89047333782
2.47201551681
190.335816656
202.81572344
1.98986034042
1.98589655282
1.02659262462
0.960840084226
1.0275250776
1.30536389011
1.42733967457
1.19184949605
1.06094340118
197.909799938
1.03775285893
1.20773620435
0.462323768888
0.611872154261
973.106064125
1409.78796199
1438.17280446
1107.69615485
778.984965809
986.505513204
1211.6872345
1090.19740731
803.63669432
649.301177178
743.876817611
750.136387214
623.441230395
359.971231984
1.03061543082
1.01471777392
0.957168561128
0.91790606943
0.849540288324
0.800437115489
271.653278371
0.713503282478
0.707594821328
205.551627613
0.610931535685
0.714840977297
0.633552695019
919.043029321
1586.4692824
1544.65068998
1101.41413142
801.758562281
725.474252063
615.538802771
368.864247598
315.328486121
281.752325113
0.454023754255
0.360287010222
0.442876728179
594.725971536
606.572697078
1737.69684188
1980.17070514
468.700617775
0.434133081467
0.974365741338
183.628605113
2606.03008213
2323.58609688
2414.98510429
2544.98823892
2605.90392142
2454.33493551
2088.77661965
1547.70048405
1095.78280742
755.357819334
2.29135757457
3.36412842824
708.505970719
227.922204008
239.421665342
735.904949232
753.912141606
728.147265441
801.933275242
929.115258632
953.421051872
365.651460332
222.030314043
302.75550146
1.34297131126
0.894483210103
1.29733785541
1862.65676232
4626.68410954
4293.05147273
3899.66853973
3465.32253953
2762.5083769
3065.69900865
1741.17533569
2646.39733839
575.760155888
1.96378405234
2.10518119782
290.86240739
2.70414077647
2.44865025419
1.81318891978
2.85632572103
2.46603804113
2.43054912806
196.25392065
188.864496411
1.88008417545
1.88622559381
1.87882341284
1.92587302259
1.82326610019
1.90950783625
1.75264497174
1.49066321538
1.33787686246
317.289610424
310.386066112
303.712279573
1.21876544717
1.21167404187
1.19225781358
1.16042944579
1.1081379884
1.0276667123
1072.50253286
1.12509029536
2.18186167915
2.98460101358
261.506083328
4868.3950549
241.789413878
1588.53032945
194.421742124
0.400483824474
0.298922452841
252.789357822
0.426772635769
0.945513012376
1.52017585545
1.81736917482
2.17273299578
1.99118693091
2.78564500271
996.887832643
1128.65719279
2.46308918166
1.64612372995
1130.08610617
4.27478212038
3.21044242062
3.34650923884
2.85218401564
776.198342858
424.043487886
733.973864421
2.98977121498
4.10176063465
233.844935621
4.41700192792
2358.86458963
4.2909624051
363.899757814
569.576047358
604.594408479
192.284579851
3.87120415849
1974.32832171
6.29407405989
2.98211902581
1.82487857095
535.30164505
1345.413385
1099.69865835
243.587130888
1.55125977291
307.854893805
306.07228123
291.682400289
280.715638089
251.580340486
2.90266116458
2.84959012514
3.94740042602
4.71251102753
6.01092204394
603.126758729
205.821031864
1318.72453753
1135.41949899
4.53794273368
4.18650485027
2.65701232303
353.246698549
4.94902884513
5.11222751364
1115.37939509
928.779257451
2.71321453918
1781.86999937
2284.80791324
2029.39835843
342.230181691
6006.88945592
2099.6687389
4910.66054525
2.81999214717
3.05885455572
2866.00438038
3499.26960655
1177.9849755
1666.24354115
270.333800733
339.197879214
315.990307548
321.883831289
293.923593072
6.35884716984
5.95561680342
443.69262601
712.733264683
684.87897981
685.399948124
735.832582548
619.501236123
308.626361823
4.97330283246
4.77889414778
4.71150216768
4.66671684955
2.70643920578
941.358384626
1.76642058769
1815.00845512
1571.06580777
1274.35987601
1243.99563438
1158.33779102
1101.39223009
1146.97890094
1.7341697553
1085.25974882
922.771136412
928.363484205
937.236711226
268.813462764
1.67819789881
0.83483183964
943.106804888
752.092875229
1.23220728124
336.11219461
682.351388331
665.282977517
3020.75817344
1994.33707293
1972.11839407
1779.66820702
1365.7513881
2075.97741038
205.921912042
3.62248279312
725.236286419
312.486523237
2.81203302777
3.04257949402
309.075072496
3.16352501092
3.39984559992
3.13328725077
1.71834324132
2.41323303997
8.65073715895
9.50759911943
9.02849731637
5.88732081405
5.13339022237
4.81689669084
280.983382437
4.59292487918
5.13582936393
4.00644683524
584.228368854
1.78871771858
1.69639420106
1511.1507939
198.864142782
1327.93284019
419.753033342
222.548686063
1.60014303958
992.84463076
1164.15378273
4.04830037865
502.858869787
913.280992501
5.5294958574
217.980456235
5.47900644602
6.19798842469
5.83974990098
7.11109644837
8.23645452092
7.06040361238
7.52984898252
7.20473182943
7.41563323085
6.99131834085
242.854274794
2.67660143887
2.63751268128
3.52913002991
4.35206268019
4.28937727623
3.67763939396
3.60758899531
3.55364029401
3.37085130038
3.28064934384
204.860467713
651.281373392
221.874245182
2168.39597808
1278.79998562
1067.55041109
902.090647376
533.084261742
3.016871718
704.455748047
1132.76795067
395.376832854
694.980483279
1110.64444814
1115.8186224
1706.73590002
1324.91585659
1078.08750494
3.66010737492
814.662987449
1511.79198941
1158.72467551
594.504816615
5.00521499637
5.47509437789
190.579778829
1068.9502414
1697.04443358
2230.81090573
1437.99140165
1486.02422215
6.14524093251
4.80407982488
2.67677238277
3.01286871458
3.83182145138
3.37998552922
351.734495397
953.270966674
815.594245729
1047.25580808
400.693437506
647.014552864
787.367980804
1009.07304374
1375.79360714
609.760318396
512.263119626
293.218790447
198.534920084
454.089004365
748.947218019
271.943529503
507.664231454
187.384312464
2.33443368536
3.17497276198
4.57546981277
255.050957419
5.19515090728
5.42226599642
5.53643716797
5.0603809377
4.92019605996
4.83487621711
4.32756981186
3.68392827189
277.794739337
227.212320718
225.408249109
259.005465957
1343.95682702
201.510639901
194.324022813
341.028004653
4.10233234499
196.930918165
356.113987847
363.09042152
387.114334008
622.58604397
612.951491048
638.515518993
3.21894879456
3.99927065136
2.78272819836
2.28155494124
352.574071337
378.952706392
358.695708306
345.257505466
4.38805481745
3.74720032523
338.338752918
695.162002615
755.273072667
5.93290993189
6.38009176735
254.615185456
344.261257405
389.302652618
380.383131924
384.635136593
401.265481767
395.044236337
1.09702065466
2132.28552968
0.858042930048
2.32208694712
4.49959927402
4802.65245864
7337.61571789
8040.30794146
4358.98733764
2840.59121734
867.411665435
284.03177755
2.42361941631
4.49292045325
329.24479666
4.07946781388
212.955465037
3.80015432418
201.910731919
2.46328145221
2.34277621359
287.878705845
6.29718002202
7.19353248587
7.65512450958
7.62570578216
4.60496184922
1073.71193476
7.79442052989
5.11348704275
4.9626480682
6.3642803387
4.30700298231
4.07122798176
4.54130661415
4.35383190554
268.483038876
184.327700697
650.063262241
1122.37028285
264.639279729
1738.02442341
1570.99105924
2154.70885934
15.6806907795
15.7576897535
12.804109355
13.5051681321
13.6257978957
12.8197131168
5.13095877913
5.05682223157
5.01058859263
1573.01861117
1705.09422974
8299.38392018
9426.06359987
600.652259706
291.773231444
8549.56021875
7.45420640756
8771.74854284
8.32184504851
4.56963628432
7.52720993027
9.84619190896
6.1537298677
5.93186782775
6.4018008097
937.912933058
413.696351071
1196.2471972
5.74022138954
7.850614721
7.51229035964
7.46571809002
591.105326752
323.83038599
5.86882253112
5.42562036179
5.04874116294
5137.31376578
2377.58005186
2162.7375996
3232.06691064
2408.80909895
953.218503667
720.355043642
330.728913939
682.049337494
1064.07925301
249.860483593
2.65158525604
440.729473548
679.351504155
3.40023292704
3.39388616661
262.571067147
221.397788854
7.87876807115
936.154360919
778.395707091
2.513145745
344.439318387
3266.60338552
1853.33173329
2719.25762264
3436.48302965
4043.04698728
3537.80443987
2797.88294213
2455.77941909
3537.98830634
9567.22686603
4.72911950168
740.583092606
3455.82401762
3.59593418561
296.493375021
670.264270082
736.165803043
284.496745666
2406.29839357
183.781536676
2874.94764808
1124.67564249
5.01221678387
535.251538962
5.13889605687
197.960251111
451.766784866
254.169467951
1.99126796817
424.37214382
601.402610204
0.763379087823
1.36124986126
2.09084282915
2.7740241712
3.18443919352
3.48626909315
3.29651332591
3.13474143002
3.26232829546
2.81242571403
3.27369236126
926.375023529
1428.09486243
1331.06013694
1283.54323389
1312.06151306
1320.65119704
1294.90046306
1240.0975375
1153.68524714
1221.96302567
1323.29100839
1211.15361767
1045.09915756
962.556820728
929.970513762
812.916062905
439.377132131
315.615373569
0.362404584209
0.373253378913
228.885552347
1672.47294813
236.893403369
8263.46376834
2014.02073137
0.870948086347
203.863584337
188.614826358
230.400124696
864.773140378
1361.82337528
965.193291888
556.749009445
6.69047860622
5.49558741815
7.18382287363
5.10980535181
3.82294726604
4.00517021882
3.64059918277
5.00545035706
4.31352947446
3.64212101344
4.02462997537
4.10444712834
4.59519403999
5.2950072143
5.6402589886
913.757446802
2245.55974924
2556.21819794
2391.4699797
222.767305868
7.46121377272
8.46636944398
214.060622026
6.28515377755
3.47842138159
5.69003428482
6.92897568427
952.142354284
485.065144117
222.059944066
7806.18804017
742.042529705
322.562829891
6.10071813838
4892.98706689
3306.47540244
866.847020261
893.841781751
1262.09582766
1241.40945885
1200.94580961
3.59196614407
676.317584953
191.385369212
3419.09752766
6041.12326548
2.40138315052
2.18183225914
2.11530499936
4310.19135702
7402.76227615
3942.81453138
482.125936628
949.299140962
2973.58090936
4285.34470665
2865.0350839
2846.27595542
3263.2193939
3638.73853656
6155.60988556
2411.07520433
1.91359784619
4.03104993409
2.98198230247
3.91203173158
3.19850291136
2.49352510065
2.47410911918
3.23088838039
1.25240684103
208.460628051
213.501779548
0.880986846571
2.41373944778
1.65574805329
291.748136039
3.12683094591
291.918284422
2.59254506626
2.26786386781
214.912260971
1.67830443087
2.1309805348
2.19446926085
1.93452033118
1.56472697675
363.966107072
374.735772179
1.19456463327
286.553842006
327.72172905
325.340497501
288.745583719
250.217667999
227.552996053
248.173959846
189.150841632
182.535373616
1.27363660225
1.04182315666
1.34915105579
1.34033083751
180.201617751
181.246772446
1.40086298867
1.30452330687
1.19252641753
1.07429415994
0.981025787007
0.973865107689
1.0319597156
1.03455819621
0.966800330504
0.891556899157
0.835343892927
0.789578067328
0.739622432414
0.753676180379
359.092622355
1.40427544562
665.007044426
306.937763499
3.33114586463
4.06567067218
1779.17163573
797.223663359
0.697001271315
1305.49532738
217.43875299
3787.2615175
333.067757919
8774.06141314
8225.33727079
5949.78489478
6433.77074048
5153.9098733
1593.22599467
438.102281705
226.0576556
321.775223105
407.923221834
1357.60251789
1384.14908567
1976.21304962
2165.13609672
2647.92940017
3049.98998358
3795.21622859
2.36115053945
3.27684745239
3.38631674059
2271.77912882
3320.63347224
3950.28526108
2537.49868807
2153.74330006
745.695813536
587.901755545
2.45049861746
331.869867702
853.932990013
356.78877418
344.55097673
3.96486411904
3.56529154058
200.378052599
616.333603005
643.682367633
2.24713994668
4.5433759376
6.28305351895
323.481917899
229.912814723
7.4230472013
6101.77401961
2439.43424285
1761.0868874
1061.08865044
871.469145775
1361.50028009
1409.34305625
1617.74339905
1894.12660299
2552.01169667
3507.6658417
3102.86825673
7823.65912058
2.80779517043
2703.70464601
2.91908616856
3.74536702715
7.32512078546
5.6859961829
3.10100763542
1289.38230953
271.577731227
227.864690237
966.550744965
4.60391271518
5.11767215133
4.67254360764
390.373802449
281.982777232
1500.75249749
191.83493179
942.861678998
222.747869821
322.753201575
4.07822167991
3.42473480011
8351.71497872
9112.27032838
192.987756236
338.705356435
3.5640855127
996.818829588
2.93033590067
243.859202802
905.466771307
1363.13730145
1654.14217087
2191.60643519
1940.18106309
1822.35818573
1829.30072608
1.49002265938
0.900920420904
2116.35070647
1785.26857899
1805.83862861
1568.12229298
1693.60032049
2.55985259878
1095.67547413
1825.45524989
1425.79586544
1571.13018994
2057.91215576
3038.12684126
1933.95215898
2565.74767091
2265.20762075
1090.31238131
1392.97506271
3.78420888517
4.48579110932
1203.07921283
332.163065927
279.370517896
333.813862606
1883.25311927
1701.4311763
1608.72391687
1474.7619944
947.464608262
5.50817383408
299.970601619
215.316314797
5.06933352399
248.652704481
234.932761225
2.63765037876
222.219002334
0.527786733013
0.657961563576
205.599840541
195.152683165
204.259285989
221.417645968
306.312817579
1.49684484489
869.471407405
908.949995983
5.67267855227
3.28343839128
3.12073467627
2.73831813254
4.29357462082
3.83798293087
3.2914540585
2.81454326314
2.51677065873
1.97297841073
333.185342367
944.334481505
1505.75554752
777.183788279
224.239772671
341.491160729
842.745419479
1365.09876867
4.37140968195
4.28107442481
3426.92386066
4233.50342471
4309.78420917
4000.56057065
2623.51769439
1.37531364269
0.848555049539
1.30758785349
310.308499591
215.996599748
793.575401516
2.4240217102
5.03055341319
5.00657983077
4.7497397049
6.03643210856
5.74323086292
5.30808203494
5.62245415662
6.08186687954
6.28269435908
229.222017638
185.345064273
4.64699500468
4.25449059637
379.373445508
368.710393534
358.192975882
343.026076636
7.06458086986
7.51192953696
2909.53889373
1671.06090096
547.081305503
284.028519028
860.935288753
1325.99055948
1427.11007511
774.237028609
430.995427154
576.065902604
356.366947028
372.672447164
584.516311251
358.881564581
366.35502732
360.350429967
308.221515945
1228.22356202
946.778628015
1055.76543218
769.220334699
1074.51186436
611.927383253
505.610594479
606.67868786
355.116252942
293.686500424
4.89369418464
4.67931492124
339.439489997
6.4516141309
4.69120810299
4.26712581797
193.392720341
3.52010453036
1026.16939325
7366.4683932
318.805543772
541.833906976
2.57958904229
7384.91354947
1675.51696662
1658.76936715
1121.85983674
1146.38393647
802.939174981
436.326602305
364.840186896
3279.1255002
3.70110716634
2373.18652135
1404.54884186
3025.42243221
2703.5360818
3693.93686263
190.372517513
183.781775607
2126.14910355
2522.07214932
3120.62118809
3622.5923081
2358.04526656
1827.08013106
1584.38293613
2614.69658128
5.70791207409
3941.83081683
3637.66282026
2461.51825988
1579.97561245
1173.48114933
1588.09203155
2394.04207936
1212.04906716
2589.19816208
3170.44763715
1714.15556935
3.62245168933
1154.77761309
1052.64775377
5.08072753499
5.1633143371
187.267481694
984.609207078
952.317783263
917.389455888
831.457672264
770.976177599
433.620218121
393.583763563
315.660468136
279.307046721
1.63813716751
423.779041683
7727.69445891
198.087783055
3.59088621426
3184.28692689
4254.45380871
3272.66028829
4142.95451321
3181.08601548
1394.12565082
2007.0524084
1628.49817453
234.266129271
234.921339801
360.552734899
5.71710541041
5.32909621122
212.620602267
4.47918567912
610.548088998
3.2740805099
4.05861740382
3.31110286396
330.267326558
586.964851973
3.01895277154
3.12010290036
2360.10411615
1182.34686211
216.927736528
1041.59451932
4.90375815591
1617.73159699
957.950420016
205.381378062
566.500154974
2.27596762701
356.951688104
3.27730556762
5142.88596256
192.810599422
3735.42444228
9018.58451447
3.29243125822
5671.91696335
3910.92117094
6471.25661104
5908.12485704
5560.62679162
6015.6628549
5382.2727553
6724.55762967
5081.80596395
5231.10496805
5617.14554182
5358.09417768
3348.97028145
659.513293873
206.605583776
1.47120610302
3.38563358863
3.5635460758
5.76888785457
203.376695136
3.1347549672
2.78874289591
204.251187429
3.1434483106
3.9977676043
895.272566939
1106.50746099
1944.1548459
3278.63599009
2.74791439291
1767.57428154
2332.93530237
3761.10201626
2717.40926191
1.31351602462
2813.45172124
869.309634584
301.923048061
5.80076984936
4.35136117835
608.959039109
724.054873374
369.932638114
315.622761308
220.730809281
4.69578021446
5.33511886622
305.870852651
320.332695337
341.762371272
355.682012122
338.55332313
385.916428556
595.018460887
227.795485281
5.80742950478
4.51819304235
2747.520158
2072.93500844
6.6670021946
6.43017661828
6.22235625086
6.04310408105
6.10626693058
5.84439519407
4.50166198753
4.32168367491
1.98050430576
1865.18829373
2.27340970533
484.573382854
2.47929799987
4294.29666838
1.54589884178
1213.32435752
3.73359169982
827.846930884
1189.95313351
1160.54950613
948.844815845
1574.597152
1839.85327246
4.64000748015
182.692098741
1034.28028654
1270.31733008
2116.87158484
2454.95530043
2674.82924065
2380.27613665
2366.87475057
2524.36101276
7.2317123352
7.01755323336
8.36867558834
1981.46891655
471.537973645
2048.82641381
2893.86619173
2828.84116755
1859.54474509
2.12198618113
397.241215646
1038.05460895
2026.3565916
1675.6652247
1611.53165137
2110.82541281
394.018577145
1063.62698332
1126.10069279
1137.04117595
1090.50704646
2.05083709264
1093.44474865
1332.02867199
1972.1190918
425.519071707
924.293870818
2.17796080203
1433.52141929
3453.36732676
1534.45143969
968.778228255
1101.27957817
535.907248425
1034.45904124
923.216471351
681.583941984
1406.67859731
1695.98703599
1477.52051859
404.001818762
374.056848715
1198.56544238
2087.23147148
2230.21095117
2266.00679099
2086.83074301
2004.57074643
2172.19103668
4.66131034091
2585.86839718
1773.87175556
701.829602472
454.058308685
2148.09529237
2843.17817748
1791.00878929
456.581285595
1079.01647563
349.758194714
1552.66629018
1466.49479315
1369.25599773
1260.05079294
1119.62601502
1004.48602263
983.761954043
908.652681064
857.624785153
849.82013368
300.425844794
282.641005993
261.869770442
241.728994738
4.41379153453
4.23113530452
4.89311967725
4.73401716002
5.02887781243
6.31360054015
5.72288839464
5.57901174524
6.93973467344
6.17664178527
5.94826474878
250.908743261
278.267019833
273.761544172
1403.39054657
1102.04463972
1039.02588585
1059.97352099
1033.05181458
1020.82637891
1000.7846422
1035.00899292
1081.61404345
969.944015873
595.315984263
994.806165644
899.042960952
474.756495781
3.69140521923
4.69503095286
4.09437798147
3.5086474331
3.42137899699
2.9419088
4.69156213634
3.86324037463
5.40681006635
10.3449454462
942.44188003
715.944583226
841.166340647
9.32903339399
1360.83372273
1648.00136457
1501.81346223
1998.18673081
15.6773230283
13.9014240558
4944.8709216
1661.19209848
1016.22770284
856.679088008
8.58807204795
1305.39360293
1556.42223515
1775.3809248
2124.50593289
1.8471291792
1.98338447668
2.31063140613
383.792782459
250.953046804
238.203656799
611.13819119
874.602321245
2785.6611354
2723.85320989
2618.20373881
1943.03604833
1816.87212848
2413.28171816
7035.67316364
273.156789071
399.22693576
4.49533677296
447.068105929
503.394350131
5.14100589437
5.00311320956
4.73327421953
4.3531019287
416.747806949
315.671882325
4.00651888014
3.93885525637
4.4400898914
446.668125761
3.95518342107
3.78173908277
3.49779552554
3.71692973951
3.68277543792
411.031852147
702.048833184
440.573363832
401.809443793
3.42548115688
3.29222518888
3.10330247609
3.11063227286
304.728598072
2.30853071227
2.04366365186
1.99778661928
2512.31675613
1402.3716525
1900.62109547
509.476770728
2.8711752079
3.84977444968
270.314487336
403.540580648
4.05556832347
3.53458404458
414.708922226
3.07089718033
4.05068898862
287.882537434
3.69217915578
1447.79364015
3.99021119582
4.14035910556
3.81270708285
6963.44000205
5695.42459349
1997.24759711
3.80863201258
409.700183895
3.65876357725
4.81726082291
379.061945189
888.195650674
1029.1091907
9.16258804017
4.73595960959
278.614340122
6.0638233718
6.49051118611
611.274692117
4940.53273602
2873.82187732
4.50266759432
245.670438913
543.840984643
3.73641605185
2747.9324744
2.35424295756
3994.27231296
3412.13210263
2.46573915063
4794.06782832
2.90635956265
4.76502703606
8517.38828447
9.80462049121
3517.14866121
3871.06802643
1130.25676811
302.325651175
400.298848145
17.7306717861
14.957217615
13.8118526039
260.328975331
4863.5258538
15.2338646902
13.0609701858
10.3078814988
4281.761959
8.35312916872
3.49133185017
6.43354135673
361.685392269
10.2568077665
1326.94865839
1610.40611519
6.01903577229
268.462565496
5.28440206612
8.25346768862
1278.8755961
1137.59944533
5.8901010298
2016.3893042
1953.77792621
763.298740295
946.645344804
488.457608558
16.2040247613
14.4536294663
763.39173505
1228.5759146
1126.90683451
345.931659739
7.34094977463
6.97521490264
359.644016698
7.86160391222
8.43723459198
4038.38857499
2641.39901962
3270.38544119
3483.78749321
650.593482002
32.4370977268
8.32970238328
10.4325616061
304.322850966
10.3385255443
13.6365183431
960.151120562
12.043636005
8.22903660688
694.414688584
5.93970453846
4.99528874342
3.87408127422
4.63123685895
5288.04566342
4.76353605384
6.0737812405
3571.11866278
5.68658387332
5960.92425905
8145.24744008
5.22250348563
5425.28963367
4247.32921825
267.059397881
1282.73698956
1432.07383281
1007.2463567
258.353654807
268.819278369
1018.90458991
366.080781178
3988.19132788
2183.97103427
295.334513446
276.419310983
452.829179447
280.523043246
3349.31505351
232.041555212
16.6159725374
5392.56996045
7727.25538812
299.037531557
903.166686314
779.952696877
5.16537936093
3791.85376825
548.027780476
3.62388462927
286.555832685
5.90833612827
295.389424749
4.97984245219
6.61748712706
5.0357311457
291.063712597
3715.59945437
2806.94911782
1802.51129851
5.07900740144
4.47619611736
4.8169069601
1639.71649964
1790.77872633
11.0323208939
2076.61296461
1921.06282305
1902.29279219
1784.19421433
14.5188338651
890.849101848
13.0123445626
4.61442767592
4.0990676375
4.3306283381
725.95708525
677.627513311
9.07662790719
18.5950635105
555.625137603
791.820913566
729.013293874
1573.84573489
1436.90706185
1141.49115365
3088.25750869
1500.32639444
2279.02753562
1720.27065253
1329.15075113
4.97366849009
312.671600461
1096.16320514
1348.45008296
1551.13977947
1361.66485309
1073.52939651
419.887533006
981.239757944
10.5090708667
1115.70976148
1324.93895759
1343.94030175
1464.07762057
1649.51190077
1515.93822804
1733.42064756
431.660523436
313.465643897
1040.17095963
1129.19259498
1156.54877762
1063.09861932
274.64346988
20.3195799678
434.48393369
17.2275551715
15.8513616613
1678.34302321
20.027970739
2202.45904007
2188.82089439
2190.18393359
2025.32974276
1959.69466847
2037.21218831
1796.71661976
370.210330856
964.976952524
1020.99806957
1027.33287759
1020.19913822
1155.74271607
1565.2180131
5657.8770212
6371.73395187
322.427830927
2735.52893388
4390.48850771
3173.56161561
1005.47025578
2921.52824351
1034.63811524
2.92576415025
3.38547566047
3.91025337998
1046.36502377
851.688224525
852.363046936
811.264246003
4.361574224
328.717113645
321.997896831
820.078554408
322.906193506
2.11371544499
312.358391059
257.092853782
344.194442886
290.331396674
339.776638917
341.496457047
269.694118207
4.49708658826
1020.11055126
3.46900700698
2.93088354032
5.57540650664
298.311015398
405.551496348
277.607670696
301.820726253
271.154808824
242.418488266
5.56997192679
356.805834267
5.2473612581
341.293033403
309.873437794
911.321290871
1063.57752951
243.10223116
250.751156899
1404.77801341
8.20798297604
311.459204858
268.825678721
302.356655128
270.606104608
8.98565978145
8.36895944549
277.583693282
5.07308657203
5.07422124975
3.46509408506
6.3388638127
7.95661510866
286.243651443
1342.75809468
4.8330061456
362.997205022
8.453989986
7124.93953591
742.117738281
1135.42927757
994.262544589
549.968439297
6.54106877302
5.7668419311
5.31716450484
3.1712031083
346.065509706
381.023124203
18.3762051216
1114.81647333
13.9852615402
874.804860375
4.02136975228
3.8074171207
3.80799382631
4.64071811703
3621.46831031
2.99802320571
632.806111127
4.48754036009
791.534178682
475.228059195
705.938914179
5.46999169205
6.31345735215
838.05430498
416.875724515
234.868179759
342.144821969
7.39006807008
859.247795932
4237.75122922
5.50377006581
4877.37028885
5232.67640849
814.430831823
6.17988714539
6.84085584689
249.985686107
277.405929989
7.0156742068
3463.96632909
305.905811961
315.692487946
404.040124917
255.645294296
770.092295249
2.88812976654
2.1698346287
5.79871486179
7.55751824604
708.76845651
453.519695601
6.32329122419
7.22713387031
8.04516916546
963.690727377
10.5455088804
1063.11632398
625.040879528
9.80455920448
8.8348922858
9.47118694768
2923.62982009
3233.50002475
4375.1440923
685.044805623
292.306439533
2812.96839008
609.926079942
8.31328692154
275.328784327
295.092150163
251.459219963
7.23682094276
994.494169783
5.48144455661
7.25710981392
8.32942359169
693.050824896
5.73516860237
277.049988652
1179.9635979
412.167442787
781.910622556
657.197808757
1303.72288171
1213.90052314
1120.00546683
1155.07696007
897.147892986
1035.51435022
878.438421979
750.102544786
3.51018185918
4.12550750935
4.98521032225
984.992336118
545.547425769
3.59878136535
299.124429408
1052.36208098
4.81371450437
3003.48257017
935.800471004
3304.29070691
1549.43255387
1701.87160124
693.783151511
861.927387118
5.95410208566
3.53055975123
6.17149566125
6.60886133673
7.03445734319
6.2898835512
5.36896053171
784.421900587
956.351711122
971.155548092
478.969878502
4.85346292055
6687.47849052
6625.09006992
7418.52949044
2590.36955959
4526.92344948
10064.5857237
777.452520168
732.969265396
8657.36547413
858.187419566
17.4970982068
292.050840842
6.67780686014
362.055677811
1961.65387958
2585.17885557
749.94909172
817.768247082
1182.32754797
608.072218133
4.06758128116
395.306032814
399.134893743
838.526119346
2.82625093282
348.701499036
352.164348651
397.752494542
1189.29540453
1370.5477465
1010.19396482
849.835128071
382.095910631
330.957750482
336.971181671
2.20891493866
821.14681527
255.852224123
382.401638993
3.47586499572
1137.03296377
1350.53498709
326.168721118
3.18864626728
658.609352745
260.885512534
2227.78638202
1903.30465206
246.330750395
1765.37397998
9.8762067075
359.897581078
9.08812046603
6650.76340852
8.48524351231
8.15458764421
7.61866244334
7322.60788752
864.518309329
6.21531491846
5.88046023674
703.757815322
5.58453649764
1608.17756354
6609.97673789
4087.69703831
1050.57827026
500.013383714
1470.2765895
1825.06752709
280.876939863
1313.09702838
1106.40880772
1793.84967917
3.95025016538
1228.22997647
644.469600077
260.041422832
4.79345988065
1227.52520802
4003.67312329
6.40129588476
7577.23091475
2327.66130283
1225.47779212
2392.45877331
279.162592754
6.12289206368
6.13111236537
1967.17779871
966.800763208
833.351377885
453.907115986
415.132136842
4.26180054439
4.59614072786
4.63543925091
4.54524363233
4.49617466139
4.4276362051
4.4243292667
4.26360544016
4.26187112219
4.21558455956
4.15400817166
331.731025033
3.75564794679
748.257884198
3.47042321374
3.43485086054
296.944391096
2900.54623085
744.585497617
2216.1760316
1104.40008702
1823.94223481
2588.96776139
1030.86383581
1479.46749799
3480.1697285
3.39415762136
656.685720212
1712.96343369
2153.78950008
461.888951359
446.623366522
291.553920868
838.460442363
328.818220275
388.509156773
2.14536144747
2.03387404119
448.253933312
1.47776559021
1.09068451575
334.926372291
389.76824478
0.881569434477
961.800923664
306.253163062
2.14602799955
1685.70617195
1451.87229554
1252.7139801
1.00132252249
0.873254107549
0.746569036002
536.06851284
486.68444325
405.988880585
1.50584496381
585.949835271
526.540344283
475.303110273
1.98687947123
1.91139073638
284.468524568
1.7458621097
2.50060862119
2.55417192679
2.72972164342
5.85847218774
5.77642764506
6.46599557643
5.96613271119
1600.81497284
608.850242477
4.36668720965
1385.21332432
2380.18366406
2478.59884087
2022.8259005
306.295411707
8228.55076435
945.941701075
1256.68455208
1051.73376085
1385.16918478
1809.74558321
1987.54354836
1793.58507481
1967.40697474
2427.47709172
3276.56220065
1550.4458068
6.17823141692
345.800984058
10.230084699
6.14735834332
612.425919773
3978.94756029
3253.36306035
2863.76670701
2507.20822599
324.111299918
2.06625652342
4.94849340404
5.2495104365
235.947183125
4.29694957272
3311.3711753
3425.22639134
2316.51117547
2021.29209889
1873.07036295
1880.60477356
1998.23702889
1361.79511571
1234.09650838
6.19802845958
234.417578629
1019.88676499
1196.3125438
1185.38247885
6.96553108653
235.264881202
9.02604650221
614.538250258
10.3177638385
9.46930715243
1006.16280808
1048.70796263
1039.92380547
1041.16934549
988.58427643
956.859827655
866.420002822
553.082474205
491.897517051
417.815997473
361.016460442
1.46781626403
266.602364048
2287.54465686
454.541089078
1582.76443038
1897.68075389
1938.62295563
1848.43712116
1859.0539289
1879.28723517
1750.76421006
1763.17751541
1661.18150004
4.61856862798
4.29637186604
3.7344589043
4.19078347233
3.95015871528
3.70970949513
3.56601518282
2.89644662322
3.83058203595
1250.08792831
4.41844010645
4.63522126669
4.22779260239
3.92589806785
1031.50877511
876.00756368
937.692023683
1076.96004498
1076.70536444
897.467422481
901.251410318
879.140981567
787.044030569
457.325600073
1.11330054397
1.05975672413
1.75167268928
3.13059384391
1.70890263063
2.93820860123
2275.43028143
556.28113095
389.860798145
1000.97105859
572.958647745
1182.07011522
843.739055532
244.106933302
5.18299792046
5.06448565169
3100.33046448
6.56574691566
6.7808162517
6.54074738242
5431.24745188
3768.02744906
4.8176624547
1083.65726071
263.68258431
361.034278969
269.342117762
2151.55124589
3753.40969485
1422.14288865
1353.30266566
1172.45745571
2211.4139319
2352.61211132
1.3890420442
2.25573536637
0.969084185417
1.33883772626
978.203209034
1129.71690778
727.955830088
494.426102959
520.507221051
1168.89664262
906.164186851
541.870729078
823.920213197
747.925876224
685.557953202
4.71404214877
5.17710117406
3804.2602027
866.917388538
1624.26108709
2800.63075838
345.252532176
1085.75365429
1936.42663719
1607.27643469
355.432323168
952.902205703
1014.02695873
4.70571660189
4.66457333091
662.958180159
326.11225824
1375.4233505
358.144833895
926.136932478
300.537022647
3.52967147916
3.35445392354
3.23310897733
3.81375698061
3.6369062532
3.34764508974
3.22843512025
3.09298432046
2.99073441792
2.79793197681
2.7103915859
2.55756437686
2.4870025907
2.4230501486
2.36637915311
2.31583532956
2.26895338026
2.22329003367
2.17719546992
2.13013067035
2.0826095685
2.03553230485
1.98843255805
2385.54345085
2327.81981758
2270.62146507
2214.13936381
2157.98640459
2101.98171137
2046.08498235
1990.27611397
1934.77720695
1880.10697794
1827.21518729
1.44704138737
1.41168265702
1.37966796487
3324.60768734
427.642154587
1057.94737025
320.41628859
2189.63346634
2449.44770658
3588.93894233
3563.20708741
2954.38102648
2494.49453358
2643.87628175
2340.53853971
1.28220550426
2.38386098729
3272.11037025
2832.95403018
1846.768684
4.47149964097
2912.29279172
2517.66557664
15.0708273075
16.8430463047
16.1734019033
3481.64715441
419.924177528
11.5469965244
2.84000266124
3.00040401378
1723.25335475
2.87226760878
3.28030415232
6.3840069682
522.847251273
761.38045718
455.965333417
423.52080979
3.02928841519
3.06167060302
758.798301809
1.70853765663
1079.21356922
759.418917695
2519.87501486
2241.95591799
307.895836553
329.456526944
253.326253282
2.5233749246
2.34025500393
1545.11791427
1814.77440825
1.63049893096
1.44826389369
1.51571396817
1.42969018978
1.35620841645
369.427200835
1.53267347719
631.444659233
1267.21284597
1595.86818019
1484.40039192
467.9473246
1031.92169922
1090.841026
1041.29362098
1137.37769384
1254.26805954
1095.15853778
324.355370086
266.644353183
0.780810721408
510.574497822
583.136611131
638.15342971
925.285221497
953.175934242
884.414878067
273.514805191
0.376583905064
428.217108775
429.370325691
407.719934705
0.304863940536
