0.0
0.0
0.0
0.0
0.0
0.0
0.0
0.0
0.0
0.0
0.0
0.0
0.0
0.0
0.0
0.0
0.0
0.0
0.0
0.0
0.0
0.0
0.0
0.0
0.0
0.0
0.0
0.0
0.0
0.0
0.0
0.0
0.0
0.0
0.0
0.0
0.0
0.0
0.0
0.0
0.0
0.0
0.0
0.0
0.0
0.0
0.0
0.0
0.0
0.0
0.0
0.0
0.0
0.0
0.0
0.0
0.0
0.0
0.0
0.0
0.0
0.0
0.0
0.0
0.0
0.0
0.0
0.0
0.0
0.0
0.0
0.0
0.0
0.0
0.0
0.0
0.0
0.0
0.0
0.0
0.0
0.0
0.0
0.0
0.0
0.0
0.0
0.0
0.0
0.0
0.0
0.0
0.0
0.0
27.2648432821
0.0
29.5034399296
0.0
0.0
39.7037717714
147.298501922
28.529027057
33.659481497
0.0
0.0
0.0
0.0
0.0
0.0
0.0
0.0
0.0
0.0
0.0
0.0
0.0
0.0
156.71863415
0.0
108.53836321
70.0549029288
0.0
0.0
0.0
0.0
0.0
0.0
0.0
0.0
0.0
0.0
0.0
0.0
0.0
0.0
0.0
0.0
0.0
0.0
0.0
0.0
0.0
0.0
0.0
0.0
0.0
0.0
0.0
0.0
0.0
0.0
0.0
0.0
0.0
213.884923278
28.2471778155
27.9129895673
0.0
0.0
0.0
0.0
0.0
0.0
0.0
0.0
0.0
0.0
0.0
0.0
0.0
0.0
0.0
27.8476239954
394.876089777
207.773322825
398.337506414
166.278397257
0.0
31.4151008933
0.0
0.0
0.0
0.0
0.0
0.0
45.5985328859
29.596560024
468.989330165
60.1913822341
106.551936948
0.0505176415787
90.5869838151
160.060857007
0.0640030263522
149.835019806
28.7127680348
98.6095397818
251.11064332
0.264989454202
0.251593229674
37.645329861
0.440761090567
0.549743920307
79.2540117168
0.375329180537
0.35599485329
0.337076995595
215.783680538
0.165724629653
30.76867523
41.642369926
0.201920808341
0.318225170793
0.252627357802
227.969955993
0.240864793335
75.5031807753
108.650179448
55.2606235857
37.7082588757
77.1699249099
133.497215143
30.2686252929
0.305707922514
0.279194163304
0.296592819105
0.243242376124
30.835123505
0.26567344238
0.122991943772
0.124398904102
48.7260377134
83.833662646
92.7791406089
93.0608471098
203.924378695
100.309213957
28.5512280971
139.808562619
0.133989224379
0.127169792998
34.4990306225
151.079098559
44.2105741164
89.857411816
0.180948537016
0.193575713986
31.125120344
55.8935736522
0.296951293931
40.2247604117
0.221354610946
185.837214683
33.5138900648
95.9420819105
94.6257065446
58.6363599955
43.9335561433
33.4873572134
0.438637272351
0.404881014121
125.465832425
130.489219811
31.1786533538
27.3787650733
0.197958955515
395.491785356
291.156481403
0.191521694845
27.9924866857
0.408846588489
281.264858254
261.849620169
215.352243448
38.1071265623
41.068219685
0.477124913933
39.3539753549
0.182487871641
0.196998493973
41.7981286975
0.206219986664
47.1076921732
190.580977858
173.725771162
93.7091196513
462.299357748
259.182714459
202.789996821
0.276803277003
0.203958319479
0.209787368404
0.214715118662
0.263956290085
53.7250405476
0.282768830889
0.279288662728
242.236398156
223.02551045
33.2616847677
0.344107717603
0.316381689621
33.6445787745
28.4640546357
0.25389119922
79.4736652986
0.265976781124
190.302910222
203.020705112
235.356692033
48.4528821365
0.404770019476
63.26961092
142.672609667
0.316592354776
33.4944599902
0.325666176306
100.294499344
69.3274635636
172.50859399
81.1588476912
53.5437886284
46.892878503
128.750070759
0.621690823781
107.096814557
39.1788822984
0.500546597266
0.327067119775
0.292064821669
0.282167719092
0.306614176361
0.381134566615
0.407054310364
121.861946451
113.981904149
191.811801212
0.489863983205
31.8096621106
1140.1663491
109.756927999
27.5056057041
158.361903048
120.058903311
0.302485143403
99.0768018131
74.8083261203
36.8706550267
0.219478961992
42.7331408643
111.616161043
101.084878257
76.5129592401
54.2376163865
105.477630969
45.2122169999
95.661860619
144.377916179
0.919268537409
0.8623572049
49.4787787878
0.43236137315
36.8846935524
29.4792917714
0.132379571063
0.143536723986
274.555083653
0.179389556123
35.464520377
39.2727273046
231.229404081
175.775443039
255.646665428
268.050308009
1.15111795309
70.2493575639
515.835733268
735.52103529
27.2183064104
33.4673457863
39.7891010623
0.720525438537
43.6862962127
106.34866437
39.2224231856
0.891187818469
29.9473841639
0.910494008332
0.693915918213
163.228009563
103.371714351
85.3025792431
112.292708986
0.64076413138
204.827752867
0.634203666441
83.2475545936
0.795660533886
0.923549177569
0.962706351998
112.623929166
34.1188486073
74.114607161
0.827481908383
0.83094286297
34.268522511
0.880341995672
293.003679242
264.087861942
0.789422052607
139.612111444
0.856809795494
0.790279197425
85.5972253583
0.66862324418
0.728753715899
35.2522955914
27.8155154476
27.6479500607
63.148215797
98.4333974809
211.79931334
0.703301287778
103.52921915
0.713974874339
28.8184776272
0.611045980094
0.593585951168
0.593213550638
41.1884589721
47.5101297327
52.0526184442
84.3508002878
0.5914293435
58.1105524714
32.8620843273
103.046540239
66.9560543587
167.215257868
3225.80687399
0.495547831325
65.5513005672
46.5980121568
109.200270958
100.162888834
106.073446568
174.030799649
176.166702444
133.172488611
27.8978859195
815.902572765
1808.92168826
0.5517178071
123.212742264
161.136098947
207.527701347
101.816672773
62.8198734792
39.1545526441
33.1996123363
34.8093236851
76.5768453767
68.5291294268
0.645306971031
261.188199551
257.84324604
142.003926808
0.56513563102
31.5019496105
29.5044716185
0.60126000113
234.534282089
224.491582324
0.760699548071
0.726453040978
0.679714874087
92.7913871361
42.2912826094
0.566673558562
30.1650191355
0.599098925281
0.628692134189
0.618069448747
32.4351476006
105.406748741
43.3098422181
34.7323114797
0.671392478508
0.72508889041
137.450234058
0.705895227936
192.660243949
0.84523653364
0.830234648436
0.841802849645
0.803800478461
158.050437244
111.987290182
71.9514785784
204.106111372
335.577173367
160.945003999
0.840516840044
119.382347676
239.326949849
28.6221046966
39.8437818449
169.147455049
224.814429739
0.901252731932
0.966470018423
1.001225936
1.09799582444
0.688667311859
0.659991296784
0.666982323093
0.685268117068
0.64747293367
0.721591969034
40.9490862618
37.1102518255
75.495176608
31.270320559
53.9119963478
38.286971938
0.792237311517
0.68151002202
0.673594658472
46.0600377299
95.0002354205
31.9172543317
0.780564214743
30.6893937532
38.9998046173
91.6529348758
146.814802481
92.5303961476
126.817699373
52.26869876
39.0722930949
115.3559653
0.721455254432
0.791516917697
0.829368634356
127.800571995
54.6878048478
0.853151737937
190.504288589
140.262573828
138.806407047
63.7387415652
36.263807051
31.4597420084
30.5945491614
49.3372467339
90.7956315064
0.998651170914
34.8475504489
33.8596429078
1.05362101575
31.4722693838
39.0412676379
31.6884816554
754.995527735
0.943159236163
0.848251626597
0.860298257661
34.2188380242
75.9646656017
211.338795589
1.02085522626
108.273597432
87.827323626
36.5036196187
861.623109575
1301.83680165
3168.93301569
3122.25696686
0.777170198278
0.786159554071
27.1147463412
0.81956399885
0.805111483372
46.1077776892
0.803650232119
0.874547308077
105.416275817
0.796757199932
114.244939721
0.774283397549
36.2748651971
156.063833478
0.908411679935
199.127724889
67.0849152357
65.7202395619
45.8026991539
126.517724379
167.934169501
120.748425795
108.865783276
0.755069104922
26.8419584752
0.775701656389
268.709934869
45.7904972378
27.3993228203
36.754896336
0.80627931515
0.813996895156
40.389845125
28.6938190256
136.391000588
135.074315461
78.7931380702
65.2878451866
30.2056091004
117.611104481
216.691622232
74.0857021046
180.000001585
83.810554936
28.5321905645
61.9179338022
201.822359118
263.614053441
82.2215667554
35.481786357
33.4438059885
117.381950923
118.840492729
57.2193236305
211.325171073
153.086758125
67.454967424
82.3448487238
157.996362686
225.172854476
193.505456449
27.4111782418
0.757871052576
28.0681947577
0.839530407582
0.917846245814
230.294240416
428.127105432
376.883151958
58.0985865306
30.0369760593
1.0330308077
26.9927995547
77.5355000535
250.08059579
88.850406232
129.549047196
167.598215197
256.243470747
39.5608619601
320.708357186
146.384647732
114.485777982
28.3156008816
0.96074743792
67.2681231161
92.405243266
64.9568334672
1586.32677415
0.814538337747
1087.49958405
0.804072034043
31.4692425529
100.325537181
57.8020075509
143.257749392
65.2374961855
142.816719707
0.817687850191
0.815704940135
27.7466402759
0.918240742406
142.318672951
400.04427108
121.406501651
1.06840428279
29.0011655056
1.24957849657
180.781865078
36.9167299181
98.0622160193
1.17411374503
1.34168961069
63.7699323267
33.7928481961
142.277354871
445.082052905
35.9652065946
27.477614056
86.8749104247
75.0479828232
0.947655124676
0.848066274795
213.361205786
383.757567841
131.946891118
75.6516439916
0.935840498596
0.948520067041
0.949500769256
27.139273921
0.955510435259
0.998007305505
0.9712861151
0.903160046821
0.873368742066
85.5454526228
36.0603267253
163.825185219
190.901816828
34.9610757093
32.9688234447
33.9800969212
0.866689421573
62.1365178829
194.738174912
0.854138331492
27.9763993599
29.7687834045
0.89118244545
86.3788111755
30.411616358
1.09690832664
1.11365807024
1.14479494461
30.9299562088
36.2607440838
1.19271483668
32.4137793488
29.0379532715
1.20728617903
28.5002407405
1.13031699589
1.02775629243
0.796670945902
0.727893734701
40.2900712707
0.768803289892
0.998987029699
0.790362237799
32.7401672624
38.8259533558
0.605134922678
219.821802369
31.217234007
29.0046705235
33.2788908351
1.39228049595
1.40277365126
1.34879795768
1.47711553955
1.60050581954
71.4108421661
1.38962539614
66.8699475385
1.26930759145
134.162131072
159.104483251
36.4594589955
30.53486778
1.54168807842
74.683944474
162.267463206
138.070097206
92.4002074494
77.0743965073
64.2038734938
114.630152439
113.16349502
2.05241588253
2.07097368526
461.198178452
40.3983341402
219.332219127
1.91190073942
2.09363274231
36.5517539807
178.779418825
136.028553296
53.878682113
1.5453874393
1.53825184807
1.6048824182
375.261172491
31.2889754476
94.6740147788
36.6610309926
1.6403428541
1.63592232124
64.811071118
39.0802985575
30.2520708283
1.4020454637
176.522303576
1.41018500941
1.36251323041
30.3981808416
33.5128546097
26.8184423137
341.284168707
124.060540646
164.491971618
30.383184533
29.8907592674
28.6836978551
351.101545137
174.244749855
76.2830043366
55.7105708248
1029.78998438
1.53373984786
242.512266746
32.0847893954
216.640216622
28.2499621636
49.3099371271
39.2546251849
231.987085981
1.50001457518
1.56015176341
60.6860034546
99.206108718
1.59364199173
1.57551474509
1.57208252266
1.65767592195
1.68722789741
32.4565336864
1.44997478359
96.5669397567
1.40742151212
1.40875876517
164.480180165
36.1659701264
1.52411288143
62.0928422829
33.4012759898
76.4836258008
159.186942208
86.9207666995
1.6741612597
27.1158616629
133.896633013
1.59643828302
40.7015931092
33.5834501448
1.50875336615
1.54091797626
101.200048641
1.70686099828
1.80752569643
1.55201560912
224.826688774
35.7234411174
1.48230705586
27.6141933409
89.3520975438
42.4445046564
69.6723341647
43.453420791
177.289480745
32.3128722352
45.7663266589
80.8504542791
47.4058129678
105.853144932
216.701998104
309.481973563
37.7497210862
1.69142894884
61.7903175265
2.06845099131
2.07801675748
32.4189648763
31.9007496182
31.9351165089
83.3580308422
77.5614470519
39.0004628142
153.478550253
88.2836979816
167.289722428
115.426300836
30.1980235889
28.1935851053
58.6992314793
82.9686645299
47.6988253984
30.2930657275
129.026486462
134.738164281
32.023192405
1.72674381836
1.73723188044
1.73763173939
68.1318940576
1.80704383861
168.465862011
160.250420503
1.92176160901
1.91429881226
1.93625710534
1.77631755599
1.77038246353
119.592468562
107.381890323
29.4620665779
512.101433125
69.04754103
121.265911537
37.5576951679
31.6410376103
1.80295734883
73.6408136486
119.268689023
1.74928428504
157.656660565
2772.45762987
189.031336642
32.3039527453
1.89690336055
1.91308209587
92.5153702671
99.0066887796
1.96036506895
168.234298359
115.081793275
2.02773463957
142.987184985
100.769770759
36.1657781518
41.6170033919
82.8655000856
1.40755721093
1.20925365597
161.544472474
202.8645609
128.381915058
1.32530518103
31.5264032723
37.71556173
174.325498992
256.484634309
41.551798762
55.7892402623
226.582970523
2.05568661807
320.639083127
300.167060542
91.467788245
140.325960129
2.1983882842
62.5606909659
28.9831720469
144.3964036
28.6606434691
2.14749764927
2.33732952225
27.7986133804
2.3258069628
2.28310750084
113.275018614
113.961118198
36.3955775165
2.42501567483
2.31136477111
2.28528199883
2.29798476537
44.2336352896
0.140137669886
0.111389725364
0.170488195313
2.51794084021
43.9040342802
47.8533483168
45.0544810104
0.0873594214107
727.982673134
532.195908523
52.0260568897
61.1279892207
53.6023509965
0.126424566582
70.0058982681
0.172451557269
183.122254083
196.140539271
137.09182132
97.326694325
0.451749074431
41.80914564
0.152554859674
0.154672007782
0.191754924434
0.2402686736
0.188622262498
0.155862892211
149.38868925
0.166204112502
0.22604285882
127.118965046
0.172609900551
79.8949509978
27.4841642743
103.131330491
30.4342984473
44.4241456219
0.127975309104
0.159199550807
188.367519269
0.152681705247
0.281611760831
0.188603726045
39.2155218726
0.16890677547
96.5896394809
29.5234452178
0.0640828988315
36.8388735351
36.0522404988
0.107769829711
31.7213031897
0.172995536437
37.3360381921
97.2440056526
153.52588829
162.192528397
2755.81657407
0.158005577593
50.3182456669
107.911901841
46.1661912868
28.8135195674
128.677301791
137.848127412
125.479741529
160.624795984
126.994694095
94.4451149174
0.155539959001
3413.29491643
31.2146725948
31.8910997628
29.0406882269
29.1629896864
0.196101017865
0.149882597973
76.1878170363
47.3989742764
40.2566848606
33.8185643897
32.3025981651
0.0986543829238
29.4958470037
33.3652596862
28.848116209
327.946286331
0.144328403201
0.206190681894
0.191037334378
392.103889735
0.216470250957
0.299047792485
68.7807972099
65.8755614787
0.166192307555
143.862432924
340.950854542
0.149748215386
0.166551224754
33.339489895
0.159653912462
0.174670887203
256.191303177
0.238016177995
0.217363923978
398.843541174
44.978861307
315.97990714
318.252352653
135.182181013
0.14461648513
0.262122736435
46.4585837936
92.1784757408
107.898699149
52.8167982004
89.5853084461
28.6498065215
31.7381110172
103.326126901
43.4094595819
33.3035560892
0.227002242458
27.5574792504
0.283757742584
38.1739385597
34.0271006452
27.1050641822
30.6615126287
0.353902547375
0.21496608348
87.7873391857
306.323191833
0.203977256035
85.2730446682
70.4900860327
0.238389144358
42.0066644231
90.9687382001
46.6797528262
108.344981362
41.1421685425
0.302377888281
0.262103531707
0.254824484603
0.244863304033
221.020492099
411.965390145
0.282203584735
30.3990641479
177.545147526
139.356597377
73.0786786619
34.2228331956
79.1884211576
38.9774385207
85.3273159383
53.5235559217
48.5792053735
49.7464696149
134.398935913
144.409398193
112.923403663
157.383993554
156.218548182
28.6610775722
43.4372469678
0.44566622133
0.586971178438
35.8726698644
33.1613311226
122.590327389
0.492116529029
0.713338400267
0.611760619872
71.5240094401
0.66893135645
43.9780487959
48.6649048604
0.529607133938
0.537302117677
123.870841526
34.653532496
28.8447670011
34.4768133156
36.5265320277
0.441257398785
30.8796545178
86.3858404014
86.4686762671
110.486819365
29.9551618294
36.3340245084
186.149767826
336.170414928
255.130402345
319.834307147
287.501378787
42.0310134146
211.556038262
353.67095378
144.433227444
29.1360510045
69.0013916514
0.794632504816
231.98228344
0.727085322229
64.3686935584
32.9859426249
30.922264837
0.720082393393
0.718862257731
263.767973775
43.4586298267
0.776495503676
155.33464755
41.8815134363
57.3032045363
123.265254148
126.057653809
117.721337345
169.338391811
1.09116887833
0.762266582384
43.7574149528
0.619651226262
0.643721986944
39.3230318796
0.636176658658
0.663910326269
0.637692973449
50.5992135434
110.681981625
0.545279954198
104.165717873
106.987933509
32.0599298981
0.768784607394
106.057066608
150.218606174
47.5233589714
71.39884955
57.2766421451
0.573215341161
0.580650775128
0.581829977034
0.599139275153
0.715912403618
50.8534568755
169.396738082
135.424690022
0.768089323607
28.5246204393
0.659469772848
0.655747810761
67.7358176364
32.5078634852
43.7507573239
29.6346732324
0.62515294544
53.6112921014
117.286880086
42.5953605959
46.5487419862
47.2891415865
29.4829886927
27.0642369574
65.6452298535
112.185980599
90.6539990621
27.5832203482
44.162043302
87.7050051841
0.695000505148
27.0299201715
0.730919011177
0.699162127411
0.787839227474
0.595072395157
0.574429972995
0.576722057841
27.4878746533
31.4593942537
0.576810256281
0.648516196658
0.648443341243
36.5141792397
0.638621044742
290.219209127
0.67867873869
32.5884493983
35.6722361107
276.471131416
0.713387214177
156.662654676
285.61616463
74.2899377255
0.75174856118
0.742608750554
0.7309334121
37.9337990581
37.6067817177
0.836513663382
0.749678248707
59.5785429754
0.747333988482
36.3541568429
256.947320025
320.260452881
436.181767296
0.715552383919
0.752926742082
107.544288462
35.8731655625
0.179271994856
67.3937630515
26.7640298185
54.6504376208
103.741003616
30.2397871531
78.110075813
102.904639398
0.225913612474
28.793723216
0.249949397489
0.201134772555
26.7931024427
0.141087102203
0.117787991111
0.0757299189823
0.118028023292
0.117634785964
0.0797534840747
0.0934830471898
0.275327878663
26.7733453994
87.4393957219
0.314425545963
0.251607079131
0.196660494496
34.4347852546
377.008238409
57.7608697546
208.795133011
287.171372555
177.756658685
0.142748481695
0.179343866135
0.198740383807
0.25467609784
45.5702330534
27.214082053
0.421290013013
26.0760672692
62.1059385902
28.2383048536
343.99397105
294.873275499
448.379600349
522.150495548
61.6190910827
0.286367936652
54.3337572251
46.9862896386
30.6237195662
105.746254106
108.001303747
132.005598631
123.77298235
107.862188071
0.223408505555
0.341394719788
0.310172021788
315.068928369
106.908624746
90.2569879214
90.9118872898
0.219701245024
0.193707508799
30.0197717339
45.3928674515
44.6520523937
27.9991490496
29.2752439988
0.373063050833
220.264412276
90.4470776845
146.593691306
228.904890184
52.3818709107
111.904145223
94.5992525713
103.296712935
126.413011139
121.608423878
89.845043976
0.255491112823
0.234042337508
82.1092973431
181.558581904
98.7771611534
0.446875839954
42.1180300527
25.4511901518
76.6244335553
68.9717434355
25.6014674252
160.338505306
0.141317715594
309.064526544
350.332234031
160.516951985
249.45562298
47.949394635
24.8919731184
73.6038024492
162.600589116
79.2808367076
248.43623537
206.045047853
205.939701454
195.745871814
174.673405308
316.810762541
0.00649047249805
81.4133065332
114.020634468
29.897571611
189.31047639
29.5914512602
0.0214270200334
0.0504260863362
0.0455201410453
171.324804652
0.0610537391921
112.097296726
281.387985062
292.059858863
185.411094369
380.381681183
30.4785347942
402.124729232
98.8932220014
28.3326496701
321.427001337
696.564994683
0.0554010363472
92.3043958891
586.321943054
33.8206719075
113.556748005
202.237786447
162.162036693
279.813870801
308.529589132
0.0979352049648
173.50639755
135.176231993
0.563340669346
0.389686902322
66.5415593471
120.012192256
0.458761599286
217.38531389
204.798179346
207.833876476
78.9329063294
223.148628262
183.623171948
163.640995389
145.599381808
93.8231247995
0.374812282201
0.346895031379
100.865920217
0.391296969958
0.48545432462
0.531483178015
755.681076309
28.6482478127
392.81669206
34.0675468416
530.993365882
26.6144267408
435.701203464
0.273115996418
0.268049389046
26.9920047037
367.777181743
103.678429233
45.5062942396
0.156215345797
0.165021156057
49.1154161159
53.5183177468
56.1316329859
55.2206213616
27.5230281665
0.279743553702
0.286429116431
212.251391605
69.2682641217
41.6475991039
0.323773817859
98.7443462143
0.283588668991
35.8220294066
0.243975663182
167.765658885
92.149511277
50.8682487244
0.23298507118
101.915761572
0.244532102912
109.941579849
101.309903215
78.8076832777
98.3869394688
0.247268081502
0.278592257509
0.359235595809
0.324406186397
0.396618817083
175.656256908
0.370202017908
234.399226428
253.485002287
60.3146296586
0.283467637668
151.114471183
174.848436733
0.293938078298
35.3319863109
29.4803976996
0.30173010264
149.738450041
56.9146544809
29.488640538
32.2206160329
31.3825323145
78.5471743825
0.228120864095
0.239709525676
42.7507757547
0.256424467718
43.5903338688
28.4382307831
0.324044557051
37.0135283591
125.210783333
142.803400593
200.602050485
0.356505575878
0.289598504393
81.9614676509
168.015374488
154.077884511
188.652710303
0.343330960953
0.33753882856
0.386605896928
0.403989807774
63.100770882
97.7011552329
42.0655550387
180.634459151
190.268290899
0.331098868814
29.2877366307
83.7329864394
31.0817524463
194.99006186
38.748439963
116.13955385
0.566543720938
0.694323177585
31.4356755458
0.38686435486
171.871278323
46.9986817392
27.5547939985
0.498731255749
99.3845358566
40.3499995308
81.4463443681
0.731993887554
34.4327147018
181.291728801
63.8924559431
0.387270719768
0.396604043557
31.2450698067
0.338730721797
0.346300537293
34.8483233308
26.7248389582
25.2213535867
118.993862038
59.8068050452
87.6691501267
73.064816445
30.5745196962
0.327514117936
300.902889986
178.290134095
192.849737437
207.63960845
165.94680512
25.3016590545
203.259729062
0.31307959595
178.768216139
0.309707190642
120.017934642
99.757863728
68.8322403188
1.06120080889
0.622262021773
97.2885440876
30.0259296104
155.822746691
165.381714394
35.0648241699
162.191931562
28.3985221178
34.7178527708
34.2190703238
24.9225471471
0.548815830923
33.2633306733
50.6259954673
0.104215940465
73.2296149898
226.841514845
224.160813934
182.743576742
107.839306263
91.3431051431
30.1837940719
0.689149399326
0.670413293677
0.633363401368
26.9301265392
0.676424699671
0.656875833905
0.68806445743
185.744835164
141.042623983
157.486746414
311.92865114
330.622690178
285.379241367
201.201884371
410.999260198
0.170519425856
104.711403466
96.0732962661
219.530632459
29.1957544795
186.106146519
241.980238632
0.258962194098
0.0761810710092
0.457284223431
115.882013975
27.6381864373
68.2534113673
0.229691174168
27.9247005895
34.2019526386
30.9685537053
295.298920984
0.23606024994
0.294987835658
0.291644442655
26.4466001235
0.242300090876
0.249864703175
0.164801826614
0.159180903658
419.087237391
439.718995821
241.690549862
238.776412907
224.142956636
232.334605076
211.276666406
164.715048642
45.7885042937
0.168957084365
0.152715076927
0.184179459505
40.6800987167
72.2728894059
70.1023861537
0.206545736376
308.747723541
25.6907027081
157.381844315
368.985311316
277.491253726
0.234822276209
0.143622595822
33.0696698687
36.8443520083
123.383872769
52.2148058963
179.305500451
72.2059056539
0.238694304419
25.8491823574
0.286216369239
27.9762299705
0.297528706853
32.9627310015
0.257670497759
93.4097734325
200.240680924
0.280239444944
29.2795348438
45.4103769156
0.25611478597
305.523803892
291.673230293
55.1340279216
39.2526989053
0.363741694098
24.6535151757
232.932772694
34.4813721734
0.275806472824
35.8542694832
0.309458886055
167.000798793
48.7570319133
25.5628340445
0.539459090863
39.7581067864
74.9248600903
50.4756019425
0.434352732898
0.268481532408
122.363981068
0.278366093294
0.385055053847
0.361300268034
92.6525220178
126.781057494
45.3295163476
34.6226866755
31.2015412262
26.3104499103
170.22569684
0.270473072367
227.174245787
0.29630464144
0.386141903718
0.459069098585
0.455376914598
199.666499665
0.514575894217
28.9709385732
359.518863322
346.960218967
79.8004846525
0.438753565261
140.191457133
264.213582784
35.692580157
0.449869418941
213.850181429
0.440679859688
0.390037830064
0.457537602707
26.5997869498
0.345444652679
0.291284883351
0.285004941504
0.301138771639
0.305905295075
0.275708209935
34.4853268177
32.9129954517
0.428445079408
36.1388692324
0.406035195045
89.7597080043
72.9159455889
0.407810474915
0.409937179844
0.40832266124
55.5000997705
0.430794170241
0.412654399819
25.309455166
0.712785867711
0.563634722426
98.7320992935
172.23840881
93.658732163
0.527777770204
57.7907996783
41.6306428947
175.132171187
0.345893800404
0.372614628678
0.415015761365
88.381648898
53.1243917605
0.509967345069
266.798139466
154.14701504
151.712728069
97.8082062446
41.0530628657
33.588255792
25.1584476238
48.7617978938
101.267402951
0.653966982815
0.646316208991
215.514113077
173.058048831
198.024314042
31.1784575805
0.65512608537
101.30021317
140.356374233
111.552361201
82.3974588906
30.891689651
33.6761230719
55.925826777
25.5632442706
30.7973905206
0.61570239688
37.7972344579
0.590389563814
0.518415865994
28.4937217973
65.6410279003
215.031710414
185.647550959
92.3279546116
118.5249861
238.481656648
44.1611688396
25.9318936274
193.555520336
81.084744438
169.335527202
80.3334702029
70.0307039288
124.122007299
0.112119460181
0.0799306902346
0.0634990082885
0.101412641329
0.092342999805
27.7043084682
0.0826812883064
259.850031196
35.7816943386
76.0558871796
151.660467378
246.381679708
60.9575975323
1642.98725854
1738.32767941
89.3049377024
0.0260979734779
37.144657361
55.0905166384
62.6594102509
101.378835251
196.486772812
57.2122367824
0.102918409291
0.11815195618
0.0433892805849
0.0423866238451
0.0617262990095
26.3187237906
224.138823442
69.7497289998
0.0785551620581
160.36540819
426.829914345
25.778916
90.4839498514
101.226005058
45.5886539098
103.213461405
57.428256728
129.353635178
164.042879479
151.540004692
0.0669634799969
0.0512671722816
0.0385382410467
34.0725762571
0.0311908627673
0.0343921931688
0.0283841956733
0.0346868991045
118.362147188
0.0423305627012
0.057576678862
0.0605481488276
0.0741056353201
26.2708297294
33.1717872497
0.128624774698
95.4849412577
70.8950323831
34.9182740566
34.0319050902
0.105697638103
0.0799406638794
0.0519444900321
66.7127960849
0.108847764368
28.2554676214
58.5735846979
0.080894522976
90.1595041196
0.0525116576085
0.0669830704146
172.107182615
199.49124767
117.543073584
0.0909477807552
291.018248584
146.071074341
39.9786301506
91.0602229185
56.2185675056
28.9689921408
128.034002486
104.461407852
157.221587555
0.152931066894
26.166138691
0.10693140733
38.5939587377
0.169802378757
45.6659625957
40.3694394214
0.199914540068
25.1036972561
0.127119395344
0.100687827172
71.7833047818
0.0816324789158
0.0130534096907
0.0744949891895
0.0613928485484
0.111706380509
29.7946039524
72.7462355643
0.186497844637
0.236178685524
0.225226988752
106.77102348
29.7436182912
26.0594127308
36.6493048186
0.142590473971
0.178831044409
0.167735679226
35.6383230098
86.4963874883
0.188103296886
0.151665672159
156.498708668
0.0343676040978
26.4482452825
62.6994381335
27.9226891228
0.0261852284575
118.694094281
214.803934503
148.222329518
124.163452102
57.9942515038
190.499687917
0.126638734356
0.0907840372642
0.0730718610393
163.044186258
34.0200528583
159.409740987
110.333294994
0.0409805068888
29.3046305068
29.2441539101
0.0849076253064
276.975198237
62.2433335619
24.9583840118
81.2778572579
263.882917926
34.6038338717
50.7550311724
207.119637125
440.418962811
0.0189526602319
383.373576154
496.478675758
83.5844133707
228.901071534
166.250912934
0.132545599889
179.057247898
57.3985582589
138.300453811
63.7514846743
0.103269903935
41.4343535302
0.0662152142298
59.8709698315
37.9971527613
57.6261706346
32.0919149422
0.0784098264848
159.537962459
182.948113898
185.748796236
63.2113646278
0.0513611976534
717.457870169
298.144391746
203.653161044
27.0962449999
30.114685599
119.990352676
61.6329215013
0.165911403482
0.184424472451
33.3950518404
0.20397209518
119.969800128
0.257338414633
33.4107228681
30.3990254754
0.367740864407
0.455543981078
25.4756496063
56.3300314035
0.173778538047
0.161219219106
442.802042826
0.192465084987
36.7953541463
119.900191506
0.276946504721
0.311383801568
84.6050400405
0.355626271762
0.376605639931
31.8444077245
37.4420090227
0.466215826748
0.527909516159
103.323856689
116.151272934
0.312191305179
31.1039229126
0.195900722601
38.1480051087
204.737747669
280.388098279
41.4009264811
0.180938553257
0.116885855709
0.243403445285
299.09754114
130.005858288
153.35246484
188.940844158
384.37177857
406.259378751
58.2819914973
57.6365068571
0.206252291491
0.207596935623
24.9665389849
148.499921248
0.139715313509
0.156900092563
0.162658954926
68.3300075085
60.2946024241
160.257721073
262.941965416
0.21795183967
0.228463262705
0.227460209592
162.182015242
42.6842296623
135.370917499
26.5553288662
0.111692125962
27.5150628487
24.9683883338
125.692738442
117.953551192
35.0463323344
55.212363904
0.382130819289
0.316608719115
0.349659433782
117.932229014
0.146192381488
85.3552314302
89.9212864304
168.941120814
154.259912891
58.1417148556
0.223500479686
103.591475303
0.30272778073
0.282284562007
0.294778057798
173.926347611
118.120507783
30.3451456407
25.3424116804
218.207999067
0.156875164463
0.163375504553
61.3114598631
124.10042466
0.163466219446
62.8269128306
0.209368259882
30.2914852021
63.9827838106
37.6930499952
0.0917521774103
252.902935933
83.5215909889
0.266364764213
44.3240218964
33.6050266748
0.282682443642
0.470489370636
25.0370193298
30.8867546575
0.35039512492
65.2313552069
0.258177529632
26.5203828244
28.1157153435
71.4859349718
0.270747713162
0.203770106325
290.598396934
146.130923468
0.351094329945
0.422372665572
0.134295185569
0.144010000354
0.121312926871
0.132555456033
25.8998577595
57.261209797
0.236998380946
0.203968936976
26.2257937534
61.0075053065
31.8233181164
0.254404872392
26.5414472396
0.15128999777
160.682084909
55.5781051541
0.113037141161
563.213323921
100.364211841
0.131578201545
26.5093269674
93.8662672334
0.328367702827
120.171260082
0.319247008861
148.551226825
26.8984446146
60.722753577
67.5752954236
0.145146570521
0.185554917345
37.1509137973
54.7643630807
57.3760492642
0.341431765856
148.757152928
318.763061988
0.335722989969
155.613481395
70.1446062904
112.26460776
129.031901367
25.4824762218
40.8291257283
133.855172143
196.150214318
73.1346157667
93.061986156
0.429294390429
0.595363444997
0.609553859518
30.0367845657
0.769958970407
32.2919920679
26.9962022567
0.698601908376
186.758021913
141.376790683
25.7906849911
30.7572260245
0.561483060005
24.9571854121
0.346890039665
61.0021010469
217.580567414
0.253703166167
196.960165442
237.890826544
0.388840968061
57.7377163228
124.476684536
29.1212003969
0.556828951287
70.8605712666
135.977318669
30.2512621743
36.093001825
41.858199069
0.462888296424
41.505400611
0.148496819167
111.274140356
32.855160293
37.4168544039
46.8045721488
0.102621751161
71.1390967846
0.0484002746941
0.0423613145932
73.1592337661
265.926861026
30.7032719768
205.145313333
0.048890089969
0.0333000082665
202.405472395
151.499257647
173.353628539
136.803480255
0.0735188242067
0.0921740229115
0.0817741285568
0.084588600846
0.0876613516711
0.105149259876
0.0873328442419
162.708050719
0.233519480095
0.351104142164
0.368931948956
0.343892370506
30.4714520486
108.572460629
33.9708630574
28.5776943058
0.400141948399
0.364080868521
0.364213533946
0.365309571594
34.4514083021
25.7316674089
32.9619855694
44.3696353868
45.57429951
0.355982120924
0.355120472605
0.354907883887
0.354191431725
25.8728872726
0.353306029828
27.1320351285
59.7127131132
98.3640129194
36.2492073409
0.337513122152
0.32279663752
127.234988361
0.319682679868
35.9610000549
62.2622574146
117.177619455
52.2388842524
94.2511488993
182.083024024
154.169311951
145.122072647
141.075029994
130.54990811
100.733250812
80.0604110221
95.2786954669
34.1094650241
28.6272681921
0.140102335903
0.137521741294
84.5199724686
27.2828258505
35.8388707669
0.4392381134
34.7232839053
0.434100453648
0.425007483343
0.425419880136
0.426650278319
47.9951840253
28.647534939
26.23622233
31.4945498209
0.41461067488
0.414323334064
88.883165208
59.8452566059
57.7767201953
28.1137148755
0.403662554158
0.393128065474
0.386345659057
0.3784937497
0.374301864327
0.369695284153
42.4867952422
247.384407126
35.0252527818
42.1284884246
46.7719588323
42.5082550142
578.261926893
0.330775942717
0.344599057201
521.22382649
346.505255812
102.412808261
0.278746321497
0.260309629706
183.687944779
129.384406767
127.955896323
118.322365911
87.9649899154
0.211074934926
122.981729921
55.1507224387
65.1172973933
73.9469381034
73.8765866853
0.0936545479481
32.2940574533
41.1266278055
35.1855317212
40.6179085737
0.100168059377
41.4376969194
0.0855016569848
29.2454733328
31.9724892546
0.0753003109433
0.0781642702701
25.8413726927
0.0723341588427
108.713475676
154.583894094
156.829738589
88.5388016269
35.1570770838
0.0584000773187
0.0562318206931
26.4808232869
0.0488337803159
0.047845576353
0.0470635685468
34.5521066865
201.807395074
126.94427191
25.2471296457
134.395181793
27.5498087246
61.1271203136
432.207922722
100.565399913
60.045804456
47.635387687
129.979480508
141.276827938
161.506588283
178.568055444
162.620733123
130.34647598
111.747538351
72.1006133416
25.3542414485
85.1987914513
28.0747289938
0.088136909641
0.100538032083
0.10632340515
0.107862895914
31.023840343
33.8421120424
0.116526518464
32.9127618579
70.6116889556
0.121377939399
31.0538440523
37.722691669
0.121255521157
0.119525785864
46.5742597658
0.113233134147
25.2802556644
36.5930764041
0.0793652821475
77.0214330309
58.5552297485
0.0686404126315
330.204360624
0.0800646998175
0.0950143370188
0.0770680091313
281.62508852
35.2532092103
0.0652443565917
0.0666613195502
0.0697584845086
35.9701593161
43.6418914834
0.0705474344497
72.7615244649
346.131686668
206.629622562
148.150086226
67.6820489358
26.3383585246
0.0241377056018
338.00426318
37.8677479165
0.0676298102891
115.832535655
0.0138444216633
132.250793564
167.846719654
220.984637821
321.694144687
230.044627473
0.0502759695094
27.2493651859
44.964187678
0.0808946903151
130.682373549
0.134242500427
126.813450843
0.0986818351556
31.5157385054
170.145743105
128.63708157
30.5040138888
134.112603687
118.476334958
42.8644499696
41.734954321
153.859605568
163.705352549
102.154956616
63.7568307937
87.7356192929
0.151683679744
0.156514562588
0.0214288691926
0.0
25.5421784962
69.8072013518
232.812198096
154.225503802
27.0179869149
0.0266449985028
24.7781441679
0.034865872782
0.0530638411807
154.207518462
166.165610036
77.3413895618
115.877457013
66.4511416693
62.3529821208
148.783606277
153.880805889
177.071473023
94.9138698868
0.052413148765
29.911827963
149.064493129
111.251510519
65.8633395441
61.884350623
73.7411182513
0.0560842116898
31.7485457069
0.0218549496458
0.0210508953945
0.0199755725155
0.0187773756021
0.0176130316405
0.0165520403139
42.7406480211
46.5564004263
50.0039952149
0.0739069706055
0.089355066887
0.126305854247
0.14892999522
0.127721068328
0.1305372036
35.7455531062
78.9987144632
468.714778572
75.2394051661
479.196755051
435.554316066
88.4617109845
35.5568511195
0.0797027642998
0.0833122366618
70.5953052456
37.2081927665
31.672161394
0.154239001649
73.7674004491
203.731599076
156.088954814
0.151204186771
381.985388666
0.288805857413
101.922287537
100.808355078
29.3275981552
100.596743981
80.8517582603
67.6537185904
124.578158014
65.7521961512
139.813412931
145.97533868
117.845488743
0.355070088958
0.298266769314
173.177920486
0.311972311015
44.8093150702
99.0642925678
50.3581196093
0.377395110895
0.188519864294
0.32912661951
35.3265671422
32.2589995239
0.399482491445
28.4150595368
479.483152223
67.2221449632
76.9360963221
97.5066316157
179.543444669
143.079489162
140.847163964
122.831913329
131.24527995
138.09624134
117.231747135
50.5784176577
0.24697346941
0.270155640777
106.041858145
149.378527865
162.777285579
0.423225081604
28.4035505216
26.0490182186
0.2538980107
0.270122664644
0.211104093355
0.146939952647
0.164756716415
0.567525049285
121.302213569
188.168062253
121.750797251
48.9740109664
0.294784669261
126.930258712
141.326660581
62.1593198914
41.9492327994
37.8246528666
43.266743459
221.33643648
32.4232252097
0.140643596392
61.4310927942
48.108564873
57.4881320281
56.9609922067
31.7394188367
36.3822022113
0.11741287221
0.112234923861
0.108222182466
531.422072084
45.4524352521
136.019992622
106.280093662
119.03369075
154.230985897
133.701510682
130.307849013
134.588685549
139.810088212
81.6665765409
0.0816998691699
0.07617268037
34.212602644
131.524734316
72.5496070365
82.4962569859
0.140805248469
0.139004664131
0.156356750933
0.288678532011
0.214122823148
0.214116497617
30.8829849211
0.0677515571394
3246.02832872
34.3646901987
217.513496829
65.8872710582
34.3352071662
0.178841797636
37.1757717567
109.74639197
2973.05798203
2915.22537452
2810.94358067
133.370126895
117.726580619
448.818846697
133.580640396
35.5236088762
31.7664269142
0.13704181034
405.76988659
263.880515439
260.694354327
162.196400876
0.115701428504
0.106986693849
42.1513789068
128.045890967
0.181008542179
0.215286264178
193.874534287
356.649003234
341.094322637
71.5927258762
0.20085910065
77.3022424852
0.0876646496874
109.367447388
47.2364958776
44.5886002763
362.82394239
0.173726593033
397.978991879
405.183820169
455.299313662
391.31391521
124.754444901
230.79403754
308.583213377
213.437731679
173.12435373
104.451118602
31.7994992277
152.065428544
42.7611194469
57.0391309041
61.354894143
93.3248830362
278.36467246
111.705596988
252.341397507
221.307453605
162.088457114
158.004595356
0.17162888545
99.2543662629
147.607266414
0.360039178305
99.4869304216
0.16504002152
152.752531974
310.421449952
226.683528831
157.047621253
40.1432129389
220.825429811
0.149615221413
285.163647065
268.693150375
171.572126911
240.752002719
47.3030309099
0.198344825999
45.6740574548
63.8263548209
3080.57278259
126.411630044
68.1359490566
1620.49997805
66.9131639194
378.656797674
186.858132908
0.229011691718
39.6795734515
38.409419117
46.3115062424
0.200836612141
84.3196417191
0.291277478533
33.6058914172
202.728428978
93.5170869347
104.57176529
60.4153123332
36.5676052772
33.3169559843
104.814296632
119.239181337
67.7832784963
102.506511354
0.191029893672
0.167420553692
0.229773972632
0.209024104848
0.209485188901
201.934104929
321.722709273
168.284058567
213.357480485
136.717735851
88.5835130071
105.113219822
106.233371688
186.781247286
0.434865864451
35.1825846483
208.161631436
32.5641727195
285.373309076
0.64157477937
112.713406941
118.968943171
114.679846722
107.146052646
40.9630466348
0.355935085461
0.320713613866
0.392165051387
35.1121400988
34.830371616
0.319728495521
143.934205418
121.979589789
133.061778927
127.374823022
135.259581986
87.5576382732
107.742621851
131.579052675
107.115096768
84.7308527475
0.32239837235
0.337889881374
31.5701866235
66.8789419215
84.5640723781
121.070848525
133.874512459
0.328373408715
49.0856198849
0.43801183481
39.3296911046
35.4848959609
0.365393850014
187.648779449
217.747035709
0.420680781439
41.7828409021
330.683810324
31.6244283364
76.2307592948
31.5503349226
32.3512170586
290.8677617
61.4102273096
94.312248456
347.211021371
0.357719664096
43.5155609712
168.271270836
208.334738022
366.28044976
364.800712254
289.41570869
140.915390219
33.0053963778
0.378658408697
0.365077395989
249.626813148
179.286556767
133.678788762
113.613421322
0.416099083862
0.438423238041
0.426190363189
94.7145777288
131.374033442
220.616303667
174.284923854
153.845612696
44.2469568646
145.82078417
234.401573834
206.118906593
30.8193199631
38.8280573198
101.142943661
43.2212496017
213.786836774
55.6317378109
115.466157531
104.028285183
136.403353659
98.6140389316
120.987306607
127.504820846
0.615957377505
36.8367956123
0.612744767086
0.58354914886
0.632317373674
0.64724132094
50.4982084689
59.1979270606
61.2292161491
31.9355306677
41.9212831941
0.602900047715
30.8519110446
110.010792999
95.7171697507
32.8480220851
40.52085488
71.2521306203
149.807886092
182.970735984
0.705274144439
49.7698374107
284.199167501
49.2107268909
34.3605804189
0.966631357869
33.3548928615
183.461954225
233.642893819
120.330974117
84.6783577742
66.2911248123
36.9800091428
82.2675738202
33.250480942
34.1682603005
61.0918828548
1.06238284603
1.24890879193
34.4699186431
0.75528306806
69.0702049559
139.412612699
35.4182322006
125.041005653
147.26616984
255.068752134
0.634795628482
91.3707298356
48.9817093423
90.7031508891
80.2153941601
0.593388361263
139.751511614
387.044065339
142.365631275
0.597795675787
245.04252428
0.636106616674
147.942961841
176.770661593
143.514892004
256.152306005
355.290726259
0.684946387941
53.7577297229
0.630604648763
30.7880223714
286.34651282
2426.87494519
0.619099708901
1543.21320695
79.9246195821
0.664933696924
155.57764629
291.767147731
270.882073921
170.390446626
149.82051982
202.566889393
0.719310737496
43.3222980117
45.6672272423
231.671671201
39.4850447279
61.8283947967
37.0090631165
0.832553660358
43.2544142578
0.685697227178
99.3339841771
0.629231888553
0.673955015095
0.674080041626
176.81353452
36.9046697997
52.5591062192
90.1408290818
197.087227135
201.964181787
71.8790973075
90.6888950765
88.0331086806
0.777725442708
0.91852731808
65.227071237
32.0698584778
0.854934183042
32.0767320699
144.481126389
96.9068610588
30.810197649
34.5349397
39.0015407011
76.5812663357
106.094585157
76.7835424484
0.887651158297
32.2299926468
0.842395876294
0.863692534401
0.67209817471
239.994231212
133.238157177
63.1287200864
36.2888713287
0.743025756438
0.689787257671
76.8032430242
0.45518756553
0.467550706363
31.8043995111
64.0971386835
67.0175522052
0.624514305763
192.500136403
195.44514075
0.743040045896
185.136263263
380.355661178
193.352863569
0.762417725648
181.24441818
98.2943496874
0.868730042406
0.825532787632
133.246034701
319.791827542
0.842270845308
56.805247715
0.930696466714
37.6969687309
0.809930203148
0.78123009058
0.789013522946
271.853369246
414.923130993
0.812232134872
0.795707684823
166.651692753
103.909622489
104.319949307
69.0230979131
44.6221415953
0.977562757166
42.2833117469
30.4752540762
30.2086506513
131.069807125
0.886462150396
0.892362841661
300.009514907
54.7982352267
117.582709502
75.1173705916
73.6429789354
179.972744503
37.1736305958
0.847160234359
153.559019797
0.807867039383
0.802318737832
0.780852171233
111.577208139
71.2341020826
36.7529529718
157.224919424
185.996454373
57.3837788904
68.0042753691
0.917003661832
0.953859318678
32.4922917852
58.7361255535
112.612107265
0.960069436683
1.0283840777
286.225226019
36.3276651105
1.30111202992
34.3842549522
1.1060715762
45.6505690007
1.05194444309
143.27116297
129.993479914
44.1622875134
132.420068544
142.112198652
144.774626789
225.525012253
119.82846502
43.2589927282
1.2131694828
1.11869463637
1.13215388479
307.859744504
150.726730368
31.5196071049
1.18257985014
1.14261013134
82.6060988512
40.4416435048
164.336863492
1.36385653945
1.44092416337
1.4295811961
1.44493348709
204.216121795
39.5274951099
95.1342286165
1.38723719119
90.5130744693
1.35881850689
1.25005796716
32.8400714073
151.732789371
137.551034895
1.00919541791
347.084900283
146.735606622
32.461771671
30.85653415
1.00800177833
32.2332734748
1.02244920061
30.5159914638
1.03540686817
1.11160007063
1.14032823942
31.7630641714
1.02627332604
1.02690765816
0.98914355343
41.7257210806
0.876075670605
0.872018180249
167.477454232
384.110377391
1.03125138496
1.04140050958
1.11827545566
1.08397707542
1.15116825963
315.467371002
250.06577379
1.06661249192
45.82471186
1.11899513999
1.14056428526
97.8233280872
46.0427403112
32.7732035694
89.0986930841
1.28740631287
1.17398962974
32.4039024205
137.263924544
53.8842134509
35.4649058594
1.20309670051
1.21700491726
1.14641350987
1.10936011413
131.212739478
30.4491772294
1.21995453987
1.1628305201
1.10363672137
1.07230562425
1.05353409155
2427.34817747
43.1696460041
109.745905167
396.067958908
1.14469373069
1.11615033787
1.14199246754
118.83221909
30.7940889229
1.10112514139
1.10588722754
33.0989123811
182.581962623
92.1179191508
0.829633354134
32.7100912649
0.92562390719
35.8615216242
164.32936783
246.778043018
35.4651693704
1.20904633787
74.8440635468
80.3928218342
32.6029907442
1.30506174095
1.27280796058
1.37879962829
224.668622706
83.9912163943
151.10978396
30.5955306537
1.34140146151
1.38412794391
1.46929296803
40.5273376716
31.1949899016
1.36663452528
94.7589308412
1.26633749646
34.0435409383
41.1682184051
42.1991771997
53.6302684105
81.8183806882
37.4188668904
31.7247422151
876.982927049
33.1170120076
130.616964617
79.9898859883
37.6468822911
1.1028236239
239.646694418
1.1174888927
1.13424288567
1.21458352608
1.24309541213
1.29938280968
1.31685042775
1.18044811925
1.17103873383
40.0002346315
96.150202136
88.5708236867
30.8268657006
266.792454921
238.713056655
1.16457703132
1.23403888052
1.24320480688
186.216307832
50.7355969938
44.7851476727
35.2818834673
38.2256464643
240.918142923
95.6290557121
1.31197855792
1.30810275411
109.823784415
115.75710004
31.815217294
1.49789913375
1.43402137437
1.42135261855
31.9411255165
102.973382769
59.646398367
65.6644617857
1.25147988604
1.23746758597
212.75539348
301.064610897
160.795347198
356.088863705
271.689627986
1.4347644649
137.826196801
115.71837418
74.6693009838
1.54208979061
1.59143738862
1.60103025634
176.601178359
38.9197121859
1.6916724641
1.7317317655
1.69680427009
1.80073442391
431.659393779
34.7382872272
2.98618804531
2.91584914252
138.549559451
1.71689058606
1.61462599363
62.8604331154
1.63534015261
1.6117646549
1.51816525696
1.56215755717
129.930805255
82.3890080444
35.3862112002
220.855146479
68.6821108489
33.5358987654
31.7879259892
68.8103201635
1.66114021156
1.67316248592
1.897565951
1.98967939985
31.4996450092
1.78165036617
1.73377229817
86.0078555487
93.5337439995
247.945525053
1.72363598419
1.70886583072
313.078717921
397.524125915
42.0761708351
305.363524898
219.217963506
1.61075445167
34.2065934086
95.9922628008
1.61408571429
1.60327933785
1.96876216065
1.63324814603
100.01487875
77.3931215997
1.68872034317
1.69119788871
1.65842706098
1.65111220246
122.624108589
30.4379036675
1.54780508211
38.4874984915
1.42633085665
34.3408353071
1.57567439986
50.1466311743
38.4518917662
1.70919160543
1.64599224139
1.66558601991
193.598490149
1.6793941529
260.497770674
43.0387993404
391.94326106
1.7919090172
36.5141377895
145.925515791
44.830245388
114.299195014
52.9729098737
33.8502765312
30.2146373291
1.76335370978
34.2786681671
35.2542782185
30.9512566155
36.2702553828
1337.34736586
1.64675289984
45.9878983572
95.0484699451
1.6779533463
1.69134067369
1.65738643499
1.66549886588
204.134288464
157.187195334
32.9952222138
1.68959729979
1.76564470538
291.966558913
179.602512373
224.132542467
1.86017811308
1.70438233893
1.71203675845
108.068050126
1.72266658464
119.491487468
218.201399419
48.2321782393
1.46810142695
1.51379072217
37.0706532843
1.72187845019
384.091432116
184.517923605
42.9703701618
1.85884092217
66.9194263458
1.83703967091
360.860418808
34.2484012242
272.908294572
114.907937435
124.429148007
123.118434821
1.85792912543
1.96598268199
33.6008915634
1.87126052401
61.0819940557
65.4362342141
128.572969708
95.1720921428
1.71329007175
126.20658418
146.98793963
125.961422054
38.1825003215
32.7487735195
1.90067765793
1.91299868838
33.9217894022
1.72402430445
79.8056843687
30.118482656
39.9796647542
1.76547146523
1.77192928119
1.77921098447
1.79797656779
38.2344239555
106.077167077
36.802176118
243.201571859
268.268603463
293.593654164
230.579777002
117.808584592
1.71795961224
1.73899396173
1.73165517287
56.1836923607
42.7921347033
44.1449211647
1.82815979003
199.004551174
197.972591787
1.80276759535
121.149154312
57.2134728068
124.886698484
167.211262245
1.8885992551
49.6733673063
43.721126573
2.04431982795
2.10360447566
30.4632162318
119.15303355
1.78509633691
69.4995935927
125.500185282
181.31839999
175.094595568
68.879269264
34.6727859278
2.15283908593
34.9217883769
1.42560447474
0.372014169506
4.21090284409
0.25295799201
0.259263609269
1404.88285138
6.26701475566
2685.71086592
2288.47956015
153.280571521
5.42057650241
793.572505212
100.257707876
38.3972311945
4.54017383909
160.117330368
3.74439596774
74.3903690492
171.781022286
0.0
30.7534502255
40.8103837268
44.8836570348
47.0144360369
46.1903607449
0.0
0.0
38.1459559122
0.0
69.8797264073
0.0
0.0
0.0
0.0
0.0
0.0
0.0
0.0
0.0
0.0
0.0
0.0
0.0
0.0
0.0
0.0
0.0
0.0
0.0
0.0
0.0
0.0
0.0
0.0
0.0
0.0
0.0
0.0
0.0
0.0
0.0
0.0
0.0
0.0
0.0
0.0
0.0
0.0
0.0
0.0
0.0
0.0
0.0
0.0
0.0
0.0
0.0
0.0
0.0
52.5245255727
0.0394799795909
0.0409429180024
55.3677119452
30.7769990978
0.00473502672863
95.9548270946
162.192353772
131.313694125
93.2791788687
89.82667213
803.619204599
0.068887956782
0.0973317752861
270.966570532
137.227869826
32.2267634074
0.117718399441
39.4893397284
265.488149591
214.98022712
204.065094481
78.1591899771
0.212903216484
102.327746216
0.0943387833591
0.225506747478
0.162851007882
0.240803640642
0.239736744941
126.611085
148.50684581
0.441847358919
0.453949358104
0.243670960483
79.9486368623
50.0919119223
49.3568052017
66.5858908351
133.575436693
35.448164862
0.491945441925
94.937725896
0.431075936478
0.449777515533
37.1281531075
54.1871909229
0.39125122401
0.316039954086
0.264283028373
30.5877668464
3086.47424614
0.305670664731
0.287681205499
0.468788499454
288.621503673
52.194313223
0.369294045165
159.383218356
112.89714013
233.340427546
0.292370601671
33.6689085874
36.206905548
40.0110057897
126.872559032
101.237659178
295.603739076
112.901383935
60.5290667534
143.765859082
53.296092
0.283499397635
37.8873867995
0.249939677286
30.6218829616
0.320200767951
40.8934154448
0.362752064295
0.341751038471
0.394749272047
0.364445149563
33.5759965574
35.493755013
31.5264070281
95.7831914511
0.352587414919
0.45531717936
0.450857619083
31.8454021119
0.431664925903
31.8046940845
69.3059705937
0.457953776854
31.9735708945
45.1349472278
97.2837212699
0.581805529306
0.512527592458
32.5074220282
0.524991170101
0.270997115825
0.260207468582
0.29758990264
0.286776148071
0.298886432109
0.322608376784
34.2621457544
40.4712906672
0.530842721137
233.284180012
32.5331859325
84.6685922338
381.771782954
215.574780044
157.985931661
0.353801070744
0.368791209443
62.9369681609
68.5524274497
46.2340197415
0.415863238699
87.5258804921
37.7032119543
63.8018405585
46.7200065416
39.6782793724
45.1162404821
0.514729602534
0.372225377152
117.516601754
36.4093420017
32.4441824023
0.43589869014
0.438186232113
0.319454223721
72.9837790416
0.30215954037
115.387881915
201.465982933
0.366771537327
0.348937156006
108.742862931
67.010183368
132.475735379
145.477821422
116.346614687
87.7261198914
101.009376117
35.7621915277
0.353179171484
96.1237016722
414.279207617
0.369100716204
262.20949098
112.938331958
225.719317228
0.610265452964
140.498408921
0.653219980479
170.99689125
285.988826957
0.461535013194
38.512449014
45.7979916494
43.2168744382
47.6898503922
60.3634517559
63.2984902882
158.961993745
125.158822435
33.1106932694
86.5210980797
53.2165450771
0.60995088418
59.3608270275
116.835949521
82.221499906
0.644073672934
0.651100019252
0.625925121013
0.694713129985
0.642525169203
0.692127956234
31.7518995127
0.99026700648
38.5358581908
31.0164701818
34.951738799
39.0125470448
30.5439108627
0.799111790159
0.762594965204
0.748997159408
47.1953974151
44.5610808354
0.952905885398
41.8034777808
287.120459105
451.39365697
410.62229293
1.0153060677
0.823603814388
1.12286434237
32.0194816286
1.04638204188
1.00373024903
1.25999422874
1.31100572734
42.7066591898
303.48326927
1.27577734821
61.6528541001
0.972165447051
34.7199941093
1.16677297535
1.16314421478
360.141614838
0.981029487178
46.1213547451
128.485963947
1.2160334185
44.6917366956
46.4578033309
125.543267808
1.11082155467
1.14346871251
1.26623091191
38.2716240665
276.55864231
0.932423330196
221.538371479
261.312335295
83.7002472144
0.785522955145
0.785546979119
31.6167720184
32.5867709853
84.7842441646
148.19689777
101.06514077
96.9496313481
31.9759363536
160.884432016
62.0472676983
58.5206813515
39.7340163991
0.73980109493
0.712229721709
0.725503462938
207.117159141
2360.36714588
0.845421152227
31.4212211482
147.178846932
181.779547358
0.904078484544
1135.37599431
342.092235662
30.6725066213
43.633329452
38.2723305555
31.7327719734
55.4183659528
0.989567169493
38.442071051
0.826622849582
90.3080612557
154.631909535
0.906748847258
50.3079109128
128.731383262
74.2554768513
258.261492205
82.6776365785
105.072890198
67.1807878643
84.3331632616
38.1086326525
44.6469932095
35.1572932774
37.780998919
35.3989070939
35.4673411178
0.874514586615
60.9174219358
58.2961473317
34.2217178484
0.725646594984
38.7662623947
0.81890807304
0.946192987048
49.3630298336
90.2334906665
132.404051891
1.12541509937
113.640892685
47.3983995324
1.13530018318
1.10329486686
354.539987477
129.858732829
0.929523510037
33.5672771676
30.283721615
56.9339224282
0.970233610233
0.980066484725
1.02834946389
1.02495184324
0.961569182095
208.276250587
205.394246168
263.86032419
0.978886754723
445.286390183
0.958492907912
29.8423493712
104.654197418
43.8442113253
0.83715608
136.489425571
64.2370269452
145.024018873
56.1081531881
120.317894422
229.443724915
195.014151118
75.508683752
325.876429654
33.1431644836
45.7162717945
1.00204327118
0.964285167249
38.6351508918
30.2106314592
0.913639960795
0.901945546968
39.8699781979
49.3522468883
0.941159157835
81.8520678347
1.03748303027
92.8803703257
74.7334339813
131.227892994
39.9952341844
0.915996877374
0.900157064222
0.915605412603
52.5835616128
41.8199719612
0.970863480576
0.967419959037
83.3358279512
128.659106394
158.108180692
1.22508046028
99.432533914
33.5652465247
0.958239426309
32.5302614117
168.229044553
375.268076638
0.814016209006
31.73365966
0.798724184838
166.13756037
109.184828224
0.130695111916
0.100986337408
50.3409191748
74.8698288823
42.3955049018
50.3509747293
0.204646741229
0.190895211312
95.9265078861
65.2592546291
30.2504530969
0.210988634834
0.330678253117
14.1113327137
12.6778797299
13.2082501188
0.104500878024
78.5165979283
0.0809889094707
17.1173724443
52.8179129182
122.540095688
0.224364027344
64.6748098414
60.679886739
41.7697714742
43.4295017809
0.206520072042
0.180400182126
0.185374720159
19.6496673066
18.1362634207
0.320227576304
0.209405890626
13.142888357
28.1017621648
45.5358205509
62.2326881176
41.7911355849
16.6712991766
0.148322689349
11.9241468037
0.162622804296
149.863157317
11.5459851713
100.666610817
0.164141439379
50.5293751805
38.3381492893
16.0218179382
12.2288602281
27.0801381697
18.9391743803
0.197758162898
50.2888173419
42.9609348692
32.7282062264
0.0385733398429
0.0549817551812
0.0660376229371
12.7294508804
13.3338133118
0.0481429773092
0.0486757530326
133.466834466
0.0237732317127
0.0484822554272
133.767529654
0.0376738499721
0.0988335273996
38.660746309
148.842344631
0.0594145984783
0.0461084169456
83.8133135458
0.0580315469421
41.2681388721
198.570899401
0.0411720176693
246.308959872
144.786266819
197.998960507
0.0591360591736
24.5635285263
0.143262986583
0.131794870627
22.801131229
47.7613422371
71.7268882649
116.305274079
182.211627995
0.0270006492459
39.0894856208
63.457599331
27.2916022776
0.10337019572
33.6033940522
52.3264013673
0.336125579962
83.6700565698
79.6163360239
87.0056543817
19.0450876518
55.9866920111
91.3397720402
59.6735326233
21.1307454609
36.1835234462
0.278185611836
11.9998520792
19.9472068409
0.446699133393
0.495176722818
80.7003624843
21.1437707542
12.3359693377
0.707768694832
12.0779970659
168.103052827
108.250723889
0.501275114285
13.0461518897
0.472664124957
0.666307374268
12.4682506669
23.0354901936
39.1744830434
39.3453439913
12.3508669721
0.388681923452
0.443250837387
12.9227654028
19.0560555529
54.5206164338
19.7179232968
15.1036453648
44.3649556666
0.362760380547
13.2330906939
48.7459349355
37.3678371692
38.2951786846
39.5171307436
27.1443988733
38.7604830305
37.4425066459
0.332013935238
31.8444639892
0.553999001692
44.5961163424
0.331537825358
0.301502307258
12.0548112646
21.4620407522
11.7786810196
44.7660844921
45.5990194245
17.2977707069
17.0959150609
18.1379291765
12.8428656388
0.429124434256
0.38564491724
20.1956850462
0.407780312898
48.9180527542
0.304529329783
0.335794077661
18.0982096279
0.32533584544
21.8880042516
22.5984842835
35.2657038047
38.2000033781
0.533754853622
12.8611041756
0.832855944885
0.8314864063
0.821341032668
11.9116249543
0.580182034322
0.5539767399
0.510837554134
0.553003753949
11.8605891895
0.555428290633
0.489010993537
11.4501552023
13.9566240203
47.4099620888
16.5474014779
29.7530818861
0.589439711422
0.765797525351
0.728280093592
66.9818255968
47.7012619247
21.12925292
30.6099118983
37.7854872141
16.3141888855
14.2373948696
20.7402802523
51.8625441481
20.4364337759
12.9531418531
18.6840081496
33.4164298154
46.6412273362
71.8196170321
32.6437121928
21.0244176868
11.268941967
17.004642116
18.2169542744
20.047904342
0.50379067496
15.3237123216
36.4206870652
21.0209383499
35.5834242505
24.6061313948
40.9089768801
48.8288659851
48.1620266645
44.6829603547
36.9903627661
11.6824008667
0.630569159568
0.612563121637
0.609699716933
16.2358607582
17.8145981742
1.22132981216
12.2377516816
1.03617182305
1.042023231
0.632160704426
0.68891019534
15.6993238371
0.630952199088
0.563993676461
1.05590644256
1.0158793347
0.971228322487
0.355429551687
13.7598162754
0.417647176576
12.9016211687
16.349216551
1.50103356895
0.786242343296
12.1593365142
0.783633222283
0.806811443429
1.02290094852
0.896053064503
103.460086487
156.381824605
131.826928741
71.5295056711
13.7391768847
15.3759737607
33.223334381
83.2502181566
85.5555179912
59.5594313272
61.3088834134
96.9677621803
26.8546997144
61.7055653339
0.944641620823
1.03186958489
1.0482814553
30.8765057108
15.519349513
20.8428111661
28.1570270529
11.8621865092
37.5941622771
84.9616201605
86.4295595799
79.5377974084
1.08776909262
1.1297717865
1.2550598388
106.780698329
68.6293816219
73.0267215326
430.464681934
1.06465250621
1.05149914678
1.01696819675
14.6927102578
28.3206698101
11.2078370089
1.22281330734
12.1926165619
29.1550497102
32.2331946628
35.3882775732
1.3290813361
15.9703412867
28.3558660937
17.4978452793
45.5450552034
18.2333783772
30.1807903963
11.951983052
104.895915131
1.20413746174
89.6339831938
70.5707032132
17.8204091444
1.07212064056
14.4606646926
1.08524519082
1.19000586026
19.4258964864
20.576082012
24.7525128247
42.6241385811
1.18016417381
19.9891366544
21.2714979555
37.2519241615
0.983977737801
1.00513872953
1.04170647202
18.1392124477
1.13588166502
1.08670869426
19.9232946891
12.3502573345
16.560180095
45.2461447999
37.9763492757
15.6139222713
35.4704345068
1.26671964893
0.862672204915
1.11483950904
1.10344590593
1.0707990456
11.8711662521
21.7726292652
33.1118647626
1.19117487795
49.53341476
45.6214741412
24.5911496938
79.2833888009
16.2990663394
53.096396537
19.7715432947
1.07371530722
41.0673415124
14.79646674
16.1239213976
33.7957338988
16.1908722315
12.1389317901
22.7628528293
50.4552825723
15.3217767783
41.2097688144
1.09077339816
24.578905142
44.120362367
47.4960093466
18.7664020592
15.8000043673
1.20510094927
1.37749806735
37.0098768993
15.0726897841
27.9995461578
1.69655611416
1.71202629476
1.25295739059
12.7036107909
1.25200141865
1.38328854482
1.2092973155
1.30501201334
1.70492625603
1.77587961709
1.7870124261
11.4919681559
1.39964569037
1.52876519162
1.51181647602
1.57448386569
1.33532594291
113.70048972
11.4023890032
28.3118267065
29.3872664845
38.3828059514
43.5464363682
13.8520265126
11.4101229898
34.1294058384
10.7395193345
0.344613813036
11.9303589237
12.8562504519
12.1858028755
15.1972315964
10.8627323052
12.9934235498
0.181852326898
0.138429392228
