0.0
0.0
0.0
0.0
4.22691354644
10.6459987618
23.7540876612
3.74209186258
22.6922373536
29.9457286268
10.5476373652
32.7876125637
19.9277262612
7.24491740021
15.0634192032
12.3626934404
17.1721020582
7.50524970588
20.3357934878
27.8170178564
28.8124344638
12.5091575465
31.5730577394
16.9926309481
19.7637484542
20.5631038231
15.8595429928
16.1285985419
14.4790886064
6.23817061153
18.4664010886
4.56961949949
0.00131944765028
5.38515472444
5.65828310701
10.8691186151
4.56815076428
16.8965196896
32.2239873927
20.7049951841
24.7085418278
33.9835941387
39.5609960206
17.216657802
16.3159646577
35.1205156922
34.122361375
17.1416222486
24.3264295999
22.9873524759
0.0
16.9340705195
25.0324039705
28.4844665129
22.1600417734
35.0039621754
28.4506921681
42.0791911679
20.2229929189
31.1095174498
27.2794668575
0.0
76.0632023148
5.40228577076
5.01167705616
20.80377343
24.2646566423
48.1207820403
0.000432143701083
40.8542716683
25.5393976009
36.3741879256
45.9375241813
28.817776402
16.7363838214
40.8085905282
32.1970374172
35.6877110219
15.4829825054
40.552574157
25.9278049795
34.0557485155
29.622558686
20.9926313784
42.6432430435
37.3274022713
42.2098364086
23.5844415829
39.4529735674
22.1978213785
0.000981638356028
87.3590741615
46.864802098
25.0177488161
15.751899825
4.46518987157
0.000685897862819
6.03482981798
4.39419249847
17.4185667107
5.40146192128
12.3962740731
6.1245693642
9.11070297216
30.5844216509
24.6979399194
29.6195632855
21.3136042561
22.3489980801
21.1280028314
21.8200957443
6.43498610202
20.5892336348
13.0037970793
19.7239497361
0.000905811719648
34.5502595251
0.0
14.2290331389
11.2946417126
9.55614771117
12.9071191614
43.571705188
0.0
3.58844584809
0.000410194545636
15.525542314
18.5853158259
36.989864865
39.2618309156
9.75106590897
18.298064539
10.4423895399
18.8340690015
33.9610605542
21.96218867
26.5049322722
8.63618224609
10.8814757971
15.5597615165
11.0616639459
8.46545950683
4.51343186411
6.25464470137
0.00101839348132
6.66693072757
12.0019826741
17.5977998219
0.00248600021462
9.37594646305
12.585661116
5.39770663608
4.42435453659
0.00202502085463
23.7826397157
13.068972668
4.10466198358
5.37520084179
6.31247090304
36.635662842
20.4859897408
23.3945497094
4.1706668628
15.3540201736
5.0749817075
24.2540822925
16.2293643778
12.1204009301
14.2350737921
20.2200119028
14.985161971
5.56285407301
11.5717438755
14.7776061736
9.36098926751
13.4408862109
3.51275052286
5.36809056656
4.46713948073
14.9106942733
41.1567585165
8.26581398898
8.1509885216
13.0040103957
17.5550433385
21.378782509
10.345004378
12.0765890813
3.43467925236
6.30479243508
0.000573502123352
19.594718382
25.4736063318
26.4887291876
37.0795933291
15.7615863847
0.00100449550725
33.1246858259
33.4686710298
16.703373291
24.0976770964
23.2224476495
0.00207343353521
13.1852719271
0.00222219751245
23.1600033949
21.260196867
37.3371872945
29.6084982233
44.4267801336
22.0261736077
41.2013043916
31.7910169813
5.9208122582
95.4972190716
0.0
46.313489766
24.4745981505
0.0
4.14487895704
4.85343821951
15.0715603004
17.7369515579
0.0
0.0
10.8575766922
0.0
0.0
0.0
4.9505032162
0.0
0.0
0.0
0.0
0.0
0.0
11.3301679355
36.3031215206
57.7944633084
18.6519564972
22.8905778244
226.250488269
18.4869144623
25.3738594523
1216.27336101
0.0
5.06036205275
3.36005696713
0.00251751180097
0.00230625062913
0.00199996011602
0.00158997900501
4.12101443605
18.0894089533
12.599734732
4.33864808785
11.9116774569
0.00260456410805
0.0041734182444
5.53729084389
7.20070512622
0.00409596233216
3.94051344708
0.00430469176348
7.58412901891
7.6626287778
4.81770671086
0.00638414311928
4.0344382419
0.00659863679992
18.6607068075
6.03604659114
3.77221297851
6.29611739793
9.61424387098
99.2195726003
14.1014043738
0.00170476844545
164.971617463
96.6631611962
55.9263731698
26.9332072451
3.44600534287
0.0
0.0
0.0
0.0
0.0
0.0
0.0
0.0
0.0
0.000630910591202
3.57328135948
5.89804064759
5.9383661231
4.90643429032
36.146726635
3.40654386598
4.31622786284
0.0170988819702
0.00889581859664
11.9596776036
6.20046699188
9.54316515222
8.59351271388
9.08605767349
7.53817857888
3.89805094699
12.0755529336
0.0126215742665
6.31384793695
6.48395476541
5.86198961478
5.29743092908
5.73494031317
4.29854390009
12.6393543754
13.749033811
0.00433324927346
0.00412441382533
0.00527140829455
3.94663126669
4.16289990026
3.74973078627
4.59350445946
5.45971885232
0.00678918247612
225.571321964
1412.69261827
0.00140571286199
0.00333894956247
0.00367788727931
0.00230151244092
0.00267074591654
0.00464446577557
0.0039102071516
0.00706379422811
3.34015127268
32.6582570564
11.3836832317
14.1752978032
3.31102116007
0.0
0.0
0.0
0.0
0.0
0.0
0.0
0.0
7.14144809981
0.000533917434234
5.86856103356
3.45268066669
10.5479018118
0.00145876414139
5.39578490089
0.00208464309398
0.00161643456313
0.00274501654742
0.0068389776328
0.0104700332949
0.0103063498041
5.28425972218
7.95467923956
4.91276421066
0.00417444638153
0.00332981376918
0.00350146654854
0.00560081650355
0.00373700812142
0.00327142290366
3.4029942587
12.4897950784
12.4345983128
12.2274497163
6.00711415658
6.63646037897
3.35510215001
5.69356975558
4.40037109418
0.0353267313011
0.0386841229199
0.0222596231696
0.0327739156968
51.4150595466
12.4063007015
5.28733400032
9.16128982955
3.36610617864
12.5124601731
0.019786453685
0.0169026863612
6.05154021615
4.69280115416
21.7323922345
81.7918027827
26.9100934635
195.272775714
139.732026106
95.8818291305
61.8603475093
20.6362121064
0.0
0.0
0.0
0.0
0.0
0.0
0.0
0.0
15.843939283
9.31468111457
3.80229087877
4.33861639037
0.000933402536491
0.00211267404758
0.000882746084574
0.000674172081416
0.00566121234858
0.00547920637884
0.00742874022154
6.32974958051
10.7379772422
12.3217366663
0.00264662475408
5.9922827754
0.00489277984532
10.1010216024
3.74303914423
5.95836172112
6.13477399972
8.75778588296
10.6783423423
10.6268991823
5.55798710284
6.44888455831
17.1194602778
12.8338861686
3.46922728106
3.75468799635
27.3216099008
6.05391903156
16.3965474632
0.00756001499823
0.00628817048003
0.00269235130443
0.00324922884914
3.46516816572
7.31295051145
4.19446178722
4.45238885939
6.88167432889
4.34961908642
6.74633288742
9.67468329439
42.3700564597
0.00628124587249
0.0125426892448
0.00860195592756
0.00240365389651
91.0663253285
0.00141963845141
8.92334903147
0.0
0.0
0.0
0.0
0.0
0.0
0.0
0.0
39.9087609997
77.5112866826
119.50301531
164.351564096
8.56328796673
3.30173447242
3.54430653492
0.00328715486637
81.0552858471
0.0195558557957
5.38023648749
5.92798681023
3.83695584702
0.0382087018905
0.036466220567
0.0460015183735
4.05671069883
0.0392162808604
0.0475785162068
0.0398338815143
115.814340767
24.7429164391
4.00491954333
3.84567763251
0.0455488585415
8.31243666396
7.13094907356
4.40593252204
4.66113431219
10.5988476058
4.27645213991
0.0233320899651
13.4163538659
0.0303165254269
63.2037981168
4.35891965268
4.95093314667
12.8992408423
4.97217529231
36.7381811396
48.2117398798
0.0314472680558
5.40669199944
4.20626924792
4.32884348287
15.1552486424
4.75845423092
0.0209175778671
4.17025501909
35.534574205
24.6758592272
0.0189114783446
0.0328237483156
4.76297781587
0.0517161959833
0.0496854122433
5.92027757128
19.1856041519
0.0363545361973
4.32444865739
0.0161151017599
0.0310520730709
0.0192203851372
0.0275205012454
6.08418070053
0.0406956894698
34.4845016873
9.62481643959
0.0370109629881
0.0453535766683
4.16141756463
4.51940148476
6.39308824429
5.29419443119
23.1525230823
0.0289713797029
10.128553217
59.4772770162
5.13519374292
6.49248668897
7.55485233933
42.0115879019
20.958460892
17.7671764121
0.0335627214936
18.4671965267
16.8713805656
6.56306527174
6.28478055164
4.73747975611
3.51381915969
3.81710276662
3.99031049608
15.993516955
0.0358168753269
4.10648561577
4.93422853314
5.88995861281
3.60517745308
0.0491881396791
12.4631067183
11.2521054377
18.8766340185
39.8365131336
37.5729231009
0.0164753800833
0.0234955655436
3.40204914426
4.54454978428
0.0451704246716
3.31099076986
0.0709284525004
0.0730078041297
0.0700622953242
9.94720124018
19.0366361687
10.4520418107
23.1386507171
14.5608611057
36.9820098661
7.003946997
0.0204701687467
0.020928548473
16.235778358
3.448026661
12.1191156908
0.0636660976461
3.59611763085
3.83525967052
13.4255499662
4.79039015935
0.120143313766
0.101785278423
4.29709810933
0.0225313331111
14.6366036502
0.00989227247946
0.0115242955013
53.6406766814
85.1364322675
0.0106172954817
49.9172073207
0.00814740808073
3.36207981427
4.28526854127
49.5781125509
0.0268155635592
6.39994005353
3.68073705576
8.69652587123
0.0201683834009
3.62011155835
0.0141847427941
25.0350761257
4.19132392132
3.88535193868
4.07805496632
0.0143680395115
10.1652269575
3.5427856553
0.0127019072586
22.0744442509
72.7903456343
0.0183671134611
130.190012669
0.0521600633457
5.6391419545
0.0469149257839
25.0819720881
0.0172552626983
26.8587834837
0.0253686734053
50.6585953341
18.457422056
17.148043226
80.0065632367
10.8730962357
9.3234595202
56.1447427843
9.01697017115
3.47761993092
3.30301911223
7.91344917533
0.0865459959059
13.5350331939
4.50339364801
4.6851103724
3.96512649109
4.74522896668
4.8887771527
0.0394788367709
7.85510771425
0.027944064423
0.0188957316996
11.4243660497
5.73792735268
3.54579414232
0.0296404842379
4.18684489058
0.0281236351905
0.0213922953529
11.1114801658
5.06347981636
0.0205497365759
5.4345437043
15.0363324529
7.3891568951
7.55694922371
15.3034112364
6.1181402826
14.1360142034
22.9650159497
4.46642329883
0.0155951952601
33.8587049068
0.0146475453741
4.81628688068
17.013218014
3.40166512869
0.0306941021637
3.9264886305
53.5976109322
10.0996651712
19.9506513321
3.93434401878
10.9502174634
3.78545192507
0.0422715178699
15.8238980737
4.98539308809
19.8298530949
5.14159167362
3.93282847195
4.00771678535
4.00726726756
19.1322814563
6.10962087188
33.7377146336
0.00292398744543
39.2347209217
0.00434013171869
0.0
0.0
27.7862477905
63.1402849341
0.0
89.914614991
3.68224003067
47.7182485889
15.9184415357
9.84798036507
3.9508962089
0.000846170408645
5.02669885097
4.68227717754
53.4028097952
15.8969384898
0.00783580352612
0.00192313020225
3.77581184035
40.1919473393
0.00457722213007
0.00632679992719
0.00552325254164
11.6327804968
0.00782237912173
14.6825418129
6.48729259773
9.7590810292
5.51894790085
0.00979270824184
3.79784871132
5.62794127656
4.26574490985
0.011283869041
9.33429893965
0.010588022362
38.1383722823
141.462160737
82.445203655
20.9238024105
5.11777471476
36.4088828232
10.5059396957
31.1527281963
0.0151022834767
20.127065864
0.0385210556194
0.020609755499
18.6232025207
0.0198761446452
34.3409741233
4.90498704894
56.7335020765
0.0138867353678
23.1584537428
8.08628145054
0.00508769747867
3.87436086343
3.92750385687
29.8878682827
16.4573798813
15.8595542412
34.4055612425
0.00907836458882
8.99427602025
3.33785613482
10.0725673091
0.0161799024616
0.00490964715746
0.00770360291326
0.0101099389414
0.00681050433243
4.32404736622
5.12800719863
5.92928252495
8.66456919279
7.36103173028
27.2736850538
8.78246872723
0.0057706736431
3.81488757067
3.80436145298
0.0235466133099
3.36478055536
9.53621376566
13.0674808488
6.44150454896
11.0136314125
54.8039502991
8.26377157543
3.59758444234
0.0147307999582
13.7789471413
0.0237140444495
0.0254326928205
16.1589556738
0.01716466027
35.6340733318
10.6787376067
13.8249403932
3.37066662609
0.0069623682993
59.3940254245
0.00818112963915
9.32630602944
0.0078255991075
0.0124201226525
44.3670518902
51.0433159624
44.2628028017
80.2789992152
0.0137242451851
76.3121856711
19.6187779877
44.8453954881
14.825151002
3.42978722015
3.72280136901
38.6591756913
11.7204066189
63.455136731
3.43208025879
20.4442673443
5.87156899192
0.00145691507682
9.53163094265
7.98808164532
12.1480655255
0.00760384132625
3.35667151778
11.1948669771
0.0123184898381
5.3688416524
47.6648777176
0.0191561460929
83.634861875
4.25430867896
4.76831858532
4.63877452409
3.82906449444
3.70118056249
12.025695639
0.0136188625049
0.00853507685162
0.00972686624806
0.0100488690574
4.22897963117
18.5784135701
0.0116129305002
4.35840990498
41.2992028223
0.0334671826164
0.0131171735184
5.61373452492
0.00901621936612
0.0243272301641
9.3894053518
0.0597067389319
8.51373696737
10.7797244151
19.3802148708
7.95240778454
0.00791992157794
51.1465268131
6.48899142723
3.8349782091
47.6260948248
38.7103286389
0.012542508525
21.6364190722
13.1010543367
14.8886620272
0.00373263143652
80.5913019418
0.00369968905374
4.03307893764
3.63351278738
10.2126333555
29.004166875
5.90772593893
29.6403876323
105.49042436
36.2318247376
0.0
0.0
0.000640255706907
0.00408085723736
3.59042115053
5.64205240532
4.4779658517
5.73308536243
0.0175028554036
6.8211756936
30.751032879
3.62507509391
0.00731577308924
11.9320166092
6.22226434975
0.0126708414844
7.44155938144
9.90471714686
0.0107977123112
0.0118259077129
10.9051687267
0.0130102978479
6.45790301175
5.88193615231
5.58145180087
5.30404717061
5.46731422804
4.20103855507
12.8922644627
13.5336250493
0.0134060866208
5.03569244541
3.99833607658
0.00684340716155
0.011580512399
22.3078659031
39.2754637028
10.2019071302
0.00467682619391
4.04658046518
0.00491681698962
41.0655646499
0.00708584660668
60.4586056201
0.00986724507126
3.79834789105
6.64015145283
0.023992034734
54.6489601965
0.012249976147
3.84099470247
0.00509556579346
44.4779264364
6.36525984199
0.0
0.0
0.0
0.0
0.0
0.0
0.0
0.0
29.1276985407
59.1068696707
101.935455554
148.945602507
72.7561788711
51.9036335619
3.51388135841
0.0107482823762
3.40862753946
40.4077923756
50.3365067406
13.6386489722
4.08061795469
72.4641091468
0.0162537963657
14.8014931754
0.0467999630919
0.00975445071774
4.00882110302
5.07979041211
0.010839435354
9.36132122104
0.0168114100002
7.49184696729
22.5198418955
0.0260686411644
6.7001565612
14.9049607727
10.200182422
5.3426208362
4.79433903771
0.0183087960301
3.39691260182
0.0241076019953
4.15040012582
0.0452303746365
0.0226339817252
4.67830772634
0.0452507789679
5.02808963862
7.00622944135
51.7534596715
11.7368138565
11.3992500435
8.1292186659
56.3732158563
0.0222880922344
3.5623926312
33.9021142549
0.0141841215165
0.0228031112952
6.33098898297
0.0487758109033
0.128353426867
10.2383485622
0.0529987876629
0.0502819643644
0.0511648429684
11.774304171
0.0485098880931
3.43009814618
0.0393126217408
0.0267257919705
51.9155262596
4.38938982154
0.0319784639987
22.7579328553
0.0411569056523
0.0411034111442
0.0453780583742
18.6184453881
19.8901376527
0.054954549541
9.00159129776
12.5137823809
3.40165039733
0.0614261487498
0.0588186816653
13.2384173934
9.2047881667
3.60923222058
21.679673467
5.1117633069
5.14973893796
11.754089642
4.79361589353
12.9451424495
3.98175927066
15.8057172004
15.0330799746
7.41175531244
3.85648087877
0.0388309202354
16.7762673836
3.90086195598
0.0183662383531
21.9256649027
39.0029835236
20.255358257
34.5774759484
50.4538855887
40.6918686036
7.54129788928
9.95077391637
7.82985767462
0.109642331117
3.85347369522
0.0351901209537
9.18197417594
0.0157789607804
38.4853008637
5.74338758887
23.0596693329
0.0198679395862
14.8809426924
39.0293361992
37.9639653448
9.88715979561
3.95278340907
26.0338269195
50.055009921
6.61841734441
0.0280389420324
3.41197750737
3.87972277679
3.70911396262
0.0361868946588
0.043154940178
15.7355768666
3.87400970911
28.259238796
15.3496068444
24.1397179742
0.077537834479
0.020751343687
3.45225761589
5.11466373721
0.00626487371617
0.0127359837723
12.8074536848
4.66802988447
0.024712973005
32.306936827
0.0314529389398
0.0320922154246
22.3591638776
0.0222844919207
18.4176497084
12.9458625607
17.6232635295
6.97860642211
15.3435088056
4.31283423923
3.38478352387
26.4056712735
11.2566716722
8.17910267463
0.0268039391442
5.66690795502
0.026231119274
25.2670474886
21.5346683011
20.1992325386
5.67834441976
4.77287578336
7.61879434897
12.6829531599
0.022623596434
0.0229868867374
11.6684967282
0.0246365325151
0.0258387222314
3.69217882349
0.0249282008713
0.0269110795893
3.49636498255
7.33530128562
0.0249593217511
0.0233837919083
0.0244821983332
0.00979510953196
16.4299244008
21.8501934934
0.010887150794
3.83519954686
3.44934057063
6.37990202331
0.0636052661218
51.7333664482
15.1974313407
0.0814817270034
5.50798318088
3.94831490519
8.97982993135
0.0247708566886
0.0224836459523
15.5676560708
9.75286919266
9.82003715746
0.0445434117861
3.39395772524
4.84400147987
3.78218171228
10.3206867141
4.82691451178
11.2740957258
4.8008000029
14.9342219597
23.5612177586
16.8577616518
14.2896325672
4.89037784935
0.0177010012347
17.5562083786
11.3045638711
3.56435735425
0.0130027081696
13.4562856052
0.0240289894857
15.4065269438
22.2261782365
8.54994437497
18.0801576245
0.0302355979188
11.8556081722
0.0341745268959
10.1195772102
0.0292906167862
11.3859810796
10.8299737508
10.3730447436
21.4169176569
7.38671153825
4.01618795494
0.0
0.0
0.0
0.0
3.91705132412
0.0
0.0
0.0
0.0
0.0
0.0
0.0
0.0
0.0
0.0
0.0
0.0
0.0
0.0
0.0
0.0
0.0
0.0
0.0
0.0
0.0
3.60951162126
0.0
5.211901591
7.10783047115
0.0
0.0
0.0
0.0
5.48731055146
0.0
3.57251392932
0.0
0.0
0.0
0.0
0.0
0.0
0.0
0.0
0.0
0.0
0.0
0.0
0.0
0.0
0.0
3.62405737009
0.0
0.0
0.0
0.0
0.0
0.000335880774215
0.0
0.0
4.1092284152
4.84866920773
5.42263164334
5.79844966684
6.34274299697
6.5074118652
7.58478982801
3.63332655405
18.9062043808
18.8162122769
21.0778842775
22.139583996
21.5264263803
3.49305177647
23.9650722874
24.9054959931
5.77706362684
24.8644159835
25.9138120356
12.9868846657
46.3994423198
0.00849621443501
3.78249430392
28.2344289792
28.3372008092
27.6478076128
27.2014659182
26.6589102103
25.361980199
0.00374747117435
22.5814601315
21.7731359608
23.5364786839
0.00340806720829
23.0877400724
23.1633327618
22.1692471639
0.00299527744875
3.32005439573
0.0
0.0
0.0
0.0
0.0
0.0
0.0
0.0
0.0
0.0
3.89509074444
4.28725620608
4.47790580419
4.87424035544
5.56445555189
5.6400901432
5.40820754406
5.76905563473
6.62752884741
6.22520918528
6.26923668744
16.4756076614
7.04873665949
7.287256597
17.4200919694
17.5359748817
29.4938380066
16.9207236306
28.4034746419
19.9468830581
8.32747957874
20.0579780893
19.5234846913
8.16334311034
18.9266918713
18.1200891427
17.8407666026
17.0398643912
5.60997616331
15.9500185593
6.94370368972
7.05327155378
6.51503690912
16.0079396759
15.0768505937
15.6005209555
0.0
3.97938913219
4.75640745525
16.0018761451
16.9759355038
17.023828105
14.9937021427
0.00318987000838
0.00259451695446
0.00276439569883
3.90450429062
4.09455337098
6.26593593832
18.9940321558
45.3429654137
16.2945217499
13.5216139567
7.62622590956
13.4243008806
7.08603859671
7.79568611083
7.97492404642
14.9697893342
29.5063267249
24.416546585
0.00965098582434
68.8546747105
0.00877483664137
8.04884531415
39.6678718762
0.0127445343086
43.6154195586
13.1757695597
0.0280118304297
16.2018932452
20.2221170795
20.6134017239
19.2834702722
0.00823429149423
0.0206012940963
0.0228949837052
9.26249292028
13.3473316005
0.0420219125636
0.0316765424039
10.4150974252
7.48000775764
16.7499582653
13.1061656312
7.43006635998
13.3958255841
6.7477349485
7.63184629714
7.82648619393
7.71055926775
7.48861446083
7.25585392879
6.69159766493
5.89326248354
0.0155491728465
0.0147697475669
4.66552259922
4.48460112673
5.60431224604
4.85105735456
0.165836166346
0.0754002806117
0.0777852558989
0.0633203864868
5.75768846713
3.79962723276
30.2159358142
28.7782677219
0.0584419110062
3.98024768672
0.0441255133763
31.6009910301
5.30551604904
0.0495098628019
4.73394809525
4.48281558907
0.0420272838115
0.0188517091967
6.38532385859
13.9874370692
0.0188804707966
4.16754415824
5.63740587353
0.00803693003145
0.00737630094504
5.93912109546
0.0122666287016
26.8741807946
0.0119991270451
0.0137007536871
8.06400269127
27.087429208
13.7056496304
4.63883495477
17.7875444486
11.6214713279
16.2148790832
13.2085894873
11.6571046698
13.9033644019
6.75697208087
7.33468939875
13.991707718
7.74294662844
34.0079832603
15.5321423956
3.7839561406
16.6960683043
0.0251029745398
15.2423202784
0.0255007497644
98.9492960955
89.9897871329
19.7174195387
3.75575083052
0.0183507401005
0.0190328078982
8.32570512711
8.15418635944
8.02721615056
8.53074919739
13.7801477683
18.2160735115
10.3115297845
0.0674875185954
0.0523025184718
9.27076405799
10.239629305
35.2452747398
19.7254092238
0.049929308712
20.4631871385
7.80385187929
8.03503424652
4.60018285877
4.82794449103
4.89167995767
21.648331686
0.0381224119982
5.19355230776
4.11561394796
0.0727643304345
31.3587000669
10.2754427585
33.1787466152
23.4607425996
0.0530136027968
9.69640829293
9.89749795248
13.9707440612
39.0080418407
0.0604931418292
0.0556397655572
0.059690054979
70.5961240897
51.0953085272
0.0432704532965
27.8739782411
23.3383911961
0.0388225006574
4.23320370526
0.0505223679281
0.0587454769423
0.0829394652895
0.0943105643656
7.05038850639
22.2061533354
19.3373652092
25.6446280379
16.3349306024
0.036194444848
163.96377743
257.320738744
7.64533029239
4.56756955034
3.9036389695
19.0090892767
9.7720754181
0.037644089066
4.09423210918
22.721129154
0.0414907978666
0.0212467117105
9.18258664486
50.5277019929
73.5908985548
42.3186335883
0.0223807601325
11.3666458966
6.63037804008
0.0556247139895
5.73655551686
17.0207843142
25.1366570676
18.9109492851
4.59398270567
8.56583893967
14.6901938094
4.69503727407
0.0141352174934
0.0156235811996
10.0258879563
5.03281042876
21.7256242892
0.0304171290365
97.4689471915
86.2451446428
28.6062477522
0.028501118924
12.1737878837
0.0289185970007
4.24318135362
0.0314336654907
3.89171589127
4.4718750166
49.6011487192
57.627812425
64.9898616112
0.0128216128405
4.14035570974
0.0222818600662
0.0202384130886
10.4106205585
14.9859334086
0.0548353745901
4.69301264191
13.1606235448
0.0363269249078
0.0709421815896
0.0889592744577
8.1157521754
5.46276122972
16.8376629134
13.4813067798
9.24815148365
0.104348089967
50.8880496875
6.52166732785
46.1665137715
10.9602708173
0.0820093778888
0.0662383295188
0.0767499747465
42.1806068904
13.0686569858
27.9967553102
4.93176929148
4.47283560861
0.0237036517064
23.1050354437
8.34407300489
12.3316021978
7.95268074148
11.5151721313
18.3991421881
8.76695544502
3.71752734088
0.00456652762368
0.00698348267748
78.0983704845
114.949361275
3.74872906999
10.1760941173
18.893937426
15.337927242
16.5867327398
10.0469766367
29.5788661982
0.0135433943075
9.93596634221
0.0166653896497
57.5690732265
0.0238344186134
9.8854379804
25.2962784247
5.41275859398
107.465787487
115.52194864
0.0242969245915
44.6768314772
16.8306790585
4.03086194469
3.82957937298
3.83067448008
47.0408961814
17.7497968366
58.9670509781
55.1828525557
0.00987248945804
0.0187778980918
17.3745603551
23.5280633709
18.8043371396
0.0382316306712
0.0383389975152
3.93197570116
0.0469183503852
3.84312762369
12.1249631923
0.0622010955639
3.78910738703
16.4744736886
35.2243877565
18.4150176237
4.04920173839
41.9678794723
0.0196103942896
0.0204201019612
32.6637220093
8.97944737308
89.1857827146
4.77226326849
5.01720974443
4.97793033919
8.9240025917
4.26750345836
15.428955748
14.1847739624
4.29890254559
0.041373321365
4.15555189424
0.0655926244964
8.31856348805
5.43327977569
0.0538225738585
3.82636332305
4.19100643378
0.0299169360399
21.681861326
4.65743479136
34.290034327
0.0183953208436
3.73910434809
28.6506739766
8.89476710324
32.5673554041
0.0194894146182
5.31735696518
0.0218954754966
0.0226383895237
3.73199440822
0.00874192078253
0.00051340522212
0.0
0.000491193518081
27.208094632
4.58091193764
4.4534181129
0.00265630220703
34.7224393004
0.00691410226146
0.00826038882664
23.4292208142
21.1201341698
7.9643169696
3.80416817935
73.53360411
3.85348126459
0.0261245809182
4.63309427095
0.0260232104205
0.0219098395406
0.0186715067309
10.8706844421
0.0210932535429
0.0222692569888
4.87758661304
0.0189556181312
4.08212817016
0.0211150257849
31.632347164
15.0454003171
57.5833915686
0.0285803825946
0.0214996314551
17.6373046166
15.9839154334
13.3269780402
8.73782751404
0.0422665909782
21.5465778964
4.62655933097
0.0498769697721
4.0624889822
11.3631484777
5.110208489
19.0426444633
11.1642056556
22.1926667101
43.4382399655
16.1855458909
14.7492747772
0.0144153787726
22.5950619996
17.9719441202
17.3041104464
14.7469225547
7.01781552098
9.44330842001
52.523839816
5.25785794863
0.0327171723221
15.761247101
8.66608299518
0.0866078167539
19.3923690236
10.8998410393
0.102391805649
13.0912300794
5.03062021346
9.50260459297
6.81352935325
6.96715644743
6.85465896753
9.17956800344
29.0662089955
27.5487154058
23.5125526979
0.0487865522375
0.0642722190466
0.011859589141
0.0146232527451
0.0190166508864
10.6938369836
6.28952543506
0.0222596199251
7.32032397259
5.55053441045
6.29082270291
0.0272119355295
0.0458652974386
0.0623200104044
0.0205630579096
0.020158407031
0.0167975082857
4.21715558007
12.8631404433
0.0250075726433
9.25193670031
0.0222651692423
29.4531370662
15.3595648838
0.0215091243195
8.42747420308
32.1893879288
29.2966607546
20.5678512848
0.0259935387531
16.5700305157
3.97962521892
0.0590889793074
3.83430734128
0.02814286595
5.47877010202
0.0350355505676
4.19209325704
0.0342427102255
3.85650530744
18.019646588
31.8510565758
0.0642201133952
6.78544057519
0.0782489869726
0.101715957206
8.74206765489
4.83075499138
5.15699582817
9.96944218734
0.135194065124
4.34972934876
0.100234123034
6.99198914642
0.0856881171161
23.324836924
0.0602029897391
51.2015821996
4.7499617436
0.0505077568954
19.3378946789
10.7195774608
7.69890756822
0.064779256988
0.0208886353352
20.5007870243
3.8074579259
10.8336080186
0.0627382306066
9.55211861582
4.9569307574
0.0589128896415
0.0217532484518
0.0782697464761
32.9970270961
4.01579476723
21.102505377
4.45998116153
5.42540897618
57.0237978747
0.0687365610391
4.67828136467
4.0905695628
35.0527918631
0.0956748986802
4.39919479721
4.47062985905
20.9374468052
0.0726836012674
0.12698439518
0.134312689922
0.140646363762
11.9269614409
10.3614092591
4.52230615837
4.32267665138
0.0661522960881
7.87851309161
0.090004849273
42.3986971961
17.8947883294
14.0535140122
41.6220660102
43.9867411341
0.0130575724466
4.20959923184
20.1835478404
20.7434032192
10.8786321358
0.0262768316796
0.0458862830376
0.0474423237499
0.0393799422571
12.5879506473
19.1424816208
4.93319244672
17.0948680148
15.9985406058
7.80098970429
0.0468206128509
4.38413743925
4.44924667929
11.1183023672
0.037460328572
0.0391915865382
0.0270179958511
22.3012364264
3.9279511775
5.48092365228
0.0183715244027
5.54624435624
14.7742362153
10.1504152237
16.2150400617
16.4617482875
0.0507790089834
3.99754269589
6.0500276703
0.0336956778641
12.745160426
13.7254934244
32.1362466942
4.31299712204
21.8042899654
16.7253513876
16.9134157736
17.3537088717
17.3363264535
14.9481160358
3.90875935415
6.73442117945
14.0411362683
14.5118846848
0.0304751607838
0.0253389648023
33.3718162409
4.06642537518
30.3382338173
14.3613981942
0.0470208356446
10.0579718503
4.3113507889
0.0676159714588
0.0814089725492
5.3389572137
5.54125814717
23.575990107
0.0448352692681
8.74767846917
0.0582794378734
4.34767697395
0.0338011835084
8.53098809117
0.0500324652323
4.01692421629
3.76908711861
0.0238684315379
34.9112709856
4.87817894672
3.70681356873
7.2723032088
0.0178372251261
6.32036232715
5.69176435888
0.0244423820327
0.0300411408227
4.14756205064
5.45291760897
0.031046896853
18.2776123837
0.0402164121041
0.0412697144513
4.47424922384
35.7104651723
37.1981061189
16.9676535845
17.8581287823
4.19669215484
5.32176385999
6.90821437573
7.81205850053
8.42452509039
3.82590371751
0.0198055262473
0.0226468122687
5.72742789463
0.0143016175733
0.0174152499877
11.3259540865
0.0230506770623
4.01326040627
0.0164383410265
0.0280929585395
0.0339930128979
10.9612679714
7.25222023931
8.02804993693
8.19850093918
8.30335621092
19.2197240454
11.682808145
4.88516462656
52.9917594624
61.978467068
41.3938864371
0.0734827997391
0.0697943756146
18.2983345339
0.0723746942766
0.0555692246677
12.9289262415
7.74044830641
4.29443619441
6.29243753647
4.1767174869
4.26540539213
5.37662823905
12.281162176
4.45796169285
0.00174892271932
36.2467532139
23.3776262214
28.0504112342
15.8347575451
0.0191606231502
24.805200163
20.6582029562
0.0246512339906
0.0512870709632
3.85688622975
0.0497693308706
3.85801172776
9.44689775829
7.33192206161
8.34614294396
8.83338917523
13.7043202372
0.0464072192939
17.5786618157
32.8219375585
0.048615491078
23.729073856
27.8918821256
0.0396063943923
0.0382262689403
0.0357964764911
0.0321341540482
40.7728662942
40.1643793264
0.0161810256522
4.00655062002
4.90635692272
0.00453991854404
9.745374965
0.00922566491518
4.00498632021
0.0099479756407
55.4362544674
6.35108242218
0.00291259698824
0.00210865930827
31.0225601718
29.368077668
19.4376025317
22.7454738817
7.86573373432
5.44106696974
0.0
0.0
0.0
4.43408882538
4.72141851464
0.0
0.0
0.00150857247819
4.1910002752
6.70812586466
6.97613715945
12.243661849
6.27363494277
0.0
4.90013618962
0.0
0.0
6.50069867334
19.9923289909
5.0246130391
0.000579838920398
31.2089280523
49.9240380798
48.7064700828
0.0
0.0
0.0
0.0
0.0
0.0
0.0
0.00114474587925
0.0
0.0
4.62061957361
0.0
0.0
0.0
0.0
0.0
0.0
0.0
0.00156855359854
25.6888322249
4.6956694183
0.00116272431807
0.00164372119612
60.1554497404
6.67933470455
5.3278636247
34.513918882
5.29866393792
7.42567887357
26.2172778216
19.1222879952
13.4075819086
0.00121355022857
15.28732856
4.5428463687
0.00291320216711
0.00307498262605
0.0028002468673
12.6950379494
13.5189611872
46.8730906673
32.8850471575
56.0183051358
0.0
0.0
0.0
0.0
0.0
0.0
0.0
0.0
0.0
0.0
4.18439197863
4.40611564245
0.00337718784328
0.00305922305679
0.00523152567787
10.4296717961
9.5957787753
3.96893446071
0.0
0.00453585711113
19.7359448785
4.06967081272
0.0
0.0
4.7199196587
58.9576571064
69.7387417414
0.0006818512404
4.66128872836
12.897819482
12.972369387
5.78546603481
5.89868849591
0.0038195406872
4.4588877722
4.27105199503
3.74084733936
5.09858239586
3.88127305303
5.63577811486
0.00145958729489
4.99714087725
5.93041434857
0.0
0.0
13.3013133358
12.0118201786
6.45026997669
0.0
0.0
0.0
0.0
0.0
0.0
0.0
0.00434637369303
0.000924342223516
8.9022977168
4.07593057506
30.6227141277
0.0
0.0
6.22926387823
6.81963455857
14.3335315844
10.44485277
15.9436102938
37.2915343908
14.1497231681
7.03951116064
4.16951806317
9.6784600367
0.000585315726502
0.00222023650899
9.51219864678
0.00178837765334
0.00193317262472
33.3665800922
7.87208059711
13.1485187613
13.2097833813
29.2406377776
0.00126382928795
5.22062950316
6.10595141098
3.8785164264
18.5358669365
6.42793572298
6.76530022608
17.187210716
15.9960891074
4.25488122929
10.5362294827
4.43154327308
8.68888138024
0.0
6.09062311487
0.0
23.5063245785
5.71631660339
3.91612367539
4.16432912022
0.000540689258583
0.00122132833659
0.00287326665195
4.30800480353
25.8150310567
10.4197125159
5.08835913014
14.3246567679
12.8316955704
5.32418751018
22.8336758325
0.0100672531962
4.1165259874
35.6241281755
5.21293105928
0.013002056888
0.0120038372532
0.00260582441374
27.6504136515
11.2942871886
0.0131853073697
4.29773159817
18.7791091862
13.0353521432
4.82491823561
9.0460035917
0.00657939901148
0.0114929980184
33.4023860407
18.1530254281
0.0025417516818
25.0906233035
0.00139358336026
0.00152516437369
0.00183073077544
0.00175271228177
0.00118507790555
0.00429346693055
0.00294719896223
5.90424684016
16.2836242681
4.31814082968
11.7996305097
18.3174499473
19.500201311
5.89499076387
0.0147904114389
0.0128883195737
38.8109248684
3.86389560242
46.3690477939
0.00389982716868
0.0030798824287
25.6494271383
11.07668772
0.0
0.0
4.16112961449
25.918442491
0.00216893455694
5.88682873269
29.224165859
7.37805171757
14.1382934046
14.565391208
7.01595355157
0.000746844550681
0.00176970771731
18.9687339742
18.9082186195
4.11067990936
0.0
0.0
0.0
0.00136844067051
25.0995133222
58.2341771379
29.5103001034
30.5342007319
24.4337153298
8.90345806935
5.0637443663
0.00453202686984
0.00949651764933
4.10650958911
7.69953045872
4.06151453806
6.75502208284
0.00906247975119
0.00882515604331
4.299703539
0.00244116482252
0.00285350403246
4.54354910127
21.2264750087
0.00209755902457
6.81579541829
35.4561638599
10.3054066515
24.0126832117
21.4163759582
29.5781774432
29.2309215801
16.9520263585
0.00220252354052
0.00149904078324
28.317603007
3.96548252204
9.30880950156
0.00181748934991
0.000579710588419
37.2153906196
10.2171443524
6.82411936511
0.000631701121641
10.3744518837
0.00138331761417
5.40922393365
0.0
6.97650707755
8.89566875153
13.7141458363
8.12128234443
7.12788902722
3.72539982418
0.00381607358866
17.8421080717
16.5644266675
3.81946431822
7.23051019289
5.60663008279
10.1819558853
0.00282826319469
0.000520847989439
4.26214277165
0.00777856118233
23.1630993782
14.9053134642
0.0
0.00517342114722
4.70321293324
5.18237249116
11.7909549114
0.0120217925046
4.41345943349
0.0162042805788
20.1017640677
5.07483437856
0.0212897017654
11.532764546
4.38649431554
3.91129127104
4.29314274907
4.24230411412
16.6204154699
29.7823447749
263.562478526
76.8332556118
42.3429100379
5.11822626601
0.00134750296901
0.00137944637372
0.00102105305662
0.0023558956347
170.237453881
15.9617815572
4.55410995745
3.72884743614
0.00282448953095
0.0137809474529
3.96125971181
0.0159816663273
0.0314591440496
0.0308050077927
10.5513398389
0.029783546723
0.0260089626032
4.66539958663
0.0145520695919
19.1416773059
0.0375299798759
4.97629566394
8.47824663886
51.1397628914
4.30545183643
0.0477161903983
0.0719852601672
31.7337893097
46.8618334474
0.0618257418171
0.0319881538422
18.5985109537
6.54077950149
10.2366584754
0.0210473272149
5.65942977332
4.09540267968
0.0590371390931
0.0609338340219
0.0158834834211
0.0401739706763
13.3110679731
0.043067098282
0.0540021658636
0.081833934363
0.0742217047891
0.0349295087832
0.0253032898065
0.0488810023894
12.1371219975
0.0660276074002
0.0484557677334
0.0662536665579
0.0855045240716
0.0526709501312
0.0337098253015
0.0438140707701
0.0820835662317
0.0698025756299
0.0681852100884
4.17023577691
4.24604567273
21.5117879043
0.0849547130049
0.0568230010389
25.8618672536
4.09695536306
24.8109617666
0.0791769973741
28.9467751903
0.0957385614468
9.45276441032
25.4437836262
0.0387103743775
4.51717588666
14.3203187559
0.112931116656
21.73473687
4.72333056713
0.0053851838841
0.00200776826734
0.0174255525681
0.019027463175
0.0247096284789
0.0227432097709
0.0339353330771
5.19758841909
4.53541201554
0.0637730882688
0.0671769823018
0.0700727096509
0.0761773490638
4.71130370552
0.0314253562777
10.1373731523
0.0391851104993
5.10174153082
0.0410495054765
4.61800415051
0.0436804140249
3.9668740684
0.0400613066752
14.3428578165
14.2205746907
0.0360353901615
5.40717783014
15.3410893113
0.0398333211907
5.19596860476
0.044779972464
5.12511986032
4.37815317033
8.95140168846
22.5635006624
15.12519774
20.8405761865
65.2980326324
99.7579364953
0.0908724373431
4.31007138678
4.05571229539
0.0626091157485
0.0516075360826
0.0709458415218
0.0664454463352
12.0037280435
45.8053317408
0.115869977745
13.1804130591
24.0149915801
0.0839687600003
16.0562155314
20.2275060415
21.8473030065
5.29157005676
15.826072486
19.9727348786
7.00960528844
28.4897520003
0.00112708123323
0.00649745423944
3.8107552021
6.59959252409
0.00607888821051
6.65299269097
0.0109450103238
4.68501197859
0.0255496559973
0.0341298641776
62.05273538
4.13607978361
4.8791294581
59.5779846182
0.0273717279835
0.0202833507365
5.15496702616
44.3828359511
17.6518928087
4.45321902777
0.0125980629833
0.0212007657857
6.25002080293
6.59841358409
0.0713102248614
0.117630531026
4.78849446492
0.094612166576
7.29369871972
0.0790162901113
0.0378401494092
5.15827097904
8.37989821107
3.95692691297
0.027506680395
6.18828852682
15.6757278495
0.0606927206519
0.074129971547
0.0370576649892
0.032300191474
0.0241482739869
3.80025568872
0.0190840159627
4.64893282163
4.20144821895
7.78477984492
0.0240738790563
0.0210309479648
0.0395980114817
0.0602310796391
4.87509248408
0.0120363958111
13.9019659503
10.0690950957
0.0158443373607
0.0140293846665
3.76610529557
35.032416844
3.78415086968
0.0485300589774
56.1012711926
4.86760550595
4.87117999325
25.814714076
0.039811520822
70.1170487544
0.0465382463459
0.0555379004011
0.0336889332238
5.84729363753
0.0302588407954
0.0634773326538
8.43595662903
0.039363245832
6.434263026
9.55140415911
0.0331792112487
8.94632851226
7.64385164851
3.50697238456
0.0552562046004
5.45799972803
14.9583745733
0.0677320843637
0.0772142273274
0.0393168085558
34.6686469298
3.52643684653
3.53178965705
0.0270127951228
4.21182056557
4.04397057803
7.20342887635
0.0281329711495
0.0242852549678
0.028214456672
0.0725000416799
4.35788544111
0.0205186903784
13.6137862321
9.14381403393
0.0286667247816
0.0277500475408
0.00821945269789
32.5553350041
3.87947679537
0.025577817408
52.5460864045
12.1698149482
8.18396719425
25.6915060945
0.0162366081569
66.8027022396
3.60951212732
0.019511227239
6.74099383196
32.8130019199
3.53038673229
5.52284592102
0.0294441435334
13.1716531049
0.041254392757
0.0966920936491
4.41584175294
30.0630736946
0.0524888248577
0.0527200776223
0.0570819275449
4.24151207407
21.4986690645
66.6888817377
13.7051671249
5.33958764957
0.0252305006071
10.5178385354
4.09238558347
0.0686480087886
0.104287284719
0.0715097217163
0.0602298427662
0.082037151781
0.0959128248289
3.97267205793
8.86287005694
0.0402777348405
0.0429636909026
0.0871056627503
0.100848905607
27.5558573105
3.71563718286
0.0770524415278
0.047735525998
0.0483136381152
16.8808467609
0.0270224229196
0.0255066644151
3.64175238262
0.0192948859256
6.65972321943
32.8050584342
0.0164694498565
14.2958955381
13.5185974484
8.21543102831
4.40909223115
3.77930332038
0.027847590508
26.32125297
50.3159573595
0.0315856717039
45.2849082755
0.0400584541579
9.31029152175
14.9604401094
20.1814274
17.0865013401
15.9055721858
7.99096450708
14.7256054295
14.1384802312
4.4948601289
0.0290770654836
3.67012174602
0.0315611550213
12.5478572946
7.82440567231
25.5888111336
50.3383796747
13.7431939425
0.050422120012
0.047035253089
0.0500829109784
0.0407903196125
3.64330872491
0.0294910975982
14.3299216069
0.0505674563694
25.0862477479
20.2125626218
14.5809964394
4.29187359001
3.64907607812
0.132175757014
0.128748824673
0.13146634398
0.120055343281
9.02075208738
14.923005139
0.0717460137435
3.65156810362
5.77218612878
11.679533125
11.8534229779
7.37942006374
6.65814949981
0.0286689248181
0.0177836442459
5.43797536375
10.3452720285
69.7549586664
33.4570233006
25.0622106404
3.74507130657
0.0105724308496
32.5867479167
0.0157771342094
11.2049669469
3.60699486153
3.66919550088
4.1594912936
27.5159384929
0.0317175904773
26.9257691629
0.017459389861
5.17835618863
4.880267604
0.00793486458035
0.00834224364075
0.00955550065321
0.00837704804246
8.46668170767
0.0
4.85304901664
0.00154415066842
13.3722475038
14.7302172401
16.1342584768
16.0163351523
14.3138813559
0.00149547051458
0.000618879832807
4.17975838777
3.63946927683
0.000501754700789
0.0
0.0
0.0
0.0
0.0
0.0
0.0
0.0
0.0
0.0
3.57441588513
4.06805181758
4.60361198568
5.09704360019
5.507257577
6.41924031773
6.62561612651
6.36104156087
6.63156886692
16.7302712264
16.845251074
17.5316111426
18.1485897835
18.0836356591
17.4949982319
17.6473236834
18.2272712271
7.64100337624
17.879000927
17.652422231
16.8618581272
16.1502098197
15.6690657633
15.5852107853
6.32340152768
5.7552774709
5.13360983194
14.6543141677
0.0
3.88409482119
3.56264285797
13.7528089051
14.0260890405
0.00264755277886
3.55117031165
0.00567399890719
12.2178827208
4.13075812389
0.00765525606224
10.515147428
11.2892126675
12.0790200046
6.9949945009
12.6758512521
6.34378809398
7.06768713766
7.22048779878
7.10064942659
6.88342127347
6.59967391757
9.39964191396
7.31573112974
11.5246641948
4.09831517773
0.0128203607294
10.3989361963
11.267476549
12.1586503738
28.1574215125
33.0352923931
16.1333693536
41.2430297095
25.7398903372
3.63388236322
4.22336207416
4.57603991292
10.4013608908
8.35999432087
3.7441510337
4.04412201792
4.47561336177
4.32554015696
10.4841951919
11.3142166191
6.52654247045
12.093195368
5.87445401026
6.67790506632
27.2210261364
41.3750670157
0.0201437124033
30.7084183127
22.4960493063
24.7138232906
17.343267258
7.80536605876
12.1529754005
13.4271054282
8.94631102796
0.107766882818
0.0954900491377
9.33043803494
12.7976759398
35.7291585536
4.40763714687
29.9902880224
3.5712315614
9.68663689223
0.0212362960103
19.7195833557
13.7547057199
0.0337947302144
14.0275181048
51.0384424472
4.17144169842
9.37047891664
7.54392644552
5.0480163439
0.00742705655723
3.7963709294
17.3118049699
0.00448463671403
22.6064086079
0.00705495663888
0.00630373520026
0.00800241672249
0.0122880012742
88.8646216604
4.95932825707
11.1265886798
0.013018327838
4.53635056402
4.13936173852
14.5938558417
0.0258802520201
34.7288053672
8.53189267057
7.89905194302
10.0632500898
12.3454378651
6.06847651058
6.7907763994
7.07257299395
7.07762618763
6.91152074563
6.5863181847
9.29346383305
0.0139665331129
0.0141165253373
3.78297210291
0.0120837685614
9.80258489157
10.4396324993
0.00934745473263
15.1495955829
15.6966648822
0.0153396130412
18.4128621919
0.0268257803544
7.42956695326
0.0564022347348
12.7990862653
13.2499358914
10.8718287597
3.62436284331
3.83946425834
4.5000960274
0.0700014207385
10.0004108812
16.5303313196
13.1568661397
11.8321780582
5.79451504553
6.86874659371
7.36079123821
7.57428034529
11.3227284081
13.7404277965
3.4914215068
12.4171190374
5.13257810869
3.49149334548
7.47091516892
4.25062989757
9.1230802456
7.49136564507
0.0312443039663
10.0603630982
10.6147501161
0.0540364094579
0.0518871562778
3.80720107192
24.2703654866
0.0283341233074
4.01198645567
9.31456342273
42.2539901042
53.917211786
49.430053011
13.4553018021
4.10561813767
0.0290777002074
18.0101380419
13.1584901976
4.32178977138
0.0679546571785
0.0648263592706
5.12591307334
3.59847738525
23.2776975027
31.5515472498
13.9554062452
15.5238609417
0.0126968060685
0.0156232791283
22.7855085928
3.52869081933
26.5155149615
0.0287561779753
3.74268610327
31.8398188733
11.5842325958
11.0360679096
11.3058892129
6.4771080276
12.1312778476
6.04324961367
6.98202153379
7.24356708324
7.17670845926
6.96654546274
6.73033873626
9.66838085191
8.07350801542
3.5663257367
3.75968128814
0.0113275518665
9.75185631319
14.5975332183
0.0131786276601
70.9576844342
23.6774807113
20.9231133368
4.0887748899
16.7896698864
8.72386655182
0.00886060244314
4.62413421644
10.7125309463
8.95288908018
0.0162369735677
0.0171249907515
4.50795644075
3.53994110865
14.7192685033
16.265738217
13.0703179268
11.4145917516
5.08501079191
10.4002133768
44.6106044063
88.7938947836
12.3682512144
15.144451305
16.1190608422
16.3240155951
0.0180299755858
12.6402904958
0.0253599020299
29.6380738249
16.9997602494
4.91961948484
0.221754498718
46.3491345166
12.848545913
4.48074165892
31.2442700618
0.0398191346825
32.2549105422
4.23262993519
0.0451496626703
0.0498837273768
0.0369516550956
0.0334243094231
8.36943335329
0.0258862889736
13.013939776
10.9500787462
0.00725601800539
24.6854329488
4.28599500775
3.80243805779
4.12393514403
0.00121399376805
12.0635647693
50.0599552576
10.7956449473
4.59862335856
15.7317106151
4.02790719726
6.47681526386
10.2108387233
18.8856671017
4.57409040906
11.2609327421
19.528992184
44.0810610452
26.3997180468
0.00756892484691
16.3015909108
12.1083553696
7.33183866277
8.20366294104
28.3923015048
28.8030334426
9.53096510181
3.65000219283
0.0166677326249
9.48851734015
7.73828231044
4.41891997097
14.2723802605
18.1496311984
19.370295043
19.3853637464
15.7974752328
8.14919659242
27.2604523407
50.8073093507
58.4122696738
55.8209058464
3.84182056037
15.7471612614
11.8747570082
16.1712910765
21.3558724173
0.0724532140398
0.0551205347619
25.2560748692
28.3887212535
30.634636565
8.7933228903
17.1311100174
0.030106862306
0.0254599501676
8.06394314518
8.13214140185
8.07499454537
4.28332717875
12.637830473
22.5104887041
3.56274494124
9.50401282132
5.41880777853
14.2921927399
4.65665689653
11.4693410977
12.4868909416
0.0295408824978
0.0344932379396
10.7888230785
10.8519963709
0.0517409336217
13.2480915743
0.0348505906661
18.1180093602
3.57744364275
8.35710331055
0.0215437138937
37.7794240798
51.2488306561
27.0084473571
0.01151319222
11.5050793806
71.9443316878
0.0375684144596
9.30609893592
15.4660710743
0.0623701118359
9.20622175442
0.0545223880464
13.1647630756
10.538464086
14.0331590177
10.4970379647
13.7899874421
3.67919461806
0.0261445507234
0.0469900314042
0.027604229616
30.0204953864
0.019621576941
0.0179150380765
28.2824300172
23.3224097176
24.3751666866
0.0354446152605
9.68829974193
14.5774510057
16.2764717512
15.8354028019
15.3133359916
14.8896067189
3.56925139759
3.53079367579
0.0269878943432
3.66024809129
8.13196698888
4.91073114028
23.4798335927
0.0103721515263
0.0134206634851
37.1892760424
49.4523508998
0.0177352135578
15.8858417649
15.6954269121
14.2875358109
13.9698229662
15.3655459419
15.6519332024
14.8564089221
12.992735539
8.88093361805
4.1819634021
22.4925801388
27.8808994919
22.7714052615
17.9461546502
9.55090301084
14.7918743219
15.892006176
15.9350110552
15.7466020456
13.2067730207
0.0162727461122
0.0218510818431
0.020088302933
0.0267489986842
0.0309776363197
3.5029684749
14.7737496454
0.0179104658089
0.0151820869336
43.7496992964
72.3359687127
18.3982440666
3.72403131206
0.0656114420664
3.99165519493
4.41197696223
16.7579736464
0.0832779695385
0.0693446061222
5.19428133261
12.1050058586
32.7029629261
21.4672573637
11.1725567164
0.0552889591904
0.0753233078388
3.87200237979
0.0601775892805
0.0599118783031
0.0474212797588
0.055390597217
10.1762843692
4.03323103963
22.3606091367
16.7507757305
4.23000769855
23.8110443793
19.4149665838
3.66284979677
0.0187925582525
52.8838356109
50.0039264544
43.7198120188
24.6129740141
14.794981888
11.2889231199
16.1247808419
12.8451307746
11.5160549666
5.6197208775
6.76874076213
7.23591256651
7.24735778614
7.01659439585
6.75172347374
3.85978928378
0.0193196958694
0.0218277644391
3.87189754362
4.19988580738
0.0229805696419
13.9209007417
0.0227626582064
16.2503412038
0.0234108359048
20.7187586956
9.2338051645
17.9460155125
8.50359095729
0.0450992248575
4.88214285228
5.78092731856
28.2253045823
0.0779955359505
0.0799579951932
0.0617644524682
0.0592356487414
10.6943229574
11.475102089
12.2768673878
7.08643249266
12.7349890623
6.4184102366
7.56174923119
22.5659196173
73.2907298765
4.84240848967
3.90123489315
0.0353716737109
29.365685859
12.4148990427
0.0724344338104
3.84201225069
40.3889108417
29.8356506957
10.6616850981
0.0732157650914
24.9614859815
4.65241020535
0.0826471070223
5.55157960016
0.0718692840993
7.90183145128
0.0800172014702
0.0807898021531
0.0840401321442
36.1800501654
128.929806473
0.0911249590891
3.59308708541
0.105625952154
4.87683965327
13.6006114483
4.19192929106
13.9540023773
20.8602070678
0.0737684657718
0.0620406978785
0.0618298248335
0.039393076022
35.2193572814
13.3004790738
28.0437689597
4.21664044291
10.4459709613
57.4606000867
55.3316236976
7.21073733474
28.7063415259
4.87231208206
22.9525314571
27.9397552446
23.1885598225
18.2944134749
0.0170544930146
14.8604380786
16.7718902165
16.0461391423
15.384221731
15.0228379748
14.8750360434
14.7209630691
0.0195814697421
0.018022754014
0.0160769293008
0.0139492746844
17.6647141044
3.63708226735
18.4665458727
3.65135961876
0.0145367128164
0.0223650173821
11.5784212541
21.2288727931
13.0571122523
13.762260589
14.6702838172
15.4292317671
15.2826850352
13.9837613605
10.3999176466
0.0324599250903
17.0478843532
26.2186926374
24.7997798031
16.6412273497
19.643006161
14.260310486
15.6386613214
15.8940866999
15.5743156372
0.0157111972662
8.03962645205
0.0467192279992
17.0572531294
0.0135097954987
3.5721199649
13.1674726312
0.0153756301188
0.0285358945814
0.0384073870985
4.8562043053
11.9695617377
0.0782970051016
5.84029848662
6.01399183338
0.0638704950626
0.0262409774761
0.0309222295887
0.0442717138963
3.5314534657
0.0477257717343
0.0622956820685
4.75107391851
4.08556163635
29.940299779
0.051732425875
0.0434631014512
3.66739682576
18.6217086243
4.41408615669
10.8465594886
3.60006168242
6.02952427087
0.0164260079814
3.60466845529
10.1390034292
0.0308248330492
0.0537942133897
4.10901352494
0.0247465332916
9.36607158727
0.0233681991224
0.0275752616828
0.0302479042599
31.5684890089
15.9104062326
15.5530207034
15.8031017445
12.4606816823
7.16341983476
12.8352317746
6.52932198838
7.16466539887
7.25757502638
7.08997082768
0.0371727648407
4.68631378972
0.0241272175375
7.34565487914
8.9956844587
4.23507808184
3.49400932512
0.0254783516999
4.45241462041
0.0249611948204
25.5112623214
3.99799275669
26.460901925
3.63920800432
4.03079657684
7.394125486
3.76214403543
13.0573440879
12.8250402452
9.92318409241
0.0945270670219
4.01115640166
3.62143841101
4.4763166582
10.8052762786
0.0377096975054
6.6473579374
12.3027710505
5.94862184285
6.35606158246
5.70717833378
4.58709633855
51.3106975978
3.88599431669
5.33776992595
0.0482743191796
12.3890037398
5.1382275953
12.6786596889
0.0235413083792
8.6178415292
0.0373032267006
4.82649202474
14.9106691574
38.9151628059
7.54688193256
3.68772963262
5.28950456112
7.54872849234
15.4497147894
6.64375747045
7.46420524637
0.029576461984
17.4282645081
4.10004793438
0.0417720341325
5.80950497559
0.0189277772796
0.0204165018052
20.1672200952
48.7637203866
0.0831594605412
7.22415646663
0.0589430106045
37.6596523053
7.73587203905
8.37861988833
9.09041831122
0.0523049133585
0.0216914627623
35.6612152603
14.1295081554
6.02161484263
4.46242701438
3.60816647395
12.1947166828
5.1117672054
10.4217571372
3.69774363545
0.0142513878989
0.0223400750539
0.0193047335767
0.0325279768944
13.547846266
4.05725729236
27.2512226162
4.43187176039
61.6936392068
61.1915768268
31.2321321862
9.24148319933
17.4826904838
0.0271759799877
17.5664486531
0.0275545656559
0.0275046716323
0.0267927712727
21.6238401053
9.165512513
0.0250031933495
55.389996461
58.1909393196
0.0230000332913
44.5337188308
19.7448758397
0.0169121132625
0.0157294725483
3.6335379001
16.5874592747
0.0122164179531
0.0110812355239
0.00996121355719
0.00984180044943
23.343565101
19.9368531046
3.69299748003
23.6598217623
25.1234542113
0.0
11.936185696
0.00131763525804
3.87010054389
0.0
0.0
0.0
0.0
21.5328580837
10.2133404533
0.0
0.0
0.0
0.0
0.0
0.0
0.0
0.0
0.0
0.0
0.0
0.0
20.490344945
38.2526680686
59.770608443
85.948646713
102.765282794
11.7815312977
3.82977063073
3.52556842398
0.0
0.0
0.00093297503643
0.000883929568226
0.000809371866291
0.0
0.0
0.0
61.8485416137
60.233374271
90.2047109103
3.79281997628
0.0
19.3414664838
24.7413030609
0.00636731963149
0.00666342677264
0.00575959213188
3.75221807888
0.0195088191539
3.57150019664
18.0679935364
9.87521322646
13.0813434118
0.0210224166555
37.9261797156
4.29972573165
10.1058675796
4.39723282501
58.4938891855
0.0133205301963
0.0131510215004
0.0129461763242
4.54886892831
42.0958485777
0.0172798170661
4.55553939819
5.63794583104
4.11715389075
0.0103846981732
0.00987059083905
19.5497595854
11.7990709765
0.00819155672654
18.4255251113
33.077910066
19.337854515
4.01153611845
19.276628475
40.6908586647
12.5064830097
9.81628646975
9.75161606047
0.00543204722447
4.86886570814
5.1284045763
66.0128382315
9.40416298283
4.08728746383
4.76027078762
3.86723873498
0.0
0.0
0.00116390210541
21.1612725082
0.00142251168625
10.7505411552
0.00128937945883
0.000793157468383
0.00118369867491
5.1904851357
3.63548603288
0.0
0.0
0.0
0.0
0.0
0.0
15.4328175585
0.0
12.4762085269
14.8791238074
12.3477608206
4.8430984256
4.44165773291
4.29500884665
0.00061538460445
0.000752114122711
0.00171027607966
9.46417398714
5.78210825426
0.00947253797316
15.830943207
15.9407969601
5.68654940136
0.00793418267217
0.00812512610015
8.58392601535
23.945366773
0.0103286082617
4.52662523441
4.10569036763
5.22989842502
5.81002917159
18.0527847149
3.60926446258
49.5815048777
8.44902965156
54.454087596
0.0218671492126
10.3967145536
0.0232187457716
29.5866050537
0.0246526269332
59.4733408066
52.9902843431
0.0295404149083
0.0290710197649
3.78559707572
17.7534455175
22.205236389
0.0304416920118
3.61677032237
16.8793453622
0.016930612444
0.0162172140899
3.66050857481
8.95023384059
10.1893499555
12.4139933243
0.0158935961246
18.4984093269
0.0157996897798
0.0162665649457
10.4231767774
29.0210137141
37.9326673973
11.0707804118
5.84398881354
0.00430207662865
3.89105687762
0.00496442664197
0.00542842869558
46.7512018219
49.7091721054
53.6062996571
25.5228551032
36.9748093533
9.34513588886
0.0
0.0
26.2300546637
3.59174396773
4.96893782018
0.0016986432097
12.0178199718
22.5166312564
10.5184501502
6.13219086143
15.2897465702
4.4085045648
21.8761248029
3.76299294013
0.0036130091967
13.9602730487
0.00350135339221
5.34931627677
10.7890540963
10.8123226836
11.9126626146
4.6129375899
3.49777836484
10.4680412691
0.00416136622797
0.000906545808905
21.0564586389
48.6849556526
13.2777470145
0.00862169973095
3.81981882196
3.89323078732
0.0123273210001
46.5446625127
9.13442510173
5.05819435297
3.57207779377
0.0091633343652
4.00897792205
0.0105388906097
0.0102017535483
0.0107032422796
0.0197280180487
17.8998866823
19.022317972
12.9745257115
25.4458096789
5.05659810265
0.0150186603821
0.0139467539048
0.0138852983186
0.013795996982
5.02576838419
24.1827265263
9.75779989773
17.1221748692
22.3665784403
0.0127889510419
8.57589221955
21.1234277162
0.0123710073207
11.8145020091
0.0131062623572
0.013243718236
0.015091224812
0.0148617126121
3.58795930826
0.0127153061905
0.0093257579359
21.0319307408
18.9889994664
19.629903356
12.2386963414
5.35440635978
4.1845812311
46.6256443254
0.00418345810884
3.95061722106
12.1158101518
0.00163415404321
0.000603074067035
4.23640164255
9.21712867322
0.0
0.0
6.99247946046
6.30356952207
4.77610059291
4.44060128558
3.85042146454
0.0
0.0
8.89285400116
6.97107500454
0.00123105058091
8.9392761554
0.000493933573128
5.24452024157
0.00365305013558
0.00288182803974
0.00200055154547
0.0044844734202
0.00153861850509
11.3585841639
4.04864969451
4.58912836077
14.6733657758
0.0
0.00227133524681
0.00177530837859
0.00255520883956
45.1259000092
31.6092440134
82.1389300073
61.0403797486
4.50973793858
3.63587988804
0.0049716977166
66.1366310155
0.00325934190933
34.6903682344
41.4846793507
0.00386926997316
9.09431305028
5.84632862926
0.00866747574316
4.16847026694
3.59878853263
0.0297989718045
0.0347122833041
0.0299596254846
3.66482263383
0.026453028024
0.0312624430686
7.49049303901
0.0275191282263
12.6414134344
0.0545960084509
10.844547167
0.0521089700692
13.2952114639
0.0333960770494
0.0515791553712
10.2393379887
31.0527729661
0.0380034097316
0.0554498273625
28.0467813311
11.6458170295
0.0
32.85540032
0.0
23.5378716676
15.5233119639
6.12158140201
0.0
7.88213565482
7.54040362259
13.0893533044
0.0
27.0769028889
0.0
58.4397802628
0.00177728657059
34.6064703336
38.9323068064
29.8377855786
0.0
21.5475981247
30.064048469
0.0068533244604
0.0158521719371
0.0245914256122
0.0245421959304
0.0222236870611
0.021166759034
0.0223105283315
0.0213047816454
0.0200549409359
43.1706654672
0.0154665990108
8.3607195075
14.6543588111
32.3174861452
0.0326341112923
9.39585858897
47.4195815649
28.0477512208
41.5338314721
10.5829327383
30.5732310962
45.3289140909
0.0330051962737
46.3322117789
6.9190182395
0.0702254476717
0.0598488498301
0.0825785140797
8.53298603087
0.0953854032882
6.91176945534
0.142331501521
14.8349690701
0.123153688352
0.149785894052
25.2272830868
97.6273583301
0.0373640164313
0.0467486212907
0.0244764248359
0.0307221785172
41.1624522781
6.28126931337
0.0463795428159
0.0264457074
0.0308487959533
0.0356146342772
68.0355055088
68.7415613378
0.0620720262754
0.139851749414
0.226571300764
0.0846732616145
0.1823649418
35.1195187006
24.9251999147
0.0807571683828
35.8747836537
23.5307852805
0.140983519485
0.116253725868
9.0992017141
8.45612041967
14.443899744
0.143282353558
19.5733319882
9.61567779046
6.87813119279
17.009701774
0.0415041878664
0.120617791417
6.09006385197
0.0542726398532
0.0515574160223
7.31945676668
6.31509000666
0.0125272631754
0.0101768898633
0.0109622284711
6.60033491726
47.2735975657
50.6628610507
0.00930483143904
0.0138658285018
56.8233522676
41.909980062
0.0180696716343
0.0182610683
0.0188342717487
109.531804767
0.0176183795139
0.0202522885316
9.19490263567
6.77600459081
0.0125896852689
8.1904754638
23.7731358269
97.7042070363
54.5599891029
0.0136427226017
0.0113406271653
0.0133646120488
0.0132349061966
27.6314795976
14.8664669376
18.8380127346
21.7715906419
6.35933690277
21.85385395
97.6332012282
85.268168421
62.5434444533
0.0640275484974
24.5814972731
0.100338584145
0.116557680162
0.122034190267
6.62062069233
56.629379499
25.0436949737
14.7086970422
15.7183092053
26.9689119276
0.0639239558126
21.0727974621
24.1580927533
21.3700167623
5.98823914724
19.6136099561
24.4861419933
7.21253363571
72.8842273152
0.0241029786866
0.0178559959193
7.12539811375
8.07267804401
8.12003834936
8.23263355847
8.15680621084
7.41372145034
52.6706821247
30.1037243055
60.1524966151
0.221493104073
8.07005405953
71.9887991474
0.220219598082
6.25623993136
71.0695888868
43.9492700161
0.224095454678
0.210910981893
0.20803385804
0.223944099082
0.200278234518
0.223977145723
36.8412174483
16.5815181805
27.4114822785
0.0717643217093
9.60870371036
0.0986905132126
0.083699197877
0.0518801933487
219.81259953
33.9096309244
7.38853001764
8.32632045357
14.7951986727
15.9325856035
20.6538197304
7.34206559183
59.6437606465
0.0852709772666
0.0612755772045
0.0541133369984
6.08894955445
0.0460582626594
9.43835704739
0.0516881155831
55.6665419559
53.7286948549
51.8010294969
6.92012628364
0.010613394678
0.0654999189707
0.0655548367858
77.3266437315
0.00934311441379
0.00887528366439
35.9362350176
6.26910671878
14.0225836878
28.9515723793
42.0352066648
10.5635788987
15.3333134697
55.0323077706
48.2331649975
0.0307838330254
0.045570863958
13.1213826811
7.36990416513
22.8015190096
0.0255057443533
8.29270737955
7.58001542377
0.0490401486663
68.2744335187
8.67650729775
25.856112904
0.0300930520544
0.0559166738739
0.0479382706302
0.0265427212876
45.1531484449
0.0285884231259
15.9421049678
0.0755525633839
0.0857245884359
7.01294988782
6.76909996517
0.178496011879
7.02612168623
0.136159795926
7.07088272625
0.174275513583
0.212277674977
0.201682009528
0.155818009653
0.114614437739
37.637249726
33.2992808531
9.47604721382
6.50691435237
0.14551543856
6.94096336025
6.19362102066
23.1038557108
6.63538018049
32.4456882796
0.0249529822782
0.0208641976384
0.0076574249167
13.1739214454
0.036223989905
0.00191631205394
13.6977603519
0.00691424179855
0.00410545028724
19.873302813
57.951750347
67.6408047332
20.529071712
56.6160486827
51.7944060173
50.5288825263
38.4162218643
0.0211111926796
19.7905725393
24.1933281585
23.5574251725
0.0232559893344
6.08601839432
6.2998414563
6.88436523204
0.0142950030192
0.0121205452802
0.022847271576
0.0298654041711
33.1002785937
6.93512915882
9.65434448927
39.8417689214
6.89837420864
0.0350671255615
45.2180603078
51.5360846006
64.8012709296
9.65581313176
13.9632459467
11.6371735375
0.0311938781583
13.4143653283
70.3545711107
8.98272251089
0.116085831666
6.43516364177
6.57666522606
7.0916033281
7.0929693191
6.45524765036
114.467331191
106.809720334
110.723205422
40.6995696844
7.34642010051
10.2630293839
0.0701123308157
0.0547802205032
9.36020446948
0.0156553209972
16.3677517358
0.0353046750629
7.17855254733
70.3534775592
7.10958701082
8.95236743083
41.0785886375
48.0071786609
38.8870538807
7.67691539734
10.4218286781
121.766161344
14.5371176107
37.3858613935
0.00623015803171
0.00311842822681
41.1425938733
63.7963718815
30.3071267471
0.000792043884043
0.0
6.1076219787
59.1854218174
0.0
16.0612094965
0.0
6.70907322103
0.0
6.28412704544
8.32857009642
12.2805884779
11.9832205237
0.0
0.0
11.1074728576
6.79043071956
0.0
0.0
0.0
6.76535820566
12.2167009856
7.85394452721
8.21350648262
8.20236645821
8.04048208287
7.5176584588
6.72880221538
7.05006467124
20.5081218294
7.18178337279
6.45902030992
6.46512064195
0.0
6.7964711099
6.86744451053
6.08137695943
0.0
0.0
0.0
0.0
0.0
0.0
0.0
0.0
0.0
0.0
0.0
0.0
0.0
0.0
0.0
0.0
0.0
0.0
0.0
0.0
0.0
0.0
0.0
0.0
0.0
0.0
0.0
0.0
0.0
0.0
6.69236964103
0.0
0.0
0.0
15.0206070111
0.0
41.2035566076
0.0
15.4842015571
0.0
11.4383718045
0.0
11.1184697401
8.86839912399
23.8999068512
8.32543429049
0.0
6.7998907624
59.0168341523
24.0580772069
9.91133699026
79.080338473
0.0
0.0
0.00449291672902
86.2656727143
0.00414449448676
24.0681832878
51.8678585245
7.76196135972
5.99938741861
39.5645476779
38.4586747791
6.25307600234
6.61420112935
40.6595855437
0.0165330304334
0.0260125965919
0.0402896241592
9.0373968428
25.9466121485
7.23011292835
25.7076721387
9.32036482795
0.0889231318782
0.106404079726
37.5838865364
0.0788207375393
0.0308440003605
0.0295786685892
0.0269138212753
23.3671015959
7.33270263768
31.8414457565
34.6809347849
0.0325701656727
0.0417596533102
17.4085340347
0.0442661573738
0.0454667067379
0.0588266837717
0.0414251658944
29.0420457721
37.400912748
0.0315445896609
0.0429167216462
0.0155449432108
7.06702442035
6.55298637553
0.0436448511117
9.17069556672
0.0480722499481
21.4552332637
0.0362218277127
55.1046127327
44.2195219976
38.070143178
61.0813548558
0.0810835852766
34.0423571563
18.0585115961
0.121380120763
0.130425562349
0.142490392291
0.129503315572
14.3309331975
6.86951862772
0.143094073528
12.7870965566
11.5968515152
9.77829871381
39.3793274319
46.4624911124
0.0467634656281
0.0691907139287
0.038196281934
0.0282749557896
0.035843841714
0.0309265650474
0.0325181739005
6.43280053243
0.0419414845234
6.01511023508
41.5722079284
0.0408165483728
0.0422684682897
0.0445569109757
0.0319488032584
13.3946606306
58.3919543307
0.0513380080184
0.0667483571208
23.1836798101
20.9974978354
0.053206251895
0.0342372297817
16.4860073368
0.0474073256779
7.21312098044
17.6403470303
11.4148623379
14.8825877292
17.5418550015
0.044792323838
7.02590641149
6.74224103114
6.8464342618
0.0951737411531
0.0232388914731
0.034117534627
14.9174481659
15.1009499976
0.0391255140636
34.802234341
15.2784293872
0.0375778921469
0.0399496440959
8.13621918927
16.1372667569
18.0394040701
6.7721651262
6.32353333357
6.78648940075
10.7633405505
21.0095124154
15.8139876413
30.2695278691
6.50007107453
13.0757719247
8.99718222866
18.8915662672
22.6831821555
22.4455430743
6.58094534692
11.1961451694
35.8635508701
6.38614427302
0.0910336229453
0.0954203060371
0.0872630616529
0.0649765108617
0.0660109241976
0.0435582571989
0.0384138008479
39.2444189343
9.48142109291
0.0245295701095
7.63915041447
0.0196670661248
0.0317969364147
0.0294524509304
0.0276654088784
0.0212535798735
10.6920894725
0.0495187111554
0.0549087475642
0.069508188439
0.0735088450648
0.0681048343805
8.12231352555
9.14071196639
19.0771190347
0.123162550732
0.0556681702856
0.0274118504573
16.7096006478
8.22243382847
7.30952001872
0.0457575112924
7.24065670879
25.453619879
32.702011402
0.0669683397571
0.0763685478992
0.069588261038
0.0606060451986
0.0481599736353
0.0438337322593
8.23228240655
0.0436279910893
0.0422882760553
0.0387782986822
0.0283307597052
18.3199415679
7.09595256112
8.77308754565
0.0447413511779
13.6603775452
0.0592817984442
0.0209356591952
51.226241098
16.8762681784
6.71104627678
29.7574744558
0.0463690130037
52.3073330131
0.052498423092
0.0665093460468
0.0536594887832
0.0463252304568
15.4945848068
58.079746542
23.5781418967
0.0740021962306
8.52231755774
0.0740578709951
55.970924531
0.101979139568
36.6177949602
0.171157908313
0.210034277684
9.69200957727
6.90566445903
10.6569224883
7.31795453371
20.3666045615
10.9401752449
32.8836008529
44.2461498065
21.6467006951
28.8677097032
0.0242807029978
0.0349045635686
0.0336801941173
0.0666968670794
0.0775556130051
13.5048869307
14.6714228764
0.0458794720806
53.8617239601
6.47528343182
7.78552018088
0.142443628409
0.068736699899
6.9427045083
91.3758939606
36.1790693428
19.9176610912
0.116525959781
14.2271630947
22.0573782708
20.4172018316
13.6264435219
49.413418858
0.118042792516
6.13353935807
21.5946693831
22.375431656
73.4807678966
34.6618059082
9.60047148775
0.0369736224358
7.43899377164
9.89265273076
7.62245417297
0.089396767504
0.0309400905369
17.3247076023
0.039982061556
42.4913026769
0.0856232242701
23.3677055163
11.6170058705
0.069626648951
0.0338199570551
0.0325664796119
0.0336640039116
0.0433383694341
0.0312222459013
0.0382190738001
0.0370305831139
18.7970458008
7.72580055821
28.9458786134
27.1914576675
7.16610901641
0.121083307687
0.230145141017
19.2088065441
12.9966571852
68.2738319007
0.356108312302
0.383443881074
0.399513429941
8.11425079776
0.418763039433
38.3703147841
0.186504659858
0.192713271171
6.13057213735
0.0687267832704
6.23943534001
0.0845967392723
0.190591039499
0.15234060421
30.0905519558
0.11491572885
0.0753125101739
0.0505361038371
0.0520879124375
0.0522443872414
43.988668745
0.0464605534235
0.0484451324942
0.0333007574545
0.00993105704736
0.00858209724058
45.3935207284
42.5923630234
0.0208041025188
16.0214642019
12.913080091
0.0342339189254
6.37597449068
0.0358495449122
0.0359275872372
24.1728022997
11.5889332369
16.5700328652
0.0501858306853
48.324819899
31.5256502224
39.9503008445
22.9697872354
0.0631737784541
0.0314790511298
35.415775943
0.0486288621393
0.0428330876671
0.0470763897375
0.0420995548552
0.0442598881806
25.3230215164
0.0529581866883
6.70680688722
6.68924074422
48.6149848888
0.0703734522844
0.0674727660701
7.92272208161
0.0706228178479
0.0833650713442
0.105292600636
7.72507519693
7.53606875787
0.0815167268677
0.0997504660676
22.5695599335
33.3914163294
0.125386483198
6.73604721721
13.0054633058
22.3176497947
0.132299466964
35.964866861
17.6560964453
14.9937430184
7.82448918673
0.278769533277
84.4234152385
64.3639157272
6.43650346847
21.8767319571
6.54736317116
19.7702517488
11.2589264162
0.0881971649453
0.0788753146941
6.66069274721
51.6403827296
62.0998714758
0.0450632763728
0.0579427134579
0.0500162575411
0.0576333072915
0.0587697445527
16.1294323814
0.0852549624319
8.84720481252
0.0677485102266
0.0710797485784
0.081545226962
0.0838369463541
0.0630344484176
0.0458058658331
0.0633178766837
0.0666171964867
51.8586575359
19.4320914981
24.9573465966
11.1532494554
0.0618299719264
0.0650754229194
21.7155135714
43.0980779301
18.2038842825
6.41861935831
14.8665181436
0.0902574839123
8.13514251854
7.26942544949
6.94973159965
0.0477413597355
24.7941651394
9.26166958588
14.5817979304
6.76975713375
14.5860977316
0.121563847645
6.05646590757
25.9384727113
0.0299697284523
0.0167349398612
20.0161207295
17.9088845143
0.111319060458
0.11197690405
0.139290493377
0.154173269333
8.57013747406
0.158819797021
18.4613877996
7.30029012067
6.87407259517
6.36306630652
146.515160723
7.11050769582
18.7197169924
19.2056691584
6.24936219921
53.7242843756
36.5502290948
89.0633035411
58.4338041812
21.5601963412
88.3656997771
80.3383689346
72.7900739223
0.0687360094077
0.067001533172
0.0693857610626
0.0754249628085
0.0820701189143
20.554939572
0.0920215698997
0.103044320429
0.114550052059
0.125072677953
0.135883438636
0.142498764381
0.149047727012
0.167190573917
0.164615236888
11.445809254
0.168745983729
0.164696233888
0.188983000001
0.181964509992
0.159115649837
0.159928457977
15.3227665545
0.136448364208
27.8065329478
0.111512419085
0.12859216154
62.814556343
37.9286556385
21.0140941527
19.3548569271
0.104254042812
34.2526632541
17.0031361083
0.0390010428372
0.0375733001666
14.8245688645
76.743144156
22.0254594997
17.5622155101
0.0539679445057
0.0786068859
6.64743137386
65.7818701217
0.0432520757942
35.754287882
14.4789016715
6.86662515161
6.30947486466
0.0619761533231
28.2417807196
6.94322383292
0.123291841501
0.0938621538976
17.1512203831
0.102929727837
0.0787422036015
0.0762379197083
0.0822706688021
7.12465018203
0.0821651986226
0.0718779388067
0.0827536990401
0.0811409299584
0.0589086229866
14.753588574
50.2971492291
33.0085328446
70.8813534161
37.2338146764
6.11957226849
68.6222099667
0.0
0.0
0.0
0.0
0.0
52.0462153851
76.6637449342
30.838879789
19.4090022357
0.00224290714731
0.00448622750262
0.00684627357772
0.00950692158162
0.0123154555322
20.9311375865
0.0135599429327
0.0252523468049
0.0256261426397
0.0318069712532
0.0325730629703
0.0609753641627
0.048170750351
0.0539932273021
0.0619635539717
6.03596003112
40.6378341475
6.50106383307
11.4033794487
6.9077306839
9.17732726341
34.4126393559
10.1001179319
0.0631460752185
0.0533471968352
25.5999321228
0.0320391772443
0.0128528763246
0.0120917041556
0.0242538291674
10.5984685144
41.8255864994
0.0426583266864
6.03565757152
6.32256769366
19.3447740571
49.3752363929
0.0532905758912
41.3408535624
10.2153998546
45.8646302913
15.7800193605
6.70619936208
51.6096209235
0.0678157292107
0.0674492221195
0.0530008737534
0.0395742878949
0.0350497577469
0.0350882225353
14.3518413592
0.0110128067075
19.8963973719
6.73178080111
0.00738292950858
0.00618936292843
6.99747792684
9.85018287426
8.78126075657
8.46044277699
7.65218705894
0.0
0.00302795186242
0.00341926167207
0.00272661992592
0.0
0.0
0.0
0.0
0.0
0.0
0.0
10.8450979409
10.2393096022
9.97627069089
9.61491003461
7.78382635483
6.25282519021
0.0
0.0
0.0
0.0
0.0
0.00144581415449
0.00136922096143
15.0471421382
6.06755601767
160.448633721
188.79856453
6.6131526655
36.555662637
0.0219344952075
0.0280447369405
56.4927422316
0.0439350986024
0.0367323740414
0.0361030934904
6.32074442743
0.0212906915029
63.8466926278
6.03160087288
13.8105550971
35.1221919368
7.37698193699
0.0530566461553
27.297101529
6.42584053448
0.0536595499672
0.045454421144
0.071611181035
0.0502934168883
0.0402179739454
0.0300999679506
0.0167480398117
0.0218762885452
0.0382001185175
20.7087694834
7.42767584951
31.5228343957
6.4097630798
6.00681987963
6.58118277973
7.04464185148
0.0886297117382
17.6599054953
34.3153196403
0.0956431977398
10.7513136927
28.4607714799
6.60631373731
17.7065306084
11.4911624906
0.0775084298776
0.109003953532
8.37222590674
7.17720869753
16.6438107972
32.452393559
0.0979142657545
21.4705014009
38.140588385
62.5179832256
6.34580412821
11.183336282
0.0926014140579
15.0089905797
139.158073561
38.9718296424
0.0718242979649
34.0759389493
115.054836553
35.2077819717
73.5368104465
0.0767988139021
0.0772047490451
34.0795354284
125.426642985
38.3764673486
13.1473272752
33.3098693205
0.0471823626964
0.0446094836226
182.103586841
6.84457024225
33.6241151509
0.0568926979012
0.0722010177933
24.0321404734
20.874630567
10.7049413377
21.1450332887
32.2713021446
0.0485656809844
10.3074213686
0.0618547249197
0.065026463578
27.3133184016
0.0187415081379
0.0183895454731
0.0189795433632
0.0162424064696
0.0164731377824
55.0087276938
13.5331838127
31.518570762
6.18687754283
34.917576838
0.0245285992529
12.7489398232
8.35717001698
0.0137212954942
38.5788278301
24.0297038995
124.476254172
24.6103414297
7.84388411755
23.9605870352
6.50496928906
18.4565511345
39.1018128866
7.01599188902
43.6827877479
0.0625796074296
0.0657480004735
9.38256945044
9.89293422595
7.86403038752
13.9333946704
7.19105008655
0.0935671079268
30.9426397592
29.201527048
0.0913133365393
15.1136914704
50.0878664763
0.0446591382931
0.0225382621038
0.0230642402081
0.0209821105754
99.0154845249
82.1613028798
58.3069161992
25.2060885017
0.0
6.22586583887
35.4057016411
70.0785618391
93.390313541
32.734687546
75.9044024377
118.655463883
7.41478524599
7.69156157379
8.51731108516
7.7908639511
7.12371753907
7.36546332002
6.13752655182
33.5406674159
14.1854942351
13.4766373566
31.7736061377
19.8457634733
26.261098252
112.719347062
65.9708241416
114.512866531
6.75307192326
0.0306805890292
0.0439282934502
56.4670939505
0.0606288529727
0.0268496762291
14.1408456981
0.0164916429162
0.029477179021
20.1094408162
6.3615392992
32.1984970201
0.0223217174975
7.04291294357
31.4357545779
15.7808627269
0.0202257481826
0.0303631558984
7.83948463084
39.0192874975
0.0429189779292
0.0400086583905
75.0779227162
0.0273249872223
12.6812396787
0.0544536644252
0.0690217853113
0.0970388562105
14.4608807326
39.2624203441
59.25430707
0.166941409256
7.36693608083
19.7651847829
32.2858516322
18.5475521886
0.234136476831
36.4977354916
0.175304542734
11.3837691132
42.7235617986
6.71961534728
10.3778351027
0.128872498496
6.91872777095
6.43053908229
0.199759210796
11.3989910731
6.52619776699
0.171569067903
42.9650342738
13.2594886494
13.0168024908
51.3218234532
0.148241741342
0.163797499372
28.8990094957
53.8579547233
0.203988561066
0.200795096035
0.214383893071
6.58872314112
20.0209759774
40.9754329346
27.769712054
7.50096690359
0.31463717126
8.78487945762
0.270455585695
8.44503454623
7.74653333294
0.256834767075
7.6355069758
38.9272741969
10.6071858037
23.9259569462
31.8838865713
24.4211555922
0.0335802163688
0.0120597691201
69.2904513306
26.4555996025
0.0316230940902
0.0664081456827
6.28132968669
0.0924369092225
36.166871685
8.09997526276
10.572890965
6.93371710118
8.38159203023
6.40666977979
13.2798487
0.0513929866716
24.5800710389
15.2185450288
0.0158222450971
0.0157677239936
0.0222679245613
7.27821629678
0.00148928564076
4.95379395491
0.00658923816129
29.9196754196
0.0166612029621
1.74293636527
0.0297466109294
2.26605702043
3.80669382342
1.98213331164
1.46194170041
15.1735643302
0.070057527371
2.47383875857
1.83680090863
2.24422439872
0.0727709223074
2.98803962665
3.1688564059
3.39994080422
1.82335621688
1.57696398775
0.0512136295289
15.2915690316
1.4451770736
4.07432782566
5.07111135584
0.0857434013048
0.0565693582263
2.85122391526
1.62674200711
0.054840916705
1.75562053958
1.3366145482
1.72603083064
3.55202596167
5.59854099964
8.64459813919
6.03735823463
10.6162028918
2.60499461695
0.0703795068078
1.40286636558
1.32937736998
2.00545124341
0.0317045132191
1.61907950958
1.32970361418
2.17050366897
2.57913755978
1.6075211116
1.82014780889
2.04501864718
1.38475496285
0.0049786433821
1.35093426459
8.73536676168
3.13896142605
17.6215826045
1.67709264768
0.0
32.3924005966
25.0859298375
8.91836371184
0.0
0.0
1.98506341091
0.0
2.54953473706
2.27471227749
1.78753870208
0.0
0.0
0.0
5.97540058317
12.7902873527
10.7176756749
37.2760945588
64.0958828034
125.089026959
10.1201457705
4.25359930463
5.75048238154
12.3701534529
1.70877152178
0.00267283037862
0.00830496859237
1.45404319761
0.0106189130039
2.71434604143
0.0177609346951
7.3098209419
29.4458945235
0.0609175444514
5.61073997904
0.0456775886226
0.0539552163961
25.2829459505
3.11776489297
14.9790897475
0.0352198768671
9.47613788544
0.0388593705251
0.0380091952763
6.11433829048
0.021378087675
4.29097134171
39.1313479379
26.2847056819
0.00808489464443
5.91678625348
1.36411571293
1.53962867797
0.0254466620791
0.0250196927898
0.0295499348054
0.025121309241
1.58338923897
1.31325844676
12.4735516088
1.96537407464
0.0497072177254
9.99508804531
1.96544807906
0.0570517756409
0.0723381709491
1.38774736746
11.3070334052
18.5678457475
3.98558467063
6.24536826239
0.0508438860693
0.0516854092927
0.0629457881239
5.10676684255
18.9221545679
3.61626858871
0.0220870159704
5.58278714436
0.0228269123729
0.0282032567291
30.8742444994
7.9418598235
2.99390666949
24.7462373004
0.0211239960198
3.20418998625
9.73007621578
2.08966245687
8.34991970193
13.4118752808
3.75469672771
4.39923770021
11.3539569445
1.34677467606
1.36197898472
0.0209047840199
1.52987871893
6.42951931689
1.4037862327
0.029023138191
3.24778867536
1.94546762604
0.0618125948803
0.0930355398843
2.86470531342
3.22873051327
3.61459843374
1.61403096705
7.81276514447
9.8146899398
3.12887118207
15.0780412747
1.73538088946
1.89557939851
1.7967538423
2.06734132972
1.67230711433
1.31568217502
0.0693432741705
2.61397797037
0.0620523958843
2.94085657743
1.96328935069
9.28456340304
2.46695064617
2.05946355116
5.3617480781
1.73549342413
1.75982772648
21.5988197424
1.30152770309
0.0315045471734
1.48031062201
0.0316488937438
2.03893625785
0.0221466734652
0.0598129769359
7.527017575
2.58154091134
4.16040250949
2.61435285339
2.19414126618
0.0805463408638
0.0764909924153
5.32876589302
3.31662919268
1.38453538628
2.13657794711
3.12929562092
2.63924139691
0.0492367848723
0.0448808931773
5.78414656092
0.0265583927828
10.6759748775
11.2356934035
0.0104828956815
19.2814099909
0.0
30.1322391983
26.1597894029
0.00116881779219
0.00187163109915
0.00211528604879
16.9964858335
28.5750777717
28.4721946425
0.0
23.943240619
0.000409615251051
0.0
21.9566485566
9.32276274319
15.3444858794
6.49816197028
30.8898677249
0.00208237080835
0.00285313447281
5.21848296999
1.39416568885
13.6681132374
12.1023085292
1.37466574737
0.00162176914483
24.8483179157
11.5362152503
11.72390953
24.7675634914
0.00371300388492
8.54700682548
1.59566943364
4.68171087183
29.7889244843
5.05177180035
11.6270415198
4.48523759224
25.1101854959
26.8559494645
0.00188185172866
6.98750177089
5.4085574084
0.0
0.0
11.2714988071
7.96604626878
0.000569886556866
0.0
23.0514673886
0.0
0.00101963556456
0.0
3.57224251417
5.68012718562
3.02432427643
0.00205423596307
21.2304555051
1.69775748038
11.431867473
7.6340609144
21.058812431
7.83881887214
12.4225612516
21.8959809179
16.0194480301
18.8051036216
21.4537945854
2.90115958046
14.4994383354
21.1946388292
10.9862872014
11.0087157957
4.79012606072
9.01307302876
0.00258836851141
19.1399585793
1.42474461957
2.7465256675
6.1917467701
10.571594642
0.0
22.2485270758
4.71590181947
1.35585076389
5.89522291938
4.22912611124
0.0
10.76618416
1.81588704259
3.42410207607
15.7868483531
1.51355486679
3.15654550561
14.0277775898
30.6137479664
16.6558006127
0.0
12.2915748885
30.8669869409
16.3969646606
1.52823007094
6.91619767005
3.51254176493
12.7846373475
0.00122836916138
13.3567389546
12.8154090949
0.0
7.58329756629
12.0218202341
18.9445285167
17.3533074597
12.7531624084
1.32485790901
4.12316961411
21.107944964
3.02811479132
6.58514764829
17.4865990761
13.3699050059
11.4523260565
0.0
12.4204996337
0.0
2.85651094294
1.3770703144
0.00153802731451
2.10662864777
18.5528293016
4.99037430265
28.9014243249
3.3390586954
0.0
22.8849420425
13.4591493381
0.0
4.50695682424
19.7776011703
0.00217384757624
1.51688248872
1.36491758153
0.000484660648904
2.59922575296
19.1682005241
15.1786770014
1.85290049518
0.00500991498187
10.3411177988
2.76660679877
7.10225817616
1.57321879367
0.00100123995047
18.0057318033
9.63970847511
0.00107357661543
7.47358504837
0.0012961180135
0.0
9.23240871365
0.0
7.85706187943
32.7416274942
14.3730470749
0.0
5.97594592979
0.0
1.34733229919
13.4462900225
5.79704109681
12.4482051897
6.73518429596
0.0
12.1124999994
0.0
13.2415102992
0.0
9.40821256805
7.02647484632
17.4243384016
35.0095863295
23.7756153755
1.78473740335
7.04262989009
1.72128045227
14.5185059624
23.7391142569
20.1571967541
17.434283989
7.04140453429
1.73562862441
2.6502922183
0.00215118053204
1.60149596548
9.71083695512
6.50783886361
24.6556381328
12.6823603521
0.00735724683224
13.7139332657
0.00873344062439
12.1372419911
0.00170152489488
1.37495747554
10.1938996986
6.207801214
0.0
0.0
0.0
1.6093705691
0.0
12.1036799941
1.4743101473
10.6899006178
15.7382992956
8.5823637911
1.45979280338
0.00504483690054
15.2637951453
0.0
0.0
7.51844421458
3.01399684213
1.51223420043
29.3207471342
14.5854004218
1.72476960942
6.46346112101
0.00198295822617
17.6122974653
1.71210368586
19.9363198993
