0.0
0.0
0.0
0.0
0.0
0.0
0.0
0.0
94.9884397646
129.53315702
0.0
0.00912250925261
197.784036682
0.0171874869542
0.0
104.761052348
434.889219968
0.0
290.828113087
0.0
160.772118253
100.206900486
0.0
375.431439761
0.0
0.0
0.0
0.0
114.948600289
325.831953399
153.890434134
0.0
247.116207743
119.478589594
273.985891078
0.0
107.666166853
118.741860774
107.912577677
0.0
0.0
0.0
0.0
0.0
161.685928094
272.062532799
0.0
0.0
102.069844935
96.4151830705
97.6854257255
139.630045688
0.0
0.0
0.0
102.626164742
106.786186487
0.00998853936358
95.8959061121
0.0
105.49319908
146.604174159
109.254896323
135.929835381
0.0
0.0116112909923
0.0187585529435
114.808663007
117.878073607
152.542712542
124.087354698
0.0
0.0126931312101
100.51605331
0.00891329087902
117.387269889
0.0131999838945
115.705564926
148.568492369
127.293716276
90.6308805995
0.0
0.0
0.0
227.992642398
111.883174645
0.00860648628304
0.0100890582352
0.0107327121956
0.010479129819
140.370522724
250.462866486
0.0139753786558
0.0345008636917
0.0352952751532
175.972989227
147.257149188
110.283316796
0.037888487349
118.944024472
107.288947204
0.0305662047155
0.028313257111
107.648384544
0.0320661649307
0.0297597459048
291.898558176
101.564232391
123.408714632
0.0308382335411
0.0295608574328
0.0233467003691
0.022062459257
0.0202826049318
98.0019948856
0.0324985463005
120.735019545
0.0425024721656
0.0397965728384
0.0317687910187
201.235437698
0.0423310322414
148.908245622
264.578665166
0.0401691192494
108.322997708
0.0412609272274
0.0321137161236
126.044187417
1109.84720328
217.772742518
520.930353781
399.435874971
194.760304072
0.0
0.0
255.831687286
0.0
0.0
0.0
870.037313638
1008.00520406
1179.69286442
1532.68603224
380.117259905
985.445902191
1219.2020515
569.316004218
313.283273532
468.664104611
138.706947654
276.838608008
1609.34957664
0.0
788.145778527
810.129224201
710.35728307
407.769720692
306.997135881
139.469249783
369.354548997
150.338149599
173.475142634
0.0
1388.6866732
1537.89538909
1009.00854057
1098.08710467
510.938831743
759.779084962
101.637565103
144.867503665
317.634472538
124.444469514
1388.97200876
1322.42605944
1749.16685146
0.0
587.543565897
620.336609823
716.216064366
427.02135416
1872.75241454
1096.36215919
0.0
604.271832335
770.1496002
0.0
373.550061492
419.702856308
129.932107062
0.0
820.539678722
0.0
0.0
112.414450779
0.0
91.4612216596
113.225010198
0.0
0.0
611.791739521
399.909856217
1422.40164943
583.801812172
711.964283984
467.664757718
0.0
161.365921328
0.0
0.0
0.0
0.0
253.856545318
283.466587989
394.122076269
124.053990049
105.197952493
0.0
159.418888228
273.437101511
0.0
0.0
0.0
0.0
1279.69158577
553.025769369
732.360404571
860.760331781
0.0
202.672190297
288.787481677
342.292479061
238.35717664
0.0
0.0
137.957424468
104.046528078
532.527935291
452.036921451
431.403497425
128.116721061
121.637267793
695.993713448
200.32360797
0.0
0.0
0.0
137.536967652
0.0
162.613208187
0.0
787.580044569
771.399544182
0.0
110.298822424
0.0
0.0
0.0
0.0
0.0
0.0
0.0
0.0
1489.33252309
1111.96415277
1014.79033526
93.1785329294
388.265017559
0.0
0.0
0.0
0.0
0.0
400.474778643
0.0
415.282198655
301.048185249
0.0
0.0
0.0
105.007503566
0.0
0.0
0.0
0.0
919.749680845
415.048788199
726.707304124
574.268407585
668.161394349
255.56723674
352.509610996
0.0
137.680775043
278.076536347
0.0
1437.87232148
1127.05397622
0.0
793.962556951
743.290243901
124.828096353
0.0
0.0
0.0
758.990536296
485.371095323
906.591546121
759.006593162
369.533473059
211.911538313
399.858835982
92.8234082825
187.013589803
851.881874114
267.172846455
140.843519908
0.0
120.115918242
0.0
0.0
0.0
0.0
0.0
0.0
0.0
0.0
0.0
0.0
0.0
0.0
0.0
0.0
0.0
0.0
1026.20239955
1216.66459193
495.072609211
0.0
0.0
0.0
114.33302492
0.0
0.0
113.210675103
0.0
0.0
0.0
168.405457673
132.416815437
334.845450441
97.6426494049
177.108539547
0.0
600.7506565
1375.87526828
865.788296891
631.380918537
504.984985905
0.0440969424109
122.301496011
0.0763437533246
234.741699848
0.348756444707
0.470176332621
101.443888764
123.46825874
0.389769795867
0.436462255657
996.211850412
94.3688309455
1.43715602476
1.67418640622
235.778496859
718.776148175
135.474302267
118.065665095
382.940072988
792.157087573
0.233742882004
192.943465477
591.729167298
1362.84746716
378.262840277
0.653761808178
565.517346365
195.651762182
1.68773236566
103.800124749
233.26762959
357.933962064
214.862345305
127.784436324
92.6717062477
1.68776926435
102.931696502
1.81807896612
419.24531424
295.51953143
99.7226155711
2.89474211152
105.811182952
450.326782105
254.653184171
708.50397464
221.877940117
337.145953282
0.991986626639
183.589680162
377.93575219
139.348910501
477.082874105
357.103182002
125.39016659
0.313092965017
1087.50722638
1747.49445851
515.290491078
969.030458874
124.042146764
384.549964985
509.526950075
493.140288712
970.623003103
234.055594335
238.181055303
675.360190143
525.635207837
599.570880274
0.704698230411
0.795778834728
114.872463929
0.759548437058
211.070225048
477.379754255
220.883348476
399.685042606
412.762764846
1859.64551903
102.143135459
0.67396273176
1391.31987729
597.307166371
0.518023981079
0.70101441318
0.83473173969
0.457821349297
197.557822489
111.700672958
647.979053182
127.553970993
118.019592654
129.049614627
121.409182413
97.2123050882
1.9469226815
0.773896683183
189.935370158
385.034827173
310.704646614
1.21547272264
1569.83566082
594.308619132
575.558680047
0.68646337406
379.50885445
1906.34314003
1.02740075846
684.952317222
411.764455
91.3318799168
576.802163454
1.81078506167
120.171561344
434.54244503
1.26209778906
250.185941287
251.73393117
117.46814021
122.944560521
1091.58990018
332.715556903
176.790452692
1.5747200471
159.504228294
177.9776529
145.004535561
870.665823859
0.32214955037
0.504389030636
0.667079317979
135.715922629
100.078320227
96.9947748935
0.357646404888
0.656201760255
132.736414132
454.780597553
0.966695970042
679.391024095
146.304183654
838.940622722
103.762995066
1408.79622532
0.592394146536
237.750703049
214.232652642
632.357652955
6.26539375726
6.31131038177
94.8393545862
1.91851120928
187.241586985
661.068552153
1.08394047032
113.239008673
429.936345892
923.952762472
369.576316783
142.588153674
462.489865645
3.33956747172
102.71323512
0.898849206655
0.510646122672
172.288398141
182.572214874
170.025581662
200.597564515
331.996754248
155.098159186
653.466470358
885.849659311
158.905813815
110.71494366
968.840975486
0.277305330608
388.668480182
633.027911994
0.524369486223
102.876941119
0.563954124093
122.40196378
468.221425802
172.684094346
94.2929366183
332.931326435
0.23823628264
411.548621662
132.964897633
99.816397607
141.267335215
134.474937781
1701.81086447
552.242579018
0.38746451305
94.2044889608
355.539709953
413.069537194
310.060405933
106.213735605
110.317705217
102.887155527
91.6350169105
0.382037590333
624.266816072
0.317455457303
223.134636688
482.789137635
0.389395119105
741.345312569
0.773488467984
497.881617845
174.702608477
1327.30611518
0.347884854225
135.474737909
0.557129496754
103.732377266
704.351783868
469.288992114
0.933624816475
0.674902842254
858.27410811
213.157574222
94.0986205281
1.0073598278
410.652239314
117.910311721
2.14807098859
1.27779801992
1393.85393902
312.997125836
503.879116543
217.009459255
0.984038460384
159.227205221
0.930887301819
0.752063341544
128.777986337
462.557125757
1.37832503094
1.42125443295
100.089846448
307.779162514
0.961559430664
1003.35010268
1.22061268832
276.278690642
0.643656445519
0.768020181287
278.766629974
155.305749086
108.699574523
1.36116560885
498.338290629
259.184635726
91.3099848607
1.40382112842
959.118023234
243.178174102
137.273017891
499.491740232
1.32458975945
1.17923653704
932.572251891
922.798595496
561.632176445
99.3109795438
377.20869778
1.51671092187
151.666360153
1.8160948398
566.631125435
217.657986847
108.681764481
1.41437388512
137.769773882
104.551437282
725.078760777
2.72226817365
258.364224739
2.59259906141
2.50717226066
865.058679779
98.8623204756
0.409764050697
919.59827035
99.7843871779
1035.23430162
2891.29214142
712.599628293
914.811364116
576.81447642
714.713807291
790.009724773
0.209292031318
154.804565327
361.157545513
332.273533819
540.191919037
839.695769212
923.786317031
0.376338459049
677.848882605
881.545312576
650.032514449
809.095912255
114.98825985
336.868159969
298.602622987
135.089850519
112.967257919
297.459578906
0.647566254366
307.117494864
0.787624256397
0.991458762587
1.12250712445
832.328049554
267.476612975
170.803679636
174.14237332
214.65254014
1470.91645524
107.705125128
1.20276571373
395.385664857
384.539558842
3.09233331145
1.08775323248
466.683194294
610.747095773
551.109411702
263.012389719
0.275627514802
138.422084133
94.2123463823
110.079711221
672.446449631
429.348111209
107.567065243
326.298264357
129.171917595
336.946403939
301.726148458
1.08144005405
407.148242698
1.12800715399
1712.63866022
456.136805871
199.982872937
0.411957396996
0.296763377353
1992.82019306
0.215729758098
0.123198066274
1997.09650793
374.105634169
449.062359138
656.481715294
1211.38157926
262.206304082
234.960646265
0.0
1399.010102
871.371244832
140.464123353
0.0
0.0379366419826
234.06588761
805.802846914
288.093683277
295.137265425
660.095083269
195.381790931
312.010510428
0.0979013875801
0.0864601291644
117.514304658
113.432648121
742.819764571
141.127728248
91.8606464535
0.300621331093
559.42545337
105.924040218
0.349784591666
744.744892784
380.578522458
738.028938111
647.509938418
707.540635524
1122.6951577
223.729044889
0.663281019486
296.838866302
0.489036302379
112.196446129
241.893765307
1.00064889708
1.09110574758
0.998163196937
1.00794627769
582.667027413
111.977919675
252.036053777
128.618479812
380.678716625
310.188552435
0.719038188294
2.69525207709
98.1600609245
1.42632086177
192.65060376
253.03054897
542.508226757
473.775930355
319.553355488
232.023661804
337.283834634
0.699436873566
107.730910837
0.553929212247
203.987254597
935.376463312
1535.22815139
2408.10246642
1782.98616852
595.522827557
581.156023555
0.634805987458
1706.08905735
1.34418984137
322.282226073
126.828769453
454.15315456
372.772517971
137.794952644
91.3720840033
142.558279045
129.934029128
181.791011716
0.353788013894
102.358061542
101.734261309
99.4910637547
2193.90531758
92.9949851504
0.586769581657
239.474982966
605.384169094
928.289416365
0.648780340582
0.666848435503
93.3592709494
722.096248838
121.728750268
2.20273730371
973.080083449
117.055399123
0.47299617009
0.908459188197
830.531956118
114.827317212
885.773356282
145.057360561
335.008985354
0.988271874533
2230.59760436
1.9239896961
99.1856863471
2694.34133825
95.5297545099
1.01041522909
1.20563498197
99.4804034843
347.305127183
252.517884881
557.008453136
2495.77208503
2021.96478783
1394.48138157
452.861649888
108.38096157
1.35880722724
1.0812951776
959.534680482
430.86460682
173.256665788
1.04209897831
191.17483686
154.196778048
138.659255693
126.779916749
1.22736596187
1.46661745763
0.902700669281
1124.38793555
209.407476974
106.802705342
138.733103781
1407.00593848
2689.19159919
1071.00184826
3.06799917178
688.954150792
519.661354248
96.1060774999
472.319378518
1107.88171626
1689.05439484
245.974598143
415.075318233
110.724239439
0.983858320228
2128.61905384
0.754701914524
1283.98123702
1666.98925225
0.587544980126
0.336788862548
123.921847783
94.4899787518
0.66977089872
1.14980184748
394.358881822
502.737720432
113.023852834
487.692934244
0.897580300636
435.490421116
1566.15303355
1491.45473446
0.827576979251
0.979814255485
931.761765371
3081.76130482
0.443217277745
723.309607875
1319.3200343
0.333646747954
0.301704911301
0.287318380142
123.752115762
0.295993916988
0.340357353328
0.372232763765
250.79348421
93.0735476825
0.493838302792
1115.95232741
4663.03954314
392.095350873
90.8981433526
0.398790291414
155.687909107
266.628948672
101.18668889
0.415436440608
1037.54437547
238.024760193
0.582502006983
204.273222772
1405.27186157
1088.17164541
1.11465513674
511.76519523
100.399283165
1.0735207212
146.952282334
3053.04045266
4903.45439647
315.362420638
419.015377692
348.239708167
366.964080089
0.477421835464
117.127359429
1316.27490366
0.610998995008
577.935126003
0.612303002951
141.054489124
475.195316436
597.18573559
0.926822146706
0.840277575822
291.327340793
106.874519329
1.02275722056
247.940310784
104.270107814
753.576838618
793.873450491
1055.63609713
94.8334501363
2.16488541533
2355.79258862
528.126188483
237.719760345
365.324297329
637.231823677
120.720925414
0.708690674824
1.07051692661
1.19880229025
157.509161356
1.63995275593
1.00711616869
95.9809879755
1.98137592453
113.926739395
4524.21697548
306.327261265
922.108862921
0.808547779964
0.940279687542
0.818027435611
345.82011334
0.702580976929
1.04086817121
2606.20701309
0.917571778787
704.256010778
108.83380307
106.817729319
1810.7593309
1927.09695881
853.134976784
314.002758886
244.409995564
207.875338869
234.689151195
0.270440962168
0.266447940942
2278.18093943
2200.38211307
0.375985322023
0.584159463549
108.979581291
103.834790503
94.8912127602
1993.9542755
153.785254089
1.12888542391
100.368132044
964.106678901
1022.07718994
1.12564425454
91.3039849837
1.01903632174
456.144118433
0.568821795557
0.356682272937
91.5761787192
108.954624276
0.269828357762
104.639241038
112.71958288
237.131536969
0.278792004256
116.624894101
801.251945848
208.866373562
0.406853859452
747.753144988
155.254982976
0.359655663541
0.759000575171
484.305596368
383.461125136
91.795047049
0.28452089442
253.443556691
0.384688365116
0.249134964837
122.22299236
1215.81812435
0.297053315425
473.136273958
113.988368093
0.277736790826
0.235645363833
0.406915838366
105.371000194
96.7443404239
94.91634955
129.18091976
100.804272917
312.035159421
121.568326228
385.359375158
557.682445081
690.915305126
97.4054954528
1757.80825024
117.489447256
100.371046809
108.064709344
228.835969724
1050.3869308
128.863831232
0.413193531587
387.418799598
144.18742456
358.945459814
125.118528087
205.534984338
1420.48099345
676.257610693
149.74826993
148.392060119
942.456285834
0.453816581717
387.749436486
0.522907013255
0.374834516748
0.462040775687
196.428731889
455.290092763
901.397174005
0.299947788403
0.293913111573
0.204978935938
249.83612915
0.333261818163
256.691814487
0.24371116062
0.210230420446
100.218548747
115.218666789
0.375865300296
0.264437154168
1936.12184186
151.363056626
200.673736235
0.227788974246
0.271247715984
0.300205825597
0.357796551727
0.524757989893
227.469385093
0.939126545758
0.749162532411
0.827217463342
118.71415215
2026.08117713
116.047648558
808.24323606
476.76844419
2103.92963678
0.859618064458
0.821344499896
1182.92845894
0.560627520399
3061.40353711
0.448987731069
141.480366902
1766.17610976
5110.83999701
132.911366339
281.511654305
226.951728744
138.197968585
1255.13004591
123.431350716
578.063799664
249.598622312
105.673396859
779.740339317
2303.93272806
257.913004205
1.14511502879
295.768527937
137.62813438
0.8884769836
590.455044732
1252.49634114
853.226692923
0.216464777875
0.166385163072
116.345409284
92.3351249541
538.853246011
1130.70837185
797.054441697
0.0634832741863
0.123869705269
98.6414168398
0.157659529081
0.156685455237
1473.67597311
209.730027617
2533.47627077
98.3706871381
94.1196665184
1039.89853726
3210.29052187
107.524157304
0.53022877722
108.086689195
1.05350357913
130.188604945
106.419270141
99.9390891967
1240.6184151
132.167308111
98.0739775002
1764.68208513
865.653197333
143.161932898
98.4364084638
94.8480154985
1.36308947326
0.447367800477
461.640216649
3202.78419541
218.646394343
1088.07681467
0.603677985033
1614.91409921
921.061531111
598.928461779
553.410135919
2646.99752484
0.62702662726
129.732104682
1.08907561165
96.5364544554
1.41391350125
1871.23471493
102.521685438
1.93826057152
1.32429960012
1373.87055666
1.02031433086
104.85530791
2409.93277154
1300.62204766
1.18024987827
1.39629321497
100.788231491
131.037945602
0.867575602962
105.675036982
2901.20410927
238.91765456
1.97679116269
105.564907511
2.31269365515
1.98528469215
2.14825807143
219.608850957
465.632014595
132.056291065
2154.49998254
1291.04935267
2517.71444798
2.05844840121
98.4157737946
2.83961869239
3.79269185242
102.553101875
117.338983316
1.41746165801
1.21226977057
1.25716293637
1.43230701019
2.26575216403
107.351027179
278.26545822
1589.79099644
1572.29472425
2882.91635917
1.060450919
0.851593222603
110.238905002
447.01819332
827.527235353
0.558626972658
0.715774798124
754.359438753
177.595071385
0.746174486009
855.562537214
1920.35853574
0.779954472136
110.446296176
127.429797342
1984.59674986
1.00829614551
192.660886992
380.92737212
156.788347891
1.14765266682
521.855555668
903.172794322
922.100820815
0.747098489041
591.153886723
0.425714522357
0.291857559485
684.863112243
2465.52533091
483.884626314
99.7695430156
0.240533951272
0.260895141874
121.027619666
90.7536701691
724.142948766
0.30160168018
0.375853300745
0.436364029882
0.451228826871
2518.9294833
435.818369905
1546.20099233
418.876257448
0.422410780318
118.395119946
102.076765697
0.353847209017
0.265151223653
0.107956501381
523.17354577
2236.41889281
116.136887343
0.486644891861
1.32313750216
1.57357144775
0.319170446649
0.381199476908
0.508145282408
2.43228688537
2626.17411342
314.850094839
1328.62547698
450.962238055
2.65865443987
3.11066812439
683.528825486
1450.13382387
909.467667565
1.69031769306
753.351307335
2037.65129788
2246.91983127
1199.6502168
3080.57145378
0.55770976856
294.48732285
1765.79530091
1913.81936573
2230.13885702
0.67418744606
609.319367903
0.797872297695
1.46443236381
1708.03756074
4.27148317238
3648.4904491
498.258841935
1873.07642649
228.154814464
650.852423415
1217.25597301
218.505108163
12.231095858
484.296534133
332.75480087
465.384234658
3356.23630354
3337.53656045
3.82445480626
6.95703677428
459.681721405
1636.66674372
7.1184036355
570.400406974
401.439740997
410.732119729
9.41262566485
748.212091117
300.449347007
930.733141248
383.188778136
3.79369141777
1789.01901039
223.067964902
1150.16317872
322.181644269
3399.71133102
973.338570491
814.233172819
1574.75252512
6.52253367137
222.347372712
322.047038999
7.68614069609
311.545472167
564.686381636
1050.22077197
336.361533357
258.329464112
1310.2491552
933.063965535
288.859493547
16.7281024601
24.3670854415
305.132949047
535.579789311
22.404432896
592.840926994
249.180146114
567.394242768
1739.17769722
34.7994490655
219.081982077
1204.44612685
1323.72890637
301.449657286
296.619260242
981.970950561
318.73325029
239.091406119
232.426248882
1557.50760187
20.6094961918
11.8438013373
2524.18025414
11.3284043941
27.7259442389
5823.46135468
30.4548804431
227.707563831
1129.59172311
301.635706415
649.061888896
547.571373079
422.551526137
3197.50601535
8.52305373495
226.60684864
2484.22339201
2622.61629742
408.204135667
9.64583002747
6.73187774561
481.118745775
778.046176066
0.0
722.952151753
697.139030922
329.857839112
0.0
0.0
0.0
0.0
248.715674633
974.561934737
421.377171842
569.50823595
435.396178924
237.218460302
235.129401821
0.0
0.0
0.0
0.0
0.0
1288.43658872
1749.47692784
714.025349392
520.401947996
0.0
302.553515572
0.0
0.0
0.0
0.0
745.90923911
1577.74796983
1483.20469235
904.403256527
197.091349955
694.016392164
245.65998982
362.119458609
1609.05927959
404.726381068
9.62721651063
291.78551295
331.046133491
622.695637721
3365.4532449
37.0527965443
32.387680995
271.886007009
1806.81838662
1566.52903925
2036.5971526
649.044915181
705.009686052
205.739964952
6.8450587072
8.06269700564
209.785469814
273.838606751
11.0948304695
457.788441017
711.370520528
250.053684108
11.1717021159
40.6775770809
858.402607381
19.6264130254
20.1146887829
263.109109691
325.319364487
223.887469606
366.371836665
355.408142122
557.855057373
551.592784079
2188.4504522
2227.80219824
13.0070529152
1562.95440696
879.009831196
566.162257242
17.1106308711
1090.55047351
1748.807406
659.341289292
27.1668675489
672.858670763
735.783078055
758.628200479
1003.55774115
36.1001040809
34.0558198078
557.822081039
1284.64727946
625.296380458
245.227236208
457.026873172
1026.21698023
725.722125974
374.035318907
1671.01138848
929.953153617
831.338280604
676.948897283
394.260462756
870.755921232
29.4745069621
24.729081225
762.916372117
2305.34125802
773.813499603
2410.93204354
1035.80517188
1120.84070577
1242.59585391
1250.86719185
730.07537655
734.038931244
226.124223462
263.739628793
1728.64684947
1596.28483367
192.619714802
205.208718996
17.222026317
545.093212462
35.8723057312
18.9220490018
19.9654021774
168.076184532
3416.40878881
21.3689499279
380.035264611
3478.41305476
4147.38670879
1321.13403102
204.125905115
1593.96091718
567.125357721
726.329853509
2070.07217294
649.843332756
234.160715973
107.439388135
616.231421362
2269.29079806
649.545119085
23.1855610359
115.342515282
1022.15323645
630.582294507
14.9329546995
315.103113653
190.860234628
188.664818078
19.0777187338
47.7628305665
531.798187928
245.312883616
227.88429506
239.497485592
28.5764685639
2929.83126383
293.284550106
2280.35172451
319.923161977
293.900348519
350.344663064
148.101471759
293.466771354
442.272255758
770.030964022
373.612043171
1026.28814303
34.8008173611
207.650915093
756.97678411
532.977414044
2164.48515678
127.943408258
743.14572537
803.955333819
635.274448014
435.336749693
39.5908618886
562.729431582
971.382589563
50.8473120129
246.918974242
37.4360883547
35.5619940776
54.7340581581
57.92925338
1137.40436507
670.786326451
656.84454373
625.456839269
950.962100436
266.521066712
75.7730284039
39.3305934237
310.968299186
233.000663453
69.6434526572
46.5828122027
1308.69171917
1669.73997602
1033.39364723
3242.01649565
2266.44784168
42.3862036402
288.590410318
2481.53658682
54.3876990111
52.6483962538
225.895312644
49.8026819894
270.552172599
1201.0982892
1091.0541218
1229.79384975
506.013673357
1053.95151495
905.43981748
349.22135269
319.883679491
84.5883889685
485.935700394
494.165662485
301.757975975
343.205236979
60.2257211851
415.225532736
525.597679776
776.865013587
46.5303673541
1007.02540308
1868.29569411
220.769888377
39.1008501182
496.866430755
310.487742315
994.505162072
892.615262143
697.267257911
1077.77135513
791.997176196
2191.12384541
1381.04582231
76.4159270585
61.7131570795
67.6833048835
226.368271354
170.078284123
227.071585025
273.49705457
82.3913602103
931.671587688
849.283834014
218.002121718
93.9383687151
55.3314008354
221.358900467
216.94821618
284.417485677
507.30015717
1929.36465947
1819.92340695
1469.25863519
57.7012743949
236.519133275
2077.23701049
265.933139848
2407.10672314
1113.20856101
269.580476163
520.100749406
2484.79200387
1912.35490419
1382.07314191
1048.76321638
1670.098627
684.573753666
40.6122288535
220.258528798
443.273477182
176.253207954
348.684009205
258.31377952
183.60918926
429.997218772
375.35419257
702.030395816
1040.87359193
825.274251788
645.385073938
129.272555012
70.8421793371
191.358847408
51.3437848501
267.022188674
98.5049330947
199.883486185
2579.965458
764.263750433
307.240263947
1471.39190898
264.35187452
348.414083086
334.092037325
267.110100072
62.5892775585
318.083711497
67.5735436456
690.894757127
1496.87262711
236.751605228
1055.34935458
684.840449758
446.17789742
431.416742674
602.212105442
64.3625024897
215.128801051
109.217107555
369.953436348
134.036269816
1888.37440336
1262.03938978
888.614132876
1025.55658622
323.045744195
568.092723903
535.889316475
249.753347407
1868.68036746
215.399219007
455.049663791
290.886966084
50.5384376
512.673538502
520.808842761
1224.42500715
439.488700804
80.2979136954
469.610330664
1605.05041195
339.516242192
207.405069291
662.738056175
668.788838942
439.735961218
75.9082589602
240.893733289
646.024840317
103.76154379
880.920795899
788.20764391
580.338047998
222.020648842
78.1455615945
363.156197852
572.084380852
542.210212522
505.838026745
152.407482582
836.066035553
37.5446609179
281.576974691
206.097390986
309.507177049
390.456199966
573.64369876
331.922847583
766.296550735
199.429603056
1605.4889249
832.652088089
817.323893122
459.309516848
73.6120641244
233.500067991
67.753581163
171.475465984
949.743318826
1546.9080396
323.122265521
395.300373106
680.270070706
617.569643602
280.75384591
535.53229874
273.718489503
283.221177554
252.88360109
108.737823005
264.645967489
89.5040680278
324.67714397
1286.34334765
857.199448324
1213.87062812
313.988812783
442.146510981
73.2933246598
275.24593918
584.208403868
266.247691768
644.207035835
1219.77346906
78.3875116991
72.917312432
89.0340680183
157.90749851
117.337240119
477.069309267
501.774664563
125.137926642
714.790582635
109.646395854
559.727557645
113.690665222
114.067045549
50.8262458058
791.884323462
1508.22160631
1424.87468908
53.8921645956
413.981807765
690.576962756
502.332241445
78.2665379181
62.597837864
295.5497986
283.165556777
907.906660292
1608.71561308
807.926715939
947.192103315
552.467933496
489.063899091
414.242128195
301.198234153
95.496550623
1201.21701754
999.47118267
250.737090035
330.090161517
352.923216966
964.555891498
172.344156997
696.327264124
618.849157408
289.193279034
87.8225378114
324.815004461
319.36477737
113.165207453
194.467258022
578.223913137
1652.16889546
2394.5410384
303.82598379
434.86868086
1206.04254127
911.621257898
218.310837353
224.617482715
153.730167023
1026.53371322
536.218162585
654.338530266
881.043517099
259.529522187
907.188181877
191.669216693
1274.4231243
309.714477529
1261.39461701
302.487737453
148.865010899
463.13001477
139.77269394
120.803328486
1114.6523757
760.61818207
102.613506082
1649.98502108
871.122964633
209.751783326
56.8734593232
147.688284902
1605.45343883
326.801047185
79.2005558889
108.420551654
862.00547928
1084.58845135
254.597059197
1317.52076514
219.638639649
510.807302398
808.385432241
388.583451617
210.883670808
149.53055234
633.252783966
1870.02006768
116.867687358
338.397460628
152.425587109
296.595361476
753.976634794
469.716734611
1073.25948877
547.236626983
205.017438533
1984.65035688
114.673139918
141.889582886
158.357065514
1075.53722311
86.5055752095
362.041532522
717.762632272
839.076236845
85.6039243023
201.662554435
237.737324766
237.067621428
850.398643748
93.0937480746
262.185897324
974.147078812
123.161468854
322.291098547
162.128143558
2260.15966826
528.286735534
204.501182299
2089.04234108
941.068048491
123.098989664
1180.02930176
1201.32483454
691.799684588
1334.43424716
302.702026981
203.868603773
640.135121791
388.178899642
532.494179448
109.851165983
445.955186258
273.475332155
68.9544026743
86.4075625707
335.310000539
172.571563913
133.051656573
1359.15706873
1941.11528956
289.272448365
1131.86219445
134.84332241
1014.91988107
232.278130859
695.653469091
931.38074152
442.34626253
647.859707125
332.562860808
1286.43504754
452.13207014
231.408996598
465.368953228
561.27878253
936.05988395
863.723050124
547.86775833
59.5786699512
208.085626489
966.245694678
2363.11515402
1313.90691988
81.0174493029
229.037970478
248.077895073
329.813916537
733.114386116
521.533391608
610.856924755
673.452309997
78.2640949947
1499.82803917
390.800986396
1622.95659134
402.654294863
724.858531276
2221.52453398
335.252834743
833.385989722
297.346649534
2829.75217762
374.752075795
176.296316424
675.442900313
501.529496682
713.150377349
546.711779614
588.069029244
260.228671467
270.126927231
224.649159749
209.861356624
954.733127351
1020.60289448
176.655526615
2553.07967736
1148.75526951
336.52639208
212.995804665
179.883460626
1053.54297616
1055.87970757
451.73371366
281.87313159
1071.98724517
837.475687139
803.065167483
297.777762737
938.680604901
314.67295665
309.06788253
1885.68628914
370.761782189
534.595837269
683.432880775
387.336257048
608.698451073
91.5123094273
610.064748607
73.5217402292
321.187984926
997.954666814
262.341772835
276.236365107
218.702863158
425.416796121
357.852095169
282.640423219
136.98828888
286.378368983
580.620339392
760.81704129
544.200047131
888.494574298
95.106148972
185.381440977
276.687848979
239.553965029
385.149944166
221.225538547
216.311533689
890.767112048
358.448000347
126.194232936
2295.61572323
2387.52896191
262.55013744
296.225761671
447.605118582
1371.98882796
710.080441091
913.030784507
194.616888544
699.852475454
233.94637633
345.152040864
554.143978126
570.88299931
197.396890219
2080.43236387
663.419312844
1111.524019
234.660243073
150.959771213
172.701605864
970.041001582
393.648900887
247.855318336
2150.14719396
838.565401483
1362.42319638
400.796873407
887.273539628
867.856169996
267.507899093
877.797049721
535.436399482
235.947916726
857.96263693
1226.88926598
580.744788694
919.511249405
1019.65322655
329.370001653
662.338708566
87.2870617188
566.262494321
261.490130627
107.019576236
400.402127062
51.5662697035
795.85257608
95.4990604114
960.554671208
368.656784135
299.781239862
264.388103588
276.474980895
3273.48488861
207.588867561
161.285844561
308.004283758
1208.61842274
1411.59823196
238.935197741
1534.20740734
1002.2842476
84.0006533079
813.9083578
478.593160171
658.806005764
611.24715502
302.664471047
283.313879611
686.356840944
1465.54849201
709.05786762
246.68692321
511.534749363
301.878355159
239.326507492
531.538808864
3005.80851276
220.204347262
859.653245651
741.433230095
181.440498432
162.498574057
1527.96402351
1526.53753927
405.193721333
633.773670943
1242.46157528
878.322607888
451.726141217
543.325978085
748.822785848
316.305508476
227.84427937
282.854241362
1310.49905289
1432.57420089
715.563888304
1499.52626874
470.938844856
613.225182713
529.515638876
578.65369305
510.362532751
335.650948839
904.454895461
615.656036349
598.736998392
375.399664496
419.858047646
1122.05013466
626.664689735
383.146682409
551.127006333
800.85302116
1316.45143156
2220.11334547
562.768899261
330.86355744
1365.39010113
497.747457773
979.041236065
1168.87465846
341.690522138
215.74069233
281.173460269
99.7177324006
320.44135934
637.428143673
293.030051039
432.847049647
479.93220735
350.670625871
792.979390801
856.257651089
1052.09931029
394.040368833
256.104911925
385.360646164
575.748954147
2023.19033212
219.014176443
743.222028706
731.858360099
354.859935555
1106.1649122
554.013784149
778.405124489
955.162513871
1233.28566295
771.733077358
752.511603207
1388.34499911
1343.84591374
283.227312112
710.100293769
448.276457988
84.1923749133
316.651873048
280.228131036
646.803583191
288.217638223
1282.18083844
589.552503995
606.359175948
205.265069833
845.326240486
220.855199211
332.025704929
276.807429708
141.303351247
277.00807868
714.711597159
228.888137494
1121.66110858
890.509040455
1502.16976373
458.06185454
459.209611808
968.317621225
545.585096948
251.823760861
127.399893278
953.60870618
250.420317674
525.684314188
1302.60226662
571.466079712
676.530830994
588.506483514
516.139618352
282.903375339
236.48499788
1199.4264334
206.58088626
649.584115097
1874.86671662
1100.94182
864.310003368
1506.96301495
1878.94145319
488.470662837
1101.49472157
178.635232571
402.046169262
813.179938407
625.932629702
931.277891196
317.750122299
210.138130602
192.719824477
554.67150213
248.590715061
687.686545782
1093.7731267
630.921035789
349.157006859
602.133347108
193.058321733
198.469876125
647.713894975
943.441448624
658.142411565
454.397924069
431.88390395
399.256053883
260.37498924
273.774659211
2402.76844383
201.528563756
97.4795687862
686.631149084
851.546665967
1204.54460695
1761.50482791
161.68618178
2261.83756591
322.274316923
2037.29376138
218.061613206
1931.23070807
410.067766624
294.198164728
983.524988396
509.75756137
593.782255357
607.354547889
447.601060102
565.057242196
671.5112376
246.412077759
293.274822726
186.306153814
310.499323693
915.057523004
962.047090894
750.969341686
852.012159334
1119.39931212
217.073263325
445.142802431
346.983961564
420.639230072
814.455816119
199.794014329
218.275076684
1682.31632216
702.552834384
365.054844828
726.265855208
740.431356971
437.436403554
1122.17908358
672.610732571
552.724603406
1501.47643385
358.907286657
396.439188602
1368.44456039
667.83313498
865.411076818
1777.23168406
628.306009834
868.922782494
619.345011978
1705.12428753
137.050993749
1960.99505271
878.518839147
131.911917531
427.813022343
211.757957657
523.903639822
701.482620906
214.046155902
4282.09339491
1475.55832644
430.839770569
3326.08993437
691.016402349
1083.69355913
475.410894849
1088.01999604
684.746941931
962.50269602
465.010458663
1060.15391003
289.594896863
1318.82531696
158.832983285
115.608310207
292.908486268
457.389882518
1329.33213648
2030.11770545
791.975813246
1378.97304338
496.067752618
693.207020106
611.316154136
1407.78757772
499.985805111
240.446964854
408.672114212
634.38162789
995.702561761
340.863394107
138.422401066
231.536448225
372.651495938
337.645831395
527.692390813
481.894283872
793.287983759
469.099946123
1563.93339499
340.836928205
519.667036514
1043.19691607
772.683107176
349.205565556
586.827187442
245.216209598
304.784753908
223.510151049
287.949610477
313.725827423
308.469549212
313.482071525
245.925593889
205.13394461
523.110445316
456.121093991
140.865728873
479.063108112
91.1327951478
1319.07941123
631.855637622
670.331787277
734.923838928
1449.14119713
484.93255305
673.5622784
1136.79274352
1466.73679878
1268.57308616
813.413512738
543.404217244
234.52206421
502.341424998
174.459233905
91.8697658335
1260.81972387
562.374945102
244.738296976
164.976930199
690.102494237
263.784281202
418.601693485
343.935986393
2779.99737262
865.120829276
1090.63088664
811.425783243
1774.17549715
293.730238064
1332.45240323
861.112900035
204.377797639
522.92815587
416.91284172
255.689925411
516.616717156
134.380004857
1280.04071168
827.642669268
641.095493855
709.010254465
947.898340744
620.491106769
1370.00850555
251.287463612
176.874824335
201.085166627
768.988944099
937.2857662
713.438930666
120.371732715
973.578109157
104.201900612
287.024807908
393.931724986
184.974228279
144.089279413
244.571875359
244.175115541
1943.09710548
189.731522928
1145.88472148
1767.66492228
1041.75359694
272.465164009
312.600975647
621.038351078
469.823100406
270.459182697
214.504332982
842.279945208
254.725516401
206.39698759
343.045778383
853.401770188
229.221689879
186.508747934
279.852523106
222.681505141
987.102675983
1025.96730617
940.912165397
1507.82496146
687.126304148
396.367723233
440.693401367
381.696137399
310.345854073
173.300932342
679.954845302
696.650006771
1199.77586046
131.431794508
490.145293395
820.473676812
957.945645895
903.639296676
560.410659373
1048.19254196
488.292543664
505.025574869
1237.36678074
734.47111746
482.000579601
920.454124644
257.735597587
893.420753385
314.533724599
838.395170558
1082.85033076
2103.31895256
204.208097118
192.069840589
695.714377734
173.35897806
298.721522103
228.071489956
285.661607478
284.737157747
116.777389696
444.753609129
2184.97744431
322.889776895
309.952452669
369.773768906
994.994463739
543.800120963
442.570106881
2024.7139533
162.640682047
759.858776
642.323474764
814.123147501
236.331168998
171.49232687
453.450004043
58.3513042677
100.549341301
263.287715288
120.641729713
182.367416129
1259.81276127
1585.35882043
742.957994174
1281.25601506
344.510098787
422.213309659
511.691579297
0.0
0.0
0.0
0.0
0.0
0.0
0.260188105029
824.778515119
0.499796002202
1949.45799786
0.147150523928
2184.50560145
2424.05742636
2057.73072359
0.966182941155
1.03018722021
870.713325312
1.24357567884
1.78499075055
1.70020506062
0.925405859773
351.118531533
1.23414745613
1.03751301696
2630.02989725
405.988715074
167.674919171
541.382051589
990.580263279
627.072576529
784.049727478
1030.72562087
268.851315266
0.786470293078
1721.82487997
965.062435645
400.305978323
150.667761537
1020.85919682
1.13400145684
1.03538188757
484.609931611
0.962796070922
0.899587794832
0.483300787812
0.188599142858
1732.47921702
668.689189778
0.708093426564
0.920491654256
1.07210189698
0.877973778051
0.621136672382
2673.64855076
2938.22427322
0.367139871021
1098.88855715
2726.97223853
2025.95840078
183.969065606
290.880570789
766.177097071
1064.1496998
615.799265131
0.145842561265
2032.5510133
786.4241789
1387.45056031
1121.01891656
2279.68757682
6169.17035263
351.955918048
577.39861664
0.269812555677
567.208121163
221.428652202
2233.14753439
2989.44442023
0.203085322085
1019.50120048
958.244896655
0.166305964446
185.40074797
658.069712069
0.199740175551
370.928068461
438.687681748
1898.64842501
2946.04624611
2387.46525252
0.610701394754
0.566534969152
0.612326941818
0.658706629725
121.628502366
1988.02242959
1860.86083452
149.68879675
0.802181920167
150.383718373
693.216540924
189.498648448
1758.69347832
172.763853751
1.04969756743
0.334005453508
662.413286699
140.422374995
1708.09176545
181.426046857
1.22400226432
1.12614572069
671.989567285
0.606917576317
1587.69161699
217.37450707
219.105405162
386.665724694
0.747617666964
2360.54336217
3985.33687141
0.634766602939
173.307683288
361.572068894
0.324669152614
299.39315536
0.201020703654
183.284519179
401.479026687
1964.98184342
173.810965913
1123.34381241
0.197030155468
144.190270704
589.933432908
810.32701352
0.421310353379
1092.86979843
1731.54442659
195.244411898
0.494124339786
0.457431460892
180.090269404
0.928421020004
1.24998782582
1.31077665973
1.57894585962
1.35225198202
162.108963374
1202.47255279
158.126196953
2.63870579203
955.915184959
1070.48792995
1.7138357316
133.814804529
1730.2066408
152.920781976
1137.82591946
1021.19647891
3064.3370263
0.35307113443
0.915406052164
140.274058006
743.148461786
2205.74487444
352.352373565
238.654553393
580.521866123
1022.61753805
0.531516905304
153.348779779
0.872482149871
0.959130965557
144.062693911
124.830875972
665.046039457
204.87141343
0.581359789171
941.505818083
0.420945401748
443.587561946
681.632280023
1333.2180719
453.77007689
0.137981784081
1845.77784189
1773.3736108
0.0884352687068
163.171625962
149.343650932
128.314215477
1152.44201115
0.0790375694888
542.949379254
168.876065912
430.534319269
642.791166913
0.0459841940316
128.280630842
194.013607903
0.271027888948
357.4666474
140.794117987
463.285372139
448.410358087
0.776554314524
202.679218784
478.154287976
1.17373228552
131.982333929
2131.89179831
509.508662362
1.00974133356
262.088462461
129.388456381
3698.06284264
754.573091372
1822.7457819
0.941110327828
726.53388974
415.500819224
0.89441793801
1.14576899461
1128.14738132
819.298942971
1.0270675979
1.46564262991
0.775444255222
1.01421978076
149.456050059
1.76846266745
127.372789062
131.163381452
772.445471856
133.204865943
1.77360285243
1.42884844752
1.52047436978
1.38580027109
1.67091756017
1.69101832303
1.12811106945
130.624236691
1342.95879811
142.602800913
1.94732468652
157.055615512
3842.64933405
2.26366347486
2.49424837944
2.56427262079
2006.58806931
2.52069475612
158.013261713
130.815843634
189.803529371
523.172675991
788.59501445
731.466672889
148.719469604
131.721935356
2.19674041567
2.21480093022
387.902316846
435.657933686
1.94057726055
1.85811473141
1.36809431789
140.923424046
1.58062775714
1.61898417887
508.609324197
482.818241948
1.76512095517
156.147533784
169.089561791
1446.84460772
997.171350761
462.44150865
2206.41932385
143.057581415
157.587479017
0.570291557291
774.229268075
219.997575222
198.853371
1521.70327069
127.511038547
0.483110834687
0.549526420311
787.418907891
1.00707057171
193.600978921
640.374991977
192.167423564
222.035397932
662.831011143
148.210119554
1979.17592979
761.527762319
0.638658400226
1082.22707799
1256.1926289
538.601747072
511.273365443
2348.35700399
190.854026277
192.166162241
672.571960665
391.17057677
1267.04344009
188.180928398
1425.39814732
331.919823615
0.34233023979
0.399461613034
893.095920184
128.250695499
176.372845712
177.066161182
145.493224714
1501.40405693
662.623940812
387.527359893
0.360386597911
166.904170923
0.317228596171
1199.16418318
519.618756743
171.386327206
136.856596214
0.484458166837
0.838983961437
303.667637033
127.07378022
160.955560689
130.926203215
0.571401828034
0.514523259658
380.117192033
192.576275924
378.455850352
149.993545562
168.605841239
384.806808561
802.698883323
695.723255182
683.876814265
449.663491471
262.66488764
272.804345486
343.459942379
2.1622040842
2.17035578542
132.217820061
142.149772548
515.560763051
166.37548267
921.512881654
907.914949587
660.97477548
302.847484625
170.218898059
1161.4142848
327.418654078
807.047586822
1545.54691366
303.679570327
124.821026168
1.13270993499
750.564654357
476.685887207
1.07403524784
287.352472668
351.729796006
2252.96505103
1081.38789113
893.67646823
0.750349117507
132.553738158
0.433120892698
162.153019066
239.576623646
213.20035943
186.488436062
0.380659365834
203.595911747
186.369397456
0.419940003265
143.599703633
303.207663573
282.60060492
134.709679745
143.721289698
1102.50419698
952.838645599
562.222886459
0.0
0.0
0.0
450.933389386
282.795509712
763.576107345
873.700919154
0.0
0.0
0.0
0.0
0.0
0.0
0.0
0.0
0.0
0.0
333.500168153
216.192999388
179.621103665
407.901162449
0.0
0.0
0.0
0.0
0.0
0.0
0.0
184.44761687
165.677551836
853.515421413
1307.05374037
1027.14809128
1062.13648316
350.03551314
671.246630671
0.0
135.419448548
0.0
0.0
786.400493253
911.439638947
1124.83297122
579.634799582
138.877622091
468.58587968
190.800794971
246.100866829
1098.23524743
288.062234366
665.803749722
182.813562675
207.658629068
698.615744862
0.0973186672203
1413.13076686
0.252683444436
185.652653647
1261.98122271
825.359136007
1376.19730296
473.339446181
730.902787359
0.839471747702
121.951031866
0.780191462458
136.282337608
174.261338067
0.613222783909
280.366454177
498.878214231
1.34782047561
129.952651891
121.736538782
247.417561966
0.909452180004
140.917881142
146.853104052
169.655353553
276.453736455
223.645522572
224.089491259
226.707674113
1.28397567628
1531.23266044
1473.28971096
0.812174422228
1292.52904925
820.425273995
531.708444898
0.49598525331
861.184254665
980.092037386
1.92999628886
284.902480108
358.051493649
535.54193825
460.155927599
735.849456634
128.90523135
1.71689885101
129.230851768
851.043890906
421.174611343
323.456858887
1.19029854924
699.358002955
494.688012961
237.992700193
1209.60145468
618.023811393
705.508110112
213.412057915
227.066958528
313.653366323
0.312122012997
0.54818885596
365.728612096
1661.88479771
639.8418358
1736.65005133
987.853904652
688.416466864
1115.10322836
835.321606486
665.142526917
295.020230037
143.77860062
398.608066169
1301.62356907
1070.76015853
127.543478219
327.968865328
125.958456352
384.255255711
0.853820046302
0.419582128415
0.865761359878
0.603388213438
2523.95381407
364.041930012
304.163370949
2933.272749
2877.44951376
794.560435648
287.620593989
1268.62279256
181.307191266
501.900454578
1713.83459836
645.014262147
2.0674956204
2.18166774337
419.706558167
1.96084016174
462.563845052
129.337619367
1.44003172972
780.909727654
211.726352034
1.83892289694
184.607404429
125.55594012
134.600748318
129.188968335
157.757605727
403.848672644
1.11741177112
297.339570165
143.181408554
1.43553569294
1.25911472672
1293.94269676
1608.19022877
219.31798178
181.670373043
223.972115083
132.633062968
268.458382758
310.754079792
743.846330973
3.89413316608
948.428966197
181.280810523
351.953656523
441.529080754
1.6028107027
1301.53248072
1.20247199138
741.214516439
385.372766631
184.705340758
1.72353062076
0.57521461549
423.131586034
1.21877235506
1.24766862509
128.577537233
1.61799788954
1.77377500235
2.1482438931
1.91257771386
617.585720669
435.829380199
480.752671256
646.092220706
709.146400537
155.995968217
0.947445010735
0.809775692063
155.4297436
0.386323876565
0.391535216166
303.45738174
822.940365921
1250.90215168
704.710861573
1858.74053695
1667.73793904
0.309778200651
172.691965297
1815.80853116
0.253678040168
0.240091844776
0.261375578453
0.295756969068
0.356815153106
697.059053714
629.880351338
909.817118274
387.348787437
837.038384266
842.97628601
186.872487888
0.45551547047
0.293447456707
478.802679168
617.18591876
124.476985122
123.659044504
1.78804789757
155.443806444
389.275978959
491.231670235
195.130326537
765.653780945
1438.81329882
128.164754879
1.93235745616
369.956956266
190.961327081
847.996801459
612.847240343
592.107265251
244.243872447
714.023693833
434.381753757
0.640565263077
0.659706306304
122.671105337
1.03520134162
0.989891844988
124.205471186
147.404890219
348.382443396
1.82805725525
655.719742208
1.59536252266
137.336353173
0.82016970751
126.152071367
147.412233884
0.278975472218
144.916979056
636.968475371
1926.3535543
1295.80860914
1107.48307204
0.380030014206
352.634983893
1603.91787243
188.26826962
1922.63525577
955.345411971
140.331777887
0.499725745163
2366.08566761
1667.65210057
1142.62145284
753.003959594
1424.35167529
799.304963829
0.277245954242
320.099622747
424.641444228
0.73453430713
525.330009646
122.410386093
148.588904005
241.76241136
0.754177198217
562.97350276
812.157320169
628.392313397
441.634420041
127.602523577
1.08126591853
0.775735031618
150.34781533
180.517889502
133.024280356
130.964840486
1845.79875725
783.208083197
645.914382838
0.493413009047
147.142111184
213.153371922
231.517949693
145.813246457
0.488632388868
204.263656237
122.608636583
126.604578091
1420.62521483
133.24304446
802.971622446
462.149740778
690.408349113
420.486713002
404.915858483
0.908902793608
0.790831806766
0.620929651468
212.340798784
0.506144220385
1366.42314614
949.856554126
804.013710094
668.787656018
179.218800899
253.297395788
521.766855129
127.220125295
1402.7051279
136.818787334
325.218824256
195.910552395
125.713260836
489.317881785
677.982637925
0.890240865969
433.802936496
405.823704319
379.085678134
1402.34434585
197.684821087
137.518782302
462.613717379
340.844159258
1.08778828742
0.73101698942
143.920321797
740.385615596
0.99064046958
682.825256349
555.263449163
377.27784992
122.939686822
1.21788360512
147.78290899
447.293663911
0.771040970987
1352.94031933
0.701963446772
833.621809196
0.567446969116
0.536054500112
138.597700907
176.41057189
1.13778847548
440.83266119
128.361285231
199.900511468
2.48976219129
1404.06327148
572.917582361
772.563427005
283.073466962
2.81775448108
157.119388023
2.00291244445
134.788546414
122.782378197
1.25432144361
173.31576432
463.272567868
294.973166384
417.719966536
201.103023131
448.842020844
370.035796147
140.760679455
1.53150397574
1.68655055343
1.61602239016
1.93821449353
340.342177541
1067.48153729
741.718044993
785.253635064
165.610064017
308.019594369
1.80614426433
1.65515961851
624.265771595
157.051595698
526.125453286
768.925407507
1.99482653317
0.976593705065
1.2440235794
1.22222058375
2.43082267126
483.105942631
322.560456317
903.580220655
328.613938997
1.49366780823
148.117319625
1.47987624298
1.448537759
1.38480038901
852.69988565
1398.40422497
1443.17607845
887.332602723
322.31154876
757.831802745
123.427058107
1.07505406198
2.14450051881
2.21483129118
160.639314543
0.880928030573
1453.68601944
504.121377972
735.629873172
1.20038524318
368.157950306
385.125649294
165.754540994
0.491171197954
0.48529001275
0.386301845075
156.505046651
167.328536543
0.439989893111
395.94411235
474.128234345
596.202171658
430.440812265
439.57105008
0.791830220845
186.559070656
177.322492389
0.900773685352
0.917090186232
429.480728779
1350.6242709
2252.72645934
640.848209707
327.808564999
892.85823943
206.309467571
162.582097141
0.593814420801
129.054764251
603.158440502
401.032189296
635.762302756
243.647342024
0.396640057815
0.464515241604
130.740125149
1050.98117596
0.885409389249
1149.82695138
159.478025847
1.15486885673
137.281546393
0.46685690269
379.347188731
1279.11875913
457.143923705
126.063543283
282.232298661
782.815126963
0.80776966939
1.12324459354
424.839337681
1191.29170574
204.880045921
1.26883267205
372.474155659
751.724175519
485.975655963
1.1338676729
917.798936586
1.44770135335
199.643214137
1.80464546532
142.09532132
214.151260073
154.401794687
621.731789268
1623.45185211
2.37463760305
172.7566003
3.32570225874
145.920809655
3.65738723809
126.688281902
3.52861618047
137.25189456
4.69207564275
1720.97041204
311.503290044
422.826432049
2.75482915141
2.35832267525
1.49974090728
268.827271626
631.068084014
526.751955146
123.305247212
183.523578408
1.43096861907
160.544804996
132.408045298
483.398868473
121.944901788
1.1286700539
1.13837144903
0.84635524342
666.933862837
473.169530433
446.902426892
1394.30782353
237.482163329
0.892763001287
1165.3727898
201.593593477
239.556286942
183.589153927
1240.44133442
309.923107376
1.43089446028
966.43145274
1.33447071492
395.399188451
681.008707717
1.4887392673
444.849085635
1.30404589736
169.331837463
126.583008803
167.387412351
2.58184367055
1016.102142
629.3256476
208.716789377
202.396248725
413.53395107
166.410442289
1.22150910203
132.134817814
0.963508070035
0.989585360999
1.0010878557
624.235287865
1467.35984398
592.133740601
0.514433311698
455.16797263
152.761077818
153.405066825
0.483283727685
0.533820657749
131.915154543
231.069193656
867.178412844
747.780536088
754.214575777
0.479127058639
127.420603402
277.661101781
0.968744091775
375.227991526
454.874866216
591.408274704
579.656075629
218.50956021
141.370389914
319.906982591
0.395926641501
134.975635807
1010.92138032
0.975275983888
1.03284311303
0.67043833306
146.281124133
741.676081215
768.711894396
391.053747636
0.821236391881
399.723965999
161.818124963
292.59476044
160.64334042
319.625481831
1.04518301531
0.729627903966
0.777866951323
131.141697435
1.16225258393
0.844309163152
0.654658626532
0.897242391424
192.781655821
664.313006053
148.321057693
1.47297030808
1.61652930037
1.21187563898
1.52920448924
123.183077922
123.796945725
166.999507385
125.250176417
145.049783067
1.12516222966
772.959709267
147.131369483
777.776599157
142.5172765
1.73620715443
137.247021513
1.75779920606
359.475707728
146.627968011
0.806850074285
305.674557512
782.097767626
153.605828721
369.517553621
2.77388661767
3.52876076944
185.991190763
143.09834883
129.303632204
197.333240978
2.06472026342
156.317034566
150.245853958
560.047404784
0.934991846508
471.726720986
372.874488772
465.564601794
297.937900285
201.633157763
994.444771135
950.472197445
596.390786788
1.40085310926
445.479056576
1.38340530122
137.488182627
652.292938029
1.90842806051
168.871985363
134.494703339
696.877921009
2.08436395452
3.01233628701
2.31447016165
1.280148335
1.53677147753
2.00004673251
149.131091238
125.622697043
439.646711788
458.830922753
421.443110037
1.64793155707
177.675671817
1.29084732298
582.364485187
232.972901313
0.801567649578
0.981427448577
136.361521309
436.983818481
1317.15127878
1060.58506949
559.553009357
174.882550256
130.036647744
161.090726241
0.543124437697
0.506100403363
148.221773005
231.643741492
1265.24553998
169.657203364
0.438996598897
0.580024778783
158.779995852
461.35403281
176.966536755
364.784415357
181.995673272
0.170208025557
175.808514564
0.249990639237
157.236808763
158.490398452
0.837426824936
0.937840258373
1.2340180061
327.641585859
376.021367662
128.741251473
127.136376263
392.309728419
269.80652729
139.905468872
2.1179558089
0.744474557572
639.744706138
530.867668603
0.378871154468
814.27811986
192.188984134
343.58796122
194.727251005
0.943232723394
396.595499757
175.615623659
123.621515425
919.846500939
535.808353561
1242.81866085
229.994163368
965.69323586
530.407419616
153.57777062
1.06587182344
160.165294575
138.651023058
136.962924318
0.648228807985
135.792747546
134.979427511
525.581815914
710.303618358
0.333706796935
0.363548106525
160.968498731
153.554423086
153.246361357
334.965284382
2042.93597484
0.434901173561
725.824528573
675.376354404
939.501880251
660.510325278
922.869505337
342.138957777
126.52435992
269.550658614
288.206946318
0.468217096993
194.310292434
1.16708604087
1.21881504976
588.096608253
190.321969459
277.505977792
1.20271864294
1.28772262421
1509.32601667
1256.3882104
774.100579724
615.056124994
1.49806810815
207.46928271
144.930497437
545.078379277
1079.21966946
636.672006086
368.622843284
163.003549887
127.111819626
273.625839403
1.04260022091
204.941771356
0.734749215225
0.656144350023
0.961344889838
1.17693247694
566.593523549
1.38990266235
1.61237844066
219.488613987
389.388938415
259.468155664
403.890183167
1.06232848894
194.155364191
1.16546951033
169.704264416
704.868460282
1201.38433735
840.586502525
893.166509017
632.000367013
155.222322483
275.731961069
142.753421443
138.150779459
132.598991708
0.591934387564
321.4265849
436.782105898
1059.22777778
736.832357525
581.816081745
497.865480574
0.956480259218
299.806838346
398.655444456
143.668668666
150.205733059
0.426826187722
0.736335957152
442.884453842
1.69233364147
270.915491415
2.15738418971
590.180753808
613.828374416
678.198520315
1.54988726677
280.963363796
765.863922814
331.149482491
488.096397468
124.746681458
0.613496855653
0.455301027328
0.430618347243
845.24291047
441.406845754
473.570263767
151.140024901
0.589590886731
242.928496615
451.667522304
150.708275833
710.961743426
190.949728374
135.291881644
238.539154471
391.449307648
1.6502570672
127.64086183
1.90099891366
1.19419209971
1.05148422257
139.775048719
122.361308442
1.3780999595
126.337085831
1232.49164845
123.349119762
402.22525258
2.29751443544
3.11497311088
147.623716661
1.23238659746
160.182293607
141.045446769
161.757119241
2.0896511676
2.21447953627
1290.92551235
549.709848785
807.020401699
0.287822408336
107.114134691
743.602089591
557.128342744
465.401454535
122.937253444
0.298320717493
142.580353116
250.390660981
838.054958714
360.789762433
669.566360788
498.666689253
0.991283372885
108.572410314
1.85950658014
145.562734091
1.43838319911
178.497044749
1.44370379385
1.22252141266
377.561895024
1.51756275929
123.804095812
1.46774714162
0.877893465918
1.03062767261
1.30436800978
0.996515442911
1.02524984374
123.531842528
1177.01404634
146.267635363
698.335049137
533.207000796
2.32932151722
160.179705388
214.222889585
152.647752963
133.523755908
420.526609434
137.957373071
202.72287957
1227.15969142
545.079487831
344.470799021
570.32581317
1.84983270372
127.855133369
224.304539357
170.455510829
1.53416314385
1.63140013834
108.18162892
1.89278430625
360.231432585
281.172816083
1.63358987499
212.989321777
255.243740973
1906.20024151
108.740493206
357.789817009
534.089825596
172.102717889
403.606285674
169.213096434
1.15478959472
402.664965096
184.492571922
1184.99948129
1016.27687392
732.819809557
1.09903368413
153.860212942
1.4002139348
1.83162579128
168.31365407
138.637790124
391.23632579
174.732663441
1.04846621985
0.908973010744
1.28228570987
350.752746659
300.726158285
0.961342286446
524.883793048
800.660720815
841.281346907
1009.95764031
2275.78391788
770.769218564
157.222204794
528.334432622
503.148389552
410.412612076
128.375309727
215.922348535
0.902021385767
0.863529306082
115.324040036
0.751855662581
0.534157699016
1530.15092959
332.96506332
700.529405618
590.193012267
0.625790782917
194.312145467
0.844065708991
0.935190799687
501.569979146
400.191408457
475.404296202
563.864780955
108.490292731
0.889500186042
1.93646590624
367.698916374
329.728166764
1.80624683574
1.69612031659
114.89903496
1040.42054443
209.554902547
203.300780285
400.706312017
0.743855050246
183.948294501
0.40453131571
108.461537
157.162704693
0.571544694999
403.333064246
0.693628045926
671.987144942
844.026502991
0.57680788792
0.510737506416
413.079777674
0.986501495154
185.913550973
1117.98918994
509.720965586
0.66804712272
0.541475974045
106.738968346
119.472881068
0.681509690315
0.678030296678
153.29384887
124.133006722
137.36852961
126.679457141
0.92117055224
1.1073633196
118.451388261
438.862262227
656.876208323
1.0862814802
344.712929767
1.07582237243
1.13421336172
1.10663568812
885.668092968
872.370721118
924.714884843
0.416389683368
417.333507483
146.018959734
379.391717739
181.042661585
1.03294626903
1.13081020005
1.17960880666
1.20005484207
1.21342436824
0.151660392146
125.16955678
0.134395465061
932.391159454
0.127033140942
692.162152645
722.184896569
716.099214912
700.634159365
684.570453224
666.26659365
648.226514995
629.575961638
0.401512053475
0.477182587851
0.471300257536
0.176654785545
0.146469685033
0.110893182704
0.101933309136
0.0964810724504
0.0906148379221
0.0773857899589
803.328649798
0.106394455162
0.180527828471
1028.99409802
776.603199044
797.548281254
780.295920292
751.478255181
721.37641182
692.578549777
668.452117034
647.401080432
627.850786518
608.699958677
0.42678716516
0.42251570367
0.417602589075
0.100257627292
0.0749450520851
0.0620891767792
0.0589521103208
0.055790949814
0.0491103354739
0.0599786198328
127.009033633
0.104787770325
1035.14553805
783.825396652
790.646247073
755.01195477
674.00446202
864.035346623
933.277938077
901.21985025
676.581718427
655.829090793
552.298351756
359.967398435
955.746167
0.235735272922
237.241561835
0.308946389479
769.459101917
799.413228172
787.426481435
761.16836239
731.442966742
703.247073023
678.266373732
656.488922566
636.714241579
0.482140110587
0.477947966786
0.472347094177
0.465988034066
0.176264617488
0.114241314673
0.102772602723
0.0971144851619
0.0912284994609
0.0798575951773
0.066400759893
125.629917239
0.152256796527
0.172994669115
775.727655747
798.252953571
784.677144908
758.144516919
728.721549823
697.961328578
651.313359092
558.0789406
121.95565433
140.842747367
126.326581351
1062.27129369
789.276776712
794.702723548
771.314271921
742.218460993
712.20355749
676.329581545
606.134229293
105.289739589
138.880713985
140.937116517
0.362077162154
767.010312391
795.583179405
773.958120276
713.480317789
607.01685724
942.092924007
990.683768956
933.893373161
616.180938488
390.203330999
218.481773186
173.338996467
335.093062079
0.518131276581
0.553615646217
777.767246772
800.31054635
790.392681285
764.43391163
734.378453027
705.654435149
679.742771045
657.502714607
637.728871029
618.744313536
1.00118108255
0.988247701253
0.973860749065
0.974266725756
0.334347899065
0.275876417318
0.256621795184
0.24178147866
0.217459681401
0.0869714321989
121.055418629
116.646284851
0.351321905913
766.706738531
797.549072672
788.105821616
761.908592205
732.854364073
703.790213508
678.512122225
656.896279312
636.782368791
617.559598852
1.43006224047
1.41331425304
1.39406873179
0.525188962275
0.342691798
0.307373550635
0.295359967625
0.276654015515
0.244503795735
0.090747693183
121.54953751
0.339560928118
0.395892677962
767.10544659
781.457532428
726.805546091
939.948900155
1008.70906878
959.233459202
1001.37335143
656.26897825
749.34328433
471.014859326
742.875506642
720.060625038
0.0
0.022277629952
0.0185495405805
137.421791999
136.136782145
117.141104074
108.670721263
0.158458882553
0.191277173284
0.0469653887667
0.0
222.628524884
148.625369676
304.881541974
323.859602268
112.187049833
107.740906401
0.0142822855805
0.361968876604
0.356493862467
0.176736404975
0.115852783315
254.322527327
116.261825433
307.239011771
331.969620641
106.338118752
110.699876929
0.0763573184769
0.0704954221827
0.184163686632
0.391442392854
0.391555794401
0.389038604753
150.49773699
147.947285135
145.113750538
142.421541713
139.854725395
137.999703857
136.707722167
135.593452537
134.648588332
133.387622459
132.111404464
130.734356783
129.140447597
127.61994896
126.2181053
127.387646883
135.600560696
146.364811141
0.202963304301
119.422577405
106.723499601
0.156513561664
0.24220801658
0.168624437898
0.204368384638
0.256819970473
0.298087688217
0.349588790511
247.471620006
138.140812424
124.358487511
0.62423533197
677.024795879
116.333059683
319.711853763
147.343942622
314.829037582
0.712035055304
0.601376279338
114.293116946
375.528041106
758.140091649
260.477651455
0.98189260443
1.41174785079
200.121604893
242.168804064
126.543731317
139.904951923
518.330659895
0.487676269087
115.385244938
139.878827572
267.994189588
277.301412834
174.156690394
373.616685621
620.446885464
1601.17862701
239.36755638
627.873146666
568.04202005
955.808454514
541.446708399
1090.98466825
599.703896594
659.968143205
278.983193926
144.476162591
0.234576460234
0.203813384106
0.171236015412
641.384985607
0.244622433907
1055.11462701
717.262825921
0.377670673539
418.396561168
444.665415421
530.538438658
256.852620652
310.62394201
422.466360715
653.958070659
224.96718655
424.523815142
288.540689067
0.526497463185
0.942193583264
117.487418232
146.625048453
273.271093534
942.186725112
0.857091179905
0.790611386217
695.77730976
700.52731774
723.318407683
355.762379163
1688.03476607
219.292402719
0.65653981166
0.60329636854
122.615488247
146.520838764
458.400452185
299.028597474
0.25206395302
107.573030373
129.005815844
0.532024909473
0.75024461449
0.741649760357
211.980159896
221.9893348
174.526619127
1758.112981
688.492384628
0.543168239202
1.35738806222
532.994417911
116.091177205
128.936266051
149.002768036
1.5835378663
540.146323391
155.764868856
612.528876685
1.02222629164
1.52609851618
379.27840686
123.605523186
233.787902734
109.028372696
360.87316598
1.27197963544
1.55527792143
580.570273597
892.244887985
1.43624721094
174.705978559
135.403591424
0.755698659433
761.591554024
151.837969401
491.507444961
138.090692071
137.551535573
2.35108084235
2.28860146708
635.694832812
318.112806747
109.938172745
2.4832805146
111.773192188
1.89659159209
112.433058749
464.263498787
747.260264491
124.314989969
956.916560906
363.195878326
612.735482602
143.990508752
182.43749036
1.45793917528
782.913537093
0.336858861659
0.34793989465
132.754027149
1078.59797737
121.048234683
0.568722240341
115.063208822
863.652687422
107.229221237
451.396870274
757.485041501
398.518089734
251.253882153
1322.69485089
1604.18511911
0.859756854401
355.821033454
456.820967928
1.53501689099
456.150253585
1005.50400611
639.71323941
395.64999884
109.364635815
1862.59499994
0.781212584838
859.077054886
1283.08680612
342.359501833
0.639883896497
871.305109108
0.567701077526
686.624346849
295.900732566
116.157672167
278.914168819
1079.14367142
241.531006607
110.631311329
1.14858094905
1.34943063288
132.683896567
312.734752747
0.544639909346
0.543779640102
128.659185584
208.152220124
454.531542794
272.872431224
509.408235554
0.560516770676
604.66081527
851.678375886
0.827355351553
153.83471438
0.199682435652
655.992830552
528.775398381
195.76300839
162.674689075
305.751701426
389.254950078
124.784806868
0.96486774862
0.572481618616
107.527751325
0.943411329627
391.148172256
1.1627143325
398.209243052
106.965588644
270.721290813
380.982791349
139.628342133
512.098261145
372.824192878
420.961533794
0.768796879201
117.405499017
111.215833784
541.351097235
416.402683734
180.192940043
1.30039417571
0.997469553421
779.287903548
0.549650475583
455.753311527
108.457012551
707.743548409
116.112147178
4162.14046375
3393.22880821
2463.50338104
239.446950325
638.890688647
0.134288552022
0.111715746914
864.302222518
130.916585538
403.924186043
803.967559364
0.144870032856
0.208786917071
129.176417645
120.37195605
401.256997369
153.279403202
106.081740739
677.932899737
362.253301339
367.506363723
165.782378396
2.17057586141
950.524593191
146.530107299
1445.5347974
108.807118963
352.982148764
1.65375313607
809.128638565
151.80150626
309.376097892
302.261847283
157.689003174
0.0885907363551
0.057552889039
439.934349838
0.325717146999
118.482824134
285.095702494
0.953649286998
0.878103040198
0.841130444748
676.667315534
117.093274433
0.516338587905
665.192609195
1347.44480766
141.966318668
225.522935674
944.932394742
408.808975361
344.90359417
0.240637868792
308.436000457
240.917517832
161.072970499
293.418177926
0.198574677824
664.13835574
120.986208376
1144.91590752
0.541177531011
0.746023377566
221.905855024
433.462055727
216.427568225
309.503834768
170.380036827
212.1414282
519.424362715
146.45867197
155.254460096
211.996841641
1.11832286452
123.826403253
577.99888181
218.176459528
221.36582339
137.262817166
288.666493885
0.99437589798
138.32147664
1326.52846431
1469.49845465
987.787821383
224.470461331
0.631807943054
0.633055296232
108.395075043
578.740618764
1.25298371266
0.512715543606
0.259994981445
0.436658390365
170.804128648
142.537700073
0.837545884223
0.889241215324
164.345743629
382.516097852
166.464280485
343.479441116
776.092997247
822.645867563
302.673368446
0.545112323697
141.324597009
0.751937065669
0.785912495957
1.55552148997
120.892936689
147.575273232
0.891803415324
310.551107649
1.16345366822
307.005255123
1.44837612076
125.98224931
106.990200693
1.26918904409
107.583310744
1227.31267904
366.022278492
164.856879076
345.991013587
809.939801054
487.264344825
1.87199486716
1.32115329039
301.544562549
328.873133559
0.849834658958
185.502798262
139.993263993
1.10672560947
0.965786918784
1.87630374091
1342.11508833
743.522007607
1020.9909665
850.565120531
122.01503771
109.529170341
2161.24108219
129.817772996
802.037400597
0.67018209154
892.8332134
1068.97845411
1039.62651483
242.49670321
751.635720425
753.881174706
270.587206096
389.984991059
123.474409143
1635.59492099
393.792416523
0.908989053702
1.17059881105
1001.15420384
1.45298348419
2562.53012737
2845.30233202
826.658441181
1.28364891291
730.649401956
506.497639227
0.472040359292
115.334736437
0.159049755095
0.0532319201462
1007.50677027
587.840133604
0.0436403804555
0.0349352325829
451.316359773
140.734643215
363.575545197
0.110432620901
756.341778976
342.372737593
883.856722516
507.536727237
0.155849066042
0.129645318095
1034.89931892
0.0
0.0113903063617
656.263934088
453.955991687
1133.5704037
658.934379248
679.944208744
550.556477436
0.385842148709
963.757073933
586.500632162
0.687937935401
0.775150255394
113.741374073
392.786004299
122.270198622
971.057660888
593.263122932
1137.4052557
715.97131476
0.23017102928
379.954389345
652.316118112
884.172387561
374.499366183
0.267643745236
887.608817415
0.338769032709
115.058222226
1529.93172962
1031.74600991
0.421549585375
0.503377837674
0.585623525279
0.716787053853
129.983150144
0.968813022182
366.016104703
0.808807269892
704.00193944
877.336342572
469.202746564
1.01789299733
588.081653323
385.324435703
488.300789792
805.050822066
2735.58621388
474.680491319
127.595273325
842.179760734
1013.84863366
469.096442673
143.4860277
265.929868975
780.00002433
372.267584618
1246.13245458
114.291536814
135.380825397
0.207878615197
128.711804572
0.0
0.0
0.0
477.058813458
3151.94323302
119.252483125
131.272339069
0.0755429123276
205.391718808
0.0128184122656
0.0
0.0
0.0
0.0
0.0
0.0
250.379222861
168.155755438
497.241171059
106.014577009
0.0
0.0
0.0
336.982450544
657.380908332
789.996460346
1899.2090563
865.968639607
253.088110955
0.0
0.0
0.0
109.716884716
0.0
0.0
0.0
0.0
0.0
0.0
0.0
0.0
0.0
0.0
0.0
0.0
0.0
0.0
0.0
0.0
0.0
0.0
0.0
0.0
328.795822776
769.439603906
323.085901186
582.628251762
222.393391179
130.42871403
108.276883051
146.470606173
3866.59898336
0.188934535365
0.290614228164
122.136016039
0.281315652167
487.081685522
935.924079928
111.439171636
1.10421954904
144.599182532
1160.01860894
748.62925748
1247.34736354
1093.72501284
529.77361664
281.947647833
1727.54098048
268.150232809
2877.65793065
514.151690503
146.725131589
168.63914714
755.270965635
0.659842771411
1.12515145733
535.613301626
335.813707751
365.796430085
1.17851070097
1.14215528874
109.497005563
136.522529619
1.8050782083
970.541589199
680.962739809
138.982534434
2.43741412521
949.630002449
1625.89422393
173.925655533
1.28795455174
2961.76988984
1098.37547734
117.78663262
186.662043155
1110.12017654
514.955156266
288.535260301
410.129731866
178.384304101
626.370404391
307.587394256
429.301595257
148.801837964
116.106252448
836.730447343
0.558743471086
108.548069546
112.98745324
353.091444826
127.683005487
378.416059214
149.518928441
215.078818329
678.47437397
706.640510913
122.27076044
109.383566093
107.859680622
136.981532759
0.3976778021
136.683971217
679.320123061
1578.48504926
1170.95984837
952.747191416
0.835628964051
427.694383427
216.525657488
678.23161358
247.826269968
177.911724475
106.805310755
1460.25107191
116.584522697
110.121881122
749.900124115
152.950886298
1.86128998918
2.06607678239
1.08174470583
0.909709037123
115.154436989
1.77726092699
506.544590058
124.244417495
2.08555423062
1535.2052491
1.39402547638
1369.92204043
138.178660096
1.41540987784
1.56412743909
1.64197114004
569.010064904
4.15386879455
413.063912928
3.23114563756
563.523891923
133.220893867
1330.9365884
226.143568767
630.467849655
403.092431319
367.87476033
138.783551934
1.35929509345
1028.55025649
287.970543495
0.723184658671
235.345536768
128.565231155
307.623819587
152.291637417
0.994460020767
161.206512826
1871.86181876
458.841836712
185.665026134
304.613549099
109.078537375
0.992980536159
1.41682106376
282.864131176
1057.52348833
424.211971956
1020.45393414
535.38002792
1067.0403023
344.290665786
179.296655931
748.758227962
1.1976899848
2.28458817334
1588.7601165
2.32336586337
1093.49047882
2.76022559999
358.734724625
1.38412281036
115.878889142
108.059190901
124.080115153
1.76682942261
218.74434462
114.537496855
639.892865738
465.319372535
494.446928139
0.770100276765
0.64110773711
110.858173607
0.533982533955
0.529299583395
0.661582572187
0.518615825285
0.484094192979
1011.72153848
0.4504298953
708.024277972
1445.26655386
1679.49333271
802.114257171
0.32608454752
0.337616088726
1700.01803795
0.196239343113
107.571242945
0.459535487753
477.2842897
891.573934367
1322.60673383
1045.08003056
1054.43256416
1264.51267141
352.828723978
1498.01229723
106.333046632
165.3992221
143.244285944
1960.76878529
818.087700274
0.915836910439
1.64683320016
108.094325693
2.24873794501
292.842424614
271.679226611
1.28523231155
788.49289622
1114.075165
0.861668952796
114.647336637
745.356549656
0.649235102443
871.442185031
522.966591023
952.419903253
149.424604399
650.949803776
190.298408376
119.418125406
0.645635203112
153.538847132
122.878713049
106.972840222
0.716859303171
2070.99812438
334.531266373
826.390930611
1.36925237123
521.318143485
0.979519753962
0.644305904598
0.349580012547
160.867244461
125.675105427
114.551189297
0.411563052517
2015.23010633
853.626255712
466.778566459
1.04401675511
324.236694375
0.865952431643
206.72874692
0.934961026929
829.289137695
1.00262060224
1.16872880255
2411.97112416
1550.92993415
1452.10051508
1313.6247209
324.401934882
249.937612668
0.29857482191
0.412658737466
459.865447292
169.793183364
313.267643917
118.521515291
610.255856229
360.197223958
123.001072084
919.998788702
119.000301386
575.769353069
0.917436673733
109.136891157
295.625973178
1.17945145374
105.240729566
0.675623635081
0.427794704716
560.923157382
796.053173623
0.755433206528
232.00785146
1.01434511963
725.063503325
233.979186293
110.665493116
105.470396715
1.18830021856
1.21772438877
112.709584136
1.37010546559
137.689340061
586.697252116
1078.31118031
3605.30145135
1.02811193485
471.611838377
185.62198211
1.63653648943
1.58266589004
1.30048221619
117.267424892
1036.71039046
638.461032783
888.766607036
1108.19654683
577.765755717
1039.91015533
222.78341176
105.673970194
108.624029143
223.470970247
0.961944804983
576.041260811
502.183027508
108.433142481
106.855005951
1016.27952569
330.69317986
327.254951173
1.75081075827
1008.58136921
1.28394678994
330.366448196
121.19157367
339.083272925
1.21035554164
107.157229357
2.77464982594
132.050278075
146.565035804
671.475004723
647.579180787
1044.1066833
321.62392189
124.077682898
166.87032025
1.10208925192
527.09399062
0.997177256193
1229.04730937
0.203147772224
29.1893298154
149.363977265
0.108976490794
52.2818264394
33.4436777805
33.0994354389
29.7440933592
631.187040123
0.293792718046
544.909262142
0.323602290118
533.618269496
28.7952043777
110.633604558
64.1446030286
0.445979936063
70.2778109337
42.2470433203
0.627322280002
118.508876299
209.142068061
0.886108576385
201.089845007
29.7304904124
0.833775572877
1.0705354609
53.5300240789
151.912396442
57.0790128982
174.198309402
0.58051032007
133.807281554
74.5132566646
41.1631219563
56.9274404096
33.2068204407
0.538375147297
28.0811910224
0.332295864126
76.2839625925
0.216481986656
28.7996126408
32.8542714449
205.122744639
1889.6581736
386.701026312
360.818686556
1107.20734858
31.3381506801
0.777106531349
147.173368399
32.14744126
0.543231449834
32.7035797696
0.718348871377
27.1218291909
304.341195028
337.18846838
1.42085624476
1.71276817187
26.4666822967
31.2798114497
29.0810020794
32.9249383305
0.667741529138
24.1572710444
0.402734036361
476.159461484
307.088923998
548.618870671
81.3464983624
74.2201544202
215.509400776
254.084012298
169.044541133
77.413339405
31.6012346716
1.02809498648
93.4073377843
33.4178223497
1.09784966223
1.13613511289
0.635416103431
244.270226154
30.6531530767
71.8364374336
677.434208146
0.337722377052
0.925619477964
31.8753167185
57.4885359563
28.2933452544
294.107642454
0.611930283852
311.659239259
391.844235396
206.417755387
29.2099682694
0.676560690057
0.536054204518
0.645540698035
0.671898911375
59.0454382093
23.5957380004
339.421283466
239.074319427
959.430045263
692.888389515
0.745299465372
125.544770296
242.92469461
127.664379844
112.238088489
37.896083535
92.5168798544
26.1104175329
0.671504484517
0.956204772534
25.7406685363
197.21905849
104.803222857
0.642156863438
24.0522612109
73.0468796348
67.3584432808
0.936669911505
30.1238164864
0.893657793486
229.440691152
286.541515233
600.188201282
317.536420327
0.867176472207
651.042744155
0.971295822165
89.0641718344
112.565599567
101.540666322
1.53687923837
31.3845272383
30.0137696727
2.23309820759
630.485924842
509.347697613
40.3845013762
311.223352347
25.8173853912
24.7198640409
30.3797045627
31.0939419907
44.0282949472
403.964379673
220.286491792
122.229880608
0.16540153242
0.336076387064
0.604118928379
256.404958959
225.497682318
91.5403384055
98.1397205891
0.428327191758
0.455728390216
306.200546374
505.882565786
35.3864811563
109.065866312
0.667620743964
0.651451420717
0.730133133875
89.7157849172
717.022735491
487.369265512
105.079311864
197.213444083
0.518021704224
0.643049854746
31.2934325579
356.652501891
367.868872912
0.852417178237
23.6794092958
138.297468098
60.0155366328
33.6714164761
1.05553152777
620.499954069
174.272036164
109.900546698
86.7215400837
50.3728040423
51.1349612225
24.0973440088
58.9522046957
281.404107939
47.3123685766
772.542270338
23.8929659858
0.917043560274
31.1247907784
0.72654974202
266.318147961
476.362292218
0.694236096793
26.979846567
111.891101015
0.971839046983
33.6414068532
113.707523322
0.694122188025
32.3602035885
54.3260408082
0.903722813707
64.5283136048
25.2216625774
0.960710948814
0.625038588652
38.3883299507
72.2684170032
0.499914907012
41.84296273
42.4020173772
37.2672513728
0.45988524104
40.5971631755
0.428559585124
0.411835550121
36.3287105869
35.7881299834
0.397979454213
0.397283162497
44.3424976633
0.402306447811
22.8576145412
0.38133070752
0.37189826855
0.362475591184
0.354621181874
0.349450557797
0.34733674941
0.34768175998
0.348775126923
0.34911579523
0.348213704134
0.346805018832
0.346021567282
0.346562732484
0.348496058835
0.351128314752
0.353762153567
22.7637069579
0.35899252373
26.2915058417
0.364851053661
0.367766327284
0.370278698544
0.371635565853
27.6021871834
0.369419590244
29.9412705175
0.36286996297
0.360144326503
0.359552916673
0.361440998357
0.36480847587
0.368067422046
0.369753354012
0.368574912959
0.364361894361
0.358379410948
0.352517110048
0.348339427137
31.9847863835
0.347462878375
25.3302731746
23.04966155
0.283000101037
0.267648307445
23.3067560802
0.0106564360976
0.0123041444293
0.0132548276391
0.0138523771129
0.0142182518171
0.014425189507
22.5962883385
0.0147649453624
0.0149121104138
23.2058756059
23.4201702105
0.0154644377936
0.0156964326937
0.0159268878083
0.0160689507468
0.0160563951341
22.4906314857
0.0161594016769
0.0164213969736
0.0165962739275
0.0166272531808
0.0165598282811
0.0163736412484
22.3902929854
22.7130464484
0.015803619683
0.0159047599007
22.5745757754
0.0161168078876
0.0161639080568
0.0160869763387
0.0158827320639
0.015693388341
0.0155742450197
0.0154533364497
0.0153143257039
0.0152156889321
0.0151618671929
0.0150918448114
0.0149884516384
0.0148861931619
22.9550761863
0.0147254328032
0.0146230440909
22.5020242649
0.0145278142954
0.0145842231444
0.0146851503667
0.0148058275517
0.0149361154705
0.0150701824742
22.9969787446
0.0152508290974
0.015228487248
0.0151643437549
0.0150988908409
0.031092594173
0.0350407343626
25.4780018374
0.034289958822
0.0264908068539
0.0299060911844
23.759093437
69.1716662758
42.7722043362
0.0841236671884
0.0836159408004
23.7090890015
23.2749562093
0.0773874780787
0.075242728462
0.0733658272654
22.9948034557
22.6109835052
0.0702647655012
0.0703993999994
0.0712383580569
0.0727915251352
22.5798134337
23.0290554076
22.5583430587
0.0831309076719
0.0855967258574
22.6746467566
0.0892049665888
0.0903226800418
0.0910153982209
0.0913036705246
0.0911880110576
0.0906937049025
22.4466096203
22.4330802988
0.0876172507184
22.54480837
22.5247505044
0.0825516413137
0.0805923746081
0.0786659145304
0.0768399769747
0.0751967505804
22.6377567689
22.8128234247
22.464318412
0.073925588689
22.6104886837
0.0772932267711
0.0793660709348
0.0814331869937
0.0833713296234
0.0851474617125
0.0867335719325
0.0880892840249
22.5278104358
0.0897375711946
0.0900176874551
22.4880708258
0.0894459176674
0.0953605133337
0.149887361036
66.2830882464
26.8626012696
0.114623969932
0.0968568434603
0.0756255682137
22.4249250194
43.1169982413
0.122933345197
0.171274252641
0.167705211745
0.157926436709
22.5224912818
0.148228430919
0.145356880228
0.152814032134
23.2406163172
0.153205197516
0.158201464901
23.4990315619
0.170490395845
0.17662403422
23.3575354177
22.9286167214
0.186021552444
0.188457495881
22.6626011014
0.189178058426
0.187392108642
0.184236935683
0.179831829815
0.174343213835
0.1680190583
22.5849151752
0.154419602623
0.148201317674
0.143247129077
0.140211760954
0.139467337488
0.141040187901
22.6589344844
0.149161892837
0.153939992413
23.2803935301
0.158413574535
0.153364645043
0.152045565887
23.193289015
0.109795372439
0.130108026944
0.138943636275
22.7589020623
0.141222932947
0.126663016396
22.6884247578
0.0920695524295
0.0927877871121
22.6444464259
22.5949805809
0.0901746538074
0.0770308793039
22.6920226682
0.0712945735616
32.1472131162
28.6541344917
27.2535645744
22.9476153714
26.2171200738
73.7668463773
71.0473841777
25.1345800718
70.5187619714
22.4983857746
24.1474022668
24.3145422115
42.0619320124
22.5142272157
23.7104323685
0.0308820469562
0.0307391037896
23.7104461586
22.4579801374
0.0291985215203
0.0284328917009
22.5032519101
0.0272126011638
0.0268911484915
0.0267718419581
0.026801906814
0.0268667372812
0.0268728692539
0.0267989926247
0.0266972783273
0.026651191713
0.0267151994185
0.0268826495256
0.0270924594657
0.0272948813981
0.0274991838406
0.0277205472584
0.0279564256077
0.0281904086041
0.0284136049262
0.0285872196206
0.028645037088
0.0285689326588
0.028385798115
0.0281334991425
22.6677353921
0.0277248200267
0.0277501955624
0.0279383028953
0.0281930837367
0.0283962243606
0.0284442534727
22.8049271495
0.0278792092679
0.0274112464189
22.5218222588
22.6350607779
0.0267099056008
0.0268310070964
23.1073213781
0.0263090883716
0.0241702508116
0.0341754408685
0.0257364355372
0.0242162673908
0.0127947242499
22.9370472128
0.0140042860767
0.0143162359503
22.5565337319
22.3811377549
0.0147341957458
0.0149272947147
22.7735345101
0.0153088578914
0.0154281924104
22.4940432655
0.0305062921438
