0.0
0.0
0.0
0.0
0.0
0.0
0.0
0.0
0.0
0.0
0.0
0.0
0.0
0.0
0.0
0.0
0.0
0.0
0.0
0.0
0.0
0.0
0.0
0.0
0.0
0.0
0.0
0.0
0.0
0.0
0.0
0.0
0.0
0.0
0.0
178.3946349
51.5414941135
0.00693081304127
0.00678854603971
53.0401877614
50.6682155616
41.0964388168
0.00621090934579
50.3325633181
0.00631199394553
42.4024414073
0.00581732275251
0.00578551159702
44.8487697132
42.3851374539
40.5273796244
0.0
0.0
0.0
0.0
176.017815189
155.222706199
45.537040081
0.0
189.342285882
187.99634056
186.824064105
176.588562333
158.928950247
148.550784379
147.679081487
95.7342467535
0.0393609757756
262.628255571
275.160971637
273.527569404
258.765758073
245.099118467
249.405859094
250.621000187
248.045898394
241.466432015
230.898284462
192.011246325
0.0651174456291
0.0706701699635
0.0
47.9075140667
45.5927040664
46.6932602141
44.1521857716
0.00808536794699
0.00779858790301
0.0132489122184
110.650118943
0.0229783003788
0.00862729782109
0.0104540648057
0.00929642599568
153.918896108
140.999891476
44.3552872641
0.0351621149608
0.0665468510204
0.0823599566784
0.0795244097594
0.0767168041013
0.0726937056589
0.068258402123
0.0576505953277
0.056095665505
0.0534999778145
0.0452583866391
0.0552241554123
0.0510468872164
0.0470165137604
0.0431765163224
0.018516323025
0.0163282516266
0.0
0.0
0.0
0.0
0.0
0.0
0.0
0.0
45.0958933928
0.0
0.0
0.0
0.0
0.0
0.0
0.0
0.0
0.0
0.0
0.0
0.0
0.0
0.0
0.0
0.0
0.0
0.0
0.0138819955047
54.4836491062
70.7592690665
46.1436303486
50.4669488834
44.9752587052
45.9059994694
49.574841835
46.0245831328
133.530822605
0.0405553449851
0.0260515044908
0.029062832689
0.0321433145241
0.0227128833567
153.702150961
141.491136248
146.727966985
0.0952153261399
0.101601881799
44.7910166791
121.338425569
43.3639820029
0.0775785441545
0.0741090412896
0.0696098414979
0.0624640714208
0.0537706484654
0.0502270344227
0.0375015277629
0.0335811422672
41.005311989
0.0209392151172
0.0194229137599
0.0177928496805
0.00552272729618
0.00520041401723
41.5045737275
42.7683041809
41.401704839
160.789614727
196.004943025
174.708574237
177.476253057
160.343053398
54.0569426004
0.0
253.633157129
80.7310148127
85.0622590909
71.8091373606
68.0997866478
0.0
0.0
178.335566713
161.109785547
156.296982929
160.423326861
146.109967885
49.9140089996
0.0289897261731
126.200551265
0.0254406823073
0.0124241614006
0.0105266904089
0.0118406489074
0.0051826195405
0.00556149179759
0.00615523802056
0.00653231543317
0.0144560473578
0.0551615148088
0.0885125752878
0.0736683036785
0.0549579915445
0.0474185906268
0.0420166635872
0.0391792009174
0.0522311444668
0.0904019913803
226.744967047
0.080238651444
0.0639630152871
0.0545209092331
169.30844605
0.0313216911782
41.5442414753
43.3395762866
0.0116811323846
0.00575778752979
0.0115047123797
43.2177905466
0.0
43.1731364052
0.0
0.0
0.0
0.0
0.0
0.0
0.0
0.0
0.0
0.0082161203343
0.0156042081423
0.0150394149033
57.2820335383
0.0250840031961
0.022934859539
46.6878208867
66.61326429
71.0777581413
62.1222986398
45.6738704665
0.00989602875501
0.009338160112
0.0090882085154
42.4392137193
0.00881794363728
0.00860489517852
0.00825026871281
0.00771592242022
44.7265871034
43.8991642196
44.8839883706
0.0
0.0
0.0
0.0
0.0
0.0
0.0
53.4015257699
145.589359652
0.0
57.2391296516
43.3919988564
360.508175072
407.201765508
0.0306673014135
49.2699154795
0.0652412029413
0.167011317543
690.937461487
293.419059609
218.339404087
0.300436949351
264.798384359
256.161820218
0.221896698207
53.6391680396
144.986129459
0.234747954527
0.164826506738
150.83807511
0.171203539654
0.224422559087
56.4575498575
58.139486137
53.5822468088
48.739940876
46.8357192577
40.909678239
43.9451769165
101.294620458
165.355525703
43.8895909923
0.0665684643779
0.1310779891
0.150367083298
0.159979799551
0.211772988548
62.5943558397
0.337979542747
0.313907628418
317.815620308
60.3456104592
143.936212741
295.794556697
42.8992240404
0.0358888375314
244.886944657
243.789911235
0.164630220547
0.194974061792
0.156757552653
88.2592819368
170.300371104
150.43611429
49.7116886295
88.4844543585
0.124593843754
0.109543363936
0.128059066227
0.0657425927167
159.297739502
0.191322071961
40.5559435269
0.0925127734301
0.02865730097
0.0443475127512
0.0425812456601
58.9454533193
44.6604115392
41.8081488984
0.0904509854456
0.0849564551382
0.187858741374
0.410314213058
0.341675780335
65.9462937462
379.577886072
148.715097962
152.865701313
49.2775710736
40.5272073366
0.0374971143727
92.9598235055
0.0251703592071
136.175413018
0.190670199112
43.333521192
0.0941809355525
0.0628221959384
0.0748512149247
0.0679549809276
234.2164298
341.975932394
203.597103089
0.068540592409
42.1124891554
43.0889677032
0.0434754664208
60.9506868143
274.027075879
0.0695416559356
0.00864733543406
186.294424959
140.047513095
0.0221402678102
134.614827942
133.241161052
311.749403796
0.00882372758244
49.6011575916
160.73813923
0.0402509381631
0.0124281346403
41.0529643255
0.0654418282997
0.0997674876204
0.130772015727
207.321089999
117.372149763
51.1310874121
199.465337468
0.0792027730302
0.131093092621
0.229507138531
0.216550329405
0.303272423886
0.117525375564
0.13279149472
0.124259983578
0.066308839113
43.4422641038
41.6985747535
0.146835152512
0.122291209677
0.144865495729
0.316866958054
0.301272145359
42.6691184471
0.0869264384301
0.124304781678
49.7056082728
0.158850475827
0.139989723826
0.0351788464961
0.0263217519944
0.0114625538708
45.6598555241
234.833434894
425.663714591
188.606590692
0.058238961372
101.53556607
286.29415606
0.0435439332458
0.00837910042242
51.9327295762
45.5546923854
0.0403060171739
216.01947412
0.08107060942
75.731265992
0.0942497189872
0.287824030386
41.7708712428
0.200045198316
158.855089116
86.9867111602
41.0898308618
0.0764318206647
0.0945746606303
0.176021796108
45.5160315683
0.242302979485
0.189142580204
0.186515433521
0.177753674952
137.532891403
128.186100092
0.0927425616136
0.0812189653827
0.0758396497724
0.0808555499186
0.123573657036
0.106572331269
42.5885880215
182.926602669
0.061954295542
0.051691166276
0.0481929155893
238.792359557
119.079454579
0.306717021493
367.365658244
163.26661517
203.445738969
169.3818609
53.8849092097
236.582856862
227.23406385
0.0817278608648
0.0898860583159
152.358516783
0.0625047031507
164.762863616
0.0282461891679
93.6688771086
0.0774366765617
0.121641414717
42.7750207038
53.1536496425
0.121410102578
0.0460505361309
0.0423327334524
0.0348830754627
211.81104676
69.1587315342
0.0355138008952
0.080680216738
0.0109960338843
0.0135568849507
0.0122795160602
0.0130489498478
72.2785369558
75.9026284028
94.3129745771
43.2238073912
141.719506662
0.0101086948201
355.164926566
407.180450097
0.0
0.0288793226837
101.03128576
185.236489119
0.0529346221867
80.7067893774
127.12175873
135.651837003
76.2111857932
0.121803722473
147.814213451
196.891553963
187.172308677
183.771096234
220.076855588
195.213408409
175.686209937
165.53849655
157.748768914
138.216249169
122.196267578
0.12339062441
0.0904993829536
0.07582302064
0.0814281410398
0.11822515084
0.108905640042
0.108347173248
0.320907313869
136.590552157
0.282738989956
0.154101927447
115.404391193
0.161445233162
0.107493924357
0.100185763207
57.6411560621
0.100141751133
505.608998426
128.293819159
86.0018550324
175.462685123
0.0601337109839
0.0522807662544
43.1618660939
0.0626009480563
204.530603154
43.393138476
0.0124312453152
0.0143377708502
0.0624751772891
43.1261332633
47.2737743657
76.935963767
0.215388917477
0.197298221398
0.157675400495
204.032399814
164.698897628
163.1464559
394.745093727
572.793688642
148.334628006
416.843913462
0.141701922076
0.173629962856
0.186331709824
200.61253373
196.927923357
150.551287535
0.107439767681
0.0837248352904
0.0799712232674
0.158705985286
70.8568312012
0.162393205137
178.816448718
0.0766890655131
132.96876519
44.7339222579
0.0635711085525
0.0715987687934
57.4379376755
0.179699846568
0.154326394023
0.203318454246
174.88311042
153.732365641
53.6987081358
51.2965380468
47.9980138266
46.5082208282
346.358043435
0.116366948962
144.266873244
0.151247795574
0.142780755271
42.4832937876
45.6609055797
0.110094892749
0.227478154857
0.217643600806
0.130198156273
0.155337421423
0.1869433213
0.217449611362
111.686549413
0.270753750411
162.409658196
306.357389565
0.10757048297
360.798662434
289.903308411
50.7314902963
53.2255064087
378.739391851
56.7656078938
0.0
120.737255887
274.541198114
0.0320088614468
169.853560108
0.0954204856416
969.653235816
866.412787778
874.599520696
42.7021626542
0.108974555599
0.0541298117773
0.072513598065
97.3107232389
0.0617951369941
0.0665379912585
122.053831066
49.711157777
41.7803876413
51.1563612092
0.0976543823001
0.0675438557912
0.0753780475516
0.0770317797668
0.0997499606438
0.0883064306261
140.170038197
138.208139182
0.155748530758
0.252684702431
0.263991650847
0.245438579555
0.184425710744
0.20149248157
0.316581370877
0.321311637243
52.9852967017
0.195712518914
63.3168142694
292.360342259
297.787172804
46.9606479294
0.0695774269853
330.028278278
595.914679014
0.247439904366
50.209382509
139.013249539
0.115474470689
758.518774162
53.4674235898
75.8118323588
602.008065628
47.9570614409
0.0704059910085
0.119797148985
141.272386749
0.147520538428
394.913662152
141.683327042
101.250775732
97.7844100497
54.6717518405
82.1626337327
0.0884382919108
0.107993407204
0.194992755707
0.377123931208
44.6248661703
70.6338581538
52.4792940437
0.264932955379
80.5997784043
73.2085648767
82.1687601112
0.130405926843
0.176906718121
0.166866000346
84.1402091013
132.514053124
130.27193197
45.1164586886
781.83913619
334.202309787
0.0168513348476
0.0416469007323
49.7494663031
0.142859835681
41.2534082382
58.145234341
0.323838629015
0.296120903326
0.285129982383
285.714214674
232.735419964
92.6467308018
174.106915352
171.267045702
42.1857600083
0.0875837367248
339.071379229
244.003563289
0.354155761875
47.1537567149
42.2689943708
43.8326880736
0.130538286151
0.278759950887
0.162035612273
0.114213104865
0.1432734136
106.175443282
121.173772641
0.0766572101228
0.118754208124
0.114900056392
45.5513377284
43.7574509322
0.0372874111424
0.0918160736154
176.396556723
0.239999416354
50.5956567231
606.605066709
0.0821922764927
235.61726706
186.444187301
0.12141541087
0.113039857097
51.7303949566
0.0334595883087
89.305158033
136.592084322
43.559507763
126.90142489
95.1555046437
280.515779068
285.230251817
263.423177537
269.456950423
289.703629122
266.106299185
249.335270724
203.972097264
472.049856462
0.151033071135
183.063584861
176.784103774
47.5378756112
143.982847303
51.1112683085
0.209533406379
0.283734194195
0.256901779414
0.220164906976
0.136707665699
0.102224933329
0.184641734078
0.242946140854
0.163159048774
0.087268977722
0.105358272029
0.113406702677
169.221091854
182.74930006
188.689719924
554.565161525
41.2793007814
0.142785244837
0.306814642921
40.7543669415
217.936101929
0.135692517454
293.412595747
78.1781391078
46.1792924786
44.1982163208
1011.97049015
71.6992664051
83.2347363559
115.429418737
288.846482858
315.85794208
185.274949439
173.407511787
63.3080447917
145.72559384
156.043003977
138.438811109
47.1206016971
0.206713295481
0.225581309688
48.7171689494
47.4653294122
251.363709996
184.25514089
198.005531494
75.3732368073
88.366395406
82.3326832347
0.293297259545
0.254057826629
0.124756553587
176.70143752
0.225897186099
46.9817002251
0.209741803859
184.849050474
0.0965944577551
0.0158303538184
0.0301429133834
0.0543017153683
0.103391714569
0.163184912616
0.199471343095
131.196217197
85.6308893389
97.2794607136
0.288284719845
0.324518776728
220.083728892
130.892369362
0.0714626287438
464.700254257
0.126827341913
0.124022818332
0.243743209844
40.568378736
631.1294943
51.2282138617
0.345254992555
337.013362541
0.307786315914
0.130186445554
58.3017268019
0.146698010622
50.5737112037
45.6316300779
0.099354309807
0.0958645495342
0.0459382815593
0.0701490104051
0.0942270982362
404.193924763
0.235830497805
65.0727794566
589.000045812
0.0998445622072
0.0805422294389
0.0379260763087
86.8811506596
0.0326708033556
41.9325427391
0.0497498944512
147.630599425
0.141351948149
0.135776330353
0.0921449084382
0.208931998366
68.5254296926
60.9488140301
0.247697077842
0.303972795539
0.227428918805
0.234307508199
0.246408809964
0.232378614246
0.14411135185
159.300375149
162.952088882
177.66084723
186.930840555
119.435255853
526.773746121
65.5666298597
62.4547564942
54.1731703343
0.21988465732
0.12979381904
0.103373354097
183.022673248
0.301397760516
230.961878228
510.186208879
143.476417126
149.966863867
288.379344432
47.3802715309
0.317558840262
191.596444595
171.78857297
0.349967125342
0.449338329479
185.526883332
323.37590031
0.135093486547
267.004008316
0.0797652350914
48.1269085265
0.0679026090018
572.870829575
634.811866274
0.108391455358
0.326869065592
586.545825599
254.962216559
188.579249874
184.015859997
133.267047641
346.824580788
92.6138794701
45.0133449796
0.303683392961
0.579627676895
0.302192097213
202.49903806
0.263024576635
271.768807042
210.101025353
175.174268539
82.0598632605
0.126665391269
40.5598083887
415.774414358
69.9549863625
0.13428035487
79.4331194786
70.7750647239
657.717974903
74.8680128577
0.291755593262
0.209023775693
0.0504286700105
0.052068090771
0.0811700735851
676.385850001
104.527327468
53.3059497947
148.794422375
258.139514936
248.836118713
231.588554785
217.774262673
214.837216232
207.284286574
186.829090605
191.459808664
0.232297321687
41.4121160172
0.119938637554
0.136970284567
0.142160770027
0.104105011115
1116.50754763
987.051484972
297.426748827
41.6437883401
82.5731685751
0.150278798399
367.998565799
352.528438066
0.295427389193
0.339110063863
0.493901634467
0.296491031599
0.380175102976
0.284497065353
203.686544534
312.291435785
0.251057280098
181.553828952
515.303367944
287.26465305
242.47533811
0.712745297702
0.25353443452
0.301407033343
59.0933017867
0.185187833815
41.8728076572
83.6808928235
0.0156523691988
0.0383708094727
753.882738191
0.101005226322
0.0536258950732
0.0597409854808
0.072858834459
0.187891411309
0.241237538962
628.226390396
0.0868668071345
0.119757627364
0.140421169518
50.5962993558
72.0514917547
276.077104913
90.7917022173
171.467350333
152.108609316
115.95501202
175.875438341
161.936128047
99.6463445426
0.278016135116
0.286843982168
257.745838543
1774.13561057
1669.64338685
1567.17166986
725.708000604
567.991438886
0.197647927976
0.184659381396
624.448831876
0.163510590774
0.219161866619
491.768481146
460.609583885
559.361826187
58.0110294003
43.1897444262
139.702451581
148.375117146
162.48950247
252.295903603
45.0734249608
0.0
0.0
0.0296957134029
0.0458822246721
888.900530489
180.510003342
260.362557866
295.000772122
100.181596365
107.255740655
54.9253364847
54.9942195568
64.3703265918
0.110144710915
0.23089441837
155.989184523
0.183168680648
0.123642742211
94.4033528077
44.5318249207
1815.12990296
2127.668031
2229.67543548
253.08366426
204.679914586
235.370532121
94.319080111
0.0845836786125
311.993613273
1551.88549024
2537.29660569
0.0951610231215
183.099938376
0.22267393077
0.185019781395
46.8955277767
0.296002743
47.5516955867
64.8563835527
0.596654032832
1899.53391906
0.116457782874
162.445569617
41.4347521645
754.71333271
328.20200499
0.653850909437
59.3738803847
627.340957534
847.410028341
993.506208161
0.264088895019
50.6670333577
63.4151595434
42.8424524561
0.376270373746
56.6675154915
60.7181091893
41.8517786053
0.479326336063
43.070138786
0.393288201514
0.963298072859
68.445336909
615.628366494
76.6927868106
56.6438048821
68.5634859316
77.0430112115
0.748183036765
55.0181456625
0.7244277254
48.5156540207
0.311108611409
0.268799311831
74.7308113926
0.363291722285
0.512051161258
0.446940813976
166.456269719
0.642341720188
64.7765001226
0.576383889402
41.0808640866
0.653519917433
0.630740864984
0.608261818706
0.748725217084
47.1758257395
47.1679714973
0.314951092937
131.291649743
442.282580986
71.3809655187
284.247260749
0.552383047951
0.897708235368
0.710224488303
1.01800955264
0.563475858845
49.7300989288
90.4580875102
56.8011876324
46.4382298009
1.22597244248
51.4017564718
0.800343304651
0.412766265193
0.417748185597
0.467759356407
45.7549056459
0.508628703065
0.631101224247
51.9281007176
0.447855616472
0.491533887306
0.669463615465
200.930117718
282.189949587
52.4787447929
74.391506236
0.31726746192
0.74586139417
0.5598173934
66.4917505077
0.788434497408
69.0897499394
1220.41121976
786.195250405
275.791688767
267.489951361
804.992336364
0.209449006443
0.269911741316
71.5051197929
148.227148634
0.584203683907
0.719170798092
0.754554065949
159.526081638
395.865394109
412.227145823
1.23986473025
408.015825871
0.789913024287
522.392463205
378.846883723
369.117319809
159.283244017
191.139714781
244.896826184
0.924544049814
0.868474506115
163.662357068
57.3884186489
84.3166737547
0.756155418368
84.9408707339
72.5069555256
52.1968336132
0.415065489619
517.582730547
142.651949479
0.28076817023
55.9075087992
51.4586149041
0.410013392863
0.229518447163
0.234393909388
106.185687392
0.405120362651
0.314095464713
56.8073622182
0.77818544999
55.5227134845
42.5062987423
1.12881890253
56.9491698598
256.280701123
468.725855857
350.056374493
44.827747514
1.9481591189
72.0543151886
49.4781057743
143.134251084
49.957259521
209.347625883
0.916456435741
158.567350025
52.1532905259
1.11342193143
229.572217919
182.509023705
434.655434929
575.112535123
398.146116986
0.806955946006
291.12902074
828.576844516
45.3670928869
1.20962878757
107.860946949
1.55718577879
49.9880309602
0.962532962782
685.799506401
220.885199186
786.308359954
1.2895973891
96.7489692599
79.2196768506
66.3709797869
443.349958865
0.355603004745
111.33207927
0.363780262599
133.358074309
0.221584748839
0.319376802552
48.8881823233
0.378922159124
0.578374706277
0.677061053353
0.445188849281
0.623913266494
0.332286642271
54.2608046436
72.7119871061
53.695439493
0.865206953561
48.4613544626
0.440325887807
152.128530854
43.9563133734
49.215827139
0.562904845243
0.670706420717
244.819722569
64.9874821646
41.1464841406
48.4381679459
1.52583099574
0.177332710415
409.344450686
405.097638231
513.17178202
0.289340481045
0.235595138888
66.0720983333
279.153200982
531.42846897
297.186443764
415.390472843
0.509331345656
0.531381554672
0.533974476814
0.430545377617
0.784702943614
0.749075444159
77.6528631527
0.968581272477
75.4863199581
1.79989507168
70.8497055625
0.891769252555
0.942127123466
0.976410683449
0.939299977043
85.743243225
61.5792171306
0.462983670928
0.392939350235
68.196096288
0.6692800139
248.131578586
70.9617298678
288.0300775
0.664229081731
0.82173875006
73.618126345
81.9289296735
65.1974676626
0.473540058797
0.332536397714
65.3338968974
0.550043094162
0.453260719211
306.488800234
93.863952589
1.0436967702
99.4158218304
82.3269252008
0.637315130947
250.060022209
1.39637536057
195.25848025
232.133374515
156.357343594
0.895195953038
0.905687827036
0.600999687155
0.616111611356
0.521853922032
0.871748337319
167.924395821
1.17584604815
0.932362104599
531.862924188
0.682568277652
0.740331921169
0.662682125387
61.1880931588
0.622984283541
0.4289872536
0.608219321116
0.632912054231
0.571636367883
0.264662163662
0.375437996189
0.70793473529
0.239423107702
175.966103473
1501.77810842
2191.93456182
84.6316996301
255.162043322
820.86060818
736.39651684
1.00694056622
1.23434677322
357.384953455
0.99106874262
1.22784228447
858.992348684
0.864113532568
176.326566947
0.909255263838
61.6836366176
0.837803996341
68.7779640326
0.839557913161
348.042173975
0.800134542001
347.209452674
74.1477168034
62.7234711946
0.975919505582
166.380786211
72.8321162264
73.0841377209
0.97796992317
154.326136352
385.682938693
328.51064073
0.827290689727
353.961973879
91.9824544769
0.860367193813
71.2215093276
1.05457089926
0.98946296264
0.994961505148
78.4373649171
457.027235238
304.681369743
79.9599213997
0.80668642131
88.3740798108
1.11737177299
0.981112675065
0.903672510658
77.915929607
0.782466856452
0.574030980158
627.924926152
257.543810558
306.034677979
297.032109043
299.271042527
502.309890057
1.28748477182
214.490318682
272.260937912
65.171369963
77.0753528192
86.615077711
73.8603298652
1.32375560188
124.032539036
236.396009616
210.566410395
98.5835614769
275.405819802
1.84982017971
2.06112343496
2.03917423169
62.2136738365
2.54327365737
216.716356429
459.405608932
1.69021411624
107.741038671
0.507717692321
300.208569373
125.617041089
0.829762136672
0.863859811896
99.582386451
613.269046507
812.18469852
563.53891411
76.7031082012
0.574155798235
89.9746700145
90.0584278819
0.699331886371
176.80274436
1061.56449987
945.67822107
1.33663742743
118.924076008
151.454002491
1.19372844637
121.540291386
272.88905076
214.378898583
560.188287892
107.325859148
63.0762759365
346.373802944
1.09438412117
70.370862467
1.33899990493
159.590369163
0.432552148715
0.585387033343
0.545841038016
0.44369283513
237.059010885
222.8990403
65.33122561
0.137254016312
0.743566671884
89.14763713
68.5463187455
224.19633573
231.147124682
0.487003069951
0.52932904383
0.678583876186
74.4182822003
60.1613799499
66.1082629082
0.467679820433
0.549308130165
0.50908135595
0.587891731947
0.589467411452
0.685327344913
0.902470462683
68.5041349867
0.892694829108
2054.40325964
127.678046383
190.552770355
314.891829843
226.875788383
0.782447946452
291.933361141
959.950412899
282.02851218
330.193287577
168.456554151
357.971924739
221.815841199
158.245022784
874.64577042
1.26757985103
1.18842412819
411.834415534
88.0730424024
0.993328325383
71.8832183129
78.5198898345
800.310910106
1.23411095063
1.04581047553
83.0404373053
246.009902978
475.45166836
188.7510055
63.1336255921
60.3727882714
1.87551333219
0.803964368547
163.951199082
1.26855801703
68.8709865765
1.24667205208
1001.60995042
0.605855884065
614.367166267
495.124986139
237.707143315
1423.4646456
2823.37332199
74.1662448891
0.321319138947
358.544046759
0.779300820633
212.487136621
545.043188813
0.706421453322
0.590457068802
147.364186719
76.6241377004
87.1773003333
87.9808804424
0.612474210709
283.939814289
0.49948010344
387.405369302
86.5225148592
1.1412571469
83.2923706642
80.7337474131
0.544228432426
0.518776735851
0.477471424094
0.536839584693
70.1137957052
0.500897654629
79.8591188792
0.724870466279
70.4948543966
1.07751227882
1.50620290627
1.47443095478
153.534190099
0.831044777062
0.874916053521
0.881387034482
0.574139688484
221.268191941
0.81348764817
0.936123161852
192.491041001
1.0851842341
157.192184278
0.592064138501
0.872779727443
315.816586183
0.488997178315
0.442116983934
93.2148383332
85.3819707082
0.63856344505
62.204196653
0.479621143747
0.695882980114
64.6371881943
0.645672707761
539.729825342
220.315221373
66.110462156
78.2395251498
0.430497724712
218.905962259
0.383392619708
0.327899020768
0.232759650266
0.32097647429
1622.67646162
1498.49169825
1269.3148056
1008.92037574
860.709760626
292.786646263
174.52057963
65.6986630445
526.253146376
421.855408247
252.894944161
64.3005655972
0.0
0.0
0.0
0.0
0.0
0.0
0.0
0.0
0.0
0.0
0.0
0.0
0.0
0.0
0.0
0.0
0.0
0.0
0.0215241216
0.0200158043096
0.0283718325931
0.0723470994663
0.0808112819848
0.0857318070278
0.0521610124141
0.091650554105
1391.66010216
1797.65448926
2038.99655613
1982.02777914
1790.59401617
0.110126805205
1124.22417316
732.706789734
0.0530973760709
0.0285799944403
63.137481341
257.089808777
184.961577422
213.15750132
89.5886569314
213.084756273
202.154085143
73.7590245255
75.7639194971
275.151281016
172.53223589
248.445858128
0.849061563633
0.816621945593
0.728089024988
0.438633789628
0.416645361745
0.373251050967
64.0319101974
0.370133701163
0.343209966128
67.7434225176
0.453065081933
0.355629874199
0.340294416802
0.321120485194
218.558812053
194.29884845
100.549895761
476.096774656
0.248557311851
154.690416237
0.161177287959
212.745860434
194.541705668
0.148892721352
212.676153845
0.187414843536
0.242318908993
376.352686395
401.142099364
127.823297353
203.737304842
136.235679518
62.286889812
68.3019975085
2160.78992705
192.249853145
411.277262303
412.82412031
412.81557235
407.151996892
394.219421122
373.716511647
513.232341684
753.784918309
830.718951641
913.321652159
614.201925465
398.699852813
339.635017731
244.195273167
291.951374864
0.0957197800164
0.107738080152
173.429910934
0.137031756869
0.191223893741
0.187942708754
0.247955444827
187.126135717
0.401689479892
0.171581569427
0.161508853998
0.202821771393
84.6178622626
65.8739088132
79.3848586745
0.222574949982
263.636072515
0.203545711492
323.291461631
532.888430287
978.936029949
225.872886927
191.505553612
0.191116183245
94.0118373655
0.129935609193
0.132747067302
0.12871173293
96.2172169319
491.944912769
65.9220922401
158.036651667
88.166335912
73.2728865655
78.9709652778
170.97770717
229.368835325
0.139625841254
0.161462081259
63.6683752173
0.172444987708
287.165801303
0.160350523886
0.0305627226659
0.110356489635
304.245147707
0.301785474903
167.40370871
90.0810522382
147.485870738
0.216523003533
298.786527078
80.2141651362
81.3351631735
80.6505855126
68.4029296303
0.158348111345
0.158966598601
0.236051670817
0.269315345916
0.356210620517
0.389377272596
0.365303770865
211.594128036
0.404680911266
273.056428835
0.471772262355
566.086216265
539.29064415
0.549318481661
319.36320811
0.177612630551
0.142218174339
0.135380614843
0.108126382943
216.833788358
217.146930537
312.069393408
80.9005955155
105.257255747
80.5799183577
0.0613148392808
0.230668105153
71.0787461723
629.838856666
260.78443237
219.703745322
100.844725762
73.9048524529
0.13274864258
0.155038950258
0.137451767786
0.155691273339
67.8462432839
105.945138915
0.134520453779
0.153802619984
63.1102692501
0.195655842814
68.9487087559
669.765272474
309.56995877
199.973345115
394.185933913
340.672356398
202.073794983
0.200977525739
0.12787499366
0.217709569085
0.193018880452
0.0578858530651
0.00790983723249
0.0423186260948
0.067371934494
0.059740022913
0.0942700779108
812.388620479
991.121259955
1083.13175011
61.6707684273
0.15110243455
188.781345226
386.895438179
267.72187123
0.179921430528
0.179574899892
0.257350929143
0.226870332688
0.313352871386
0.429178741639
0.393020602907
224.536953331
111.941588323
59.7227707799
0.355275898857
63.0571825785
0.294013853433
0.27729153411
567.833525212
0.28742177018
74.2750315077
67.7784194979
76.3499186015
168.892828275
148.259874824
0.433702103266
65.1641580458
62.9348446143
87.3232337097
60.4319185913
60.813824234
456.433261127
0.121957226942
0.107121653277
0.164013402492
62.8122187528
0.116931296366
0.0727837943251
63.9350200451
65.0664733556
71.0972052783
103.09897919
318.399222381
68.981364637
66.3219247162
0.199242438762
68.0431791858
0.179707950503
62.6985869671
75.2053830713
119.967765605
159.435284577
0.117198478954
0.318168737197
0.209522950153
0.334949974927
0.292973985359
0.325193990372
0.352262905564
65.5887352267
0.359952827568
166.136181665
62.3036939681
0.132900896508
0.121368889827
0.0992726230501
0.0904560596042
0.182059486483
0.174891057157
0.174642873545
0.240356666231
0.201016394849
178.102549817
140.038725769
0.0872501335123
0.139806560701
0.162579790263
0.117751529476
276.174147612
429.806907136
197.297574477
0.166930150753
0.159004245039
451.97541496
87.0547529187
302.611719273
402.504089062
221.52238057
0.179375651458
157.175370635
834.101307715
0.169763281819
0.122281191706
0.125169158605
0.196327053657
0.156234194022
0.190836242127
0.068076790276
0.112338944037
65.6942081431
0.0814982578663
0.0931093136011
404.619218442
495.571459052
637.88517803
462.810540243
0.601044378738
167.945662628
64.759441145
0.120394307473
0.113971355392
0.159416535065
343.891791656
288.760132807
180.743196709
0.111749838095
0.155027474162
0.146214676923
178.168755676
60.7779257843
0.139186389268
61.6973285885
74.3469376025
71.712306466
0.181868696708
60.3029341943
0.342845397181
335.304935113
236.524739573
0.273563624288
0.185788053354
0.163066621078
0.262509084859
0.400920671532
73.7056381533
212.861554746
0.253517176039
0.355566883052
0.387385671809
0.250304571943
80.6035564749
0.195161715993
62.0029339464
69.5423652294
175.042122695
0.332290451176
140.924576554
592.559585648
416.805306606
81.0002624523
0.303646651755
63.3658408961
0.126505363898
0.161337233082
0.159055078701
61.8585401142
239.719980858
1018.67662114
321.628932823
0.292669585473
0.333750468028
0.390192723998
84.9199957613
495.552358769
0.133485072855
227.766038429
0.109929243723
118.771844242
84.1306700262
446.05935735
218.888702704
332.163475722
71.7574811241
201.919629075
79.5717447119
124.126102309
69.0700323264
0.302387833502
0.256670589186
62.6636520052
61.267643707
0.168417561033
153.993431388
331.229689261
82.319997674
0.316918870201
0.346095535078
0.399334153188
0.38746520729
0.296958049267
0.36798935995
274.596098687
952.74721124
643.580009539
60.7723845625
0.625590245245
0.512164345429
256.050446787
729.830333869
166.993161762
0.508063219874
0.466869574226
0.547198172025
0.541440288768
0.552992654125
96.0811045817
432.153055194
212.960304581
0.67779981115
90.7106445867
347.22534433
161.39786703
125.405500715
0.59438311642
404.016945264
245.68678952
318.6182941
0.423233207419
93.6495446959
0.393475074564
104.526358141
72.2640255273
333.961783241
210.696846996
64.5931670143
83.5870359966
544.684373021
726.490880202
310.210148733
0.633647089698
0.426865971073
0.445468136206
0.280411977541
0.254012827703
0.142981724842
80.7511072465
667.563440541
402.681433859
63.4265960127
0.0727435453148
0.0616666809883
0.101832501049
71.9638587811
0.0914371849803
330.301261736
0.152005869693
87.0013724421
327.634984877
60.1835793208
0.114058943534
90.9178405453
72.7579559413
0.158548890336
77.3288462064
0.189191571721
0.202156306758
0.193922710986
0.253465852695
0.282859993173
165.492063536
62.366702925
74.1247151862
106.841498563
0.26174382949
168.783254468
61.070951141
94.0737620702
93.0077166315
0.279480592463
90.214357015
192.845370393
186.385501537
276.264853656
104.940316123
223.872656
463.908643531
0.18317751354
221.394538573
0.143583552594
566.972993256
332.713724191
131.874272058
334.741702154
97.063724761
427.811530571
62.360793906
0.146010670665
214.057429582
549.9068082
93.1024029635
0.137288754865
0.0958356197745
77.2252229292
71.2676902767
61.5044537371
146.170847204
0.0801451939456
0.0648531899525
0.0462891089255
670.894721712
276.788226713
136.120136566
414.471764299
793.235743835
706.787685895
0.0865450272356
0.107772671754
0.0913429096387
0.147069298293
0.218843547324
0.278435010533
0.336575649376
0.330938973027
0.361966088043
0.381699052338
0.268080781468
644.56075662
0.28798965768
0.48075936764
0.113511584025
0.169670805136
739.515590856
399.481685796
94.5725644027
77.6106274134
0.226133481244
0.2169160028
354.09403606
803.600352851
522.571782634
157.306422335
200.213906156
195.448471581
145.73803992
113.752088959
0.328457049185
0.322443026261
0.331239117575
0.376666036912
126.164950943
655.224735774
265.289378266
213.254576588
591.903119853
241.726235946
0.116588125249
67.6686624549
0.0650856739549
320.400444608
506.174679995
520.218511874
243.621595217
0.352327485213
0.474639783674
140.724102544
2085.48121684
1436.76972773
279.135953779
231.732461813
88.5906674543
0.0895235099476
233.983010077
235.401243585
194.365598857
60.1219902287
96.0081178581
278.221985378
0.131381859708
0.263304088387
137.347779136
328.933807793
0.365324537954
63.1914526421
226.75408912
0.442832046508
0.432581928634
270.780910265
234.692878308
70.7827241665
95.1276591194
0.210062701609
72.2077428526
0.267609213503
0.19950706402
0.339554419043
0.356988557745
272.112031783
0.421009472935
0.193508838128
0.200640319152
0.23400957123
70.712855139
0.223985531032
0.256795755743
0.288160453967
205.120685108
0.365064701478
97.1840878063
81.5527833441
0.183496897675
432.4346583
0.200106853853
0.207460662187
0.322089769596
464.776821314
389.420075149
0.200047035533
72.9271928928
247.049828795
155.707614322
83.9953274394
77.497801286
0.0785311601106
0.0603873752834
79.8109676802
0.0
708.482143316
205.079366276
0.0907996990769
317.124935733
219.449480207
0.267390478123
84.9318699357
79.9135173124
0.266586475192
0.292685426266
0.263395864257
0.245113680987
778.058254121
655.715211265
98.8847164029
0.257132634949
0.284665805731
71.3665979653
80.6844404083
71.3074133941
198.523663379
207.653568679
72.6947695034
461.440841772
0.315049610581
0.278121399625
0.362494044983
106.407958481
98.6103344717
0.432130098421
98.3638910101
76.4606856023
0.380387269397
0.354426521308
293.172147342
80.7939485702
0.229652375729
0.308824631349
0.60264635218
0.575006401415
0.563399817691
0.568380322325
577.089503351
191.312270332
0.435567923849
0.436757496723
109.447411199
0.407791361307
143.231852423
223.187861222
0.377417583645
203.986408104
0.178345758268
591.784242649
0.147417874133
0.142764699809
214.424513897
319.327713897
337.732539596
299.620346453
61.6375812042
269.381233892
262.174721034
202.254626967
326.940763949
0.473657298859
0.336249239074
205.152136567
207.067589584
235.284053988
209.425487728
212.371084854
215.359713517
215.249366745
198.880113483
177.206499307
0.292574862295
0.536692011527
0.447982572709
0.404582888028
218.218910967
89.3125793318
68.6433437638
86.8959741896
442.59224845
219.933808937
209.578999342
198.465478099
189.29517899
0.486657027203
70.9054370583
191.047632333
122.816358011
210.997830252
257.106804541
0.272628706232
64.6699410004
0.206345852028
0.376063124456
0.328883951601
0.360788750969
691.487974198
178.300556832
0.279842222449
0.269199083842
0.279899854748
491.263673456
162.910587116
225.461488116
116.634481667
90.2067892001
0.139432952197
0.108111579584
0.121667875554
119.41369152
0.178572853717
0.177540442384
0.204238404413
302.519591037
358.886359624
67.5373395692
197.234978875
327.376937637
259.076231722
192.26209655
108.268393725
0.272213037601
0.167955476433
0.195846738308
294.181319403
0.316779777781
0.0762005025205
0.0923689839393
711.259587148
62.1168179077
71.7448589792
0.359800038312
326.659790555
317.650577845
247.225338632
122.874857106
0.48609917294
0.553991571783
0.536432849334
0.454063561697
62.9138530122
74.2365303975
71.0424958139
64.9235462335
63.5135151467
68.3245065587
78.5648380852
87.2439252549
84.8545684079
79.7831011742
75.9687765869
74.1289991372
75.564780096
66.0068188321
302.468672194
0.289878562336
271.932523995
117.202037341
0.169224600589
188.44316676
0.0930862177223
468.618684768
460.634287735
0.0881031365187
446.151604482
823.531334824
1195.99187069
261.398245367
375.791403451
0.0460277277836
155.840546054
545.543387506
180.089047736
455.492563941
119.839434261
0.0936136192449
0.0926038813893
0.0908698268616
0.143906487108
0.138969105554
0.153215901926
0.103542176737
59.5683500256
61.1740200051
68.5834341887
548.237390411
1128.41809519
1443.93330952
1554.83283297
1531.34715005
1282.51794687
921.048105849
737.579912605
387.269442656
0.0653154681769
1243.18109707
2333.38361774
61.3719311771
60.5410293273
0.518812152696
75.3513631429
71.8739022196
73.4480193974
0.568047711629
0.577675788901
88.5614891867
64.2542019312
67.882706999
64.712679608
0.854478945669
747.174052878
271.834088628
202.259398768
301.305614889
2.48741870377
2.32004869255
2.450786859
433.266810362
87.7907008365
397.159160509
2.6143469755
2.84575343282
2.92040008525
69.226824386
128.556414828
85.8947090964
101.684945468
126.234617265
116.59999293
163.835952858
127.152919356
278.149659026
62.6656694721
65.7871376057
80.1018021345
2.16570135522
86.2231231467
86.0492292889
104.274349575
83.1443620476
63.3522284749
87.4257626843
92.52078109
77.8968540793
2.35536828103
176.47474113
2.26088643168
73.2346325345
180.33709643
2.30816121962
2.4248607564
1.42296635616
1.61618284484
1.67464844005
1.46376084225
1.05875481193
0.815006524943
88.8647441004
433.137439311
82.4095389557
191.726162382
0.800385426522
0.958985973729
68.5629336922
256.683936956
1.4540926009
637.599506054
84.8665180073
82.8308544991
203.233547643
1.07265631601
332.696685224
152.311869648
106.83660177
0.792606945067
0.677880598206
0.522366732136
159.121318729
0.707252355236
0.869098823125
1.20326595227
243.161510198
77.7111056574
104.122274781
255.613392014
1778.52435752
76.969414356
1.37163855337
1459.22018011
2082.32482681
67.5423737109
887.627884966
70.0700998254
1214.69292659
799.271576206
226.414936937
273.542776178
722.576856736
219.423855611
65.091022653
69.3269039326
66.5886449667
0.487008446681
0.621315198013
0.785035618014
160.65825909
381.462586765
429.174736453
362.107670916
427.229627057
99.2609897174
0.328148052359
0.244182478223
0.2368897892
114.73295599
113.81475441
83.3775125242
0.656707646551
163.020585898
127.080806642
1.32791518839
306.039128247
1.81147502424
0.668637665398
92.3930375774
1.05952754271
113.809386559
179.918631527
1077.04945702
625.372698849
128.38582218
1384.21009668
418.488237037
209.377891784
1.20461515631
98.0683612224
0.908689530683
115.123749014
116.874163776
201.747122173
1.06710557516
88.3927369826
0.689298482822
434.047950063
440.730975537
488.291505349
494.417587575
118.426684292
86.8067363661
840.139714442
226.507438429
145.069835259
0.552827281706
191.49273719
87.5830852119
116.713891272
1.17271909006
1.22352632421
1.01733847737
83.3271245172
1.04206597372
91.919786642
240.594253326
640.05103904
92.5335581285
446.119350426
98.0088492815
2.80656779483
1.13629316859
390.325705992
0.453456080348
0.459209955479
161.164142846
106.545024504
1.41101151141
1.4084296928
3.24351234629
113.642938204
99.6454846558
87.2661654788
3.84199387596
95.0511414193
337.086196015
782.092805421
4.62072054184
4.66283587592
3.98998706446
3.94738158708
3.83291108396
3.93769522155
3.81310426969
108.09341853
1612.1851987
92.2292817857
445.405898985
408.641389278
2.30526257908
221.456229116
546.478936162
568.995606116
451.255357886
566.387550453
467.138911228
859.534548694
337.644019021
442.47100496
98.7419273703
110.220083449
136.929862764
760.959531844
509.669500713
493.231769478
632.299400875
1.35413611866
1.20078886853
0.703812417237
324.463377811
633.686361637
348.792628283
497.447619034
346.119619036
1.45061600503
1.35952106498
0.392092056201
0.550552439017
172.665720512
95.469041114
0.767628059307
89.8975290312
1.45687019539
1.1967543372
1.04640097801
0.796786353745
0.821009715068
0.792137876891
114.061854102
0.619463566976
0.460674758221
0.441168780914
0.520523459178
224.213569252
310.781496441
99.294981874
370.646327718
1.46671485199
0.774479619129
0.865194768994
0.548262931333
98.7117773206
0.582267987316
141.629284361
84.9653624036
0.733827529679
82.9833949299
401.16175331
115.62389722
333.154939903
115.032283419
1.05753801045
0.627525759498
329.674416551
1.16221477398
259.341217715
308.695894152
86.4277757742
1.26295122559
1.21532956395
0.664537842801
0.760304191504
0.77099541321
0.90387595925
137.607051196
0.928493886241
100.227268781
392.259745646
1.53311064872
1.28347306666
95.4923537604
83.053646926
1.29761635918
106.92181491
1.12057250111
88.6176596737
0.857584021675
1.18717489326
81.6236865289
98.9552457669
85.8040778482
83.9232257507
351.86678707
2500.76475133
101.642767211
282.540298957
923.252994615
832.198593116
1.8319332711
1.88259516433
416.725951463
1.56267198844
1.50485432115
1003.93397104
184.047880022
83.4166588106
1.69034230878
1.84694298275
1.79269870853
102.764636109
90.9142400202
1.74022687846
131.726443214
388.845164622
1.55123525283
217.158264926
615.419325924
197.60762047
92.7761132625
1.620897093
1.6947917893
1.64395695916
91.3086393212
289.044603147
1.35532172739
424.507595161
112.474742024
1.38237625706
1.21548767499
240.859979374
1.6761531269
1.58603474252
84.1027769422
544.263247972
342.532772907
104.909355807
0.870725957076
1.02725527426
1.2287242699
0.836260524846
0.715365998549
93.300830587
0.61675255721
88.037535061
660.127606151
305.727950459
246.014779126
394.709354254
370.344673061
628.782174591
82.6865303748
261.265999749
158.231049324
104.740885788
84.929264656
110.938149134
97.715278824
1.70330198963
151.536029679
289.649076173
260.345195413
122.888684134
317.648618479
1.11663989408
1.05880553838
0.8963201708
1.00395885338
1.5672277325
226.306913741
645.254021084
1.96663778848
120.917362035
0.99125337752
434.047132865
328.877589987
149.201128104
2.75278412873
133.841237979
743.035942094
987.041201178
725.161381024
2.23697917543
2.09215342546
115.085582377
91.7088540479
644.703273467
86.1684080734
1089.09098014
1127.17423247
1.5713299097
1.47218423443
190.234674861
1.42920987091
132.615376199
327.131676241
150.115304963
701.120786209
135.264728029
1.28371514455
374.940010804
1.51925611561
87.5658700395
137.890929946
199.431244283
0.855196154015
0.991326885345
136.579420825
1.30854580947
282.741034454
276.122812128
1.43677685083
0.843606175732
98.3952142684
98.8649886371
98.9457955244
316.390388378
199.340985071
0.493056563437
0.407602251152
0.399450374934
95.5292077918
0.325586195517
82.7564744679
0.643820840533
0.685016549716
0.404653590194
0.5591281311
110.131773873
0.977205207767
1.01199156626
1.05593366792
1.12662124933
2340.78822134
671.942521632
132.036614222
163.677212968
177.795163085
386.26705022
323.904237674
1013.83648933
312.590643605
283.475362598
0.667535026126
248.965573961
118.544851157
0.758455833359
1096.59810105
906.618380201
430.590562124
342.980220602
0.583140135082
1.69707101594
88.5635736708
88.2153032741
659.372560142
0.479636478808
0.917416632177
96.4130381306
325.322765305
467.707679909
109.070455502
3.22762818599
0.40285601658
0.933202060359
0.942217619711
1.28051104156
452.340785954
82.5854152456
101.976129585
1090.91216094
1.75847604591
740.434615822
573.531204855
269.621240338
0.680646036567
2556.46661194
0.663741746011
1.03918466242
447.308136096
1.445933588
243.323203612
635.567529589
1.07727034246
1.03739183605
1.0341814874
0.741728957237
92.2740242577
103.246942567
0.574215951108
296.126203545
0.556729485862
500.086314066
0.880738839001
1.15660867074
112.177494471
111.504513979
0.530806787145
946.589136623
435.214986066
85.2578008698
81.6771320868
0.436147000294
100.92578201
288.039591848
0.566659629295
0.7481091687
1.49262684472
1.53756406884
169.40409483
1.00472412387
1.01784205476
294.947509939
1.07614626205
281.997336449
335.040097155
0.403037148536
109.742441441
82.3080955866
0.678982596848
416.305874832
482.564702401
225.693482523
0.518170150763
211.51457107
98.6036340782
113.870127771
80.4438748411
0.203171233384
390.331876742
709.361960138
80.8429481317
82.1197891276
224.728044628
0.37757623514
0.363510502452
92.2462269126
87.8589456972
0.513323943696
0.747052639039
80.2591041064
105.469407804
0.299281602624
0.32560875699
0.37264593913
0.877245822085
0.677579506465
126.093617723
0.367525500064
378.604304102
490.241488844
418.902561681
119.267678142
0.350821078819
0.418347796184
0.385269885967
81.7905208913
640.918844573
499.157905905
1169.32055595
1286.18361805
1053.19608756
784.424967852
0.44961659082
658.361566972
1086.62650795
507.104285094
536.671896442
940.445737136
781.921266163
494.929165168
989.857891408
0.449837789501
107.92031127
0.348708442503
125.892148344
145.01262542
0.77165283496
82.2996536064
80.3404790897
0.415061759343
132.284027007
651.749275274
234.132780138
0.314696091093
0.313909887005
161.526176919
320.134808161
109.994713062
277.255670376
0.499123480321
0.618567536795
0.773472101163
126.204644541
225.015989509
0.700640150544
0.616231049025
0.615339290523
127.160401119
382.312310511
113.266692667
327.961679594
315.069366368
259.935293097
376.758950131
171.278634365
170.517247107
719.373533939
130.503275433
231.438543573
500.770947257
630.933199032
812.249353911
562.466896998
331.12730956
1.61296374695
3248.19783717
1.68734039987
209.114010326
1.72286983351
89.4683518161
0.506156757069
4.66981489537
147.652952692
4.5840857863
4.33393520416
0.370686363267
198.150339956
129.787256919
4.24415522835
288.299668166
181.148711075
3.22355109296
120.27133764
165.527475176
392.626836816
0.537994795116
0.434597027235
0.50064208591
4.48456248391
2.57979466587
2.6853039748
2.7532943527
2.97834989144
135.034469364
3.7087239179
3.27367772275
151.878825939
158.077119834
1.15470295413
227.016474411
226.883656144
1.66501318596
0.987327924569
124.023803451
143.252908292
111.441504386
196.648461782
397.738971482
367.772677474
163.220923704
366.700600626
168.408252764
373.055557845
397.748033922
397.019564955
463.975143193
143.360301929
526.517072405
349.803646458
155.943553983
95.3878837573
0.688761441467
111.380314257
292.200541345
100.964605432
1.70298993558
1.80588884968
86.8264115102
1.88545591985
1.88973836751
104.14550345
86.8034461818
409.055393165
254.822404131
177.222910581
227.327238633
205.521278588
411.166319936
1.26487807907
116.644522274
152.832583096
2.42725540855
1.70806790465
1.58368356076
95.8101678989
302.154970712
417.567186417
194.000105415
547.319161917
440.424539837
0.696563464568
0.656187182577
0.834025495011
124.973282457
1.0774646442
0.975919950798
89.7454040823
1.03187997694
266.428694501
86.586253389
1.17884083869
103.224081883
819.099822915
997.373833617
1.18570720369
83.8538130056
542.807969604
456.499920665
721.293964915
573.413277612
436.257594207
773.01771667
0.46062400553
82.4174948926
1.18496308899
85.0369795335
92.4442639032
1.0277787829
1.20096577406
227.522005124
1.14013966303
1.59122869206
101.440510081
0.408773116427
0.351977197145
0.513860184092
106.332392181
242.089603421
238.992274839
389.878791624
104.387409618
0.345730570906
0.51278775226
611.111747961
121.22811082
0.420593325803
81.3258740268
124.148920471
0.675638336964
182.820465203
96.2497605132
106.37723498
182.780985096
91.5861299188
1.16271116339
1.3517740053
0.65194789245
0.796253941449
101.508863536
92.13292655
93.4584245322
0.911500046823
0.65751176784
0.626834905206
0.715530737447
347.666970943
0.577363055688
95.8623998174
0.804607089684
1.09536881134
1.02692205947
0.963488903682
83.5874658235
0.731831962329
124.786071871
901.536518197
539.332197737
115.598340644
209.303088655
481.101126769
0.853381304546
0.741764116473
0.666533644467
0.961304537433
0.840219801561
0.894173719248
0.401477396725
99.9189940061
124.946178415
1257.79193845
525.386300681
106.367287615
0.195670935398
0.205954001763
0.188742498361
0.361237708974
0.410862871227
0.46369388646
140.458066228
624.37246263
996.918745365
991.84740969
0.224569621886
0.273273891532
276.844375126
0.308503982628
389.41808385
238.243486567
391.718163878
854.003861449
680.473284856
786.198078599
0.643175703927
135.246770146
0.777464080016
227.045478017
0.698407604838
0.213493081087
85.4131361037
84.1993632897
92.9838430563
0.36068146748
0.356449179574
0.369862171962
90.4867170658
0.414030499916
0.445729358627
85.0159688495
0.308957797235
490.34871887
82.7071867747
0.350810957717
743.456318346
192.574438532
0.51323868674
101.547200611
109.710364082
1.09746573663
321.121954137
392.158586959
1.41122955802
131.618825681
358.232826179
415.692738109
455.150761594
217.722607632
0.707403381051
118.009250658
121.829632092
0.899852041294
0.652822597784
88.8053529796
261.766934195
107.597119766
136.989306489
123.107916734
0.476779043242
0.456081025686
0.390714217145
990.641204019
516.709986696
139.055563801
554.350849573
435.912153338
385.186933453
343.691018024
546.356245038
383.490729871
130.887068424
103.047206892
0.774706847744
228.99673569
104.881061351
105.6795022
0.91768538485
126.5027741
117.715286943
227.058312228
91.3772739532
1.37123742041
147.574270292
1.83460475015
149.267033962
255.907876736
0.69095436131
98.12548724
1.26381810572
1.17739431164
87.5724071701
0.801216048002
0.903455052625
1.53740014203
115.985656651
135.882140916
0.490840163697
121.416836951
0.205894911056
398.177475651
754.392128582
81.1647914873
308.980956672
0.810114926409
272.018094425
0.477036799948
128.151013135
209.394966131
317.277425067
1.19935199825
478.524704988
437.196225052
139.790165706
0.590807187142
0.899212302338
253.751448921
386.211706086
1.21855771472
1.10562177526
0.893530525484
0.845623497842
84.0019696879
106.945917813
620.929844465
298.9481885
6.81796544132
7.10521038303
507.039280012
7.46548767705
669.887388896
241.329094288
7.51158057514
7.58781159464
138.938228682
140.525080197
88.5136502022
1.1963876331
1.48872002985
309.803427882
90.5906610937
1.09137669648
1.04304780941
261.251097052
0.936832930346
123.538434202
128.101384555
4.08245875881
228.942814909
1.0828036199
0.985268984783
1665.26201913
333.372174533
435.950637371
422.71770252
316.006457676
432.675929296
645.190417441
436.125268632
346.212311751
323.909182491
128.194696546
84.7765020743
102.244552976
2.41092395413
2.46949732649
110.70603366
312.459941951
337.979696802
469.121543712
150.935793197
0.576995798963
0.432690633762
87.6455300159
1.33568414808
1.11379970549
0.812030398426
276.291099212
530.850744082
1.05301411582
0.392891104317
0.19204856596
118.114525533
115.14062475
1.0104463769
306.676361584
119.36581223
85.7602171033
1.67778827913
102.495048913
144.411601994
0.151288694487
144.015044082
318.100849249
4.95092738371
92.8005844314
111.932386429
93.6367809406
249.19702091
4.85752163385
5.03216612812
110.492405292
4.32484516848
4.64887342926
85.2472989535
4.52798443168
245.991208741
0.660304826214
0.720556933978
1.62194877322
1.48796483763
1.51299209942
1.62849111966
297.066378577
1.42257826251
474.958459235
395.694669139
112.785554828
2.11643771819
0.40954699318
98.3355259234
0.314027742312
0.826754295037
0.345364257917
0.0294715620995
1291.58588138
0.707657867658
87.9098474727
0.711775910226
0.32789578341
0.274452486271
105.097430444
0.255162801919
3664.45722266
2777.04884337
89.0388649312
114.441400774
134.914018369
844.727684508
89.3723347204
0.0568002979524
0.0417819246989
0.0927907219461
0.0914861264423
1167.69814687
445.952614713
0.0083185954722
0.0
0.0
0.0
0.0
0.0
0.0
0.0
0.0
0.0
0.0
0.0
816.447595187
3608.3013036
0.0705850262907
0.169482335921
0.169287678988
100.009828977
201.783850365
0.212547338937
0.053890598592
101.96480323
0.032920685602
1604.50825618
4236.49931355
0.132619249799
0.182349823666
201.726432255
1393.14692618
1075.5620016
348.893884069
454.696971852
362.499159223
175.538622814
0.0
80.3144500526
100.92884486
89.8721207686
82.2612265314
0.160787388946
3554.18269924
3402.02619845
101.552383254
81.8708499142
104.324014375
0.0777392045201
0.062317556384
3210.78332941
3693.41091856
3459.54162053
0.169983422737
0.134420314653
276.460805008
124.452910673
0.0354087419718
4750.33527562
0.041977988395
0.13809715951
85.3518141496
1267.94249076
754.105155601
221.318586644
260.255483764
109.736943405
100.154789469
395.108384451
82.6343614141
0.0430642371236
114.857960699
5310.3177211
94.9072496811
2094.97125275
1518.56056805
923.225987444
1953.0007548
0.0633985964137
108.391027973
0.217023939324
111.091888876
658.876737274
194.568660449
131.954303612
94.4988123787
0.0
0.0260679785629
2868.04935839
0.116079373671
0.0824811013136
0.177640627542
0.246513180125
900.821918348
662.725818702
228.154013506
0.52519651974
130.572577104
515.654735233
99.2380321413
100.607355212
0.211703470977
107.127284008
0.171735987288
1184.60588401
0.406361981861
0.430779732637
0.507342820699
0.523137456603
225.436682785
341.710386453
393.649176842
304.372167251
88.796396751
0.565967234414
388.342952667
248.300162427
81.5998981121
219.726317585
265.152213849
0.639445557488
0.590016958045
318.611905897
175.523137003
108.983896172
124.719702236
281.973681438
155.307251481
594.228544499
427.436242631
552.554579815
84.8289414089
291.347793001
409.282502886
1026.549305
358.542449419
79.7651740151
113.042138766
240.959533787
483.365236104
0.335646666693
0.293665966687
210.76802864
110.630801978
0.606573380131
0.380882827311
0.438759908715
0.0822762460783
0.26561509797
759.874790333
189.750302202
0.396673575803
86.0681561932
92.3117083109
0.389709926217
650.943689411
355.246063409
0.104425312557
0.108487719151
87.6412718309
815.746972378
355.932421299
261.478222436
124.224687812
801.661979378
97.0083397737
3343.22912134
287.269804986
0.535449295378
0.209319340554
101.028354386
0.342646137897
0.28691014157
0.244868856643
184.404914761
211.986021203
98.7386995859
240.454880081
87.6875308886
222.10454035
123.664135887
0.595784850027
0.762667233625
769.708782314
597.930235761
205.610439446
397.974968693
1205.95706936
1005.86701957
1.08504964992
1.92343791866
551.000921753
384.160889504
1.33497223067
574.1497932
507.819797092
392.337945702
462.386941981
276.218737949
88.4133293924
0.215663204808
449.567784818
0.494441861632
382.828612038
0.995249735271
114.475652387
0.243454051032
0.354202241742
0.0858873654024
0.111022803717
690.382912896
242.662550421
0.313110511326
144.584117382
148.084651023
0.309970840952
105.670402938
200.674957613
0.471258419249
310.226167139
1001.8264547
163.333265301
0.433410576272
1259.49479345
0.380140323831
91.4314926054
115.252771968
106.476592311
581.358796237
238.45723597
0.788085253543
278.332928158
0.393930028733
85.6075420457
551.911360237
0.384580709742
0.218448354664
0.249488868267
0.44686706503
101.292545449
0.189740180135
0.222854248872
0.311897392696
85.0060337638
0.291365073806
409.783321828
818.488795773
0.373217562814
346.599262871
839.762700609
330.904034534
299.652184585
157.630018178
338.141051581
239.69056066
901.300063148
0.162490906957
86.5162418532
201.491263093
0.190309636845
235.238451078
269.259078335
94.513687257
81.271915834
116.303044819
88.9586480631
103.954357212
241.239863795
242.55467568
314.54483711
739.821640116
575.957294266
0.0732824727129
3887.54229863
0.0662408361645
92.766197094
117.223526742
1467.68896108
0.267046454056
342.918602612
0.381107723922
171.784650709
926.757335759
531.969272509
0.0889885268787
80.942357364
0.160097974001
102.8043196
0.430625724067
99.0160633462
517.069125136
105.45657806
490.229939895
622.310432114
551.937848473
99.4575747421
411.726088603
318.634003253
173.404619334
0.502794438119
266.80704042
274.232191599
0.406963615591
0.236414601688
103.052983006
225.620011928
305.482111829
203.789723532
1356.0188292
204.100899016
0.251175863829
93.7638726941
0.370216187493
3199.79091473
0.641396510183
393.255103333
359.941959046
0.102907975202
580.056596782
0.197386624971
1835.06310923
1977.93852164
844.469811662
1582.69589287
107.318761501
0.104374272779
0.38219126303
248.506625192
138.063891376
81.896235478
107.704987943
80.3521328082
0.0148360673021
102.733195472
0.107728234955
0.0869666617829
0.0747078205824
0.239860972225
95.6917929162
1009.53501795
594.17670427
96.7346199854
129.258772582
148.014145531
109.383339704
0.318854834411
0.421609941037
132.392992474
187.943425475
315.63752698
186.694833572
0.816745915105
0.839383731685
0.846030229621
0.812541476659
111.722720715
131.642918589
0.793113541173
1.22965282262
132.57814634
0.907334700481
254.180543301
89.9694441392
289.520467446
206.11913795
146.374381684
121.408022063
0.387430314343
0.0448314840411
0.0414970790727
0.02522770984
0.0332343569517
0.0794861240065
0.0541686918326
0.0485406508117
106.858498137
112.440200921
1170.55478964
702.194387654
112.091542718
136.802611621
174.564638084
120.980759473
0.647442165549
0.366670310888
148.642656379
211.836599305
356.818614813
224.507537112
1.07262501025
1.024724806
0.921674168146
0.880909211283
126.263381712
150.855600464
0.878161778815
1.30651761435
154.785044094
118.714948422
305.334011138
99.2197806641
327.803592777
0.405861691501
140.692708189
97.9123480998
0.752253999059
333.1422224
585.344496079
284.697827244
0.306957372465
626.264540466
0.339117609983
1403.36707498
1820.7196693
701.767569001
0.187361002392
406.337322295
657.846534696
99.9737789749
0.144592415933
0.142258422871
0.137130884426
0.138386193385
132.208447295
0.174731180572
0.204465586053
0.272592413515
0.402536602429
98.6302266033
388.515972738
0.797050952176
162.300581483
414.777047844
543.71563887
0.435058610599
0.405561092138
398.662781576
703.616909418
580.496373012
110.947169689
0.217272178703
376.693564309
0.316907355262
587.933962797
280.573546298
0.136999300938
0.125902593057
902.425533484
2410.09885164
117.519476767
0.350043114383
1554.37016763
0.319526697927
280.96166162
128.80454754
136.501226997
0.384047760448
0.806793067448
94.0626770596
0.432987768182
230.98001517
108.754804494
0.542138554911
120.850872239
258.096329091
126.855040853
284.981002052
0.453048059311
107.639742385
0.428764036964
0.35643154387
0.413576019629
0.659976509687
113.712794147
4147.47075438
498.953644376
496.676529313
126.74795974
113.152897716
0.194720105287
0.192122826611
0.158340229446
624.736859776
285.275927422
292.754171716
111.914248404
0.216467251146
0.349503833833
0.209505681797
0.365996462908
0.287647747148
0.154273352438
0.149900325173
215.577581397
116.870994477
246.486330681
0.246266767427
0.282995427838
0.328434616906
98.3846842955
97.7666497846
721.890580178
130.300911707
0.585585721921
161.030384405
291.747067605
0.306412997497
1025.62785472
0.311894815338
0.196189299172
0.261951937643
234.13585813
0.490447797182
243.540267452
389.613189247
0.406721309898
0.402148947173
0.265995644499
529.28764316
111.051435775
138.142291236
537.161820086
571.533436185
97.0207182693
0.261762773935
226.180356985
761.997414671
297.313772476
135.66687005
0.232175426112
0.258001150256
0.200007411754
684.666872558
0.160302927865
1244.06515913
1225.99294623
0.0697821059523
212.778146246
0.0495546080055
92.0400286376
604.098071163
0.0653413514295
0.0642639612049
152.011737705
0.0596466825304
1014.149975
400.209553433
124.27529088
120.766424409
0.381875272439
222.160874366
0.6044284219
104.446765908
102.635855951
0.088968631453
209.863271507
0.244251672504
0.430026969771
284.363484706
124.060968232
0.653774874178
0.414192376466
0.22579430078
0.128792895145
94.4998831788
526.759279167
802.065451742
0.154040266978
678.265660223
0.0561404777213
216.838056436
1340.13507268
1199.89440693
111.605743641
108.384957071
110.503123009
0.191091783583
0.541019216094
0.626509402343
742.095379944
422.480532725
0.542752177051
0.375813507639
732.381930244
866.39898489
0.520988781507
562.43779357
776.117149052
0.789898705342
104.177566203
0.236557915984
482.427853708
344.480816816
110.675556628
378.349955134
119.453375198
0.565866211911
4027.65307099
0.559106655743
1154.11726345
223.412457417
159.305855928
0.235800412981
0.209268684355
0.142926857139
0.108442572908
102.680685706
0.217583074143
689.672185432
99.776799642
0.32475574831
0.43991279761
0.363470785857
0.348192404699
290.22272047
0.230976444516
247.341059287
0.109434279097
0.255746527152
115.387698153
0.287842803815
0.292355440578
1079.44954071
892.841404524
126.387998501
0.332459179729
0.600037827288
676.518295396
625.885132633
99.476037956
0.411815983514
0.533322824547
0.562428532336
0.511787536637
0.750439499976
0.828087254675
96.8447237567
125.747787641
0.617201836652
0.564784897643
0.517808433715
1.05651039081
1.01218998114
196.674821613
99.2486075704
0.806409662782
0.624695457996
98.3629662772
139.432932543
128.458055809
230.278000129
237.830305118
0.630686176433
270.513011775
890.951538015
121.426212433
324.166657799
161.695832575
0.124074638052
95.3363605122
0.0488366757885
0.061465770292
124.384842439
91.2654871716
430.467625362
306.013398035
1471.72312001
991.44536621
881.27023441
1004.32466466
865.034041714
425.092521847
541.459766547
612.344178247
165.866443184
275.47709466
0.141631173986
0.194763643397
95.9691132972
112.159245382
0.34116158102
0.358461700004
93.8764878527
0.29295976476
0.472346550823
108.003214448
0.120253641684
212.891701087
525.025187793
224.198758693
911.74347612
96.2483445359
297.522293336
0.0554364453108
0.0265095723985
0.12807504846
0.208512009701
3504.6384469
207.807822948
295.016652033
177.59166071
134.286948118
117.512914843
0.598959690143
98.8451888528
1196.13943584
1969.56349257
1465.33410512
325.068106631
742.176837145
513.318319947
665.885776326
0.775495302696
1.04878016317
1.05878895852
111.548844983
578.358297913
0.955421153885
131.256027779
1.22281688192
1.07952598279
715.21092202
524.820367255
665.750667747
465.89260566
364.545555583
464.069642469
482.51962808
224.393932083
216.057444871
222.431533241
468.484084931
428.402223844
197.194616173
500.670567711
285.865845986
160.482088844
782.078849885
664.509224843
565.975269008
1.11533961582
848.326237305
0.654599062975
0.776627918294
563.16776307
113.461366796
116.324952254
0.770359991432
1130.95913372
1075.75315838
166.91559641
0.876803320625
0.584585356409
114.315657677
120.656391914
0.602956617393
120.288434668
0.503978012934
126.480860154
108.567331668
237.125017046
0.705400582066
268.336513563
216.619548305
102.921735933
550.562328022
126.022958565
0.787069153033
0.974797520197
93.6897918767
137.68250269
155.903432724
147.856336245
95.4092763575
0.932303834705
1.89397781663
962.973568677
1.12742333561
1.25134270306
1.45856012135
122.207743001
102.081501366
1.80935682809
1.89186068869
1.88925243748
206.123966742
2.39231334632
2.52582610543
96.9282403187
476.748077107
838.805050583
724.738364719
114.707006926
473.040248536
116.191267645
94.5974705294
519.558836253
202.725685121
287.462166064
343.262224981
474.265702719
513.850082572
0.592696294878
1.07302284707
0.756772086877
130.561381842
449.459398476
575.12245621
365.175199218
0.196186526128
0.268682709708
109.980014551
162.804154383
1.25803767408
257.131199458
103.858088761
1.05231340919
145.273302929
0.912517350858
102.907137036
0.961016241757
1.2288321456
222.125386179
614.518085875
847.610576092
478.567675936
237.767217097
285.416427976
312.465911189
190.34915197
420.99986267
363.339246466
382.407403927
138.60713273
0.709485036741
0.55560786015
0.549053369587
0.552311375219
2.30391809578
109.875796101
118.524720697
2.88747558278
0.612042965203
850.290397938
0.618534259524
298.566887885
733.53485842
3.5927880052
138.462725729
3.38216760895
2.87393793038
1216.80061101
461.250876997
0.850187495077
424.259859398
90.9239997153
114.511944887
95.2275811107
105.615729426
190.379926852
0.439778465988
190.040597453
137.098584515
0.442955841339
499.746822876
695.050196963
469.466297623
101.02742199
0.409347388465
93.9760225588
136.45518258
854.193337627
267.686600889
358.546539976
0.538278992922
190.747083557
166.894018212
167.23634704
444.325405201
235.054298883
517.727242922
468.632005556
137.786849451
1.01976331683
0.914137101827
1.01085679322
0.922871974966
304.692615617
306.677955292
293.63555806
540.056819194
757.013867985
0.704689875055
0.782472737817
0.832383936808
122.73181735
1227.1577559
269.153283512
475.592473066
699.077701093
757.747130895
398.928263553
284.105628459
437.790707477
276.39291217
0.927459553566
267.888089
305.631275257
113.229055511
1.07389888603
140.875288499
363.123009714
131.787592778
0.478114636212
112.332994338
141.564109044
109.041631923
109.632316233
0.724924646779
160.28785695
1.18014409573
1.02302009467
324.389027724
159.853980006
946.402243987
1192.79095892
92.0218720623
795.164407218
0.481257284173
95.3242608822
0.39332185824
131.243491415
147.360168193
263.970879958
151.351620742
643.569938784
648.597185964
250.590635881
0.630938094909
0.587864555679
0.396130815474
399.205217345
530.022236321
274.616101425
0.685418580835
92.302901242
224.639630159
308.886808967
499.149540265
105.183339911
516.376762051
128.78531128
0.36775936062
95.7440860225
245.961653499
1005.48711422
98.7912552823
284.766392334
92.3374571396
215.31643057
0.433610731511
869.760811841
1046.33161794
426.912592599
107.802850242
93.7030588664
0.286460626113
101.674991406
129.68558329
0.275104675737
0.242736874843
141.125687024
337.376202583
331.112449113
105.000097521
0.209760668129
658.532767411
0.645769646933
153.149143647
0.658110292746
0.699597066973
109.629909109
615.184261277
623.579951218
359.717110446
639.50234079
0.156380326298
0.709940871657
144.842043085
0.56458154456
0.643074253292
0.343327224645
415.603260284
282.208349762
535.126036694
108.214107792
0.235765680167
111.607683692
118.962143841
0.253314395262
1271.84851179
1088.9948108
828.023476202
106.937453453
735.404496297
186.921648124
903.023509525
497.843592677
487.951909391
328.660775071
186.153767085
178.82599077
345.184137465
1.20576703683
111.817728016
1.64889231068
1.67630951755
175.754453874
197.521053828
0.994517408586
122.869743571
136.097536385
0.899814889675
1.87740373165
143.24770694
1.68555245947
322.216259626
519.066282702
139.628443315
714.177419248
402.188037595
604.258974392
219.464419879
107.140378737
3.4218970804
4.15019181456
319.575005594
669.342086605
800.019080029
332.720261736
125.492428894
3.39780106841
136.14042154
96.4214980569
631.514094891
0.610361545722
444.541317652
499.313221358
2.46864106354
979.111636405
766.490971213
0.659464451746
175.200253487
174.002798113
265.061382676
481.136788672
0.584810268137
97.588975766
470.899067011
145.989634217
697.891555003
808.727293601
455.297168576
326.867898814
2.34696957685
290.445806815
102.143394276
139.762928507
270.660834793
436.511481436
371.271876992
353.559008007
151.680782457
109.58318563
370.263881459
117.156943039
0.665344905668
0.634025230302
121.844525094
560.847063974
313.416907434
117.053230245
4.78888964957
4.57460060313
4.63090967914
128.634580627
8.08070690537
9.55419226636
9.70699975582
119.111641226
10.4259147028
2014.27029834
10.8502153179
105.818430744
192.307777001
236.496854868
2.5316207809
3.0950969937
848.816807611
238.400361741
248.343813534
2.29953569918
173.643768093
137.268691133
389.725518057
780.849239371
1079.68326006
1.85418767092
1.87633310746
125.185992631
282.480679699
484.308028797
319.979977353
401.489903469
518.387574681
541.610554018
349.790485573
180.208450459
206.104882391
14.5258586102
302.787654945
352.358976122
513.739423842
395.335156075
178.042297325
586.860242884
120.835862377
110.272623377
93.3454380692
0.304163743526
0.38541481639
1116.207895
489.533266001
0.444081046325
2572.27613755
0.428728111635
0.452469525255
462.983982519
237.331567786
106.867908248
117.91882719
103.701503022
0.74545795408
0.659619361614
161.383844532
164.411710629
127.293380841
110.436210493
806.312523437
1.17796082745
506.268572512
1.70476138559
688.512840841
104.554433141
137.150644281
298.527657426
0.734098959956
300.83555966
147.940458795
92.8154782142
0.44485387398
121.418572732
0.768008798633
0.696342376404
0.86173423353
0.954012820394
0.834191277009
0.600469438417
101.130923886
256.022942202
92.2155836662
121.242139314
337.26575427
464.176259995
149.62190185
709.597930385
0.685651313377
420.973076675
226.67213582
0.651214632419
448.436061188
1.24774891276
302.214491593
628.766575268
109.414447118
0.398765784654
0.480829550378
0.486622266727
593.988753543
1208.96359528
568.628604676
191.522430996
621.266120883
829.974123934
1059.64296417
449.16406824
198.194934621
346.809287185
495.011495343
447.224658976
341.295437757
289.784933915
330.473762703
354.758073522
166.418291219
0.804273132631
576.106245294
423.734745096
193.382573878
425.393881939
461.60905611
223.507605647
528.517228633
132.228470563
207.009912342
144.413421571
359.951655775
123.226482247
207.856171552
112.458929084
418.944184154
143.060262131
189.76953201
481.975310122
470.891978806
108.793005319
310.406913382
343.200604705
306.897650239
408.93784103
432.950338023
390.352190354
0.845696777907
439.001458405
552.255939607
455.817268301
111.328372096
382.856897025
620.897766928
414.372194185
557.222585782
706.701895351
574.836559152
668.780811591
687.211440633
581.610735138
884.802692353
205.823161724
611.373046355
1269.93725843
0.562178143879
114.105363224
343.258486114
993.536512302
686.642389191
743.731672745
250.86915615
612.185478061
149.575092549
231.384094506
352.889747608
108.507436686
4.16044472424
319.170591574
0.77206235449
0.654453020676
103.004124704
2.87897451394
2.85977751335
2.82390166574
518.904359303
557.24995022
344.352449112
461.071951783
117.004172097
194.307304972
305.663239094
339.382971015
209.514067589
247.196362281
527.842683332
373.281056087
546.525618583
0.636623142844
442.521652186
278.323507403
167.026461246
191.501276648
122.897166661
994.560007863
101.592133378
398.364479787
1.01460869832
3.84244849463
112.896389479
961.359548644
500.655250687
361.46076203
346.905535988
400.605388966
480.68018258
568.725296558
579.124045123
605.213236339
1.02821109554
0.849227412072
289.632494979
131.570213279
1.4400690249
195.261691353
537.957349765
544.693189077
128.948196668
127.147417827
468.749490906
539.561950645
566.311470991
677.703284042
674.272487298
786.34804844
417.848607828
720.916467476
539.836170427
216.27353013
729.293153242
806.072050884
813.202866534
590.226675512
144.945097764
500.184672412
632.532945314
750.453783164
734.527983286
658.756738208
658.003781598
752.040957299
567.222845008
359.202881135
702.334844384
647.624145085
558.54696704
1042.37052387
940.155801396
164.69278159
612.798951464
619.78950728
1201.56639217
888.846581354
113.671227331
653.266848686
937.323971839
125.598124045
348.988065638
512.357079825
96.2780556375
0.702992393481
146.147512654
219.517839387
95.5410243648
537.611229132
0.727571186729
96.7182616281
135.303854126
1.16015675141
448.139475096
842.753635918
0.784025108479
0.927153032903
1.00204672942
153.903607413
0.814080428108
107.215475803
217.189561228
330.444934682
130.423968207
1.3677451561
1.0629518318
0.8061351035
0.78034966865
313.590304599
294.331877508
118.713284466
98.4112815444
122.521028629
0.538373332624
0.561013145583
0.614818768193
0.550824005776
129.016002421
361.81363237
0.959918150632
96.8271452389
0.721378858401
0.771237384595
135.811347817
178.393295343
102.877586209
1.36125005939
996.342752927
2.40111855659
1.5448430066
516.833715512
149.464871722
0.707895275845
998.388141158
714.714271741
848.16687517
874.550217838
815.187304773
361.194725949
447.140385292
111.677508841
554.043346095
1.06439379678
0.850511946973
94.3395894227
0.959915369423
808.742763237
1014.37191321
696.491136508
345.085259538
289.182194707
470.014524657
625.292809088
514.222510438
558.253471908
476.112870139
159.96095196
674.961195439
1.79984991118
128.533314315
1.67165248747
0.933101955307
589.797813131
766.558919509
430.161421628
412.116357051
614.615220228
714.929313067
645.322151936
1550.46997364
700.658463475
671.771130106
100.872141659
120.417914651
0.826906299718
623.003873243
365.70258935
94.540114829
658.980378564
119.456317268
371.015824444
0.476294170188
0.608812194289
0.514514900823
237.86941137
257.915209292
285.20113757
566.464619627
438.518636045
379.388163689
220.934504072
240.176297613
159.41075509
400.892026497
406.316177431
407.094544261
120.487568849
563.211458011
681.690972877
719.619568809
236.647804582
461.050983487
145.480118413
0.945280153415
391.561377
156.084596495
538.86146611
130.402584618
0.266132107038
97.1304157624
0.335624894496
0.363100934815
111.299515138
372.653143401
376.111349752
0.157279739486
149.947685519
0.28487017726
113.919056989
111.619301917
0.384460749901
98.1062641709
0.526064757433
1369.61106558
108.145991553
750.277534895
468.291625414
904.278940289
789.749028757
463.762836249
634.111320837
400.848488154
105.808430299
524.123499377
1.14512926366
119.777032893
238.403910561
1.74249601506
551.743652178
608.707176324
1.19294044529
1.29665683918
265.238163477
0.860122747029
0.646421137666
301.234625513
834.367981879
0.853485512831
347.231664648
592.301677475
1583.57191054
1984.65853076
341.443045333
552.509490528
108.212877986
3.80265381717
272.470424882
477.30537299
103.426459087
112.404031881
411.486266107
171.013430397
155.194407633
287.093725125
5.79960004636
5.71749954055
434.856574998
115.192863565
277.916332624
140.290939221
724.617572734
438.553459323
1.04970293141
4.29157647469
316.825440955
173.315566846
310.727012585
444.668377396
376.013637652
422.150310964
201.707212756
220.302487691
161.565132593
199.46310056
147.39660429
441.184480733
3.00022528643
361.636543427
103.42405531
391.754973163
467.128225738
486.090358983
523.028480063
606.114819186
636.140295757
320.412650997
479.623071404
637.904803035
699.974487414
731.130343919
727.988459658
741.932601655
577.64502748
344.210264173
453.600245043
516.002044445
628.983335776
701.721485923
608.596882924
506.856802349
521.372871063
907.228985771
493.247002939
881.485831742
815.424190601
798.516726177
504.634862409
917.396498415
586.031198815
321.997139519
441.065748846
395.046943886
205.239455191
0.739521708669
1.19702670064
124.665310966
148.721203874
1.11245547015
1.14337799922
834.56953922
0.820579772697
118.769962531
1.75670910241
100.213704621
215.483245675
452.05787182
124.838503541
115.809897487
357.267981623
336.328204772
100.620841698
143.684340307
2.76149770871
135.019615073
1.3074773873
1.44803933177
1.55815403526
104.674674776
1118.56230937
393.116125368
1.74142879442
1.53195488847
569.816457632
721.826438331
204.430141136
255.362921552
106.974495853
122.396155179
1.98692486993
98.6357991986
141.101829845
95.1081211853
279.311383543
1.30466655327
0.649463100159
186.184138242
119.086693842
