0.0
0.0
0.0
0.0
0.0
0.0
0.0
80.869918459
223.990627774
22.8213724565
328.74920939
35.4768997627
43.1945681361
39.1820172511
0.264257741623
0.211796865805
0.158574126307
0.166774344792
0.202904378868
131.540516856
124.510353428
130.391053052
127.426226551
114.380206545
107.160065424
101.273832735
89.4057425052
79.9019485182
68.2101778076
40.5340288038
0.0663827829145
69.9619230245
44.6022959835
41.2185228053
40.9286753557
41.887328631
38.5355171766
0.104556667586
0.114236999459
0.17183568987
0.117238322022
76.8005813897
68.0960970397
0.281872841222
0.288713274755
0.26636674247
0.531024766904
21.883536227
21.8409137325
504.103949624
96.7256884882
89.6131602113
82.4282715435
81.6905407724
81.0163354273
50.8592050533
46.130156748
43.0835128568
41.5316668507
0.370410807882
196.707253453
186.767550222
168.581245425
153.861015981
145.087493776
127.420332976
108.787680469
93.0840263684
0.257880169133
0.268218127654
0.271543254563
0.25712280923
0.23084462645
0.216016328727
0.20423113886
0.194357050219
80.5566241733
68.6552214978
0.15577230314
0.143170934811
0.161939598264
0.155629345068
0.156460211955
0.145392181934
0.148871947123
44.930919648
45.5104264127
51.1514035977
66.8931716355
77.8922615692
47.4174217268
41.417975126
40.0228736141
38.0225528048
0.266198552022
0.322053934725
0.289471984948
0.242488298973
104.13997082
99.4931579848
98.5477737201
90.9982293421
88.0885370163
76.5725794521
22.9536869501
0.141936975189
0.205865778695
74.8592386699
31.1843553429
0.189543506741
0.103443280049
0.233839935966
0.210275459941
0.212697466013
0.152784191858
0.0966294218814
0.105746216558
0.117869020602
0.253924156223
0.113017190023
0.210042978715
0.0573530779192
0.116758909407
0.0872225137715
77.5352826893
102.034905427
88.2071236512
45.09546382
0.23532670593
0.252760254093
0.430453126646
0.221946395571
0.190610956153
0.16919997693
0.216278620325
110.483583168
115.251005943
109.318326842
79.736648517
49.0518762221
40.9221120404
0.178341706877
0.159882111581
0.0830028869121
0.15771915913
0.141857586124
32.2178016961
0.139267859267
0.220050044946
79.0497798099
67.3994967022
30.9326757582
81.8409845838
76.3028667937
68.5469700374
22.2573248774
0.188926512249
45.1190137164
30.52029432
0.265043091169
0.3157980029
35.8584663219
0.320525918442
0.401774662686
0.231813720099
0.206446799908
129.125804095
0.31872131189
75.8100073041
44.7889311951
42.7165309315
0.335450131472
38.4025370032
0.64147040082
0.493899013622
0.327169981376
0.221003379894
354.343826575
36.5178215189
36.3196186179
0.391335550383
157.91494429
97.1774454373
106.659065658
27.2661472269
25.1996477518
0.641053649049
0.679630373561
69.8559443207
47.513582958
24.0490562815
42.695511524
0.351617413296
0.390470726337
40.8194794377
0.589178970655
89.9660327985
42.870759584
0.461180615018
0.568336905081
0.624452037482
79.5322355252
34.0787535862
393.140953358
66.8598439648
0.106490765138
0.159955200784
135.705127929
37.1946204199
96.8021876966
0.354185822135
26.8875148342
0.413391789801
0.593370129344
28.9983661228
124.551388332
68.199732286
28.2081595556
31.275538661
216.541898657
181.567191282
72.9538851215
96.2434864497
49.9921333679
0.666456584595
163.533831486
0.96832576955
0.706900327149
0.566639687866
0.859834990978
0.480071934692
0.488796247241
116.929611326
127.583187794
0.9347988429
26.1496622843
104.790746223
22.5226642748
0.410578709916
0.466643848912
31.2641802893
30.5095858618
29.200123758
29.3878101977
0.338999380059
0.294257802267
44.0490520515
0.440694732678
91.9288035569
23.2636531094
0.451719428601
26.5037421008
123.82171909
0.538117483919
45.278562081
75.5099844484
239.092807867
125.842774406
185.86415382
30.8559626382
0.794660739897
25.3806378195
43.3513774841
39.3208839365
80.9637776076
40.6301268451
64.4155497397
72.2479368
61.5376565084
35.9089239476
134.879402826
42.1474018307
69.0148386456
108.474209663
58.6968216527
46.9286499925
28.2382149278
39.7023982179
28.3151602822
34.0059119495
65.2367097926
110.503614365
104.505238596
44.6677793554
376.357237339
45.1605974715
58.806280254
65.9713029161
63.1573832935
47.440438536
0.776874373323
378.955172874
0.815028893209
0.689332147667
35.9147127739
34.319958925
0.557752615956
0.588878668454
0.54111870288
0.559050257911
115.555291405
172.675004636
156.141423235
70.2631187119
33.3010285538
83.9014322888
53.1773611515
52.6200729125
29.7903027596
92.0917615236
81.5190316034
0.240122888039
81.117522805
0.225076342681
39.8701976875
0.0606568242248
0.0469748465011
44.5907150428
31.4615130062
0.300439738685
89.4283756899
78.6937642876
26.7097969391
74.3536615616
71.7249626605
24.1831198731
0.257402982531
0.258029515955
0.211560503244
0.186219919556
0.392801911914
91.1209564565
32.0258887733
30.3165580243
31.1326820367
29.006139988
24.0003822713
23.3832185373
80.2213760788
64.5848380561
0.132131870358
0.14185625084
54.3569054917
31.0150884047
0.352861098543
117.037148399
0.251476277771
120.924025739
84.3284002074
24.5358236661
66.5767874225
0.36956792143
266.944404661
338.13013122
0.894778848915
0.838417615191
28.781501828
0.532214612958
0.492577600987
0.540127075735
0.675695593571
28.1312613311
137.882329762
24.8414787617
0.624840684559
107.511226548
31.9934348211
101.797650944
101.886101758
0.752366495625
25.4941311622
36.7702535259
0.782932782218
27.3123806624
72.9189041756
0.643260012832
0.634950033495
50.2212787974
0.559841434614
98.4062926213
0.537753664539
101.405608637
79.8624688278
80.5041384846
79.2979372063
74.9188917183
23.1935553766
0.398957041867
0.385292639947
0.345360720524
0.331563106488
0.318747056258
0.306075959167
0.314327815392
0.307128014425
0.0280770614914
257.099111614
41.901158649
37.5482002125
0.125966001651
0.117297269734
0.117441390188
0.16088963667
0.227467145445
111.936341549
116.394331863
111.316821578
111.395451405
103.644998783
90.6394572783
81.3240849094
28.3924891808
78.0355441654
0.190840375142
0.0742590492691
0.064281758675
59.5092658114
115.903437128
24.1690196718
0.16116995133
38.658767355
38.0752034053
0.419155885643
0.2524886896
0.411247731325
0.306065327576
240.739515877
469.452332286
248.638258654
0.207221752692
223.103438526
0.110547229118
37.5089655272
30.0629414483
0.141739869759
683.963854948
0.164437037529
0.238741169327
0.171937992817
0.371811929084
0.225035060843
67.1540544397
25.5634966706
0.368703121167
0.33988864446
73.4339502685
89.8042080183
101.616935327
83.5351890451
86.5941733614
37.5930250857
210.774661202
213.553639275
203.992440844
0.101805784481
0.294619686071
0.340619484261
0.326753922477
0.206620697737
0.24427320872
0.262150390575
0.257360588952
176.216185096
178.108911222
180.438829126
172.444369664
164.282118193
163.31539267
178.140118912
184.132347202
186.716051682
183.598410215
172.217520487
153.027391353
119.306896288
44.6248303262
0.443130732276
0.251603613774
0.23399897298
33.9933562658
81.6590288719
27.3770427572
59.4519637321
23.3352123927
0.179864965653
65.4812698859
0.209711708339
0.224927724613
21.9018050583
0.249808090713
23.2961793839
0.259800273377
0.0942070895928
22.2958998857
43.278448348
39.3077774538
0.181441360852
0.133098430748
0.146425737372
31.9874602629
0.301900809873
0.116271995099
0.151127878674
290.165915754
191.591787534
155.17113262
190.835608485
136.449736238
153.964386088
106.569602943
108.85840289
103.854038022
0.0658137242496
0.0868084061455
255.356102664
254.837368282
54.3579507242
80.0074819114
140.684113251
34.6777145012
115.542782338
0.184350162823
24.2803623208
23.9329000058
79.3999061224
24.3788323567
27.8269728318
337.766432079
43.915817783
362.122368019
178.940385866
31.5474463182
82.1439115578
58.9840030357
32.5517517358
0.199331445142
0.238724756815
0.173907807333
0.169895189007
24.4951904497
0.262325368983
0.256580532571
0.169687332309
131.986228227
119.620609993
111.616359543
103.264385773
0.118052270341
0.0728516757761
68.3665967945
29.3215636064
0.0873282925005
0.18913216129
0.160430307321
0.142113323833
0.173948620833
0.185375133312
90.4481558824
82.633841519
73.3736724746
0.501865245849
25.3530534077
0.594203317166
0.667466934502
108.051833291
31.4852891023
0.63286593697
0.146458036106
0.183510476944
0.637103260284
53.6607722507
77.2734872904
39.3269379164
33.276844798
0.634338227998
0.558122538714
0.502157944502
0.411422334416
133.105819221
128.277042813
120.941160208
118.799584899
109.784163305
98.6917739105
94.3026842203
82.2714457196
70.8276951944
0.110363730627
0.191226557206
0.111371658433
37.5794506467
0.161750415224
0.206063391413
0.170923082453
0.150398912767
0.204997918609
0.180715466503
114.123909098
95.5625346521
87.0455243819
84.8278826753
79.3884397401
69.8738928301
65.3241083946
0.0400181137587
0.0568082084236
0.149749084991
0.0325111273609
30.6348709842
133.442055607
0.173242750058
34.1306814003
116.771015614
0.260696797729
0.294388049648
0.487286350265
24.5871671242
0.392567965133
92.6365667023
109.325717994
134.476444589
154.828538879
159.539497512
95.6524340026
176.325972786
159.762145735
170.91619481
111.809033975
155.587802617
125.309449911
174.247806369
120.307014986
0.324486731271
30.6851106844
117.592603103
149.775578489
26.6937804471
62.3173453345
35.1512412111
39.4642243022
342.532216397
247.993911623
281.335153431
0.235512366517
0.259410857709
0.231971890073
153.352352148
55.4644599442
0.238805745761
42.6906856504
0.323156616378
0.432441352841
38.1238989175
0.191529075118
0.142954683542
0.363092553518
0.20040912394
0.186781309656
0.191036805308
0.228145881457
0.267169261654
119.640266041
160.017846094
163.981906197
134.128940167
127.085905713
331.936887942
40.1839964015
42.855156023
0.472793396987
0.450072472353
0.480879853525
0.428238932486
0.414073558247
34.6316406284
0.493421870304
137.436881382
117.825414818
105.913200507
135.314455944
140.034154302
130.489081568
130.06649992
123.181596875
0.389984979676
0.386635227153
0.401915332244
0.385154774126
0.393233981022
119.153216653
100.35673705
91.6380826605
80.957479617
39.210022346
22.2992979141
0.307141236805
0.269749599498
0.257756980022
0.251637861754
0.235242434666
0.242351066532
73.4727431227
71.6230753366
69.3205719811
57.563432821
53.1812618431
35.2411383667
80.1117940674
30.9193176006
0.331459332114
0.329379715615
0.291251781129
24.2084503073
0.249349459951
0.269409141279
93.3193483638
158.021382396
139.427705244
124.963504989
0.191822603468
54.6201688089
73.0674360854
36.6746491522
0.243750617698
49.9942792173
0.209882643055
0.234989303786
29.8826172813
0.233306437433
0.0911625837723
0.186101756651
0.397559818704
0.359340234414
0.0607668504814
0.132407674944
0.146398350318
160.937956083
159.58264161
152.477986045
0.121804759654
628.307746143
487.134675456
405.94893524
113.989882841
22.4771418936
0.182930166168
0.412336577254
0.437960448211
0.260632584461
0.174503392706
0.347672829861
0.490684055974
0.707777913873
32.5389124386
102.771366068
71.2670420513
43.7535145279
32.8309811349
29.7068061233
204.255671486
637.451729799
181.407106654
191.418277303
313.790974581
0.355104039565
0.21285166453
22.1496932687
23.6482146938
68.081081039
0.161546693756
0.158594165718
0.17069587461
0.156808341337
145.336911358
135.011754327
137.495683629
143.097348058
149.677606433
152.497370316
146.798623595
147.760409795
155.802967869
1977.13452046
0.106029435013
42.0885773103
151.179040579
64.5957542515
112.825320063
154.079822755
152.094543151
92.5122626264
121.847558707
117.651057309
93.4467823888
154.17489675
107.065650693
96.4584205297
101.51424193
134.698971109
133.686090858
135.388390488
72.5508537427
94.5251032862
91.6700949976
49.858332002
62.6201371262
54.1134452138
0.440052150231
41.9521891528
44.6422528151
50.1151394438
41.3496632382
40.1186487687
23.4430181578
0.391456628738
0.594128753007
31.7774849809
151.339653678
148.491282934
109.044896844
32.877653122
0.205370320369
59.297845553
0.2325178555
0.347421584217
42.95783209
0.21444877863
34.7162763617
33.0874448072
22.7487389892
33.1188452765
29.5370648702
0.174251737012
116.328019287
113.650393688
0.508092431794
0.312218100885
0.207784041611
42.4297175554
0.186131805744
34.0765666569
23.6591389735
66.2096452556
161.658989057
29.9857111904
62.6230557338
0.747590013681
116.990137457
122.685867
0.76621344976
0.790909706354
37.079207388
77.4002609421
89.1345798831
85.058179402
45.4673987972
0.500127711021
22.3378777833
38.306876843
38.9859887209
84.6566349935
47.6897018575
0.309237862347
0.417842980997
27.4613783876
81.5530468529
30.4690735405
0.397139267861
0.322036356354
0.311602406739
0.313549623766
42.2466574826
42.6286918822
43.9270108211
44.0181972082
0.231912697168
23.9986561021
34.1822980458
0.0825244387025
33.5475468881
41.0759553853
46.2449779884
47.9605767639
45.3353145599
40.8278793878
38.1325494919
0.187666860968
0.183124715835
225.029253255
245.398306433
235.638752039
192.811221909
127.583721383
38.8141703686
0.272341115167
0.267715683813
75.8209570769
101.214700551
0.0538921042705
0.111313920243
0.268371987829
0.292956177331
0.237834071136
37.8278665488
0.31326870759
0.271771413569
0.233228408781
0.208825170239
0.231316330217
0.225574358847
0.222729728572
22.7753465126
0.133529460626
0.368507611333
68.6776372034
0.258651786203
0.273909065841
191.152111809
0.275055669754
32.1494819017
0.535130874557
23.2853651025
36.5341091483
65.390386629
0.347311962481
0.539619130092
0.85977365857
0.634286925457
78.6789921162
73.7437065685
0.412678891397
53.277984458
0.26358842198
0.4043485446
0.288876649292
0.0845855409742
0.105986708636
58.0372578841
0.243593468784
0.396019754375
0.681622837698
33.0507918642
89.8661968855
112.9450456
95.2127135688
108.822248968
83.2078963422
0.427302693394
24.843017741
0.442883529999
56.7750594247
25.6175256625
75.1093823944
92.9261026154
23.44193758
0.362152819174
0.313900354244
0.428706804642
163.474522783
145.083005463
0.206677090136
0.186895059517
0.321771963637
0.352641857921
49.9855773343
44.2078050699
0.338125226096
50.8578594921
0.30262262796
39.4166484713
0.2610576697
22.8174327758
31.0497025056
107.042852187
218.913341371
31.7615873569
22.2906200347
29.5513692089
0.446021073535
0.309546037203
0.296849309736
663.237270906
847.924267381
1077.40003654
1158.30332457
0.163172294527
1926.63056497
54.6201815491
0.251279894265
96.6528189783
0.219503407059
0.25970240913
352.437076345
1311.30721948
0.250482650634
0.215034648779
0.373657246219
0.388757536347
2095.37648956
2441.11800084
2515.41038219
1929.2931501
2161.00217919
1614.15553431
539.572332661
434.207338809
557.532150952
0.233304798104
946.269520144
1002.08648574
777.533211546
1342.26958664
1521.47935641
2598.51672516
4105.33963863
3968.33431934
3099.58251249
620.205086706
389.097062034
446.894880557
319.350003533
379.509835158
0.712180903257
0.589594402309
377.672645707
0.393141868393
988.24408018
1.22851458007
0.926901664647
26.5354811562
0.506652223362
22.9029590449
23.8428544452
0.232036839389
113.655172181
51.1409614219
46.4862115026
33.5661879353
99.0624303785
43.5519484642
0.41703274558
26.4202099151
72.4202909682
184.884130715
135.244983022
116.490121096
41.9404658881
0.290343179295
35.739314282
33.9832455625
22.3181457624
0.393214944564
73.4711838986
24.1924062769
0.683041145783
0.514350738019
0.570781558158
0.660243002192
0.690360496574
0.650771094281
0.681054977047
0.379476237915
29.2830362779
32.2645079084
0.991086604718
0.969098832427
0.72045968814
0.461500442293
1801.63220315
23.8264774673
0.647114214053
0.497659231096
0.703821271396
1.24019104922
0.224416960239
0.361350589023
0.398248781621
0.475366028569
0.325187039979
0.394004209507
0.0900035684311
32.0802338599
23.3967855968
25.5409001424
22.1701469254
53.0724935852
25.5060247641
0.576308723481
73.4048560687
2599.38723875
0.564155719902
204.134633467
56.0025498471
0.472398529329
58.801290663
26.7307434832
1.28788039391
2036.24087169
1.02671199116
26.9493507108
2974.10180603
3254.71359838
1.26584268736
1.70577856279
1.45064547151
1.22347439602
32.2489304533
1.9130911092
1.15122606468
0.722692189788
0.21300344191
0.788492395148
0.405910660292
0.473229900663
0.601649047609
0.524370662818
0.57967464714
0.690626183547
0.987866969018
0.88593474948
0.95159209855
0.726424279425
158.841255111
45.8571533339
0.847214891123
79.9474550208
121.921833256
55.5023880103
30.584802978
182.298695592
183.236392951
0.576792346148
0.570784473134
0.666161805345
68.7568521395
0.638094190661
93.2586240778
59.4997616126
27.6252079894
27.7096382136
0.545202768782
120.908624221
55.7570517084
109.398879395
0.831160849784
269.853619778
130.917637047
0.950216782436
91.042080752
0.558947450488
0.873315996969
0.977329913627
0.826135806603
0.485085341632
0.423271116403
206.275396529
22.3047584184
29.2873251595
33.3696215728
0.510979105235
22.8617098732
1774.54581347
1611.21785024
1125.53764342
0.775468643228
106.22583118
256.460976476
901.73512028
96.1265362641
126.803178949
0.68951596728
0.546061678606
28.8538921667
1.15888606313
27.4451923139
0.630558400317
2438.39506266
66.1694582381
1.20024892228
23.4812815042
35.74377309
40.0475737377
26.1708258586
2.20853590644
2.27004877089
30.1200718425
29.5308395506
32.6443778644
1.38023276757
1.28788742365
29.4616480948
1.80732346175
1.13034191944
40.0292856297
38.3851953083
33.7006135744
26.1536933356
24.9634317527
38.9069032516
37.5675434682
33.7730498937
0.493665157997
24.3168181511
0.541709824172
0.436726787897
0.558793005997
0.614895141226
32.1831690617
0.433075025445
24.5254132446
50.7269499466
1455.0087209
0.505185962857
0.540534031568
1216.43688171
28.4533892979
27.4250370104
0.468313404621
326.479186979
293.951405199
124.663234982
140.193243354
189.730612153
139.672078415
0.2660147284
94.1503628422
69.8072026748
23.3004043209
28.1215599865
0.125494993572
0.232132536793
0.303423208194
47.4350348524
0.250024604495
21.8020345075
39.1861429146
0.21766357267
62.8432156034
68.0364086142
0.251531526381
104.245850461
109.663407059
0.167773934996
0.15932030411
65.6307400652
42.0478779475
0.124582834359
71.4643805322
40.7768206669
0.121983035611
23.5712658377
79.2616989874
71.283374883
23.4191365532
67.4834030799
0.074704823486
0.0749450282508
0.0820319368449
0.0807421759019
0.113484495127
22.8953641345
40.5954303428
22.1142311078
25.65031853
24.9687123856
0.26533850703
0.174445862967
78.8302231796
24.2299913048
22.5688892491
40.6336147147
51.1810299907
36.4909317569
28.9003556326
53.1917379204
61.8362393545
30.5426086117
473.864536624
0.852753197736
876.970196222
261.928428965
436.898974129
507.048603909
543.663610894
173.116891347
1371.58267635
859.167812184
993.175399806
759.193756598
1195.25720482
1640.28649388
2378.99670543
1256.25964877
0.558144066049
109.209111159
0.787379793466
201.874623231
84.6926148945
1.53187893032
83.4307281685
1.40692271982
1.03955496203
437.50794997
1.44539622239
73.1767564099
1.66800299046
100.919141642
76.0222074377
2.03400681681
1.84770838984
66.5600713049
78.9795052584
83.9219456261
271.645772389
1.97573119892
78.6429451954
85.9264616175
194.442737836
89.9274993485
71.0773353365
2.0876259774
83.0993826971
1.74502228544
1.61037782086
0.853709475963
120.028597316
0.34933598231
1.73720337957
82.0904884672
272.842738511
299.794424581
233.900109799
1.060747638
1.1085188105
81.6852038744
315.950549236
88.587104726
1.59047419341
248.963474752
1.73554095797
114.944128737
106.273041078
82.0635984197
145.922325934
430.895339408
1.74324405783
645.0698204
100.708593595
339.594706579
66.67228556
262.010110864
1.69307960255
1.25703876067
1.18473542882
74.7925311834
1.29974951575
70.4826938561
615.989994805
140.074817602
466.007376777
97.4509177516
397.487133866
592.350184218
823.136840292
2.10387162206
1080.57388198
1144.26380904
1632.64011273
724.95212268
221.14584931
301.90447324
142.81414854
1.501296025
385.691966581
435.268400107
86.2469658544
72.7353759638
0.746092401738
612.383102391
361.904101173
0.966228127822
303.285647026
118.724503176
136.016468541
133.94573653
184.959296187
77.0721170536
72.1466459316
91.3400057513
1.8742094423
86.1521376345
86.1858727094
0.842435385264
0.728294037113
67.1047451297
94.1781104337
188.551187431
0.775854569625
281.244163756
0.583127373831
94.3985223925
0.443093642893
347.169307478
462.77242792
0.771932240114
147.190526363
349.511626101
71.8849275915
99.5987517424
345.729221228
80.2471146054
85.0415306656
420.368769883
0.789033712591
81.4302267494
112.621735027
98.8759394933
144.432916996
68.4564935792
128.494502462
88.8904685101
1094.64807941
1973.59200259
0.612346841379
1821.83324258
2135.86207666
2055.5356819
1551.76170111
1198.12574681
405.911994043
1139.46143373
1229.85512615
1236.41571699
964.186807458
887.341920144
0.936667634769
1.253513327
0.544357286949
236.806928545
0.461931222251
436.034711354
704.674243519
558.043337115
189.601348478
92.7009454206
640.416549259
832.566915067
1278.85512137
2267.74134293
1650.21085822
1540.51028573
859.689656821
504.716515978
188.826229532
274.98695517
154.367918606
283.832780856
125.611445325
212.122727236
0.770318405883
67.6371775559
2750.35350603
1.41414849051
3745.23874442
2621.84269869
2068.3863003
2311.96151943
619.177521278
815.024331742
0.422396712713
966.694371974
0.648269192259
283.24404727
293.682200432
0.649910086248
1388.27171597
3510.12349338
94.0679054922
2426.31822638
1.11798282389
446.115819668
309.978735256
343.581324986
359.348438621
93.3699224483
160.959295935
235.560413038
100.162612567
1.38961651147
748.020183542
74.786607222
67.3588896682
0.885008098552
425.58790814
0.510447866903
124.37720436
102.504712667
637.515292782
3953.29316076
477.551320263
0.67752890088
236.876588432
269.198009301
0.713231958649
108.810786992
1.34094177543
335.432262192
165.402610119
180.998819743
201.286672667
94.8350979518
193.00585653
508.298891192
805.549865317
80.1059820188
109.086876403
89.7498706955
272.574775712
0.552313253164
101.517424372
67.7217643431
146.71538538
0.996534862638
0.874326319646
465.336627463
521.434510982
1.39516406947
211.379679561
92.1398399241
314.869676071
2.27233921249
1228.91932325
1.5517910693
1.37165719874
1.43124874339
853.697640726
282.852272358
1686.61794849
1.15126577057
741.440709259
1.42482402509
1.2375900145
95.0417782967
0.774408216604
0.749106207859
0.813369124
85.0108067675
180.588461293
0.845779431624
0.456163640137
0.392582174862
547.374892949
0.572517177938
0.966780332934
116.834940335
86.5591531915
833.259434172
2630.01288072
2772.12925478
2540.38803353
2045.93049334
1238.44045969
1467.72973858
4011.11056381
0.902414004478
2232.78046977
1682.55999616
1336.62774357
254.346564907
185.643765576
1.39081978946
290.53723584
90.8320794706
1.43574889024
221.743407436
173.088864822
1.55020512623
231.531725436
104.928260493
77.8410538781
972.995187282
65.96615207
1.40537584066
84.5669433822
446.024403472
1.17753567098
82.3667799801
81.6402038549
493.815738818
329.65741985
673.822750714
472.76781479
574.834319354
68.7658598755
1323.7022931
812.318101111
1131.85525756
1435.5171488
2163.05129167
1809.53963057
1229.59090091
314.623452177
1.02560737073
460.958069651
104.741355495
67.0583466021
113.691660799
384.760097525
317.499074433
268.873862077
182.847658624
89.2152787755
1.64678407866
218.102723137
1.92689808737
79.6263267075
1.78320145882
1.89074803905
1.68316956914
94.5305049051
100.044284208
102.934652224
307.25101411
189.785640862
156.918153212
108.665325534
118.197071256
116.97793826
80.3395016065
115.137774314
95.3338475787
72.7157207044
0.901564256191
215.708171309
1.08140417491
0.469934168589
0.34748731015
126.394096539
0.565134197406
288.206270599
80.4514147425
106.45456867
221.490501846
0.657181923503
215.190520953
78.7342394039
0.881667528993
89.4672636319
79.6761981478
80.0043652226
141.125101306
224.838709381
1237.23540531
614.442589024
516.977521927
325.69391127
119.891700186
141.118920001
205.488411298
0.716162737001
0.485094376847
0.624865449208
79.7301839291
0.655244890734
199.020602186
968.340527113
0.431758245534
0.373448605945
869.463422185
72.98190635
0.425469056671
99.996986929
428.141356067
0.913266622426
700.929828768
322.68648492
390.522699305
474.564821141
533.961980576
102.230246024
95.2460783677
291.139001103
72.5741471585
2.0512615953
2.35807578457
67.9181116345
2.16730247147
2.29415474852
167.336878404
2.28565424912
1.68905793219
118.857295307
76.3346724188
1.5278794882
170.553055538
285.341930144
79.7031020385
1.08353259171
3.68034114957
267.762292509
2.12586137946
122.717735794
78.3104690217
1.2474279602
2.3295724718
2.61767962635
102.890286391
157.778393127
117.357747687
0.856002312012
70.4966110721
1.49870437141
69.8569928232
1.08274899681
135.180179584
0.98070142284
1.3380610296
84.6789250956
201.03257742
1.73160189961
1.42484976711
118.347135102
72.986634145
171.203702714
162.135267432
144.898931225
1.21608796598
241.936201341
89.9611263494
68.4920321162
95.8988231729
1.36606983887
87.2903154231
88.6576931752
0.898727323235
266.423637579
1.28840400228
1.56674166885
1.91805582358
3.2057167089
132.058394275
714.681569684
741.428958253
1.24322092721
681.934278407
1290.3658818
797.256451839
596.528341912
0.4135672947
796.33479955
1549.34507506
68.0561747212
1112.19061276
1940.07659555
1263.33865475
161.689848014
1.05403898369
70.1458096132
1.26942118617
432.366802918
1.63716526141
2.02772248862
565.237302082
299.583512099
3.67587380042
3.34936904313
3.38037883991
72.9339611679
3.49325769
84.0094990274
2.5525822372
3.06271199954
3.42792763787
2.78328017265
816.816058813
2.58411318075
0.804941871945
0.875692952017
492.159479455
595.282750805
511.04885026
237.628340745
1672.17159603
2026.54739206
1429.59496952
1740.96228025
1.16139908926
206.993266706
2330.25074605
3198.45216944
321.035605751
1.30677064862
240.979585749
105.18381006
105.016205902
69.0677159271
1.91966219251
592.980943523
357.454971934
279.207941498
280.676749609
268.225227877
965.948624931
987.275553251
114.614412199
83.8788458754
2469.6412946
541.403659085
488.53354433
724.996221016
106.227199531
325.15433568
1.7333073514
89.7397874085
1.5156659423
1.46236787009
1.73798785033
1.41662191351
1.63210427024
1.64218926861
1.44988109444
1.65264037446
1.80269123727
626.577745042
221.503530983
274.18182337
254.689835822
235.922445569
278.971766419
289.242620624
411.736392784
2.33631680971
88.6124970264
181.467384277
123.962296867
1.92618484674
69.8526582576
796.179363382
1114.05508076
1108.72209077
918.375781082
1.43105298601
1.36631405846
1.48760786938
1.32196282848
0.859758906814
1.22607961065
1.64086128042
1.76581165956
1.92179578624
1.66597736111
1.59158270511
2.18893071123
2.19561692009
1.84018159198
1.75048072861
1.60507445426
1.56240942882
1.35545770771
95.8745727811
1.29832874212
308.565522346
549.932952264
213.66645226
0.720615614423
346.046758425
484.000444235
1.48734415355
103.007121941
234.204009873
321.230107075
67.5046460315
1.41723623124
1.45136718941
144.643201599
98.7335190055
74.6650889689
113.73507751
78.0739602297
1.37678345078
71.1015332993
1.15515483043
278.888568521
228.572211897
0.93742350174
0.942077761086
0.385998829253
68.9030484262
319.206834474
227.691201496
0.63520964375
101.713137674
138.119022087
203.43803139
1.38466523456
1.5746782512
1.67843593884
1.73487042855
1.69736654928
1.70120410177
1.65685266184
66.1859127347
1.44114194695
129.454997919
1.32315527147
1.20898312305
1.06578043313
113.16962123
0.740014632788
0.603814600532
87.756024547
0.362805550733
0.250804668382
0.0638633287967
0.0768960731291
276.351787987
293.235696151
0.0923444219483
0.0935912353748
161.077346649
122.413168425
0.0284431580276
0.031075845249
0.0313930982167
0.0296408025379
98.9006887429
121.1953129
77.5966997786
0.0502566686407
91.6792120747
89.1881682289
344.301448396
1181.62820192
1044.58690862
1153.17420509
1682.74376979
1215.38397706
1098.37785073
920.590462817
553.813569842
803.955798915
1136.63655373
1983.28765361
1026.09500896
0.274900747191
1984.50567348
73.9879146126
976.474097319
0.218918717389
558.81882001
544.394125456
557.489628273
128.772682693
363.880890495
530.930218299
0.210912887198
0.210913404965
0.252614781591
1232.92927916
853.396359779
236.65135345
70.8999910293
0.151591520842
0.183498686623
0.19807621055
0.129106885996
0.106170959781
0.049777829042
0.0469408359819
471.28165397
415.142600048
402.554726304
407.63014114
405.242824458
403.704515794
403.698378745
394.429303149
367.359962645
379.483863084
631.041191558
0.0615127789517
596.670995362
543.715371578
481.81580588
437.711672391
408.859509153
395.335262431
350.370202944
166.346364947
743.330090743
443.35730196
373.040913854
297.010787078
244.900405454
228.230904229
137.988116062
0.0773851800461
0.0564720416664
0.119001366438
0.178585543774
0.184384001191
0.182986224625
0.168130175735
0.16418302353
0.200871093731
0.190070025944
0.199295897801
0.186789566049
414.913712242
462.562220906
460.678657042
413.732818721
350.775686295
294.233221919
258.470545841
83.9174177401
75.2139224303
75.2775323621
77.468728511
0.184605341181
0.14994749071
0.145303603907
0.308472087155
0.27591514868
64.7082108076
66.8694955349
89.0803701452
266.250006245
238.687544564
0.189337875928
0.183465337477
0.176747897353
0.168977878086
0.16076125386
0.151517679612
310.19999264
284.416410995
0.11950341544
0.108588244867
72.5269162827
74.9373177584
0.0461670564377
69.3598995079
0.0285408964323
0.0244878552835
0.0208729894025
0.0
0.0
0.0
0.0
0.0
0.0
0.0
0.0
70.9220904236
79.3359336809
89.7747136404
101.970261974
0.0
0.0
0.0
0.0
0.0
0.0
0.0
0.0
0.0
534.587856816
548.556583321
558.229673043
562.587625597
562.26803555
555.314793071
216.100424499
75.9758099756
84.6569215465
658.627336347
983.985760427
572.10574306
133.395365659
431.863278658
160.292124605
1052.05187379
1063.55371528
434.671470945
89.8040614232
522.131904185
801.475757163
807.961500761
540.588271668
119.593061395
0.278933283086
208.447318974
0.427371144491
68.250037266
66.3400147286
0.663395972531
649.065691349
574.028699629
472.151992943
408.250217282
351.408795484
1.42818956563
235.123102461
74.9571927753
0.523420168981
0.655383035001
65.1612953638
0.385397166064
0.436017732996
0.431759907799
0.444076882842
0.432416422056
0.446623531783
0.474966986217
296.750571158
0.467762044279
212.537146046
0.468887729969
0.503977724237
0.320117371689
311.737580775
253.845437113
77.0529049029
0.346820015388
0.485935803485
0.496664265943
0.54016188465
0.50718987543
362.505275253
338.731114968
319.361322846
0.519455289466
0.460770222943
78.6184498383
0.628411880961
0.453509854472
0.832103291339
0.638772185394
499.884530101
0.259217777122
0.397401424956
0.571700547337
408.248813397
346.78703052
324.761859985
76.907545916
246.986699712
314.785650181
221.552358878
100.518999226
68.7952703075
119.334641734
146.307253676
3967.76554581
337.7778042
782.020471985
157.441435679
334.304771739
0.768608030046
212.432277213
79.5885366352
79.5272419853
1.23309338462
0.976113657754
0.765430722094
79.6979698557
0.225369721777
297.306837293
66.9535275409
278.533242532
180.658408716
105.363676677
81.9805063007
0.735300781868
0.974845095634
1.32268960742
0.690331779371
73.0613003442
66.1466054046
0.78455015035
0.756706610466
69.7945295899
1.54796383264
113.61843667
0.550921991187
0.521882530664
0.523862577286
227.751793414
226.943313267
198.130514581
156.269440168
161.498946141
141.810471668
217.433410663
220.055986345
228.187985313
240.414493004
298.670317933
116.673056596
111.100774737
0.528085008351
0.560349520617
1412.52540509
751.350906796
70.2692602345
1514.47044542
87.7193541215
0.452242395647
99.1936158754
0.494354968833
0.436307298569
0.602987931739
0.527689458542
263.470081172
257.775499529
114.937722237
83.3412844887
145.926564859
1.07918859728
0.559744821562
285.280972792
68.9143049773
121.264910715
235.392609431
116.901309769
1070.87392229
0.0806526366896
0.383114798297
0.614285195089
0.293258690209
1.22238606553
854.703038628
610.810909729
146.999243679
1.56038095297
1.45738686954
0.664589757651
1.03631922861
110.578226248
1.601125243
1.28390323401
1.21706322551
0.936985882991
0.839926925313
0.573594793397
0.610079208002
66.0325713186
0.360246805442
336.46132029
0.207287449747
0.49656342956
0.403380125501
0.573319129454
0.500281867552
0.564319004528
0.388164808933
0.501265075234
0.732811042812
0.367680070776
0.351720767306
0.402007584364
79.5761926973
77.1430982871
68.7616653632
0.56244756917
299.451961439
282.809126395
0.434068493608
368.186602675
0.594926099144
0.593961667884
0.554284051668
0.808284438582
0.810857177399
217.145524758
87.6274754824
0.710511493186
73.7937745137
109.910167218
0.59107964956
70.4713518345
1.00440837613
0.437686629666
833.263430544
290.860207835
132.288120539
70.0062472187
260.415796089
454.595110988
146.346800136
77.662003207
173.830050603
95.2223595775
201.159460878
67.3622056447
72.3695773738
0.350951891415
303.403184836
290.575632499
258.269794222
81.2583145234
69.6371847623
336.47868216
806.030024278
135.889610138
178.773221718
826.004956528
379.720033147
119.954179373
610.805770072
0.55778309587
292.948065349
166.169837801
115.91236051
76.5642937873
0.635199196292
0.638942585518
165.912220318
0.888442411997
94.6424838349
0.804000707193
125.194028418
0.266991340001
0.277252695158
871.975464358
217.753226166
0.365484026206
0.549150871656
0.729574960134
1.15425824218
0.873243467854
255.058435267
281.415260413
297.073036818
295.137336386
101.564988213
67.0596490664
64.7353806239
256.142204634
229.381663227
0.222094730062
71.332626552
100.035905794
65.6193348421
0.202744890584
429.774669346
370.242215937
302.535503465
250.649266564
130.303131546
0.395054010615
101.855664261
0.295103721382
0.225615364056
0.303432534863
0.319739280693
0.319504236909
0.333687838946
0.331435562422
0.321551759722
0.306577557402
0.28965464855
0.206352003534
77.9703411683
75.9294487834
0.17228998548
0.403622740978
0.833023781136
0.813453869193
0.759720039237
0.0943132720333
257.659312139
338.400573108
537.296941625
237.032744627
0.172760098273
0.460113474456
363.650316479
0.551150691726
218.979283735
389.363234509
285.223371856
0.964567409965
82.00009485
68.3227546693
0.280474504671
0.385043444865
0.496999498515
0.938330727367
0.601472819847
0.649696331939
0.662472725226
0.443223582315
251.657251854
0.497993819868
0.510514722439
0.358200796659
0.610509465812
0.706783222095
226.706306557
0.693720767825
1.36058792333
1.17848965682
0.661084255227
0.810334892681
1.26462332176
1.28785103248
0.856605454842
285.325805739
85.9538330878
2.65773064203
69.5886834627
69.7399353478
101.380200941
1.627726106
1.68966839946
1.20821830396
238.094760749
82.5619663739
122.998896331
124.067446167
69.8207741709
1.39944074539
1.34571216788
332.854324596
259.613981946
103.747110746
1.5714562003
289.18280093
402.69552378
94.5581893467
1.2076444271
72.8188525327
1.71623223654
1.64767615981
1.61522395872
1.62508343183
1.66373475712
301.791909611
127.338887083
290.118756932
222.203444242
79.0162319498
1.87043069292
292.637578051
71.5151906477
245.116653911
177.524249417
333.061129198
167.141775262
250.885021958
228.785182271
321.991939847
81.5837556971
81.1064698118
69.7653676837
137.404571397
2.54585928619
111.160694119
103.366171502
2.91845496927
1066.49022696
646.899830403
650.815433053
367.224467189
230.739429157
139.354972978
192.926530137
3.35577059395
114.562685317
1.24561943414
150.859249042
1.35113854617
1.33445618926
0.838994935439
0.66068761622
65.8452888335
135.45273988
228.167683943
0.626361714819
64.8504867215
159.582952436
1.137170522
2.12796106555
192.421348632
282.930466475
1.52787478758
107.951921007
0.394756002525
76.8607874116
0.853375268597
210.170477129
250.52717168
0.456717689997
0.484753528726
72.4850107588
123.024053869
0.530084678893
94.5431927441
84.5321741544
185.106652628
0.696084284094
0.710242494992
77.6524068218
0.715720133541
0.93135938318
263.346166191
106.533657786
188.274174628
217.221663967
342.50401732
478.869565396
425.51993653
273.78321889
107.662389349
118.546067674
76.771730657
81.1161485932
967.113061461
2.16874395392
109.656607341
0.93077514377
87.9855556825
1.33701858474
0.862288680945
136.769189102
257.452423608
160.100337976
974.034566226
2527.22481379
87.5956005533
2350.96942226
1064.93302378
170.497452229
141.921816221
1.88504877566
100.109318417
1478.83903482
82.0380197417
2530.00549743
2267.46779574
2124.98448166
1814.14417649
1430.72449242
1013.22586716
1.64067108968
296.828036239
352.865863494
604.855666783
1258.66045296
69.7332442745
133.339774936
0.52563091471
0.408719643011
3297.07642306
0.857062346966
1.41881376091
1.25372905625
2427.28759806
3025.39196201
1.45094373521
1.52880553376
2.09917597798
2.54713188657
91.3564986202
544.025273194
4.01348311588
132.681073613
0.788718451365
0.892956375242
0.798244950047
0.776613801407
234.932887348
1.40832648743
206.214945195
1.38062985562
1.25352084776
166.773711525
132.50484065
206.424624116
0.736611223751
75.9730093554
0.592257988595
82.3423916918
116.631826996
0.198424987824
622.686668389
406.632723735
303.27177122
0.285498709002
0.272670696655
422.679360149
215.088039184
245.920925189
0.516569980188
412.401279693
848.241934349
1399.39789634
1235.57698537
667.959976172
1.08475836907
776.167219111
341.872431386
1.38107164853
269.513197258
7213.43993659
0.425653294795
232.078199768
348.752853338
313.428037549
811.723888316
1.05146757321
1.14272276726
1.42801959151
1.34270457375
1.24800582088
269.112773309
595.311019703
668.987241277
212.85144624
892.215489525
0.689147323287
1178.27633279
1117.05454448
1179.96043748
2075.93145869
1230.23602449
641.619559932
866.784927838
522.871181115
2.35889864547
396.645340602
266.973330755
543.975185141
800.382683578
1.88615162801
446.310509634
650.895593625
336.704064349
311.499074746
335.346791259
1.20639174466
1.43193711466
341.654972607
443.384118551
511.414484667
892.663447916
227.26449418
455.566511978
998.450911657
982.394523818
0.574556716617
0.628789560711
381.190166423
306.462208014
0.528995697282
796.945641624
1191.41473241
1364.56021646
1169.60051342
756.97555885
0.761902825244
0.689311984383
250.843484965
422.717846441
328.42155868
258.420189152
0.446951052542
255.986290181
439.559454918
1074.57885469
0.547961345621
0.722868227299
225.537235932
0.808912529734
1042.80203089
941.431849633
811.861385644
766.029415104
0.285685542009
391.977033933
0.286521656263
0.421070858563
0.535864322319
0.609566403292
734.680932408
2.08629484901
718.557533112
286.430420394
1.2568558274
1.88098093001
1.67630835385
1.9199549073
2.02163995166
2.61659315304
1189.51169784
1.90301216894
1.74701173895
1.18536515013
2.13732692246
2.23302175096
247.096939905
275.82317899
233.317974891
442.167874671
215.601271959
233.4661596
0.882805913513
289.523239609
322.803526236
445.455048794
632.090356831
2.91668424358
359.279479392
2.91804290929
851.751695987
4.05968670503
1307.11735101
2.94596142126
1069.66375751
3.75351601069
3.01435038536
2.35458932684
3.163201626
2.04598248769
2.20397111138
2.27148689259
2.13268952032
2074.95335206
2074.06611359
2772.03729365
2.6497780418
321.284145898
2.40497061604
2.79036892904
1572.31416607
1114.91959186
332.440474676
409.145477684
1.44588074371
2.07605970401
279.125639672
697.283580281
3.09138933297
1.74973052312
1.91243041363
3.8100009591
240.083425944
4.36380201701
5.50923953106
331.523391281
242.295777827
3.46688689775
3.19593112092
653.164978068
247.191382162
1029.6465388
286.158599567
1072.47594604
1462.06700902
220.765545729
2444.24162147
1532.72478088
271.294497481
3.71866600765
3.67134505718
225.034134807
3.69995013053
486.667525444
1868.06404235
4.2112020898
316.250752393
4.07249475648
245.061817145
1284.3740262
4.97188126584
1304.22645871
1423.86853995
454.060158345
228.642709751
449.317187511
272.29566171
4.5257822624
619.402487175
427.270733717
788.106049435
242.915668293
1234.46796894
1375.44332971
1023.60053177
1457.14366475
5.47379798521
545.211796383
4.69006380753
5.51900050474
1.39799194139
1.3241987172
1.49630893969
323.012474797
328.643243378
780.070608507
620.714072048
694.357977819
3.96592034909
3453.78289213
305.633734658
311.789414222
249.074697523
735.286409973
827.71265491
419.891799603
2.9017539944
635.418684729
2.86401660232
413.218415661
743.807176542
744.320001042
225.977847424
257.410903956
1012.4502401
548.675844317
349.024529811
367.892405936
6.03217683436
1126.11721675
1.19394469735
714.289243659
0.903573489982
0.892514269119
0.919789325161
1639.52346747
1.47150330011
2.01676181833
276.822883119
1.44805944681
826.23502813
586.472568132
5.04722387316
4.41576350408
5.15555798202
317.399832354
571.009527088
5.0678741129
5.18619765065
326.717650706
277.92757814
311.035984309
1826.24343638
248.258670919
5.45894943757
2.67381456798
2.47914761942
2.45097706057
1160.33652464
1542.02458381
2358.35914254
2954.64678823
1356.44109864
1471.30339464
915.225916499
1.85993831823
330.494424532
211.870336665
3.65647213231
566.543869872
1000.39651638
897.277329426
1164.06263695
775.689500572
545.887803581
1181.93438772
1060.07217944
1187.99892148
1843.36887076
1497.2478205
1872.89757521
2062.20741474
1934.59160639
2525.63654979
2139.56773584
2010.73855607
2348.68468014
1976.34935589
2240.35444334
1961.36729929
1671.34689574
1754.34708456
1800.21208547
2114.27032369
1863.0643261
2334.82425344
1362.15687884
1272.3107737
2271.1273239
1509.98275508
1765.94830517
4.59224680732
1666.39889938
2097.4460991
1058.34577276
2258.83902185
942.476909924
350.376153833
853.105225635
224.356220937
414.293075288
2.48837503381
210.909998678
1.11154702
267.64004637
256.170943498
253.824105347
2.0735367774
771.996385993
256.383010302
321.941028394
311.175559301
308.597619208
3.59131470945
3.63326898722
871.364865136
3.16424259791
333.445132122
3.0085913788
2379.55030415
255.655567948
1684.31213063
242.852789295
1428.24070177
1589.22257339
936.944674341
802.531737418
3.63378543445
1416.86154653
214.136451285
581.289096427
1046.38526713
1007.43156152
955.315591788
1324.07714645
338.701569007
942.625832602
692.381925685
911.210468761
1225.45643929
557.253997361
366.170292879
914.020253292
626.950889695
1171.38388655
1197.30744822
1078.06694516
1184.81037349
430.857324012
1087.52045939
409.317444071
1206.44922742
1259.7674443
1573.22993572
1722.36700598
2194.36980407
519.378511214
1072.83423614
1884.46660685
1806.52458612
1115.7485116
1596.90853808
2198.33008633
1856.87503985
1772.57474152
1688.6387011
1431.70553259
1663.93396254
1402.15997603
1524.98762042
1588.76104014
1340.69955401
1982.25694887
1669.85773211
827.975722713
5.12850906989
876.54453338
5.98869264649
5.77405595173
5.07610392126
303.91090877
1489.1697345
1222.24966163
816.076603229
637.475355704
2.45650792897
0.816309006425
0.466670755225
0.420986703
1807.29491189
1308.73948228
620.991868692
237.95915255
250.899833116
0.0506745903061
0.582683523071
0.916500991944
1.13473090784
929.042937322
945.878983783
987.711777607
974.026028638
2.49413734157
459.762553809
2.29029965296
333.003656561
2.69965154469
3.23261552049
234.860953763
2.49310114822
2.12951499036
216.687440857
3.3978159373
224.758397934
348.066762426
3.40392880936
512.244952763
382.83367647
371.799380862
904.816147436
442.20322532
1110.19501002
1274.02165227
2.42544924342
2.42769030307
2.5030063529
4.19477423054
5.17065507193
1.91617823759
258.522557662
1.50853533352
230.121196813
223.249273531
258.90260825
231.784713443
500.24532013
2.25839435169
2.36074108332
1.45387165648
1.35129516597
1526.26310339
1303.115323
1033.7381497
764.890106265
408.495650826
1.11401691031
1.47153780213
348.594683136
1.51875404427
1.47245587293
742.320228536
653.791310496
748.498373748
287.581296378
371.333593902
225.071505182
464.267555809
2.22119373844
827.45539809
267.675717809
838.133690965
1619.8170377
541.086179753
1353.93121013
1028.18636785
2.85169839854
319.967732172
2.90765994994
351.199331469
775.558158107
2.71272727886
2.51140594071
2.14912385642
1.82387947404
1.76731071406
2.41277691792
326.337682014
1214.84064107
589.437239759
1450.20912492
731.346301461
754.466519406
315.180259427
379.504490144
989.478182406
226.277639529
2.67437330961
504.111911146
1.21600251064
633.091473956
1266.44900089
643.031887011
1768.3778141
1193.93456716
2999.2122407
1454.04818537
855.82953575
1728.34527509
761.159372794
258.004053153
329.633562188
707.425252032
4.62120787733
341.220121652
1028.21101691
5.82339320184
308.83486603
721.957611659
1322.75460195
5.75835414755
393.337504952
312.845479443
2.33919818818
2.32954778201
403.160125461
249.935428611
3.09761027726
560.444014492
840.200643826
214.083485224
221.131213193
528.527896737
379.189998561
336.690530346
850.112007997
382.741836649
519.087501273
2010.16128424
2171.316691
1290.59759384
496.535400012
249.497291015
1.09170766877
1.39644207304
1.44448997332
1.36108866413
310.539668725
1.93231837941
221.966960573
1604.95598852
1.82426682659
1.7329592982
1.70484193425
1.40732394815
1.6842797714
2.23695335141
462.792381945
288.454960475
495.350096129
283.707957211
1.20261970283
878.440958512
1021.77200388
2.32887039146
483.916681679
1330.20516233
511.833186636
381.003685757
860.051797614
1143.33827054
390.381198507
771.357621156
518.756484289
1253.44348365
426.269825294
671.971178938
2.17756367523
225.06628046
1.98096380344
351.678232482
3.0845856332
3767.29995122
242.253776468
253.853263891
3369.73754192
6238.56641714
354.573737256
266.578313311
2344.43911084
1904.46347854
1874.06754082
408.753487973
387.469479081
213.0497851
0.943286906006
224.549424637
387.8110753
0.84795228941
0.622038937195
1.16566620546
1.49246657048
313.539426181
240.986712237
1.17021594389
1865.69535498
877.181449664
758.126443374
1246.87286509
0.624119330261
1303.67285082
0.763120471136
335.745714097
1539.8706856
1.6512654546
449.732447537
761.536513818
2544.73817733
1346.0115983
1630.37498485
425.962148831
2.75835298551
2.69613546151
1003.10562567
1177.03484233
2.0269330108
2602.5430928
2358.2535522
826.822235994
1170.03003595
1110.4430564
1739.25806259
1290.77122385
247.454537181
790.841639055
0.784467498173
0.811093642292
279.762214925
1.23472247569
1.4878196575
1.34102268222
1.62579657718
264.661584979
0.551720179986
0.81827279451
1069.96510488
1832.27542669
902.608694008
295.796671523
1.04703764487
647.419136361
1057.29269125
2.2034266158
240.168211763
344.922224226
2.0063941551
2.16791556482
2.05064589503
1202.29378929
8043.51632943
1.9067960233
1.98703885604
2.05180457647
4271.55050065
1.51763485369
1.53625413944
1.46942915633
1.65459032675
320.937202369
2048.89398479
1.23431101834
276.62737806
0.827574255463
242.001297134
353.991590388
893.309875243
976.452140408
345.768692168
322.77182441
2901.33936363
286.000507595
1.02702350437
362.162220603
1.47158983392
1.84433327545
1.69282333552
331.685161779
0.941533244662
247.020138992
4110.84356693
2959.03278745
2.37054160334
255.812946789
275.497445004
1.95066552898
0.97430388596
1.27059727468
1.76162766967
316.585964142
485.033370246
650.87832132
1302.1920706
2164.88494624
1.94731352477
2439.46354879
1275.29341549
2.61142554824
1232.10311332
886.989637106
2.76791542142
281.781447702
389.387712189
1613.80274761
348.526899595
1.04852264954
1.93363152942
259.165283875
281.361054213
4.34897047082
4.58362151497
5.04519899677
522.162950166
738.962461429
411.177651747
4.91078783993
844.565462392
287.070012345
327.402637025
379.391488027
251.633433797
245.93830935
317.352433654
654.883145819
687.543955101
273.100709978
2224.12892219
1114.90193448
965.542615415
929.91439073
1065.31459258
1298.83412964
1380.13727422
1614.70784665
219.641185111
289.946067561
1113.68607684
2.6915055677
2.94305256639
2.9841538612
3.11696091867
3.32387344432
3.14744391013
3.14506132418
300.991510036
2.00230003555
259.110753442
421.250143232
274.0077253
348.366871601
2.97318155299
410.862615816
1.34581570661
0.470679835988
706.183371364
0.645384377503
765.352589777
403.4869742
297.832112062
1.12461580775
1.45907977608
1.2539696674
0.989703857036
220.90848495
246.691211802
320.221766802
1.74239238135
297.546353711
2.44813980358
231.29421947
407.496307375
952.673278151
320.620276672
617.955352127
314.890611128
3.39208813306
3.53212189525
238.277612031
243.538803077
2779.76477089
2.72391003822
2.99811107764
3.52481559927
3.54876250079
322.17593959
608.510506616
3.74729994075
2.75707565139
1166.10310315
523.081241386
2464.27754572
2.16951840563
376.915579857
1.66763736572
2.43071503298
1040.5654539
611.670451378
908.48322236
970.634792063
1.96623001407
968.90319292
5605.89736588
584.915825699
709.548368418
252.476751414
670.98020777
234.481082386
306.911626364
212.337504955
1.88050597517
1.09177846318
697.710461075
1.35936864864
1.48049712951
1.45485796912
1.61054727131
1.59841055166
1.37951584959
5230.26306495
1.50384270113
295.297017435
313.12834475
1.5458963288
1.83173504103
1.5492507205
1.29618849231
2634.51933906
2636.0181785
2623.09507902
2857.50263412
2904.69496769
3100.76193779
2442.52645893
2465.90362016
2565.14300278
1.80392693202
1.94828307387
2738.47126004
2417.43726825
3198.17115055
3778.02465798
3758.6980049
213.634948309
3285.87280282
3744.62132105
1.37673588526
2836.76940812
4242.67585521
4033.17639671
1.65988403672
1.56109507492
1191.41843598
476.746717745
1.36866902925
1389.18124815
635.693706045
1291.73486084
491.402713738
218.358935575
1196.98500947
1012.99770373
3.34943307197
222.012673018
251.532892678
3.15067644048
3.07328780423
220.249779282
312.946787565
332.241584004
422.167208062
987.715124879
2.64147373496
854.18941575
2.48356653887
296.58574562
262.27528916
352.183820204
1349.67746187
1048.72276963
1034.39518551
0.924295978125
1.59005631864
2147.47169011
1136.31466228
1299.88219521
1932.83930775
1224.56445765
378.948828006
882.683401299
260.931680096
3.55981836732
800.250861196
668.12592547
2665.70639048
2079.98363868
1449.19177267
893.119040365
287.268931559
351.531366944
1.59465651983
278.881331771
1.51232461434
377.965040095
238.413767617
1.20305719758
1.34389727809
0.786939658723
0.745136822086
0.607851756686
1054.40404297
531.413736028
282.634408793
420.380594393
296.442930227
8877.30734626
1715.35618882
1887.03268692
1908.63312045
1820.8222091
978.456777811
1676.15963688
2.47152704163
571.51777836
562.66873446
2149.92994918
1473.14861961
1297.33150376
1795.50846236
236.433269165
2.78273293966
330.316449472
703.246457287
3.36107407596
1084.40143253
812.626680839
305.106192565
478.116854937
345.364103089
252.791480348
217.01695471
217.300909443
3.23197564478
623.027681563
2.72868075465
3.03198863553
2.46732688475
397.377473852
293.486463936
321.772554339
1240.56005679
1252.55936081
220.524304037
4.41902418481
235.408092703
398.927593478
377.892864563
299.861433462
271.652712308
1000.19437207
1089.58773713
711.543496746
0.958804709271
1.11720683074
357.082435581
0.841554311434
1.00630455011
235.947594576
1.63337766689
219.963532896
1281.64782256
1646.85407886
897.621768705
356.540632547
1.43100037118
1.38079055213
1.29553331697
0.918929040757
1.45188374942
1.20896830842
1.4083617326
1.68551230376
2.03378342628
2.17338047626
3.06113841283
5.16644310002
6.18167851514
10.6672886132
4.874316429
8.86618302491
2.10246138047
1.97154499606
3.22864210432
3.79603327873
2.97692553733
261.874238974
2.40528429579
2.86239465027
3.32416755973
222.226752407
2.36270146243
242.413992316
751.873594713
384.02543605
550.720234127
0.957395611355
280.92463213
762.692234114
390.833132121
927.768817098
264.134853043
246.433078853
225.809671245
1323.35280053
3.01828687773
2375.49473141
275.616569134
2.72823094017
1412.69804361
1052.15837416
2.33761468755
755.059459442
1004.72197389
511.789436564
862.003890326
890.172885849
1377.12001832
929.235311878
1796.94859852
2733.76841173
2286.82688816
1205.30191815
2.74982285316
347.901629014
356.462396427
715.033020392
5.91251568072
246.022900636
1116.24346638
1236.97895285
1766.53591958
1008.72519587
1468.39676176
1652.60537231
4.18985530038
4.29588356075
938.092742759
235.020215146
3.08238198673
1788.62537274
1111.92708116
2291.52061075
3.28395876043
1269.45767875
1827.29920198
2.91410192575
741.189153353
1687.84486426
1003.17550782
1039.08689212
1899.75909352
1001.25699025
1418.21130913
378.267382338
708.456710431
905.110594658
978.50283909
248.697716624
411.445941679
389.886770835
10.1486153242
10.2084815309
754.140407891
12.4951507084
12.4025432753
0.878184281648
0.867083217867
285.979741096
1.11529641118
312.754790048
1.20358087587
2.09588556647
316.908372514
2.22293134081
279.008508787
0.941890842604
1.19257167343
352.932755194
2.55799758708
442.263854635
3.97037162669
266.152151268
261.124180178
529.56534414
551.49262083
252.179660925
1.49821269519
1.58660126789
961.760888924
220.094810736
1090.0835708
299.633253016
1.69502553982
808.099906378
397.238796692
507.605669287
722.690730041
1.79528921966
565.004903826
2.47627884611
216.280987887
1089.04756597
1485.64517927
3.01768265772
802.581594019
3.48145710214
4.10747149834
3.47485258219
869.348326185
2.65030221974
1157.44983502
304.24350152
2.34575333466
939.916011127
2.4993188102
418.814556013
391.913566471
1.98372510091
430.643838163
712.057061967
1308.05595687
1318.06551942
461.316954058
2.22375408917
370.98794802
1.39291452089
2.10295221094
1.84552877331
2.73720939181
1063.54487756
1000.81146383
2.16254987428
1.77775873905
217.500722236
6.80269743655
947.236106173
597.479521099
1360.15003918
835.948294908
785.990014001
697.364110239
500.311562263
686.020916514
1857.73571471
426.655955201
380.207613189
377.643764992
362.056497379
643.454779756
906.582790794
1021.9672187
472.682430111
1099.87036394
305.656218104
390.167340214
403.196698782
2.92634349532
901.700934179
882.041917194
370.350237311
4.0424085096
1457.22791636
1760.43459394
311.065217687
280.329309784
301.087420757
2.08972520481
612.410227062
278.749072824
221.722797523
288.228369998
549.65681522
759.324424128
1120.12719017
2365.98381379
1918.85475574
1840.74940471
1.07625849272
1172.69404713
2139.04290962
1001.94033038
1414.97880711
1399.48690663
1011.10165865
2887.41171474
1.50551850952
2.81888951421
322.00420363
1113.0877393
1486.02524587
2.09093835319
1.40727852229
799.109405351
1329.52576501
1.92174193059
555.552196052
246.768517954
1.65210367143
608.195643983
1.6498799692
2.25051292396
226.467111316
225.154336058
310.107488833
1.95732626984
419.616072157
2.25708182633
746.085028974
345.692674704
2.25345568141
3.07044348641
2.18157181914
263.386203077
257.848705303
1.87524497089
651.523699861
340.32399928
2.10342861505
2.21399816748
610.799454503
2.71872107283
2735.63211107
2642.3607389
574.584917874
551.325609783
1128.40877522
1020.66331485
246.666356183
640.340882706
2335.6459929
466.76864015
938.428591676
284.697289828
313.397092727
500.587903018
1509.22728334
1541.40636903
1245.70347841
276.030051132
1973.50104792
1446.34561715
1767.77201034
271.879454217
319.513355076
436.693652082
378.979613612
1718.90731723
2479.11073148
2441.64453567
931.33720153
1.15072914137
634.46582583
0.986444965195
938.318646284
388.099717057
3604.27154648
521.243423847
878.551053828
757.589602631
609.359770823
806.962941947
1318.85104922
549.384721337
552.738353468
519.017857498
1055.25917789
135.781794336
1255.51146964
1.18508659322
1617.16292709
2988.25814083
1286.99737309
561.571436915
1181.22656913
2442.91440252
1.56547829611
1.72023768128
1132.9145385
1.78423405849
1064.61524885
1184.54366582
1.27995534873
1.58377213016
1462.96031023
1240.93707035
1319.49324194
1271.65293207
1738.72055976
2.87088614977
2189.00187313
2152.24234189
1273.51847426
791.721777504
802.271920097
1009.02497988
992.465684283
164.115062524
2094.51079666
1736.95141096
2.52039378464
1390.75821049
1407.82457724
2186.94005048
1174.85101892
1666.18855316
1295.97732255
1450.69346735
1559.79544713
4.65945359023
1158.09658191
572.724035573
1369.30000247
815.7186068
5.15107264993
5.1045819866
271.114958746
547.436451634
132.134273451
440.551897995
5.18722135933
4.99301051464
209.786054663
4.85455303652
186.844763946
140.472240563
371.942544107
358.302585535
4.58981418798
4.57158445415
4.63201670166
170.691509552
231.536009823
435.940155409
195.412260094
4.131649837
4.05220624523
3.92925424688
3.84752140484
359.251318465
420.171327225
3.43495551029
319.595168979
345.906045536
269.216743237
204.831764164
176.849182432
199.223193627
265.085937491
249.065297309
182.585912254
2.67731763164
2.62051468777
2.53427812726
177.201527307
2.32123929515
2826.75408562
2.12914117982
2.06915276001
1.98089920653
1170.60847299
1102.5921598
688.021893459
438.752347595
1.66684974314
368.940117942
1.43614339093
1.34890121144
421.3626684
1530.65282055
499.567027847
1340.85526318
1067.14010697
782.438218785
193.373366637
173.273568442
0.799152970328
184.143492215
367.410703567
221.316823292
410.349331553
202.177932252
196.628319597
1646.80774703
0.0544616562953
0.0522717278697
447.337572294
417.443497314
799.971238336
554.872121416
2272.52533167
191.062173294
2292.66394979
2043.56202234
0.0411609671093
0.103625090446
155.928478315
183.700561946
0.0598576926124
0.0583120132528
594.967743872
561.978557453
534.524299646
500.38160648
491.52460125
493.539062401
479.871736213
464.806691211
456.3824704
449.006619079
430.992945334
142.33723824
188.690754094
0.0422757632572
0.078312733845
0.0922292773808
0.0909122303415
0.0889724028063
0.075624692501
0.0715987772534
0.042213344426
166.649079416
138.575660442
496.547256675
495.828605156
421.26411907
0.0307555512199
0.028533213033
0.0112847433553
0.010710881898
0.0
0.0
0.0
0.0
517.155817284
340.387281945
263.735087742
943.938257794
132.298562602
963.76802916
204.532979548
0.0
2308.80717444
1696.15573189
3786.02245774
0.0
5257.38104202
4369.1211936
0.0
0.0
2778.38891254
591.293460773
957.565422555
5232.78128918
434.967456818
448.368716596
537.042323931
628.782197362
690.889163759
791.627829613
325.653069468
0.189746376076
455.727060779
466.861902354
0.0690574556685
837.108820217
437.96930383
0.0563197992536
0.0511268745524
0.0302474822491
0.0277605276069
0.0472875622988
0.0588767641058
175.937104448
152.54866058
136.894463123
600.0902699
568.166789616
523.22816326
499.522361989
499.01592429
455.457860342
422.018171946
431.303314202
429.670409208
423.147728953
417.12891544
151.5936401
686.928717271
0.153835887261
0.282521792807
0.275510281742
0.19760225899
0.248626575318
1226.07574092
1060.85796524
882.989118968
717.788037314
555.518771557
163.253935259
528.476028342
155.280485679
130.564575771
0.0396526672768
0.0499891579494
0.103197769168
999.5767932
1532.92761361
649.450687986
931.481729431
1511.02977711
1019.97096134
0.423180138021
0.23248561577
130.203624064
141.629623412
332.955694019
1935.17092331
1813.60123095
1793.76504757
2839.3663433
1071.29411493
1033.26697564
1068.58528393
1199.98696339
1562.44904297
1679.26419299
2149.40143492
2320.31684994
2216.1687515
1099.85350913
787.981009858
862.177408043
962.658164381
975.910357498
902.798878189
1180.07360628
1096.30779376
1178.41203036
1285.40544076
1225.18575311
1278.82135498
1333.01174218
1357.33791503
1767.20237069
1669.6324958
2393.53575653
1785.04784741
2024.7390448
1503.61258577
414.052962035
1712.49102663
2213.11014905
1688.48497137
1729.29697315
1020.1219841
1826.57607966
1140.64482001
2131.86594753
1391.65909473
1861.5223607
1552.34676168
1831.70841901
193.778802286
2.16353484243
181.057378641
735.060343698
2.75329667632
533.362603111
212.503451779
1.38580026147
1033.65650026
312.543438063
494.590416009
1.70908783341
1.60138987934
1.0377417944
936.82697757
1649.81973296
1517.98091396
1.83967530818
1140.68005627
1076.34045765
1701.35958404
1818.5434717
1801.02169478
1713.21764069
1366.68062397
1572.0059732
1820.17130731
767.04250044
299.909011674
235.085533183
983.930361856
572.901896243
137.342295521
1.53056082031
148.354431605
370.487951574
142.637574393
147.624322579
506.752124311
234.365591922
155.319071346
259.250954899
2.00119472511
1.85967865384
2.46236049095
445.706462765
194.878387115
1.51543594635
183.515535244
198.120673256
154.094386772
2.47549091896
2.6677962479
168.632728957
192.405947813
138.269354458
174.312627508
143.905301059
412.384089565
144.939274752
131.758211823
522.879942174
409.198175969
168.48682187
183.079096084
211.874437066
171.682639683
203.101719473
435.783356193
403.096398821
2.50015096688
252.205937469
2.59350778008
3.08159206791
140.094421785
194.131508678
1.94277227538
2.19763677989
1.94365570756
1.82378717761
1.51293259177
755.929434772
149.306898496
285.304173273
1041.14033114
1216.27431327
919.617881065
956.691071894
3.37079863752
2.62562343343
1987.90514623
532.642432341
1.6945339262
1.99790215823
1444.23019472
1.71850614734
2.31607041871
2.76250021814
494.264116353
3.0933482715
664.57194413
2.62470251347
710.902751354
1034.11829168
465.965797807
189.247976995
3.29127132564
226.440057038
2.58306423059
1175.77466648
755.261162774
1.21985819872
189.436095463
155.668953079
155.946346199
2010.91765655
449.950323361
292.175169355
197.118105718
150.775886486
2.72250282334
767.525918958
1108.43428113
852.970966619
985.255032762
1186.94252833
1931.07890974
1529.03232224
835.905637909
167.529310243
5.61598460874
5.90422761809
301.423333617
191.06963707
204.717503529
1624.78025628
543.397279295
841.470990097
556.349013588
230.723549385
136.266331768
3.33028742685
512.185320874
145.975249483
2.80724221335
2.43392216233
258.388982498
134.96087784
147.226791785
164.993090541
1.56199305834
206.131612535
127.245836064
215.672236645
201.466869902
0.549870089075
0.386357268496
583.070204074
161.878109087
0.640043966794
0.775847331846
434.208935076
196.387628232
564.293443947
224.352207069
123.375699713
748.842260115
591.304159642
296.158178969
157.880479438
139.998744668
268.052665928
225.617596197
539.962410027
832.375065755
704.648212542
584.293543216
595.728477868
636.896670464
194.822549445
145.676896261
0.975875511798
1.51998123265
311.724785015
616.573662337
2.11775377474
680.073614592
140.054386088
165.273110846
2.93598370435
2.34838349809
142.474882181
596.29607772
450.408251709
481.47099933
319.924502946
645.819309586
678.742279873
1641.84987537
230.357549201
3.85724793298
1368.76941639
2084.14062262
2.59969366923
208.30862603
662.19849649
516.99667049
218.796470148
394.914632891
620.403363171
454.861425388
142.916157622
1.25384997251
553.694632832
810.678517608
1.39714556723
1.33505832123
0.952391246507
1.39122652514
1073.1596061
200.480374007
314.853265644
654.608039945
564.986193128
0.924789541143
1.78992948334
182.510845963
3.35143146178
2.58333527724
228.475515665
286.044771062
446.009455306
451.195766755
151.531872616
236.7141374
1.03163572465
1.31787472174
212.910058812
1.06103078222
146.135595017
201.259816086
0.690393755194
143.11160521
365.180506535
170.174666766
593.540020118
145.854017353
0.605077457836
292.6486883
350.578546612
2.39900041687
428.543449843
263.890689862
593.009742394
1.18731535308
131.959453866
2.28465345025
149.762111082
3729.22001698
1266.09726015
1344.04432907
2.12666912535
2.51673554501
2.2558979229
141.427037039
152.672110889
2.53713194985
4.01087650993
169.915087519
4.12250083693
1243.71304621
649.207582945
2.8626708686
738.054793124
231.714777733
131.985092569
163.406835978
514.719974189
1256.81407281
1.72595891193
1.68079281506
1267.12721976
1197.15183349
1295.22075085
1.43862783256
2587.70586044
2344.00517987
2.26527914723
1487.95903275
2.4250557807
2.25610750815
218.56780611
147.441393084
214.209633974
409.679828345
157.395166833
146.041827118
371.046847373
433.210763515
2514.61982525
2287.12004075
1451.13228562
3060.79078804
808.005424503
2823.17643381
1.5704182126
176.162912456
2.65685643561
161.494910226
3.13072253444
4.55555473451
1181.65297159
2801.37925655
1451.519122
1244.81581026
3.16140696574
3.19133274932
3.64358852191
2.98999157789
3.44762388573
1016.05899067
2.89418328708
2.97972638437
2142.00128133
2047.92755141
2.39349102122
2822.41671408
718.481334469
1126.40730229
2.41725962365
361.428778265
2.51955104584
2.89889533156
3.03356043977
153.23673206
2.99658911293
139.324988738
2.91228166167
311.837243821
1.78225241825
2.30436586435
2.52456158003
2.28778379028
759.75234782
1.83550127199
1041.39339187
2240.73019932
3945.35597816
1285.70686559
924.882919473
2.92110596996
3.14170031027
829.754275581
2.49919906371
127.980641579
173.392035994
1038.007094
521.406109749
2.98318862979
860.36953764
682.267760276
368.636846196
717.725378256
2.86583159891
268.893763419
4.35999147621
739.608470806
712.553512798
1197.38667299
3.44779990975
1443.79313593
3.85949295309
2.21889905705
731.627630467
2.56424304761
1095.45110245
1.43678083952
1.70442623075
155.70008382
1.5756833257
983.888660734
1.40933481709
1832.41544521
966.337333577
645.699059618
2046.84025751
0.563133754322
2915.19995724
0.319193169753
0.369382633958
2064.08765511
163.297606906
408.997112455
279.867891479
1240.99082291
1.19899490382
1.49431218299
395.795656934
2049.84753918
143.800709652
1820.60071939
564.126169041
1277.31770273
932.243100021
1741.33034356
2.89613085172
2.92039636222
1922.38683945
2.00314660847
132.003325455
0.698483119825
177.192280298
152.037981273
262.79893144
1.52864941452
362.873807355
158.235226904
191.80819377
185.665178344
284.50834524
4.09567378299
229.623836427
131.11219204
178.835324117
189.486194974
217.813782551
232.80409171
148.285309885
2.51327331167
280.118059466
886.20442031
980.355486259
974.062094754
921.702736234
1797.45862209
1393.10675321
620.911195465
319.100487336
184.391363786
281.930656898
179.814655401
136.947773937
451.860562837
2.08648415925
2.10788835378
466.729215027
2.42386309608
183.570735073
126.29021321
149.251312048
202.122877663
2.242381247
1.98825300532
2.4055388421
164.103449138
150.623729437
481.02239849
2.46771508736
1.41211290363
1.40417456856
694.852213323
437.315415884
225.249729822
240.923389919
398.516996712
245.671401582
433.100260707
729.590377948
0.908297059076
309.472839065
468.503290237
907.798118851
411.370828872
194.522945088
1169.16012426
632.392852155
1.01438227983
0.953810162828
819.094366767
1678.40591552
944.874254122
945.775030499
250.306679505
1525.89538293
324.301033688
165.740908633
1.63645103986
480.862879318
447.881271034
407.153536677
462.589117706
309.503384156
185.527500713
268.281696826
1.53983062403
569.398574343
631.583096434
662.592723462
1443.08276309
1.88642048181
610.343089935
763.053726939
847.573671873
182.06007273
1.51208988879
507.907010672
0.966368827346
872.552405076
156.273716565
1.80257665111
989.475680071
617.783783151
572.376107201
575.822117457
426.427859189
134.681962582
151.538620178
409.619387422
3.45738459071
3.71961909877
133.037193107
3.70642878682
236.202964947
4.29205960546
2.82940146665
2.36331194015
221.380338896
0.963404118718
1.2566154214
139.784331973
1.84565103498
153.661493376
1.99693956472
2.14929828936
2.53725602866
142.178222689
291.855674043
270.119819169
213.47427074
159.618829832
382.269092007
728.240251763
2.86619048839
3.84582183094
184.52480648
131.552899831
510.122432634
129.407560431
639.692758413
587.976978151
507.300004146
531.802504788
718.991888118
485.179408747
1.06244233025
620.985698331
1.14520930207
1.57976233134
173.085729934
1.47670072197
156.021971803
192.458063157
127.626127625
189.438352584
160.659092648
196.628011746
2.46780241539
412.593915998
2.59895711317
3.66169630593
3.70817346172
3.77694407593
170.598275574
1.11549775417
229.962499603
692.725474087
1.77150280787
1449.48001105
147.215178299
931.276695268
1281.82764618
1219.72925079
350.420127827
1.13236201799
947.887041855
2664.57392766
1.13953455369
1811.75355441
1978.69837474
644.032367742
1.83276920252
1.98963626816
2.49232041155
375.367345943
2.55117251771
149.505819103
150.794115968
1938.91495269
1997.06781525
2.18389602345
1423.0307811
130.780576244
1484.17435963
1.81326711526
343.082181167
621.383552886
247.633360013
684.49721034
205.639427975
175.341644735
1.80978880459
192.260773953
155.067154365
713.01202119
300.84308552
307.986482117
615.259063245
2682.73167438
1533.92283188
2542.95474861
2940.78455779
2264.41570585
881.612199723
3126.07972234
1.47934841074
229.52550357
201.747483895
512.145546263
142.087747232
2.98594675089
2.09095927025
148.399916906
498.567944361
214.938339743
521.685456921
328.977692782
2.95531841832
801.456251275
226.692152915
138.073676489
1394.23170112
134.051996263
200.113400087
2.36484123021
712.057594818
134.395636667
406.648098875
2.11066869985
159.000258523
125.81395118
521.427791749
2.67089062674
212.682727221
511.833934694
593.239886642
147.077754666
3.10618275735
2.2287778446
3.34029131663
358.061381904
507.191061696
528.937024116
3.43176212549
172.548040991
216.485906471
131.052002498
289.501820374
2.0820843523
3.87969363077
379.039847874
260.227941843
1.5733641371
191.797946133
979.423018437
1320.33189979
1441.6341187
495.002422741
1.44471812295
1.67536020019
2.22060765487
1.51122289186
2.09468640986
2.35162758812
1.00809663346
2.04888705
2.48001521346
1.89459438327
2.92126322537
2.22671503249
1.44659496161
1.76177778466
2.1894542807
2.28375905051
2.15511815047
1.66537939284
1.83145405441
1.68907835251
1.85975787401
2.0051705849
1.39913272238
1.52603163792
1.36536488396
346.205397369
453.756601128
3.97033084953
4.3373880617
320.372769958
1081.12930288
181.51739786
4.33144927976
264.773503087
1060.21012552
308.259338212
3.60567134247
252.885898024
796.839669208
148.998300235
173.518810958
3.05125662574
313.398484538
3.01475788376
3.00193399773
2.88101040009
243.481880438
2.85712769774
2.9197601161
2.87650345811
2.83615114635
247.362850515
176.34118433
2.8645214355
2.81826891693
2.94222710706
496.256539213
2.87116798481
2.52931012348
2.37809805256
2.18195000138
226.525398133
232.643448894
130.019354606
1.87849274179
1.89863353717
1.93578834787
154.117668929
244.753707845
286.923251745
288.058412184
245.532132067
1.87288497341
230.028494958
1.95959408921
1.94628066
1.86469618388
1.828174234
1.86327884804
148.34210383
131.548804082
1.90136688391
1.92477784125
1.92013184456
1.87347373633
1.80470258886
131.577361986
1.62697893699
229.315946738
1.4824860895
1.50868130738
1.47336019112
1.528764374
1.49170142933
1.41727856306
1.3788573563
1.34470475201
1.35193299131
1.32951349796
973.176899065
945.55771367
859.8115865
752.592194784
308.281010953
283.648897205
260.026954241
244.224901132
240.644666793
246.703909022
262.143888727
281.348533393
291.918393115
287.498623776
397.989953264
761.840501587
228.565922234
0.555403044855
648.221566213
242.189315257
1166.0910892
986.344438707
1427.93989403
762.84424607
329.893364876
131.878943258
126.676818258
124.041265764
0.300622666904
0.289595342752
956.843583285
917.833285913
879.819724487
842.996928029
807.325242696
772.722313489
739.320804348
278.002948967
0.199594775831
0.19061413155
0.199145704028
917.845683307
1244.05757243
761.758598747
255.832797824
321.661736865
495.897546069
759.343432883
618.634854151
133.959761908
193.828155439
158.100736529
1083.16416708
992.929065757
0.170180401329
0.137158237456
470.704865374
1081.7723461
157.054359039
1487.03446526
818.725209934
556.173651555
721.84869899
565.512145523
632.478519139
590.405261576
513.566535089
213.929246733
0.0
0.0
220.018492484
211.008121441
199.219232628
186.37183892
173.071888125
158.785831688
142.958394822
439.123365223
586.769404238
527.014215479
166.474612092
149.620624011
130.099493744
0.0
0.0
0.0
346.665853748
601.000469035
496.679950235
150.7333283
239.272785181
429.361122341
481.743531372
586.794125588
679.17570323
629.248317948
501.183901906
0.0984888497795
0.119623317624
226.718038265
564.641865743
659.706352466
776.631086862
150.45809564
0.196794507024
0.270756614128
367.789352436
394.697165789
0.189657041497
0.15655953946
0.113297471204
0.0822263881929
420.518014141
416.176969294
530.228005737
146.572554126
584.598509945
0.039745002798
0.0
0.0
0.0
0.0
0.0
0.0
0.0
188.786818012
187.438646074
0.0
0.0
130.080351884
408.318316729
167.075513558
188.977663197
468.420846054
156.214066859
430.882667153
132.0701297
429.236187335
163.540600252
0.0564552390699
0.0754353686722
0.0910563207933
0.0810836190386
0.0849505788526
0.0877347000254
0.0605314815736
0.0296406690338
0.0300801495348
0.0287562396364
282.573689616
206.240086118
0.0123164892685
123.089010524
0.0
179.95183711
0.0287542286492
0.0514639472869
0.0560841334016
0.0439606061821
0.0410192807253
0.0316196928078
0.0
0.0
0.0
0.0
0.0169792459948
0.02258733456
0.0321165427948
0.0254721851292
0.0214583870099
0.0163386361685
0.0
0.0
0.0
0.0
0.0
0.0
0.0
0.0
190.871362411
185.880880744
179.846452498
0.0
0.0
0.0
0.0
0.0
0.0
0.0
124.504022094
300.562038612
503.909993624
0.0
0.0
0.0255866911679
390.36577697
174.551316297
150.284570561
154.990127186
151.588807892
0.0319723675032
0.0297316813788
0.0237450881523
0.0107957669034
0.0
0.0109820447264
0.0112232016421
0.0
0.0
0.0
0.0
0.0
0.0
0.0
0.0
615.887957597
613.661104799
593.426438911
557.520710089
515.61599208
384.537700455
0.0318615159773
0.631528380165
4.20434601623
2.82469545848
1.84830479506
0.786302362125
2.44252254976
0.750568002099
2.00442900499
0.28047958407
0.221552269614
4.11302050338
2.82082200423
2.93520373656
0.203430063033
3.53767869667
2.66079634617
3.41609588958
5.8241913706
4.48260986047
3.55311984109
1.71144953442
3.79004808214
5.30064411482
3.57535704498
1.07024997992
3.24182409115
2.15360866133
1.09145909865
1.25254830449
1.12710164491
1.09788361665
1.08399684024
4.46325389114
6.88495924417
5.66462123318
1.23709749712
4.12881159662
3.57448829691
0.62063984861
0.584985540832
3.04906441205
1.02991166582
1.00086669083
4.1086347606
4.14154498973
1.97672691442
1.55115461454
0.941346761898
0.933221346473
0.575980990486
0.295940180516
2.50949641923
0.452737066951
0.818083399823
0.46867947598
0.55439316306
0.655710571778
0.801324925262
0.61454938067
0.569693690053
0.593147519986
0.215758208371
0.496946206555
0.806954563701
0.476642219837
0.631508140662
1.00399239756
1.01479232509
0.637722351085
2.3194903131
2.32684431884
2.64858791013
1.93340229397
0.752066129621
0.387603943032
0.706047018365
0.676721719174
0.282169349328
0.265006268601
0.957755720207
0.924202459022
0.55073916083
0.229744344792
0.532582024684
0.540006979168
0.812627097978
1.38606220916
1.72631963789
1.77567694632
0.327542570022
0.310596857403
0.418988111836
0.570083764537
1.01021374835
0.466235830825
0.457664515001
0.44549290866
0.994588361536
2.73186516838
1.4989294376
0.240489549957
0.635254662967
0.622813739418
0.842948865061
0.925241174305
0.248745510896
0.254957443206
1.41033685205
0.309559751127
0.417281108253
0.708697907864
0.447977727355
2.41110237999
2.3471459666
0.819356742007
0.723487299127
2.21292930921
1.95922413534
0.561011670153
0.16386855819
0.565315669565
0.201654723582
0.18942239834
0.179487412041
0.166106163941
0.157713275473
0.131342219475
0.145226874535
1.2055557252
0.155240059801
0.162886952025
0.169033882724
1.68082417398
1.37305336697
0.186582437882
0.191297776119
0.145312800999
0.466214576505
0.490943666647
0.204342236478
0.896486342764
0.827420849526
0.891132118956
0.936657646853
0.72709815779
0.221665192951
0.531163505609
0.212613836061
0.976853079146
0.899688351933
0.90181806605
0.86630962837
0.674191933949
0.456458960291
0.537940530513
0.105083830812
0.0905883351309
0.0815574205547
0.0739395265778
0.461057202571
0.0624487733058
0.0474763204701
0.0608780101069
0.061779751979
0.0632983011514
1.69837872477
1.63703040856
1.53490896777
1.34810374731
1.08732899084
0.488297069723
2.60015462887
1.76986325732
1.97613301912
2.10104847026
2.13845995534
2.09734839767
1.99636134212
1.85612410121
1.6938511994
1.5233410636
1.35556799453
1.1985271421
1.05656317556
0.647233861121
0.575442192759
0.00207991741351
0.00189365269274
0.00178332558275
0.0016244119054
2.5089724839
2.3343601816
2.21193062663
2.18237262188
