0.0
0.0
0.0
0.0
0.0
0.0
0.0
0.0
0.0
0.0
0.0
0.0
73.2238544734
116.996143398
0.00383187832148
15.4677492764
0.0530028338066
0.0621513654674
170.283045241
0.0721008692065
113.050105287
104.974033928
89.6213657111
76.4148241565
63.9358684973
0.0773106958666
213.955150558
127.577104874
120.857480303
61.9745569449
38.0573775116
0.0561303522238
0.0233366554664
0.0379230304247
13.193175869
35.7048702259
37.3043889442
41.2853146761
33.5704431302
0.0843827114026
0.0709631030406
94.7371880403
0.114534096786
48.2437228775
18.4489981465
272.299956178
173.527386703
161.934752646
135.500609376
92.7826821059
72.153818165
50.3232741353
39.0388931137
37.4649441979
39.9757092545
29.8554734629
79.0470091547
60.2470577156
40.4989645146
11.7602313341
10.7666598361
20.919376532
35.209491909
22.483795837
21.9184522369
20.328233525
16.9622957237
0.0289383110724
19.635189686
17.3181130113
0.0210231807106
0.0210967851564
0.020912782335
0.0207529608132
0.0205490354537
0.0202589802014
0.0196681988052
0.0187338658281
0.0178677633219
0.0152276003589
0.0147918571672
0.0161790748201
0.0149054892416
101.464044025
45.3777093924
55.6973264466
57.3278793548
84.245700516
94.799499561
62.3912067973
39.4784992078
35.933800846
31.1265095976
18.9819087746
0.0799443132288
0.0553701203749
0.0847431457822
0.112193659113
0.1190535241
0.101339593196
0.108320070395
0.114777223398
0.0912575465361
15.6735135129
16.3031070947
0.124403758638
0.116019220363
32.3066194123
33.5527595685
32.8353682763
31.5302048946
20.0450555693
0.0825673209795
0.0768607912897
0.0720359449511
0.0689646533768
0.0638556291063
0.0620084819384
0.0597077866501
0.0593421661638
0.0582377089281
0.0476917869042
0.0455157008908
0.0432733304976
18.525491765
17.1962061194
0.0518437278813
15.2261973477
20.6864741412
0.0458583298652
0.0461986205974
0.0335161851785
0.0330675937369
0.0294237038603
18.6086584964
19.4961011661
19.8578161339
0.0360181057408
0.0420268786405
0.0327847575169
10.3005109188
0.0335734652475
0.0447554337469
0.0377709139393
0.0344779087885
0.0336940299042
0.0370427608635
0.0267277527988
13.5312006503
10.1668204774
0.017017429788
0.0171833783376
0.0172466256345
0.0172239804885
60.8018725581
59.6412919655
58.4873269581
57.2312149981
55.9474534561
55.3793671772
54.0531041225
50.8155106868
41.499246036
81.8498003245
277.696866163
788.941804788
0.0425268065908
57.8103531309
38.6645019039
10.8860878101
0.0782534606267
14.9030979786
10.7065296767
0.0658872466147
39.4190969182
20.7252727883
18.9765700261
21.2925339489
18.9790533082
17.0643158339
15.6386012613
0.0305383167443
0.0296885776644
13.6238010162
0.0113017206151
0.0141296535969
0.0104939083391
13.9230715407
12.5772659519
42.6244023093
45.4738230414
43.4424232932
0.0303624499755
14.2710656539
0.0233265208484
13.4143780854
0.031890976243
53.7696088909
46.8631516222
33.6958913436
0.014743412831
0.0270443678358
15.7524590372
0.0223193141943
37.4230769798
19.5519456326
11.6823766832
37.4995492025
38.8020854566
33.9000541532
11.9547904724
0.19180988725
0.200764774461
17.8868426119
0.186561455173
0.0759768327176
0.116660881285
0.0865447233113
0.0743493358273
0.0657917418175
0.0600784684858
0.047574853082
0.0481957140885
0.046820789926
0.0562336730844
0.0750892682183
20.5244300788
0.0575719205871
28.6528903097
10.7794957472
40.5358823914
29.3687340241
0.0252389356167
0.0371295370492
0.0316133677072
0.0371778283068
0.044333064607
0.0405893780448
0.0396164430887
16.0188902836
732.717995933
36.7784020505
10.5284363834
49.1608816166
0.108169672978
84.5514347858
366.23595788
0.145576323579
0.130906026594
30.8659335179
14.1652794684
14.248025143
0.124316038025
0.20630109055
0.172119620155
0.164216577855
15.3677434267
0.145433158539
36.6645994741
34.710853052
32.155877706
36.0527132124
48.3498980925
39.0482662559
46.0619759939
13.3887647752
12.4180558566
0.165194600358
0.175912044276
14.0187135364
19.1044497305
12.968230503
11.1509193663
25.9060851449
614.795892693
377.077403572
270.579827627
756.661316084
0.0224145729797
11.5890672378
28.4175647422
94.796135265
153.63359942
106.551724518
97.153856078
11.5686410399
11.7448047481
127.392099249
192.648416394
156.346044262
165.284560457
106.436777612
104.166556611
105.777698825
22.9191056777
12.8354861253
377.395333281
294.956652244
0.0177979643217
0.0191762877841
43.7906555219
37.0475808961
45.6933137056
0.0556901916871
15.7778129444
17.9964137782
18.6457886467
17.6374038859
15.6006584118
0.102284862266
41.6836963732
39.7697911746
39.0399915262
0.108975191518
0.0928464644436
23.7944432339
0.0336663436872
0.0521018751445
14.2149426521
179.686813234
14.5078535996
15.4183253719
14.4022323359
11.0259403733
15.5280733247
0.108526477499
150.441609352
0.103437020604
11.7120544281
18.4367635
153.528718178
62.1503041755
12.9415336934
18.3831271394
0.0727882390128
0.0493885542858
13.0323984051
18.3715247777
49.7003806926
11.9594180056
14.6196040873
17.3377125794
15.8693757324
0.084650691098
44.9141737709
0.0809576712851
0.0802634643047
47.5744717453
18.055552795
49.8929683929
57.2021303179
74.6297100104
60.1574810601
10.3808994744
0.0502801011432
10.9656508011
111.200990038
56.4118773852
56.642568707
69.5158481069
68.9788509289
68.7268285074
43.6178950878
18.0761597375
87.088732543
87.5024616199
100.408822301
88.0655994824
40.1975444839
10.3316706759
32.4105496992
0.0999113382061
33.6908080736
25.7207067954
26.2103816058
22.3882532
17.1533013982
53.3433369347
44.5659898335
32.6959891655
31.6106785142
30.7280329519
29.5733533742
29.1998923371
30.1284442167
30.7296390383
30.5691847013
30.1909009015
39.5160317517
0.0417092222016
13.522365642
30.9427411656
1195.41154689
0.00885776549691
0.0142262134115
0.0522355433126
0.074515137156
0.0783005692668
0.104102810291
11.1875470919
0.160803366267
39.7273332246
39.8229865505
27.6011177591
25.8918482451
23.922065361
24.2033248995
25.5941698915
24.8830328914
23.3199821257
22.3404838733
21.5986334141
21.3524710803
21.2416332966
21.1741579024
11.2911045731
21.0862771646
0.212032508072
55.2195274545
23.8566167623
19.9123912429
19.0789538732
18.2723465015
16.7148012216
10.6271350699
12.8833842532
35.502189704
18.5217323855
11.3816322839
1296.64847135
1712.48051326
2018.78062746
14.2849562768
17.074901508
12.597905395
0.647068352397
18.7861394753
17.3788037289
16.5825615444
16.870751976
16.6700182828
14.6584383146
12.650131056
11.1999943638
0.103713884303
0.668966394729
18.9211848037
16.9193367635
14.6940716651
30.9553631131
0.579102036957
36.1714912455
83.8834745937
30.5164833536
19.6460012321
15.3358714787
11.7464850737
20.5478657111
16.3933355984
13.5253274298
13.8021731648
13.5197225593
11.5256866068
13.2404904324
13.2705241651
13.0608372218
11.4880526723
0.315087451944
0.121195736833
33.8897435418
36.9295825748
10.3579597736
35.9361913783
0.149426461315
0.186474306225
17.3257804386
36.39586775
12.7035784364
14.2830331298
15.4917946243
19.2410373201
0.234937653643
0.168740224729
0.240507999816
0.293323898073
0.258359070937
0.240081376358
0.17643414976
0.0846156411616
0.0782835276872
48.806461299
212.418538452
176.163905731
97.9253134513
137.035417843
40.2025719477
10.7779397931
14.4189920896
117.413597457
42.2956047285
83.7705770333
84.8541836844
36.8999893265
13.0565350678
0.0820475952964
16.7908670901
0.148266255138
21.3292646586
25.4097867406
18.7849405261
11.6715133321
45.64970079
40.2730755761
39.2531676558
0.847616579415
39.6297343894
16.3055683729
0.67026055203
42.139375751
23.9644066815
13.3462776812
33.3715914304
32.6464900154
21.608419722
20.5089753605
0.490330537715
0.452895907748
0.457667604559
0.567689838831
0.572617328106
82.8570747579
147.958134448
0.746469935485
161.724187698
41.5805280139
16.8567383247
25.1991159118
155.009069379
148.425164215
144.535133346
13.9563431181
15.6166691218
18.7680995951
21.0752713931
18.8830496679
115.544071567
81.8187927619
47.5826006607
0.206070363734
31.7534366065
0.321355503358
0.591944461924
62.3339692491
49.4550700356
56.0083549647
36.2791710248
0.364248083408
0.187755838267
12.1986050882
0.243417030757
0.381920365732
21.6543041351
0.404466580468
0.387554365345
0.250570348339
0.245879113067
0.0872976280828
12.233954584
0.24156217078
83.4049812988
66.069133228
0.324028794014
0.315929688738
0.300157651857
19.984556142
25.8289230629
36.4416154561
17.3307873922
0.186486738471
0.105250668939
0.0760961762936
0.116955968173
0.194030628428
62.0689985619
57.2664220034
130.497119431
39.3438316537
39.8317684058
26.9548226268
46.0401463758
48.4796659406
0.379489334812
19.7552651169
20.8735406389
21.8403172963
15.2087485578
0.580792889072
0.582048329298
0.572061460988
24.934583732
25.2291980466
42.4009632236
31.4227543388
25.2053552986
19.9077243982
30.1340822158
0.425783230243
0.485810693688
0.437238256696
0.417649218637
0.393943966595
0.383176682719
0.38032997473
0.305330048745
0.3097109042
14.3329330028
0.227110061611
13.841781952
14.9212295278
13.1327170406
12.2390091328
0.271258373776
12.0108211712
11.3642558981
15.5803224813
30.7677928683
18.1256417834
17.8123336522
0.66178987897
1.03432775261
1.03253439132
1.02268270746
1.03797259523
0.988491973124
0.916099885033
0.416881563349
1.03363780503
43.1335951172
31.3572225487
29.2171115788
44.4876234181
17.7466535865
0.804908951294
57.4733299994
74.7074597169
58.7278209181
52.1129708928
47.4153597428
41.0235259593
56.3994190818
57.8837550248
243.370228579
15.9582849993
19.508114115
36.2063170766
157.816745006
35.1163583822
0.305455221586
1038.66961555
626.63580896
15.889110531
0.265788273672
32.8229491182
70.3907022026
80.0146550082
58.3202452605
31.9613739035
72.0058898857
0.0560112983872
103.519134741
0.355080508482
111.651156732
16.2811050466
18.6139049429
13.0751763643
0.133681575531
0.105003062952
0.0228830975946
44.9028979842
39.9119567656
23.4056235442
15.4434033087
0.274846605585
0.226777403431
0.215937223436
0.196061027339
0.140967579802
0.0127734622146
0.0125016514635
0.0122028908083
0.0118806968994
0.0115429742587
0.0111278156297
0.0104529933069
0.00942968919178
12.9486863673
0.00583259722676
0.00648680377332
0.0104244396519
0.0192075385214
117.676716745
0.0376314308726
88.7054745628
14.8715133844
25.3527558492
0.0278124409037
0.0262441036916
18.5801914816
65.3689529252
63.0807033835
16.0590428302
0.0682102261439
12.9469694192
34.8058669512
18.9384339584
12.1251455597
11.6249086086
10.9721168033
93.4702890251
10.2794305681
14.8022939396
12.953099373
16.8968491885
0.119596677373
0.147753752231
0.171807456193
17.9250075188
13.6574288197
0.149172893283
45.8946900424
0.18860277429
181.633608565
139.931437632
10.7932842234
58.484378016
0.0454371499101
21.7344163917
22.0977420563
24.1179018899
11.353150368
27.4770209779
0.0587823406672
31.3310315611
0.143907347224
0.137736257211
0.179041061718
0.161741561372
112.772821495
20.1634502385
0.201679661058
10.4976601417
20.8451474553
19.9343991554
0.110523651375
0.0849804468791
0.0874850604019
0.0882886600406
10.7047104324
32.621948779
21.8280188823
21.7156512273
20.8175900441
19.7798175418
18.0314951223
16.3656194638
0.0499721533863
0.0814448762199
0.120922815575
0.279612421455
11.0157215099
12.357967581
11.8494702135
0.246745447443
0.300331158657
0.243735944473
0.202724661508
0.270702238453
11.2151168347
16.4574697281
43.3493819217
102.433580716
26.8752591446
199.54780332
18.8695594495
0.383815359359
0.38543608429
20.8621879818
20.0458452004
47.9991464608
104.160492844
104.271648025
24.6062323519
0.207850698263
22.8020960796
49.5034861973
88.138163155
111.614949779
157.159307342
108.473303224
105.954157056
87.9174879243
14.4955564457
0.263807241195
15.7794648779
0.101330489594
44.22209769
0.666110122946
13.3105787397
17.3089882427
0.251193722409
0.233960449169
18.4363713506
0.203392882371
0.191953573026
14.1555243123
0.247769992095
0.18498218917
144.855126966
188.511362159
154.660815792
130.088686939
115.097027859
0.309503531753
129.803504752
121.814908203
91.0192908235
146.462335113
111.266989894
76.8976835755
111.464245624
127.852224325
0.141272900075
25.6190840684
12.9171749539
76.7994118658
0.160494295208
0.218083972942
69.197313209
0.304630497922
0.295936504523
30.9675295276
0.264213532202
0.104215265863
0.10368747827
19.4658477835
0.274707466635
21.6705728815
35.6961751712
21.5998543779
22.9779675021
19.9560464518
16.9302299786
17.3377402026
34.7232681643
22.0919357085
34.5420390093
20.3223700876
0.618997305899
10.6146726647
11.9806429452
1.07189065452
15.9150029949
16.5615544106
0.444719793817
0.373055849104
0.326208750302
0.199663823401
17.5348652692
22.425875956
22.7317151435
20.1492875345
0.138207529176
0.139311284271
20.0840453696
0.090011015139
0.139777655137
13.9337224273
15.8252929169
13.560162666
0.729080899304
0.715332668502
0.703670785218
0.676054806049
24.3042540941
26.7092222818
38.5092738016
0.611330335326
20.8445551588
11.8350154266
0.57905772008
0.586481878109
0.586683482696
219.368678362
197.136680919
261.709831923
350.140089717
335.894437814
367.25393691
462.188067954
217.97970083
14.840109153
290.852889111
95.0890652241
249.369509119
249.119763184
269.347270988
87.8998530288
11.7958524014
14.1933772161
23.7913729435
0.0349468285398
25.6636620135
0.0345476217281
141.07659482
177.224433151
194.506565866
16.0383192045
1105.83366502
1119.65197903
1103.65977975
109.331598827
113.113104003
382.016864992
869.461359814
991.459795429
1251.98549613
0.019923961569
11.8223081146
11.1180332151
0.0973088017639
11.7338025487
0.156179625891
29.8515775507
0.319524294101
0.258151309622
10.8607966682
0.141798016677
0.27439834555
0.194075191455
15.0654217886
19.5243009663
17.3408856281
14.9281473121
0.134599098903
0.148535894042
0.163677412695
0.0899503218024
0.0880355583742
0.1360902452
0.164711371191
0.183447566298
15.0897612704
0.255260217718
20.4726288007
0.401204609756
0.179121205359
0.259059012619
45.3365023918
0.226212032592
0.337663277383
0.384825101509
0.167920667479
0.122738566139
22.7277304772
12.5454291848
0.0846356707394
19.4415281608
14.4172603699
116.455472766
247.685201639
11.0842237321
30.9297024059
17.7202655612
0.319241686579
30.6257017904
58.9418347724
0.20100885635
90.7573750075
14.7533987555
15.8384088673
22.3669394353
51.5512070795
36.378077206
56.3119963381
18.4229186006
0.204729722798
24.5543534647
19.1868094709
0.246560442959
10.5785447269
37.4181127719
12.8338166312
0.153422932265
14.7365974121
20.4260232372
23.1387890239
299.150031258
66.3436475951
83.2127549981
70.4222302544
452.581527807
505.228629136
552.435598445
348.775627106
398.297594733
320.743942728
418.977463641
345.496209632
380.392379424
390.814044262
305.306014045
354.151874682
243.635494878
314.411444854
10.9983146236
289.071374881
158.923296113
178.027266186
190.650302018
110.944050961
129.542964638
170.432215534
113.803131167
126.813158538
45.1261780201
58.3150663938
48.3102658668
89.9406805271
69.1110691118
47.2423278646
29.8066305977
12.1255001171
11.655245107
18.5954511712
0.135004232077
31.3090970496
25.2302882333
0.136149781879
44.2876501372
24.9607929873
39.8325942692
55.3608648846
19.9329161386
17.8658682143
17.6778377814
22.5912040592
18.0404335908
12.4847403546
0.133533079306
0.141623309365
15.1341460862
18.6231757086
0.118068094145
22.6709458463
33.6710049535
16.8485067512
12.9528010937
41.8569592175
59.5893443161
54.3089110954
47.1701538268
72.7943190884
0.205784501663
75.415354333
70.2544388122
62.0654809021
50.0957757525
42.8323637367
42.2781876964
40.2993132664
36.5656510739
21.8881179628
20.7607008463
0.159590475063
0.0565472441582
0.0946185380636
150.153045072
129.927035718
0.243676407206
0.0837289472038
14.5896666074
14.2289848039
0.225713688801
49.6261946998
25.5236311956
39.9938355621
16.0898604706
12.2869275546
0.468693962421
26.3858157485
14.3351639866
215.375223558
161.249418841
21.4011050416
1.42638884304
40.3112866528
19.211537139
40.4904156347
23.4083625718
0.165404398128
0.231080717902
104.59007
14.9854400523
14.4420847145
85.6169520437
17.8365201164
0.300623302451
35.2364456089
42.1729991149
60.1506440976
27.6018943021
39.4194259013
57.4925757905
44.1166541567
20.8427342168
88.8738043366
18.6834928799
21.8305439096
42.3128494838
190.667807163
449.747046571
351.270194078
70.9588229927
0.0871125657383
41.8701795935
35.0743374914
40.7890929041
23.6110883766
72.6166828252
175.376012974
200.168171051
0.19947863124
18.6648666046
19.5006621013
73.6625316708
55.3753726414
53.5188428142
74.8656394688
51.9271484426
50.0644545795
63.7505467214
0.675971869321
474.52155
15.0808587091
0.450125097402
21.479852556
54.3310198937
273.760069384
536.784389298
637.093192872
530.747020451
477.692547979
324.58493838
77.6015970163
70.4529757098
0.0712250875725
317.449645142
298.984757939
331.366853345
458.670405051
414.370053753
0.174807546993
16.9666767333
0.244689089881
336.009487701
0.568154472554
0.300882389434
38.6088108006
44.0632412831
40.3371372553
20.1566870659
34.377239128
0.176006527711
0.201246215963
40.9207128338
0.319948826955
43.1152246028
29.0784588452
0.318614093741
40.6463785552
52.7198429767
11.5345832882
0.292598873296
19.5585409752
15.8047128
0.176043483467
0.237416099125
12.6324374805
0.365184684132
16.5055181473
16.9514739871
79.8019421372
0.131827515416
36.3973257969
0.0616176173944
0.0699805881111
47.3211335624
46.1577032718
148.684358805
494.169564056
15.3075648219
13.9115692557
21.6959492063
0.266078788218
37.5283857408
131.556414423
297.222434067
254.058940604
203.646402191
143.427009912
164.499749684
129.690787362
70.5854795798
0.112275571194
66.6094113342
150.569342831
198.689977645
0.223556347064
0.289385679337
58.4920902352
14.7069797393
20.6345643313
13.3241479867
30.4332775954
48.3482444667
43.1974628337
23.6844437622
42.0152762513
41.4930959013
0.06646377179
41.5642848082
17.1084469861
16.5542510444
326.51890576
0.118509826492
0.206904742552
36.0447209302
50.281627379
38.738899729
11.714929806
329.006092076
32.2907208306
20.8707016496
15.0567419683
34.5314472993
58.3384600138
43.0196822817
43.1107874949
36.5253472968
0.25724727766
10.3322651388
0.0622703132581
0.12506397747
33.1667542756
12.5879185847
43.8008285806
26.8430562539
41.9245713424
0.287187611409
17.3025066466
32.9112691953
62.0685554439
53.3323330617
96.4291676475
47.121903683
20.3740039823
0.221606289362
29.6116546177
13.5140215875
14.4104075909
31.1167771177
12.1649123048
19.1960575079
21.4236390322
377.525046082
347.013832007
321.557079579
0.264083408755
10.9109670941
279.789424084
0.314138461299
20.9746161679
35.0881362307
0.281747839806
0.239423311303
0.262908199945
17.5919747287
12.3097596187
47.4583992826
12.8092327717
13.7186652148
48.7256452232
148.583191964
142.448009964
93.6729983707
50.5396369429
36.2624412598
0.0928643311963
238.354754721
89.7154726717
124.962096094
33.8133950563
0.104662664874
0.089733373571
0.114386678053
112.239809065
142.032327566
73.1078598601
0.141264956663
0.260383730035
0.276849281096
0.309973181883
0.30509268436
158.258183387
0.233126634373
0.359386329227
56.320741268
30.8111927198
0.338595922901
0.308608932558
0.22443104599
0.31472347022
1294.00847901
810.986867885
826.017987255
753.505388014
0.562208287246
33.8143337087
51.2247768527
643.218971969
0.586630003174
1150.51803895
182.819601064
0.542559176712
0.538655110248
751.945860382
801.550014016
678.558018382
576.064419301
277.016670075
105.980877005
80.6892831538
0.144471954138
37.5409290826
0.299666338777
78.715490773
1464.35600428
789.884221075
665.374539343
741.679832716
68.7697275998
47.0979101527
142.347198414
0.486630834571
90.5880512028
107.405563907
0.0746439220918
1200.61698597
782.920099284
231.504883059
42.0940134246
0.315298527218
44.9927965428
0.404362258035
0.0524938446026
0.0604668536065
33.3313949627
53.1923976394
49.9765941208
0.059127569816
0.105219838036
222.183112886
110.599877973
107.922959065
181.70796692
118.324418153
62.5733770495
0.141545888656
0.083425693437
47.7509751496
0.0812811910117
306.849669833
602.412088336
0.0121806579199
1130.79474052
652.103284718
481.315089969
282.474080606
42.7377216882
0.0745732116115
207.77486684
124.377472429
154.274776853
224.1909753
1382.21851836
848.598616643
823.955766035
686.275422447
953.610211744
921.84653424
0.130907579814
838.516558755
924.48033318
930.333169336
1058.28374939
0.0772729767521
953.957434295
911.077967382
1123.98764977
778.199029854
983.586429743
871.067742726
1129.92314485
460.8977881
959.169629017
909.339504134
1014.58905225
941.513624438
933.841892344
1051.56135168
939.168636357
920.106093308
713.528639218
959.448672838
664.71468322
934.64763476
684.777013411
51.7773300318
33.2578968705
972.090813703
840.637442214
0.381697626031
704.542493446
1106.21201393
675.390164046
928.725985818
862.561105636
978.412926662
817.790630577
919.987376145
43.119111547
995.352785571
926.210897138
916.576136203
969.854170097
886.144630989
890.365825048
837.941139845
855.935987179
890.556979946
0.170016153265
762.266454496
817.290011889
921.238787334
905.96697456
874.182483072
825.933793421
877.049937969
38.6100489041
769.021421949
1236.56463505
197.193657944
90.1765715379
352.366190479
129.079935592
0.367756491643
95.3354058156
0.349810129401
0.325857278577
42.4970904724
0.232759013181
0.347518299288
0.320253071511
0.458378607547
0.418424174043
0.388404836403
0.231066940913
36.6411822436
35.6347446927
117.796710931
0.113790882672
0.132748111889
0.130153925614
0.118302167089
0.0904878315064
32.4503885799
0.145240831499
0.0742204380288
33.8170210528
0.182590334479
30.6345538739
46.7808001725
34.1687753021
32.5029146979
0.360644458016
61.2651349554
69.9689149704
144.400142897
0.180398987776
0.145532014203
33.0572633416
0.327826300067
47.6801498789
0.530364929487
31.0487059609
49.6443171979
55.3820527274
0.272874274908
55.8362423453
31.8975886154
0.476670371282
0.256088806363
0.326385539413
0.365264787952
0.479515621911
0.535023016232
33.4757199831
48.121680311
0.258487440231
0.290336068427
34.4092445324
174.241042858
0.278669435803
43.7159531749
82.9680056701
57.083259543
50.8747118842
52.8063755927
0.364316261192
319.270874302
167.452407277
324.188615035
503.232572242
341.70441664
212.824864447
579.522455158
0.288107824836
0.271850106499
46.2370799137
49.6704874605
32.7132449678
38.2722973345
40.5012069894
78.0813741238
244.30033609
117.902668361
53.5499331001
42.9373131065
0.310097520876
39.3290899195
39.0718733771
39.9088322996
287.457268132
256.895833311
0.47960287497
86.1740556267
36.7866480689
55.968180756
474.707545245
32.5959339505
39.7108913117
298.112333321
63.1343305874
45.6413888671
0.310314305827
35.0339194082
0.297721387747
38.4773093764
0.354250054174
138.488035567
59.2081751648
49.0589339808
29.7097781714
0.223708052494
49.0723309923
109.503725828
40.6804487328
39.5890825037
0.351448026787
0.333035634498
57.89941675
128.943062198
31.8029593106
63.5410016667
268.839034896
752.961119843
42.3017821558
556.289185547
0.435756464689
0.647829708233
78.1574678794
192.580720568
35.9457429074
30.8792584371
163.747533342
545.593667203
612.820858278
479.978811154
217.743863034
37.2070639095
135.498254827
92.2932592269
204.354888825
43.9971712215
217.425717765
159.796806593
0.450444291598
0.389800724577
0.373053963038
64.4583703543
0.334646644429
53.4641996225
0.288876751586
49.8324553232
0.187636016866
614.834117107
0.359005988161
353.382302395
170.353872228
31.4704932365
107.316244542
0.269270488348
216.340855078
283.52932299
276.142861948
371.023135061
311.902081012
320.23167847
198.948160612
448.133241818
274.719605025
304.76174439
280.568446312
242.353339531
226.240518348
82.4915645112
0.578341824266
64.6405755875
90.2531887466
71.3712493338
34.8981632182
0.436526484856
0.495292899855
33.7225193442
32.6661279539
0.198781354954
130.856907916
131.62196568
0.235060575948
50.1904298286
42.3710929714
44.3395483163
43.7179281166
44.9969187126
129.203520569
214.876172219
31.2802945774
0.258137106494
0.297445818887
0.391903262722
32.3405514184
71.8737103879
122.268316539
36.2532708589
423.080291573
355.865670528
328.076976933
324.611799295
0.351833695677
174.943342172
276.103075711
469.29209816
453.592394368
329.975455591
438.416928834
329.748562932
121.826134772
0.197428062446
0.19700379074
648.682314117
128.914263049
74.1040563706
270.392682499
369.448068625
436.054885372
316.371259498
300.009955467
449.476627144
0.206776881047
0.207940609964
0.287244531126
0.363118579325
35.6441236107
0.426509517873
0.302718015857
36.0602053143
101.505220521
0.00617410565333
151.877429516
508.083964145
489.430630249
524.624910758
316.353233265
224.707218426
38.9802499533
229.907698662
73.0487938133
0.915690935697
0.954241962845
1.12635620311
36.4796718465
520.367873873
32.0501293072
508.765813224
420.200591131
341.385807218
185.889183937
49.3518583066
0.95906043953
473.308897899
471.810618218
509.133257628
415.186289094
443.554598532
440.080535948
501.512450415
344.897176771
477.744382762
475.847146535
467.220011512
529.010354716
469.489730722
569.754873372
515.150585992
460.434403186
387.263909987
447.561582061
0.514414407681
246.134454486
320.85170649
323.50983722
197.052158582
0.721501157877
0.319552392383
0.295391604233
33.3119415592
36.6295009571
42.7600235169
0.186316262874
91.7213947749
81.7850751118
59.5855608818
0.164936313494
0.186467677732
44.8150170195
0.177972989432
0.144726638774
34.6699061375
52.0104077381
49.3473103597
0.242919501554
32.0570955855
0.22753832968
42.9640903542
0.323288656445
0.349075234575
415.150117314
280.962608219
281.736346695
481.46285645
549.412719712
430.121797747
379.232760529
96.3131863738
29.6477809524
46.4327957365
44.8962671141
48.2229685292
0.44617729127
0.369130248629
309.460220556
278.671068213
261.638448653
256.626927149
41.7608298941
245.994203706
224.854482548
230.482566009
0.402534563892
0.33635321968
238.281036363
278.722924588
0.338959067745
0.267362746378
266.765116472
249.966263491
265.827080349
0.240385946216
279.098888719
257.790808157
240.390319006
268.03470698
294.166693689
282.760632059
286.723841274
308.059563448
39.5589721359
0.374742299934
167.834071044
0.516144046848
0.583824512919
0.576696929719
0.63909476084
0.300600937543
65.8893788919
0.256596990228
409.05814946
314.610636306
264.328162547
335.421845658
233.61046548
0.128807074366
360.672720216
39.3483242245
332.46822799
349.088221656
38.9071291948
43.8955141234
423.095332784
424.277696532
0.229006166087
180.006853555
222.826286038
313.122640525
48.0282964538
215.709934004
286.611186001
116.041360639
53.0957565513
0.0644608506217
102.606970989
41.8881749756
100.105926846
62.3235843844
49.3497872789
43.2608172376
72.1221049981
754.888673907
0.0409253220969
41.9747788118
151.908137321
35.5106480588
48.1970389947
33.3475582516
564.019930987
673.012333817
511.061264375
327.636479155
46.8603799303
109.575639726
0.233070097796
38.4746149282
139.143811076
158.27456831
142.866054002
128.719709843
39.0635530047
0.167716230795
212.824328342
183.220059591
45.3270316693
83.9889645105
194.019062327
648.612029615
686.726392858
0.140860199139
590.379129333
159.778776399
0.17119151702
346.445624173
0.258745289623
251.13997401
42.6246528645
0.120624041881
52.1191191858
0.0744639317341
0.115736836497
0.15856599127
199.032574805
0.210755826466
204.944361341
188.936283934
179.005744358
152.693494149
118.112437703
34.7924607247
33.1379614203
94.9339557011
133.234433055
134.890505383
86.8008307328
223.687337431
127.629626971
72.6586584561
172.061342336
208.351175538
205.815900161
0.145764120458
0.0826648051779
81.9682536033
71.54880373
58.2840087349
429.524858576
123.869868792
0.0665821244923
31.2567759363
0.0658716001495
0.0711259694792
0.037995356753
138.179477547
56.8088681525
126.772344641
62.1933466853
392.979746442
31.4099881858
0.220215031216
0.22558734726
0.250186731348
0.273147289099
0.258048892192
102.503175481
95.7009256484
91.9885251092
93.5908615502
0.203549494929
0.174464806927
67.6469229934
62.6451798318
52.2287079131
0.148269872414
0.144245742343
0.137207536515
0.125949872319
0.110796103408
0.0952041597778
0.0573671409847
0.0519342616118
0.0489928997865
0.0464597522638
52.2377910134
0.0511316956829
0.0495550389973
47.040239718
0.0353102768774
133.807041418
96.7442579807
0.0185891131883
0.032103269495
0.0349657531599
0.0411191162166
0.0416047175031
93.8465429972
0.0417895006009
127.865221656
0.0240546201085
32.7780860781
144.671325944
41.3164310838
313.454472891
0.0317009575562
141.755244545
129.790490022
169.689063512
0.0256867078302
0.0328036385442
189.067789509
144.268591802
112.178878816
0.0142745176049
0.0040265228693
55.6168839767
93.0058194324
59.3882949188
48.444039096
0.0104573002984
175.518351269
191.508954623
160.557463059
108.251953257
0.0216001897093
237.378225702
409.410103123
379.244974856
363.541388118
187.883887358
0.0
34.567930048
131.937206757
149.320502354
150.234216712
0.0
156.932659608
30.0325455179
105.240727072
0.0
0.0
0.0
0.0
0.0
0.0
0.0
0.0
0.0
0.0
0.0
0.0
0.0
0.0
0.0
0.0
0.0
0.0
0.0
0.0
0.0
0.0
0.0
0.0
0.0
0.0
0.0
0.0
0.0
0.0
0.0
0.0
0.0
0.0
0.0
98.316177144
55.3843636057
80.6580808425
0.0
0.0181688792661
0.0191762667691
0.0190896458191
0.0186948515649
0.0174043542262
159.663170084
49.7809349387
0.0
0.0
0.0
35.3640593899
0.0
0.0
0.0
0.0
70.3328195995
40.4585889161
53.0935160448
0.0
0.0
89.1824729482
0.0
0.0
0.0
0.0
100.363476181
0.0125746820571
0.0358950464026
30.3393094856
36.476757603
37.964410787
108.94323099
41.9657475928
103.170512619
0.124730428253
0.143103169951
0.161658774742
0.208225062478
105.241701338
0.366345686948
0.238692194007
108.974619288
100.616818727
0.333620344284
91.1776590471
110.844160941
119.270885211
123.309081114
123.285308781
0.20414823266
0.192354435671
0.190786238742
0.226690327591
35.87079473
0.145351112604
43.8248734545
0.103733836131
0.149446323529
0.14251319187
0.18477787859
0.150944371605
0.159908896791
0.219526979752
36.3691220605
0.183792931246
0.202404962448
0.257280681886
31.5290405123
0.359664585035
0.398862640278
45.6790612715
0.346447944278
0.194607523347
0.256147570127
36.9348510054
0.16460262041
99.1273760802
0.174331916845
0.279075551199
188.528105336
217.535386046
241.612519253
0.268585654661
0.273528879118
0.360939543008
0.35066269718
0.302062633188
0.276521427173
0.249976771283
0.233989601263
103.819024322
0.241055719671
40.7374216942
31.3909954118
120.439713551
0.205778082914
39.0265059046
0.173135300835
34.8218372359
97.9660105491
116.097044602
0.130812798893
0.0766287159462
0.078034581692
0.0837379315971
39.5794004024
81.5744904194
0.158900957064
0.089376276728
0.0334996664079
46.5514557186
0.0489695478914
90.772669297
0.113470384193
0.112533889951
0.104237160972
0.130254997427
0.112289364209
0.18982681416
0.119491839397
0.119370036849
0.128170141523
0.193024495739
0.258528409347
0.266615352925
50.4717721535
0.391599914486
37.7928454917
43.8973334523
52.2610631334
0.357899754998
0.401066167564
0.380612392634
0.330420771451
0.2928246028
0.272873913839
0.281386630848
190.043661938
185.017850485
102.829136568
0.193404157146
42.6400259452
0.260864368429
232.059258292
46.5017541961
0.33245656037
0.352344726655
0.292227814097
84.9808155576
0.327148046492
0.254867303901
0.271579221518
0.482689766726
0.343591028288
0.218014896558
0.347744439152
0.349824199058
0.393950704255
126.380721497
130.176862138
118.394495248
105.647155549
95.1152837793
0.149176630526
0.114172068763
0.197235385677
0.160304078877
0.2028626699
55.1251630599
49.8254384303
55.8939781008
56.5299156356
0.255933037223
88.7494015119
30.0642286811
0.244088679981
0.250830615612
0.280417508869
0.296281126053
0.214772727172
0.337159020665
37.4114594371
0.281273665232
0.383221557514
0.409092370605
129.134317467
0.52334605907
83.8960340537
0.28524080544
41.312472864
30.2260453935
50.4295951483
32.1080073713
0.470946257014
41.4055457544
151.771254289
0.332085402327
0.319584499314
0.325641475424
0.31227355389
0.262211766668
0.270063761317
0.279109456457
36.8997485015
102.72497036
0.244373173565
0.346366486657
118.694809895
0.283040905872
0.278788032906
0.348153777967
0.344042270264
147.92472675
54.2172035719
113.912436737
0.273207796362
33.5662215258
33.4570645872
0.407799990804
0.411952539131
0.382192651439
44.2133812777
40.3296775106
62.1734227588
67.7773833635
109.728118779
48.2042824246
0.242886406833
58.5241171269
53.3729606266
0.29259643574
46.5136375193
48.5951181594
53.624970215
0.246081485555
0.259474140029
0.294819487946
0.299192101126
135.205644537
48.0839424574
0.232775474102
0.235548416716
0.212118876515
0.215964539877
0.217275182195
0.216387324756
0.21251611954
0.204246301529
0.194136343071
0.168183691083
0.160779328802
0.173799981551
0.182099675538
0.1955017054
139.564144361
39.7270983867
111.252165533
58.3311104905
49.0370770914
0.195886546053
0.280321371402
0.215882202621
0.124666465969
77.117980268
0.380356380757
107.883471874
0.255587957089
101.601918886
54.0805639447
30.9148455796
45.7802643397
0.270722339171
0.238524852017
48.9364722518
110.029486814
138.170966302
150.656365883
0.299775229348
0.250705353922
0.233812008731
30.6627586382
0.276970802767
0.28177655658
0.281933867508
0.364356632629
0.364134598688
0.349165287634
0.371403124595
0.320513346684
0.295368966001
0.244128825749
0.226380979441
0.221710435791
0.220293795019
0.263123976036
0.279125133894
53.8034295778
0.227029028507
0.29160172454
0.277463960759
0.503882156053
32.6930190203
0.345206166567
0.295041549669
0.36909297056
0.377752722483
0.356156759595
0.156299350946
0.347566022224
0.318269908109
40.9278061863
0.341467469605
0.316442357133
0.290203021409
0.279696963096
0.273940565573
0.299041937166
0.256458497266
0.331431590616
0.414015222073
38.9025904527
0.118317495226
0.161160150829
0.11917318234
0.12600179658
0.130998968644
0.197410021375
0.169976512314
0.142905587821
133.069733621
0.095181535071
0.147217356491
0.169028442048
0.273111100204
0.0972664489715
60.3417123808
0.108003229124
32.9752308829
39.4078383528
42.5735423819
0.0800305436516
85.1973038089
0.139516650888
0.208846508288
62.9917614242
62.4297175889
41.1809739796
91.630548218
34.4698129202
0.345937836947
0.343518344204
63.6465622901
59.8535828948
0.310163753801
0.285471605752
0.275456559423
0.180544975099
0.161829507549
0.137064807641
0.165481319964
0.2048373328
0.194973768333
0.152064217604
0.244164553085
0.15761013225
0.220455405988
0.290744446512
32.7099618698
33.5522689142
51.0666294911
0.416694185758
29.7679388795
327.922602379
245.103483559
163.90536168
98.6601644397
0.272934045055
56.5414124158
0.315007563765
57.54319807
0.358181681741
30.9105869675
0.27289590516
0.0741737530841
0.161523943751
51.0436880181
166.296339242
177.365111164
182.523464242
193.116860265
182.247310473
0.312955379391
0.324517179801
55.9422682831
52.2006571185
0.398835036532
43.7726150428
49.2388315411
351.632911387
330.797059904
123.855981821
99.1674749375
34.8895509821
37.0664387485
0.520148714561
0.48498080659
37.3140320799
33.5616466856
98.6152578575
46.8760696071
94.538205376
0.385766785434
0.292602015638
0.303647327565
90.0451879641
0.486549185542
173.354254395
0.322179893061
0.506239745674
0.3016358156
99.4971521186
31.8402210883
29.8837548175
37.8888149577
0.238756124147
0.35060603232
0.314770955476
104.135363066
572.358567008
34.1995553654
60.7719429675
202.607255216
196.724068115
43.5296300069
0.239245219683
0.227847753745
181.45504786
0.279532725456
173.116759552
60.2462255467
0.194209417852
39.2997474989
43.0015607741
33.9673320585
0.346645530373
37.8448165041
81.0444546299
34.4123928437
30.627632054
155.427934797
57.9436090185
37.5074878187
0.169913503303
41.8259044098
370.74225058
670.614495721
937.492240002
494.844939212
468.807668027
190.09720342
33.3429631418
0.616243547734
34.7230508962
0.649202410362
230.420367748
154.36140419
43.7954574819
0.791442308707
46.2914189791
0.754345047332
38.2683223966
84.0197000208
665.941276342
421.382574538
452.010737492
407.063229651
89.1980660405
35.1625812031
268.638807763
0.61776277515
139.448126684
108.819494632
102.109764165
79.9375496256
148.12424971
119.302381279
129.208114055
51.0790027688
125.296928705
93.0067707021
42.3268381004
38.7519930932
0.102284368419
119.364817812
0.296292949224
30.3413484212
0.219183650089
0.148669480573
36.22135193
0.211387340139
0.192889632785
40.5512372124
32.5421402205
37.9002150072
0.422862928959
569.065122336
130.481795158
0.416600605841
0.350264940403
0.333317018788
49.4327628071
123.502319442
254.925606507
144.679642862
177.486888013
141.261235649
145.840395491
73.3696023629
44.0124944547
43.278009828
35.9371549811
148.980463329
37.0756042337
0.440381055833
59.6616118302
90.6534069725
0.713473041099
56.8963594011
35.1981096728
0.413772323349
0.306734657497
417.852175479
179.112257481
276.149399727
163.200330427
37.1265298357
148.872990006
58.9898670602
94.7813372185
37.985244935
38.7516813456
91.128513108
65.115150962
74.9121427122
44.0394973308
76.9370035342
54.6608676595
51.9264091623
46.1513763533
0.336340656688
0.626904164359
69.019113374
0.177303613723
80.2104563406
92.6952051885
0.179288741343
0.172469553252
0.172891944568
0.168030136646
0.189724641243
0.158965014392
58.2852358146
0.18735189242
0.187350893502
248.342977311
188.603262847
154.579402836
51.4633038906
107.993132305
104.053333307
0.260705979088
130.429569084
0.19455079947
55.5398979158
47.7508775935
0.129689564174
0.131277189147
72.8697238178
0.312285641842
0.346859977069
0.331562328946
67.7179121514
114.155003694
58.6300136144
0.168193998265
74.9648081279
0.345662802175
0.45837648995
71.2381420788
0.589432473711
0.564934824789
0.69955549246
0.769526020036
54.7357106428
67.7435343059
147.194442699
108.178131081
125.161101699
0.38808306038
0.521263002967
0.277339910871
0.569032268398
68.1831399052
0.602081140624
196.957627407
211.560151481
53.2705349788
66.134947493
0.586087722863
71.7849161293
49.8532267894
142.170664148
83.9073055679
46.2791083866
158.112877719
0.431715963925
74.4413196638
71.3215590053
74.9048040425
0.760831027397
63.1704649086
0.61153647481
154.456277616
104.219773134
0.271364386513
48.6620236445
72.8187897329
43.9328569594
44.8735666055
0.892076393153
1.01762710672
0.608684810822
170.872244522
0.753932455916
0.791901345026
0.831286677025
52.5951698276
0.886694765532
0.94556204
0.942029957501
74.5586662793
56.5994827443
0.777101800883
84.7768841125
87.7948357541
97.8399738001
0.646458611063
0.744610823666
62.0142125609
301.750860776
0.647830900953
126.875848137
43.9370170736
66.239045222
258.573016732
358.368286581
68.4338000378
147.925632757
145.239954652
109.77785774
82.0895754673
60.2232413539
0.794701084231
66.8503127623
231.894876523
64.682533753
62.3559936867
220.358014437
67.2251094743
78.7682846043
63.3635279523
0.921120351153
64.3826980215
0.960408859432
1.20624750452
1.21719178786
126.23158981
269.023292041
1.39688342299
1.37886302098
47.2462162913
1.27487001747
61.1452565445
0.232585020692
1.57451863603
1.15647817728
83.0555155577
101.517031317
87.8722482113
0.218917278651
160.411727753
129.844575931
195.23636076
313.54239968
205.846769311
264.13372921
0.461556157441
51.4182371488
0.499740369751
0.677241616684
242.12433104
155.892022092
259.272090758
0.739443316779
0.7116665636
364.657275607
318.114618817
0.584548159543
57.6850702616
0.255248976453
77.1704671093
152.384451388
108.102165313
0.593584843844
0.61881400923
0.617133129863
0.657425559849
0.627561303696
141.243326177
0.567035575058
164.07719352
96.7178966625
96.1300193566
79.5313322807
81.7524975022
91.9705193727
50.7306960307
58.8911071834
1.08899785533
84.2401534083
73.7282512639
0.67306031795
0.548796130617
0.528580920309
0.893000520187
0.830186271415
76.1243996507
0.377771957018
66.6034105257
1.6480154194
0.365761536778
0.386637399034
1.75250673438
0.321155975453
0.138850163665
0.115631669411
0.125484875168
0.121583827602
0.115905955161
54.552190361
180.675574246
59.1931524553
74.3307630634
0.213748941321
0.201268715437
0.105921439702
51.6055824301
0.193411135256
0.204541875951
50.8512618038
0.162678189845
54.1114240615
83.6442174781
0.178135732692
0.192255874694
48.7350728052
55.1043260868
157.690207829
270.33586357
374.499517148
607.847143819
405.473720599
321.010617972
390.073362445
252.894591833
60.7494696017
138.197832076
0.193855634744
350.835481139
381.149033824
266.89856143
183.115475511
0.397110839275
0.508917330933
0.49446745287
0.602775736364
0.594105611828
47.7614826086
162.156015189
182.895244268
0.308794064408
50.9060543865
748.107862933
692.644838689
203.728406547
0.581286744333
0.49051055473
678.126178534
1039.0732637
1121.87574831
1156.6927675
1330.69042016
1154.07216519
1234.0418412
1261.38012742
1142.85231781
401.18265838
49.2728659641
113.232288848
44.6284253461
1.31730369897
61.0485044967
111.660304672
1.60500278497
75.9460571229
51.1495530719
351.868531325
88.9478768233
180.746480533
269.083317264
146.955962859
169.734375844
219.061376116
43.5854566143
1.14122720509
301.322499517
0.974590450856
165.889464137
76.4862447148
164.3239036
1.29155342017
68.9242643922
148.086710649
147.614527916
123.461016051
0.737776528582
218.698487762
50.8539741742
1.42637132172
50.6044383315
77.8076588165
209.028439023
137.30622632
53.0041667738
179.393558464
302.886553701
1325.76666845
1251.65747454
566.967698736
45.1465841359
123.778142361
59.0220287728
49.2907274491
282.490838081
258.988816766
268.353839727
157.377219957
2.80013346898
54.5468485764
359.457109722
2.77250256213
2.82564989901
72.9674791008
110.105724132
2.85789407998
118.576073361
54.6231058546
51.1521578554
45.2879639543
184.29507088
79.7492763435
51.4047401296
1.85181460197
1.77871393998
1.64227158885
212.286339352
67.0728336554
586.550115944
579.575043415
406.679488896
222.627123453
240.235448048
450.47871971
416.591770106
376.620261424
412.203762655
212.94706737
323.338514116
331.458078905
294.135657494
279.590702697
264.230798139
341.672153839
212.540482781
172.188967596
137.513337303
194.631077459
117.999729709
131.268043457
75.1201955303
108.904356134
170.037267709
1.23232047921
169.65239453
204.719842828
46.5610572337
45.1423244443
81.9023024844
158.125318933
1.70766474841
1.51210141331
2.1759782071
2.16401741157
2.30086455993
2.35299782996
73.8696764612
2.6031178474
2.74086088863
61.9242193078
0.17879499815
0.204862665833
0.163456545735
0.179817535223
0.300240519692
0.292380025818
0.359176583595
0.335512020414
42.7378871291
129.284855955
152.613057637
54.3330448321
105.225947436
62.1778809851
52.5338090674
0.33166766731
61.725048457
43.5139824737
0.322287958961
0.307882940428
0.334744443711
0.383014551116
0.295256862714
0.290267124557
66.3396828541
0.282100836704
0.268627762123
0.279760656471
73.6151547291
0.284210843338
0.193196636716
60.4299629098
0.270194031249
191.685343729
0.435368682329
59.5134565254
57.5054286475
0.341711589908
0.498034226043
0.29226239234
0.276573313512
0.748428593038
0.865236317858
135.786106828
1.01794483012
59.082326123
127.350717431
46.4289709147
213.191723691
115.104302788
155.897033212
53.8573355054
221.325596895
53.0011209169
75.6440067838
60.2354445172
65.1352835028
71.7266067904
244.022011256
71.0417649693
116.021690789
265.201763286
72.1376019931
60.7631148342
0.301747542472
0.292922470793
85.3377891941
0.297166665392
0.453844806677
62.2390597103
0.550699116564
66.586597113
95.0324712681
69.0194205132
210.745546891
0.501874005335
178.127448756
0.358438904621
229.101717468
220.558958139
1.12529265652
44.0598972448
1.07377527979
0.978014014641
195.556938766
119.19755473
379.96726099
309.554647428
401.713419068
71.6991504673
45.5598555527
57.7924178565
47.8501741344
0.647978989281
137.652155106
0.751098887107
0.717892888073
0.736359891843
567.799738384
405.052843604
315.812865309
0.711390295475
0.721829800147
0.654830162313
421.151950808
266.760297489
329.108528417
452.811699249
252.969890578
472.480043773
317.849360224
630.263034483
323.110183854
94.3053173424
272.215956142
531.750031737
412.296981086
140.199400512
396.31615791
349.770763323
336.413221341
365.855666941
223.394027056
332.975427965
258.023010161
149.927170834
174.918357384
171.972923299
57.7021004686
0.209751645017
311.701075762
79.9617516617
0.355577481341
74.3303875805
0.175794201566
0.174078871002
49.8165800949
0.149157497182
95.9332330228
61.6217745862
176.054908431
0.357275017784
0.369971684774
55.0188853493
0.53187628633
0.508845801191
433.102224092
356.658962766
418.178311326
0.225098274146
51.1472675866
0.350326674415
48.5707904205
175.262606511
181.372416265
293.920003878
316.45702105
351.521968232
175.14428786
58.2219617294
0.260063782795
62.9447798899
116.76461513
94.6120350041
195.944747563
120.172886636
199.986454012
119.082979249
43.7159722643
54.3672036342
74.8127434685
74.2100683155
223.874536791
64.1920552339
918.117331703
1137.20168869
422.904001644
47.5734147921
54.5315482608
0.432707762442
65.0275608341
57.1844684362
250.793809187
282.548033294
90.9896608785
382.671098799
336.777004012
436.834515754
476.811279559
276.648642077
326.444882163
0.254054787881
395.837651678
0.331923167012
0.263276198753
671.588142196
412.696251626
853.354310128
694.834225675
198.071477588
0.19892930579
0.161193002583
0.140369149791
0.150262201829
123.48148199
0.150915231761
60.6562482895
0.259595037517
51.0488207461
0.317714387521
61.9084152669
0.268178096574
0.304720017364
0.220931771291
0.296737767823
0.326625762617
0.493424378518
0.665713168785
314.027861148
0.553418438011
0.517382345954
0.587109586254
225.153392531
0.516118546622
225.564674465
320.568799366
0.568233419881
188.50992092
125.593192796
0.733495300949
675.008235198
531.125144569
783.163718844
514.021044737
626.799938871
464.81665032
489.64015776
649.389608887
455.046550197
451.314966399
368.129930678
107.954741472
54.6241803269
67.1984941883
49.1882876378
0.189816060776
0.250944513996
0.302507623434
48.4445562139
58.0338569642
93.4124090321
70.3406043229
154.569834704
184.077976009
73.5382938313
0.243804242866
0.220073189974
0.214047206596
67.8295259967
68.3991104036
0.268239840263
0.249782937251
45.3830967185
0.182342239188
57.2737789785
166.98878203
0.251022026065
0.217123916481
1530.80436968
1733.15465813
1682.77584486
892.718652648
0.247196378739
567.935357457
0.339852215747
0.347528813842
60.7282391127
1189.69950112
0.283007734307
0.278619413127
46.0038066779
48.4906188555
0.317242853205
57.9092717691
1059.96158086
557.888137832
439.478140024
156.425396097
76.4289997383
0.137705559507
0.283424472045
1698.86592509
163.865748937
61.5201044335
1207.85818005
842.624517076
814.123107347
1546.92813732
44.9416157296
67.0704616909
70.7623070339
396.545011209
0.220538985978
365.896933959
976.885672455
0.782419876382
318.59269655
44.8736766113
0.979139171724
67.5931374944
54.8231179957
47.0358855636
62.1558794354
223.598301444
421.9487062
109.954198478
43.1520175045
1.00816230375
43.7703460471
52.7445149956
57.7142676082
132.174794655
44.2639722998
45.0818130185
125.687211322
132.225867622
146.637591183
59.1988920828
114.718873983
534.513221457
0.695599421909
0.704385755895
666.526049922
739.966011328
50.314822572
79.814382065
97.2829138534
0.339275203237
0.495316143684
0.695142720155
101.173191597
61.2456031273
1441.97586283
804.810124748
639.663592869
946.530207224
1157.07270987
766.129491659
0.22169197579
689.99537109
974.574660361
876.930936576
967.338560625
869.980448139
1047.23078895
1064.27622358
941.557913364
822.847863728
844.541666248
986.421944285
744.061149916
677.394088048
929.155434307
941.601399842
1017.50087157
833.796913734
1006.81558652
954.448727575
969.055154379
772.722364631
43.1392481803
122.129429363
0.399514959362
747.256085266
829.249626379
924.339502862
117.791555852
760.580332792
55.8824843472
522.32273051
725.999552547
468.934440405
794.47464191
840.742471843
912.640476318
723.01862084
954.465837149
48.9612535999
811.869572481
0.131039640197
45.1726523399
54.9489435673
0.108956031266
1056.66732592
392.329365417
804.138172659
63.4155435799
820.197375915
617.360385751
761.634226233
589.368908119
909.450742819
933.143213586
767.970602664
743.640463122
1045.81885988
758.244535957
655.919147434
804.839307676
292.875539344
47.3704985397
64.4249411347
82.6827706441
0.471244186081
50.9849628089
218.094119757
154.391048411
94.9347330929
45.0839939014
161.820948032
189.577634509
56.2548217747
143.439820543
0.133540993708
45.5823803401
71.2374658285
0.128633901035
66.3120255486
204.787028222
262.470247243
0.196783930948
74.6107072431
72.9858466366
168.787904318
46.5352157808
312.737112579
288.455592854
251.637059068
246.493243676
180.503078073
46.3138077171
153.030342373
47.7901336167
1.35422223507
155.078737616
45.7689847605
0.399193427441
70.279120331
87.6041353274
130.674438817
79.0441451043
0.525984255813
57.136997365
0.671666850424
151.6643663
176.4547498
120.595385831
224.628290027
226.307882073
81.2774902743
81.7983813432
0.771125979569
330.829381615
483.962149894
394.499797223
0.728284321829
111.36735373
118.929842452
152.949239846
0.389042698047
371.491323691
423.797374891
313.848170781
400.468740677
130.603652262
283.957300162
610.382231234
272.92225155
694.84631149
519.503892881
561.871115177
163.626331495
80.5182068071
80.7544310299
67.7839135
0.450670362699
0.501054992283
45.0550030629
182.308939564
43.7250095384
171.064880165
131.389960857
83.0242413539
0.704833401701
102.862332524
0.830566347152
74.104131312
583.613355546
73.3744560888
0.662904322421
209.693664328
0.432728805215
467.672074617
342.094555775
256.569942513
48.723268541
402.133184081
52.1386672678
54.2532541997
70.3028252585
76.1285585796
161.197780272
0.262231896888
0.233660645321
0.312891681645
55.6199474846
146.038050808
0.172328885492
0.262052511192
135.61214016
122.854565425
63.6205052565
64.8845617863
176.764934712
58.9920615014
81.9191251181
0.412498323205
0.474418098968
240.877896559
56.1000899888
99.0679025664
226.753614802
463.623915092
1079.03831331
44.2887223422
46.5672311856
141.373071454
0.484889793992
44.3892181032
94.3006925356
183.222159937
0.187532238764
58.2052312106
0.18512326744
729.540405413
0.222725162756
62.8648152664
260.526730039
56.8841656084
46.5890911729
0.380776834906
424.151007958
300.604970267
350.354501176
983.856533687
740.736703407
314.426712646
448.794630892
52.9854422388
0.243122913602
282.139394568
504.261029324
0.28425682827
289.490762627
48.3428262288
188.695236515
42.9718428294
0.688868626769
0.711003930148
197.551026266
122.980023942
252.060193447
264.603378963
212.70410957
396.663913199
397.37242615
488.065744575
364.074277124
360.780757897
403.277876068
336.231036689
272.155424921
184.655195843
253.681926761
116.852039998
48.210063485
0.535423273199
0.511090746692
73.3172681173
0.452994549418
101.071543318
134.438345781
57.5029832071
75.0733351408
0.0884388644824
77.1786401777
0.136513598251
0.0818309952672
0.0833495207495
0.0837529695743
0.135552146071
62.5593991761
57.5379967254
173.223247955
54.2963904215
0.314241835574
164.748313454
138.311196471
67.8556764325
0.261154782421
0.152885283871
1218.64061155
689.261297565
654.715596252
0.178323222573
0.140582092946
219.09765085
151.144269656
323.474027164
382.923411139
510.044265536
258.869072239
298.96024031
200.783945617
135.605352147
45.5318778501
252.611305457
284.367968514
68.5019018289
96.6753897911
190.723433275
242.311672178
250.296737605
270.687057334
78.954981704
753.080552963
0.211597282936
61.1045310521
134.612201264
0.27825062722
0.429946074759
65.4495834657
237.311775643
0.40621448512
69.7879898106
0.5246937144
366.128058722
247.234419704
270.983018943
384.085323228
262.804892631
133.758989352
582.568978632
0.166432840892
145.409044486
74.3056004947
134.358101653
591.055875045
909.059729474
995.778671598
521.115409985
594.108244787
467.68017213
157.444908094
0.18588939296
0.194191705314
336.460648459
402.25859618
265.959143777
447.857112981
0.393272133044
581.296581153
315.042253393
501.527895814
480.905926691
501.925342708
0.59070996566
436.561100318
424.249367733
578.941869327
554.321588089
480.318625949
468.778314442
393.214685165
425.916133026
323.663135887
380.077817294
290.470167753
65.1332027655
534.192897988
395.041251842
384.886561849
240.760457626
277.059789872
356.54580456
166.195603878
0.222624167171
432.500555307
149.241115846
184.480024703
65.3493895436
53.9846716758
0.207770873612
0.174650944587
76.1234451207
57.1530394488
144.145290425
0.177740679478
205.843424546
198.549881904
0.177710036957
0.20081117392
102.56723118
0.228551036456
63.0837560627
109.488903235
255.20116568
378.042588477
465.198048788
441.188318321
94.1718236409
74.6863467809
46.145945999
0.413865234169
134.620136322
0.444419009286
289.574094064
208.760878988
54.0259467399
0.483591417667
0.453088965748
529.426534568
417.029548686
0.406785054592
0.374148860276
522.756577055
587.29682498
330.923539884
508.126159146
369.401945058
287.897119612
459.367062749
0.361180284593
0.302346351879
0.272510384864
381.510605287
376.859154285
495.021995183
483.722996474
330.954898739
0.333525498075
356.992896843
583.287362393
420.963729025
409.263594876
55.449684247
269.667746985
52.7179091504
0.521109517193
84.1037416003
166.979693322
43.7188789071
71.7488404648
335.633188218
395.264376058
288.359646904
231.141868161
132.367792604
45.4283879007
267.998860303
471.026803554
544.551817623
335.086341525
454.532911536
419.287470672
295.40802637
387.637657661
0.42598023202
0.384759161492
95.9653095697
125.327551592
0.222466261936
218.622866442
87.1772787054
83.5348021728
0.318901751091
0.428232159276
47.7458405587
64.225013563
0.530005739951
0.503210121925
111.056873357
0.411070093142
276.239020884
408.698787391
0.636439784966
50.1400047193
290.442506273
43.3912830778
1111.36946985
1785.02472707
1047.14322919
1132.30913315
1044.35204031
434.593671567
89.9386054462
115.063708565
71.1579821878
136.19867028
188.779386481
172.82424497
189.685393097
172.354479405
155.646616311
599.986817041
81.6242282053
83.0685942283
0.384375472714
46.421467282
107.694775877
1947.70992082
1436.19769944
1167.28080715
1103.81517669
1004.94338882
211.866719396
1342.37607881
193.872647995
199.438533581
1172.24001308
0.49306465349
69.8980870542
0.332663213478
0.588459134789
0.316417688266
0.26676582137
0.401620363688
0.318426704405
0.306846408693
0.192767081419
55.6695931341
70.027437916
55.0622196436
53.3890437659
0.0811231216427
0.0891444619313
47.9543058734
164.036802655
62.4791498749
53.4214455703
53.0358670449
0.297957520761
0.0415772362227
53.0424474525
95.5417204265
798.899482981
69.7541195547
104.181279586
195.269896966
299.693866719
0.152896773192
44.8821220077
73.2803776946
127.828298494
133.356167272
0.194011948878
0.387172457062
218.854985841
68.6935166491
104.85672669
228.685763669
334.038031542
229.013715483
146.571288484
295.367535973
227.20787254
125.421048115
148.21930664
210.413980508
144.065380775
0.257941426023
0.429596307821
0.473238498179
0.422991046612
0.393793722568
59.9223976728
94.5271811374
126.305326334
374.396239737
0.342771790864
0.314325246524
66.2978752122
51.6482232939
0.272659721499
0.220649761436
59.2256049454
85.3449896926
64.1699983209
0.131790000253
58.0714404742
0.148722311836
45.4313773252
133.331291614
0.192388253364
178.899141357
0.192979513808
59.6588637928
60.2486321882
124.936747396
52.0121625026
0.283078084764
0.410354081981
110.249247944
75.1284877019
73.619566716
222.159506459
369.059495979
0.234000423248
59.067217464
126.748631304
47.0441323964
0.0806618262419
88.2073766311
76.8599431494
179.463282066
382.035004974
572.396186736
449.252830921
0.287799172832
65.2359773352
63.0891142524
229.433688307
415.773880555
503.246937815
343.677745146
75.3854453597
351.40347995
119.94646704
164.699660375
0.557944209039
0.561496588213
218.296115877
0.563016542449
96.3612832738
156.722902992
121.447518322
57.9068896008
214.927211138
56.6968240949
1.10408229334
1.01305875902
48.6559277213
76.7094917068
0.848866411668
184.640215141
0.961356758304
0.880154513854
167.323063884
0.914508462412
0.845988611792
52.7299713069
55.9463997654
125.580857127
72.7097691466
55.6057848879
69.0291849201
61.7480289838
0.221200156013
0.175686939151
0.275373753107
0.253167410842
66.2382785532
62.4001380105
102.044886703
44.8793635009
0.805102320208
63.105948178
46.7413155793
0.68530657355
199.891724634
214.722069032
134.350663209
1.03974706275
56.6418373118
0.586407153967
0.665206681509
0.64580419997
51.3396640947
722.678415593
1221.31604648
1350.21887158
827.679043472
189.430138284
472.806876661
505.742627862
613.002785035
601.839634782
352.63510102
640.667917663
614.566406842
279.100623935
50.8683440699
47.1918409949
131.382042587
0.690013277403
120.540418104
0.654770135309
60.2857267633
0.328627695672
45.7370648292
0.616751168817
46.678856311
0.71087283152
50.4544632708
0.633649509014
0.289364394467
378.277720711
75.0382738892
0.539967516461
154.830692832
0.30014189955
131.501229031
67.0732147627
0.36500551339
61.0636088047
85.8063987998
625.354871779
1072.85355659
799.201520061
45.1481607569
0.526486302835
1394.16237332
99.1373374185
200.603513675
143.897378021
1508.52104964
931.755100486
585.333701997
650.21958955
0.444065478952
1084.93450061
367.991220067
0.140952411444
178.916417973
0.228624103546
307.33888806
0.409085009182
349.416139428
216.350027656
69.5933187201
582.510453955
69.7602102715
347.89144808
115.592816441
129.931346771
287.993524336
176.307394714
55.0583020726
162.440408339
347.176922659
451.755946222
700.595783613
545.153081248
104.644493604
76.538078263
1.02731271817
487.731700759
649.729347467
729.814441553
79.3165489096
82.2754928594
0.549789780405
720.405719998
613.090809342
0.899905647861
820.505187179
0.488588772357
734.347879491
75.4873114758
813.097796328
53.8624939719
51.2904533663
58.8694840233
915.003780793
61.97350079
75.4248021211
812.163106878
0.410252512795
65.0946067476
129.606790375
125.593027945
0.474681838728
0.517939168857
0.600245282493
0.31042795787
51.0638948566
167.348388921
61.1969397456
72.5582730776
63.8550221838
75.6488826847
0.341045320758
63.4961588972
0.452819084963
230.860708644
71.5774532397
182.718214582
0.450635703658
0.396944300034
85.8529858909
0.725944932957
141.967531469
170.153641233
47.3288337497
0.980721133991
154.007140273
335.060799568
439.254420534
359.545550931
97.9580626954
227.336825541
365.536350316
177.957494659
1.0290763501
0.764277014942
0.688653020004
133.06499997
1.01608730691
0.971469892752
0.542354834619
0.618094085524
130.478538993
0.63254363773
309.535577552
91.211809914
310.545822058
329.974398289
0.708395908335
1.12461226147
223.396067491
543.549396206
406.388394626
248.963451518
1.32003922979
122.601082925
1088.28459055
50.5995723851
0.649085600426
0.676186068369
0.95531961135
1107.83360648
1257.88090218
1049.69767726
0.879473744528
1146.42053563
0.369554414827
408.910323933
0.610799194591
0.979067588128
207.680604196
191.271471495
349.733989485
201.545629931
49.1780218415
154.76534744
146.602220134
153.864085411
62.8296230029
158.750626797
165.733312262
0.532145972732
157.294164766
0.835475436009
254.937635123
50.0002153795
0.733954069551
0.830199683
0.768035989391
0.701064817412
140.669668074
50.6532016274
56.4872818836
153.458589236
314.484783872
622.236700324
337.785918628
1.16396712723
1564.9263467
981.559014594
1034.5757467
296.279094721
249.027765825
740.571977544
714.3752334
445.17247718
0.860030266316
0.72310835198
712.052612054
1502.19922532
1059.75862524
453.988341408
206.382206119
1.47390796219
100.854793334
92.9961798278
1.24168851012
557.096905931
987.11081661
1013.67878749
795.067901731
644.992091906
1055.43475558
49.5523291915
52.1217411722
1.18752313552
74.9058789467
143.840111442
169.842813509
1.35933099374
53.9570487016
77.6071943859
57.3974891209
2.57040583264
75.9247615909
129.373715219
523.592800147
828.359996566
2.02807419126
728.956964521
277.346518631
237.601751115
64.2242602315
46.7500854302
0.474181850056
418.00232908
596.446527712
545.540846949
0.580816712859
0.590830341759
162.503371883
1463.67034806
772.164063879
153.820064814
193.002551414
860.732493612
1.6220216105
1262.10889673
51.1695823412
99.4271493355
55.7973838534
87.3232111184
146.305071858
0.533781541995
1.30885369505
176.69192224
0.996803528484
194.519380369
1.04584745464
86.1352749689
54.1486778951
1506.35136408
48.2295707408
1705.91790875
1239.25261337
1162.13765396
0.686939344196
0.690245379471
0.775801475743
0.815762851067
56.3562940525
58.4628292699
0.885271852005
55.3446547679
1441.27418232
62.7277336244
0.540802697346
0.483719952542
0.159159354776
51.8377835499
1757.90602485
0.479169915746
1150.49083124
0.506806112859
0.574542088402
0.499206694453
0.453051268787
62.4998684021
0.331825821868
1026.22053259
80.7783350574
48.9405427099
1894.74105715
0.326472774214
53.1387898955
57.5251706364
59.464088468
0.54173436344
0.22249202157
55.7343822307
1569.55630889
0.397021112636
0.753514763858
54.3091137253
0.770400937121
1453.05385638
1209.61002352
62.8387459618
0.121836899403
1452.32387046
1438.86458133
0.11764600235
0.125846368537
1475.74936451
1523.7136349
0.190915092566
0.107069378844
74.8580451658
0.206370705623
54.7181639443
73.7447675686
82.8053408894
50.424506133
0.44254994664
1413.89721287
1369.22341937
0.31473661062
1103.75629556
1095.86117107
1242.62706202
1219.63507021
1146.57424804
0.194742929373
182.585507914
65.3387161649
321.956251106
0.25817027578
375.062759444
58.2385109673
53.9631521883
1015.48460705
77.2454697092
90.78800772
67.7004025107
756.75112059
499.69633631
135.222355205
152.685256679
0.135338539485
50.89658449
151.970538126
0.170027871189
0.166321507566
73.9934000386
51.2941101327
65.7415591338
153.584221709
160.895311331
114.784014021
51.8070116633
45.1878700005
147.334699434
45.2344084186
86.2579442554
58.8170230641
82.5545673684
57.5152336197
83.8374836654
0.100597454051
158.996747389
0.0869695716323
0.0689003314498
0.0717642737647
0.0667374108522
46.1031193172
0.068243761316
75.2703198506
65.4021597643
336.765288854
0.0686794994562
79.3130888306
211.531761258
160.383636165
0.101380802275
80.486849162
73.3950561939
58.0198499741
345.677514161
59.6922606342
0.0481027694653
0.0543779608871
60.9327233966
0.0669407622895
0.0521220935111
0.0642786292362
843.091319648
953.977689916
1045.72782908
781.877691244
331.498353675
72.690927285
166.711673139
60.4437231615
1149.20242185
1093.93905636
823.368869608
752.71360054
195.99385371
0.0550345512984
50.1842184688
208.100650908
236.914757501
234.203930178
292.847796768
206.529356775
185.211008137
52.8639433661
0.0402171931743
196.642546078
61.4290009742
0.091401055087
0.0882949698842
0.0849269102021
0.0818949234245
188.324796464
281.3991971
130.40026355
124.112566619
112.491972589
99.6476549194
86.7255191873
76.7669120292
66.6592792907
55.2006637854
53.82251348
80.8625356242
80.6571261325
75.023534568
69.8309630294
63.4523582006
59.9976888299
60.6195791689
0.0414308733416
0.0436524794832
0.0444974030996
93.3877295252
87.454664171
82.0056407673
74.6643271819
65.1851802512
58.1640290899
56.2068880439
52.5186379002
48.950675114
98.4563172639
128.384201032
0.0
0.00417268549025
51.9642030541
59.2369007108
283.573662531
64.7601742224
0.0
0.0
0.0
0.0
0.0
261.262295466
335.567695124
395.018644319
322.654445148
182.445696146
47.8076177005
0.0
0.0
0.0
0.0
0.0
0.0
336.230975045
869.005633796
1042.34511013
907.181773515
555.098195833
212.376436338
0.0
403.062119028
741.15270989
0.0
1281.79711978
0.00721111411393
827.676191446
635.596661891
680.190599002
562.99775423
382.309530144
323.958326416
208.837643086
145.285009343
143.709533765
69.8148892962
425.933375391
253.988464874
184.380186183
166.831528527
149.854233682
136.624623556
122.247810825
103.908827664
0.0314796785133
147.108401019
112.456601409
106.558730304
101.083181231
97.8288746221
95.7537986232
88.459182731
77.9473162018
71.6893144037
68.7009256628
68.8939445281
69.265507899
65.0294929808
0.0203375758908
0.0190029838987
0.0174549481457
0.0119276425311
0.0114902701407
0.0110611625799
0.0107155751314
0.0101466119225
0.00974138102753
0.00944058355339
53.3034385814
48.380386224
0.0
0.0
0.0
0.0
0.0
0.0
0.0
0.0
0.0
0.0
0.0
0.0
0.0
0.0
0.0
0.0
0.0
0.0
0.0
0.0
0.0
0.0
0.0
692.54467601
181.573787508
100.216255059
763.74303683
324.639266982
582.134094215
819.158527563
0.0
273.011927776
0.0
343.958166443
0.035120687943
415.577261112
325.557897356
1228.67813658
0.0270025710814
47.0585453177
917.576511056
330.271640695
143.308815081
208.432620887
75.3891695592
202.506772696
56.2145719327
47.4150775565
623.677037998
674.757899643
754.19226794
397.475075798
411.457716668
167.649826084
57.0405860865
60.8448642715
0.0473988749564
157.012177433
235.626096526
164.759111325
144.047438591
128.360129861
116.319387771
105.326587532
95.4919729047
85.6297654664
788.650240715
0.00582300776918
997.895533937
427.958940519
0.0
354.966732881
228.64028821
356.335430174
0.0
225.791243836
0.0
76.3205081042
64.955502829
1651.22697473
488.436833863
50.5518338069
322.988315664
376.205850712
0.0
377.777181506
0.0
63.0463281659
787.696686441
272.444642575
0.0
138.653468573
57.6780922667
47.852477339
462.493612638
546.902482284
485.19127234
421.433353262
308.310120227
406.643040538
408.185328045
317.425661676
451.483693815
575.931959344
627.286940196
111.903840374
0.0
0.0
0.0
0.0
198.817652184
79.9147639223
376.918817039
376.210903382
461.138803587
535.18645407
527.544055123
440.8119995
352.515906629
417.031483014
353.867288132
375.002368678
515.08641914
565.342146236
458.663196532
381.382644365
304.230583114
0.562158191023
0.634446142987
50.1176502664
147.956761341
69.4320560547
172.234705677
106.776372226
115.779670638
82.4714404737
0.468983266812
144.768229668
87.7029347695
76.0945733075
0.419748359066
61.02834195
448.499551995
65.4226893931
495.734431935
0.298140415591
0.218684457898
397.213755623
417.985776251
471.250681999
918.988962233
463.771720273
422.153256197
593.364892869
377.374025496
0.268200097498
257.391939317
523.643430647
492.311347928
377.697308374
357.150827916
205.174691532
332.7893116
249.783284682
0.599126939996
62.3022370663
0.748679777433
83.1240164257
1198.38799687
57.6817024059
746.182433566
538.532774069
87.433016505
52.8171587157
0.668063606072
53.0991593578
52.3084158723
1014.70603966
840.967739972
1387.72965413
1443.52754308
1158.52437114
737.561141892
1412.00397058
801.154712704
882.750263484
1200.03142344
1017.07954997
1205.4605742
1317.34140691
992.435339053
1350.65455978
1192.25309914
1188.64718031
1463.50421716
68.3509819457
109.230690768
431.250528424
508.454483081
433.449941638
201.709054069
0.632605665438
309.74591879
450.279079358
0.687064711291
472.588744217
310.965044095
276.77223036
432.557297527
417.477224878
126.079455823
211.350601394
0.505893038895
355.099302491
61.9908562685
50.8675505578
57.0166629113
0.443741261632
0.576318736579
59.9292960381
0.517568586082
0.448975172289
122.503786798
0.246195043959
46.1526492055
396.798763053
1226.05142367
1216.12290106
1422.6032613
1260.57862029
1383.19143828
1380.90484122
1550.47993167
1720.78303361
1588.9803779
533.943130203
46.251273309
233.642510018
0.48822826896
0.581797008308
57.9521831787
72.5564306365
181.435531757
180.768963074
90.0245361337
77.353965027
180.284538393
198.232312123
56.5461787801
194.613611819
66.0320284303
422.553267284
213.266379529
322.553970705
95.2236466805
534.76424511
0.372198938437
126.705099561
0.335037108839
83.2597409412
0.432992777387
367.398245369
1835.55481971
0.260086011081
1571.04634563
1044.25430748
65.2735373373
68.3815599707
0.211980653021
83.222567519
70.9668556458
94.6870500342
47.1772885992
207.378258862
0.254634784628
184.58207771
81.2500880651
243.668668565
48.0981434882
0.248263129775
80.3209999499
83.4666187177
59.7023366813
49.7373493915
82.6254563884
156.341418831
0.386234758969
51.8447970599
177.8550965
0.412437316089
65.0084820759
0.247898163807
0.20849193909
46.5878291776
80.9581733528
150.587745241
402.230840704
383.232944965
240.267512789
184.068316163
162.079092536
233.391754253
0.323075425972
66.1676062165
0.351588004754
0.324229388872
0.358986222956
100.707003869
198.261900086
247.006145949
0.309930701389
0.28186997635
212.209954217
158.475564656
100.357682042
0.298749258258
0.250897329858
55.3081937093
87.8752770462
0.352341908672
0.442639204175
65.4193803692
298.49739952
477.495623814
53.373910966
812.662405456
1102.98659339
1136.84871246
1531.54001003
676.5970174
421.969663891
192.022010645
55.8143183062
0.206779492121
0.119580552517
171.218145906
120.38205829
442.516780287
0.239817063808
711.323434798
686.437285735
656.861295675
1060.00782391
0.301637936651
115.480848195
84.3493966472
0.403276898096
0.390849802231
0.455959787985
0.460741922144
0.510154914175
926.136637905
47.1923776357
218.187137191
1049.88189289
91.7190953565
567.712278527
46.5855608122
58.9514772924
0.666512392349
155.896768686
0.806678542151
0.699092153503
226.320015576
242.246229607
47.9803375904
0.386226184097
131.094998143
59.6403891363
256.883971535
1.24844683368
165.492134412
67.6281169689
142.070306228
96.4480825468
241.55034007
0.573733282114
0.487136493089
0.575946214132
0.598497730622
56.0470125995
47.751953069
0.292803982118
186.309924721
0.463243250609
192.5471114
294.889759365
522.881835961
397.557716408
144.646480454
1.13973434661
66.6187182821
0.982096856167
335.432621418
314.560349314
354.441964962
963.248416348
770.707815079
384.900082795
142.405557778
0.419417657033
0.316393792913
288.812779444
166.928431625
134.135038892
366.368919946
402.203985975
451.044445131
433.085432599
366.421330975
167.047873876
1.24737992692
0.836482427401
108.874414624
149.495591205
354.626465719
59.9220943519
0.914411715067
983.92952024
839.237192952
65.2528808053
79.6965433334
512.888046135
964.651761044
0.412970993298
0.472387489433
69.0296098696
206.232892916
162.534487627
245.052999008
81.7307698506
256.330538235
81.7365316867
78.732952944
166.701371022
1.27134792219
74.8541422214
102.346467647
82.6926946981
82.3464856356
75.2606637371
1.62578855967
72.7775575966
1.94935003012
73.4679239428
54.769326816
223.230135841
0.954543389976
51.6613569131
72.502993919
0.319764232795
617.384020439
1015.0027736
0.649190206054
0.571953770577
89.0728071898
1.09487974249
550.486091982
74.8238333479
0.270008995377
725.932866148
1059.12183796
991.269132855
362.679038834
0.47245145496
0.503588517157
0.571724100209
0.57805710815
0.387851419639
250.637837049
270.179453604
212.904775172
302.650235709
168.6565984
73.5634740737
0.388588421073
112.803416315
234.576158913
0.402300470798
147.763331802
0.449736994565
51.5502271066
0.988780725326
122.172341403
153.746964907
0.39388550227
0.16061447989
118.537802508
64.3224345741
214.437588592
323.397662016
580.359077638
553.728551199
524.686173977
542.149352072
486.474714523
562.330643078
255.722414631
519.977186288
353.487489892
280.461846437
46.9668526786
274.494354365
110.304943414
0.211268297317
62.174481766
65.1593863227
0.26941507804
0.420680755174
0.594778099956
0.343741083802
0.552147330732
221.383896376
289.056973636
207.811541709
192.458672931
0.656998871335
0.571730503007
85.2461279619
54.9774786817
0.691282562821
0.61803126557
558.019273817
78.8945882864
0.0946921418617
0.164861954963
0.246245029257
0.319058959143
90.596741285
95.0025016954
53.4952889185
164.336632595
0.452543074995
66.1561105516
0.455986369023
215.282091521
0.445576553437
450.573478619
617.802689387
582.785468782
463.659470269
361.654745852
167.807828731
70.6069596759
0.650998681476
51.3269962131
0.562487447238
560.287227684
644.510788042
1011.50101912
481.116931423
700.748643725
655.066004995
378.568251722
194.62426626
0.761780059557
148.966665149
0.76558260496
0.48259302133
45.3365235367
52.1671810227
51.2420909264
328.237844825
0.634763641769
0.69360275392
72.596289246
0.786605901002
184.402360661
276.319630642
187.331310664
286.734589318
288.437925722
147.938852032
932.178980954
0.250178180162
429.737747694
738.845549492
58.3779852965
940.422723333
852.870692212
695.696560502
60.3664473025
0.27349350337
0.47700888031
0.355909001464
321.4130528
605.364011867
865.191816164
757.294118696
579.213155872
995.095191439
899.746137531
856.220071668
763.520202262
1083.56615359
907.809224311
974.372680602
710.890007624
1163.04464828
0.20113425969
793.371198814
871.92376855
696.722588482
615.986515418
750.796852988
749.515277487
847.393200268
942.53012983
500.776741865
555.270843549
405.183535689
516.140044815
331.85820296
301.557366897
76.6532941001
45.9097100358
0.377428637006
0.240387909721
226.535745804
246.001176892
0.391681699815
417.492641532
291.042335128
265.805470677
52.6642201061
184.2582024
0.574534095915
95.4841564627
0.881560194073
55.8480335724
83.9404491458
110.611325619
49.4026566917
0.424583287168
1386.29198192
756.432861269
2063.41137221
1014.94601663
1146.81115713
1057.56364633
875.520074584
0.559843002496
1482.289803
0.565707726746
0.451052022637
56.175302014
45.5626835513
1078.47770818
925.669709175
838.392266826
937.731167096
921.454851831
770.095983841
780.700712382
796.379582727
853.886835841
770.747892219
791.994493473
805.356607785
710.684560215
873.671960433
928.296694544
855.77149253
876.103978226
816.702893106
818.628916955
792.03237555
787.602035703
917.464132709
744.496955522
774.14519805
845.582531329
1062.05979604
1266.54223473
210.142094377
183.217377253
20.5236659628
2.60650583805
4.6196655776
7.79738082756
8.3938824244
16.3791754595
0.00799085784909
3.99621087766
4.45548891573
4.93318808737
9.03797941778
26.7787761487
23.6940912284
55.0969605216
64.2274607076
0.111523318623
24.3322075808
14.5718300041
0.246210982104
18.9128140503
29.1904459158
6.15429124945
11.0935709768
0.250865354189
0.255245328173
12.3983861281
15.3970286309
9.59159175188
0.0954658502568
13.0642774003
4852.16513622
10.0117358667
0.0864481925602
0.0834303399435
12.3748682808
14.5113373466
0.275930761172
2.83670057721
16.7138550183
0.263886866834
10.5597347737
10.0746612835
7.67920287068
5.56141150421
0.458152400223
14.6438340779
4.98057197289
3.31298473201
8.25047023593
20.1713269146
4.49673107106
9.43285647315
0.0686478479897
24.0316248334
19.9163122981
16.7082166024
22.5721332402
22.9311997955
13.9293661045
12.5385850876
45.1943803099
58.924285792
71.8932481982
88.5213708867
25.6636752978
4.30086864515
9.65429986854
5.56020315596
15.2538073492
55.005293018
88.2484286297
129.403737936
0.531161798025
6.72647607157
11.9928261852
4.59658203745
11.8162727831
8.52622336719
9.00326224464
0.13353547248
5.38278222812
9.18856353061
0.0798921126946
7.44211410147
4.57633147619
6.67603571409
4.50399385334
0.0412600793938
8.35303229771
17.5859591879
0.0497204416646
17.1833249514
16.8273135596
2.54994176405
4.62099913603
0.128804589422
10.1072882268
3.93989571084
12.4423091379
24.9297652592
25.2458746298
31.6308859252
24.4128565338
36.415402687
0.277951804016
3.16734674399
19.9708571311
18.4366553012
0.0890754647008
2.79683649172
3.12738397232
0.237610381385
0.256863746369
2.5224351419
23.1144571183
0.159393870655
0.0851713612102
11.7308188295
12.910807481
2.9517542734
3.84200609714
0.104339796553
2.29221382602
14.4184165437
0.12198908834
13.0764380492
12.9239751309
2.69558311533
10.9495717908
4.3865332502
4.70339523531
4.44518827918
9.01767363117
9.16020125722
13.2881133391
13.2882129165
2.32305959749
2.68739832046
3.5409871057
9.99816305286
3.39587522909
0.305155876093
10.0970841542
12.4504293616
0.309776288384
10.6097748024
16.1342305503
12.2832291809
11.8138460948
2.95932295873
14.5290471189
0.191455864127
15.5813014588
16.7218023304
0.239922497344
0.255410599955
0.22047951662
15.5038967841
0.067248604133
0.059351836072
5.8321235841
0.15154998033
11.075361938
10.1656077159
2.54319556236
4.70133685367
9.37013012618
2.33553369589
9.22328812896
7.34020332377
16.3056056057
2.52875776243
0.184695004728
6.74938068126
28.631949014
8.3179436035
0.334930806667
10.2056530793
0.254187734985
0.292119923159
10.9833262171
2.98915755016
10.2725807997
11.5828850441
9.62175726256
9.12753630936
5.26006591096
8.48470711746
9.02331618261
7.3559873386
0.218197604025
3.76011385016
0.163939316282
10.1750282845
12.4825400436
0.210766422962
0.182803109889
0.179674660765
7.63658601842
7.1164146753
7.32212861985
7.96564097175
7.8073086365
7.85466846093
0.199905303216
0.197995223902
4.03187184378
0.199994558612
3.64402522715
0.149444489087
0.128054961562
0.120715366169
0.111109093824
0.112617707784
0.120406043803
0.103494118992
0.0987303677803
0.110977039457
0.115732427299
0.129408018889
4.33425543312
2.77397203921
0.129381334895
0.122870713041
0.112726298794
0.117481737229
0.117349391927
0.115245682889
2.35405974541
2.32351607549
0.103791133685
6.67373066795
7.83172639865
2.48964970652
0.0879505209212
4.18432992808
0.0619191956076
2.42759940623
7.81735268081
0.0454562750965
0.0447959180942
7.04736281454
2.38096659669
0.0444198212532
0.0459599793511
0.0509535285397
0.0414831397474
0.0395876656129
0.0368108893681
3.242813719
0.0260807843768
0.0231586546451
0.0210246917985
0.0191068664427
0.0163323372645
5.18014594061
0.0100080983924
0.00923218698973
0.00905393389444
0.00871698497192
0.00624161364719
0.00576250182375
0.00572141883828
0.00566712608602
0.00598247503469
2.86365847972
7.62089614224
0.0126224973058
0.0122975284124
0.0116551263283
0.0137079511071
0.0114718255021
40.8374989158
17.3872182629
2.73148396096
9.82318214214
8.55050071591
0.0700691901362
10.7040880669
6.82705463712
7.5326493923
3.10759941052
0.102094681056
36.4865443699
7.15556834879
19.4868274037
0.170262615643
15.5899634669
0.0755751513201
54.1912792739
0.0603590941173
0.0507723480921
14.2162993794
8.94342217377
0.0715579775268
8.90774944048
17.9283705357
18.7398637002
18.9726875363
18.9653172092
14.1244282873
11.8444046508
9.46542267808
4.90791331001
4.65929635699
3.57150630236
0.0799341140588
0.0452513560428
4.07293992978
3.37231588665
48.7193537187
36.1055334012
27.9883505316
10.2518536003
11.2139546806
13.150819852
9.38602586857
2.51541118723
3.50471562397
0.0718454957227
0.134067079449
0.134083338334
0.0939852506076
2.28141610431
0.116949380975
11.7502193524
12.5217898256
10.9962932705
8.88053694673
4.49489962982
8.60284064931
6.41314955612
0.0692843900702
3.95510759334
4.31847166767
4.33611811829
0.06015343731
0.0535303843419
0.0486474765914
0.0462323761568
0.0442062810704
0.0419273769829
0.0407461046665
3.80327976383
0.0340460132615
0.0295765433002
0.0250519822346
0.0231902810763
0.0205432017755
27.936047085
0.0259812096167
17.0610734643
18.2994576393
16.0355663906
13.6596478636
12.6008718141
11.0192180923
6.28168397227
9.60805120484
8.47406793063
7.53856255098
7.19447522916
4.25809547006
4.16770303218
3.96637492551
0.163811290841
0.0717979298033
0.0825570541256
4.34192552464
3.8293783386
0.0762736670508
0.0695303341802
0.0639202878502
0.0611323259475
0.0732544302
0.0770564779773
0.073010483844
11.2992600761
10.2853974946
9.50988058758
9.23612029136
9.33859858652
9.60567900623
9.99189638624
10.1237638086
10.0060467671
9.72475485566
9.27071436494
8.73629443814
8.27319054068
7.9155688946
7.63887825851
7.49790704714
7.52137720727
7.61702175556
7.66980915435
7.74047041523
7.73060519611
7.77950950235
7.7514263213
7.60109240117
7.42294222086
7.07024459723
4.54364109369
4.30626161338
4.08896972009
0.0502662613147
0.05338835723
0.0532200066633
0.0527855063613
0.0489241703011
0.0509235058031
0.0505233832554
0.0499241340741
0.0488762748276
0.0451104329929
0.0435378733659
0.041813018563
0.0400033180268
0.0385762116889
0.0372090200742
0.0370556230049
0.0406439957745
0.03919282907
0.0349777082644
0.0346147368289
0.00492850779356
0.00692762353321
0.00919718401625
3.66140447475
0.0109481458567
2.6289189023
0.050859366998
2.7864834744
0.0906239643962
2.64294221607
0.154373785406
0.263241653511
0.430798309869
10.2403736715
0.293294988424
7.89039746802
0.102919736643
0.163880857124
0.185268611261
0.154886352899
9.5864655983
12.6969564758
12.411611237
9.86796904035
2.45218146965
0.118611808795
7.56024571062
9.60209162585
8.90074457425
0.137759012053
2.96455707975
10.0369422387
10.1907082718
9.28768389793
2.82414354576
2.95921565612
9.69276384581
8.5537697516
9.07120486049
11.129021537
9.6930833114
0.189341134467
9.78307175131
12.0660984151
11.918337252
12.0912033282
9.0343063217
2.6043474376
10.0296117045
12.1788659013
9.01177563661
2.5835514558
2.68564032473
2.55238342028
2.46862203439
7.91016753449
2.45691422935
0.129979783682
0.135844142954
7.07422207944
0.135630759076
0.132266627012
4.16413861057
3.92655166218
5.0513158614
0.139579749259
0.0822102281187
0.0834434560317
4.76159854125
5.00884343303
0.0982626307222
0.101635871289
0.102558798741
4.09437470853
4.05390605498
3.5250806716
3.25330667761
3.47554708933
3.34189252157
0.169815914502
3.60836677105
3.09756008203
4.29441209855
4.25694860589
3.2699647878
0.135830610735
3.20386253155
3.46495258897
3.5207154389
3.11883644848
3.31083592189
4.15639208591
5.55104375815
5.89753831477
4.92484741497
3.96554765059
4.13338743883
4.111651322
2.81170225086
3.13694411427
2.7057906486
2.382082867
3.17441207329
0.05897773396
3.02072024143
0.0670923955122
0.0654434849809
2.23273399205
0.0548149185819
4.53959420994
0.0274877411778
3.94363198118
0.040088819584
0.0471330687551
2.85952738047
2.9192120722
0.0498001417906
0.0584679000985
0.0690130842683
0.0799539030237
0.0889430773162
2.22569917094
0.0647465722428
0.0527419379549
3.11120512479
0.0271412040848
0.0424082163657
0.0460727717356
9.49207419288
8.58085768967
3.09600313334
7.95158189483
3.47183393962
5.31276736371
9.05719611314
8.93119367587
0.0251999382296
2.40222316244
2.75332107203
3.24355710475
0.0524015285812
0.0498566162684
0.0455441201982
0.0405270176325
10.9313407243
0.0352839965148
3.96253312973
4.97025871791
5.24118180019
5.03175471188
4.45940704442
0.0552888268809
2.29110761704
0.070283155326
5.44328679893
8.36694630346
8.55530157391
5.43988383936
4.21637906506
2.9768269505
2.94498634712
3.62460556604
3.57132894114
3.24659135666
0.0163160337133
3.42871093385
2.68613958573
3.45280167587
3.73291715308
3.60566909545
3.06208212286
0.046821062996
4.013044551
4.74011608564
4.19357713968
3.20630413478
0.051044849509
0.0468506199239
3.40988186805
3.70754342457
3.99341532112
4.23089253428
4.19168767453
4.01826412729
3.60729197479
2.96630067264
0.00576862248637
3.09003899959
0.0050968848912
0.00431160791586
3.51738307785
3.63975442248
0.00521167382847
3.34895860631
0.00563938051207
3.13136573445
3.08323793305
2.74847718852
0.00327811654113
3.19911975375
3.33141672434
0.00312055612051
0.00196536835501
0.000714779610514
0.0
0.0
0.0
0.0
0.0
0.0
3.57446209933
6.57236404655
0.000916298493284
0.00143196058163
8.85226210036
9.46976556876
9.62506066695
9.76477032077
9.96073486142
9.9735983398
9.54627632523
8.72959634557
7.8233165237
7.19056158254
0.00147460200886
0.00142162677999
0.00137851803887
3.28126918198
0.00256043890739
10.0874115202
9.74730726082
9.28247175203
8.63002973805
7.75122784438
6.72032772598
0.0
0.0
0.0
0.0
0.0
0.0
0.0
0.0
0.0
0.0
0.0
0.0
0.0
0.0
0.0
0.0
0.0
0.0
0.0
0.0
0.0
0.0
0.0
0.0
0.0
0.0
0.0
0.0
0.0
