0.0
0.0
0.0
0.0
0.0
0.0
0.0
0.0
0.0
0.0
0.0
0.0
5.2400725367
4.45091253336
21.2239761591
0.00245894057324
0.0
0.0
0.0
0.0
0.0
0.0
0.0
0.0
21.1639116641
13.7657091004
27.9107347217
9.49652125794
6.48052561992
0.0
0.0
0.0
0.0
0.0
0.0
18.2639838376
12.7695979402
0.0
0.0
0.0
0.0
0.0
0.0
0.0
0.0
22.487330048
0.000594215097083
0.00158440622839
0.00176537120828
0.00100814084899
0.00228458249026
0.000992183021263
0.0
0.0
0.0
0.0
0.0
0.0
0.0
43.4188879735
4.79908454334
0.0
0.0
0.0
20.9737561897
12.2108570054
0.0
0.0
0.0
0.0
0.0
0.0
0.0
0.0
0.0
5.33762087804
0.0
0.0
0.00159284422345
20.7163622791
0.0
0.0
0.0
0.0
0.0
5.01867790129
7.1595106324
0.00183299056495
19.1357572801
16.009144629
4.90428468983
0.0
4.4895327103
0.000581276103485
0.0012319931351
10.4871737818
7.80936137954
0.0
7.78903153245
13.9293348042
0.00119257716278
9.52170344064
12.3508306454
14.1948085325
14.659681298
20.1587765397
6.66730005729
0.0
9.31614153466
12.0454091173
0.0
0.0
0.0
0.0
0.0
11.6862702196
4.9414350698
4.55049982721
9.83193929351
0.0
0.0
0.0
0.0
0.0
38.8684755684
0.000528803553351
0.000877861057844
19.556865972
7.59433378225
5.30834720989
0.00105818701433
13.8737708907
5.56964565575
9.54730226024
25.3192576316
0.00379212502921
16.659713613
0.0108986181593
5.03351984097
0.0090424702611
0.0108765522234
6.73534892844
0.0138177376445
0.0161092109246
24.5200060074
5.0706864483
0.00586543819677
0.00799792804892
0.0102311851879
0.00905127619401
0.0217586731106
18.6796248854
0.0247367982565
0.0242936494456
0.030236179665
10.78178896
7.27511470803
0.013314154597
5.47769421866
18.2700228422
5.02039875567
0.0
4.90421840937
20.0954722805
0.0
19.805010123
0.0
19.2600030286
0.0
0.0
0.00105959649631
0.00188103301692
5.96592833994
29.3798461993
0.00226050502485
0.0
0.0
8.05552481366
8.35713990935
5.4771510431
0.0
0.0
0.0
15.0076413415
12.6071951608
6.39173508401
5.29829698185
0.0
0.0
0.0
13.1302045068
4.86463630608
0.0
0.0
0.0
13.2712958253
0.0
0.0
0.0
0.0
17.3376306316
16.3271692081
14.9700772074
0.0
22.0284279885
0.000905359701338
0.000639941695791
0.000573116045642
0.00186869060863
7.77566862186
0.00281450919471
0.001298716403
0.0
0.0
0.0
0.0
0.0
0.0
53.0025664336
15.8088080671
0.0
0.0
0.0
20.722006825
10.2879821971
0.0
0.0
4.45484143928
0.0
11.6432141987
15.2625522117
4.89097213428
0.0
0.0
10.5453404857
0.0
0.0
0.00163123493972
21.7716443596
14.6695166272
16.9882039413
15.4812773149
13.2287624394
0.0
13.8993925938
7.34991955751
0.00383883142554
19.0157658492
14.6747039681
4.95602933589
0.00254617335201
4.41831220569
0.00162157971893
0.0
10.9426945923
9.85662151598
6.51884695418
6.96033239325
0.0
9.9730781999
9.35885814104
0.0
13.4153265998
13.8744786645
7.74976653317
5.15061473652
5.38771633828
6.64693141342
12.3047220481
0.0
0.0
0.0
0.0
0.0
18.8787958391
4.96152432178
4.45396826784
10.160914612
0.0
11.3252936616
0.0
0.0
0.0
10.0776061268
0.000742023097591
0.0
0.0
0.0013056600479
0.0014642560707
19.2626943335
0.000517193492475
5.702018488
5.06356402448
0.00536788310638
0.00734563739308
0.0143857533614
0.0287974600456
18.6002175576
15.7599246874
0.0319760060369
4.63824579369
10.3436481143
19.2560888899
6.10853071862
4.4987274433
6.27718984116
4.56431522857
13.2496095853
0.0170535328741
0.0153816182601
10.0036689864
6.88690550647
6.11034748255
0.0133641742191
7.80981349518
6.8425789499
5.72123788452
0.0163720803418
0.0158446036419
34.5125925067
0.0271206720279
27.9707330012
20.5068921488
47.0648502253
4.88864640622
0.00568025164013
37.0355961503
5.40522845163
26.6964700961
19.9851914508
0.00792605140698
7.31900838281
0.0188772916942
0.0229626157897
21.2845624563
0.0251324110612
0.0174671680039
0.0238735366457
0.022377853281
23.0728158655
10.2705291476
22.4817958648
9.80065404365
53.7416534604
38.9653796932
10.7795620613
58.0564054023
135.262794047
46.4585521486
64.1474419332
59.529487294
43.2049799127
17.9141050035
0.00533716681523
5.02620703888
1532.18893633
0.00275602206354
61.2863140604
75.1873585826
17.7063094274
36.4323535534
25.6327028028
15.6674583131
0.00442669244273
5.40840715194
0.00725142356993
0.0130802283959
0.00906286194227
9.09412562292
60.7404813599
0.0188289358424
51.9198825839
7.64049055812
0.0125211315035
20.7690476248
13.9824869015
12.8981641047
0.012315384175
0.0126811319927
53.7470372127
32.1976291179
28.3110110861
21.6466694876
62.9414717017
41.3006844491
44.4490049238
30.8130084404
33.0073178054
318.232700727
499.157887377
798.826300082
1116.61460754
1400.97504292
4.75252144022
15.8232998731
95.9441067197
65.9892672058
80.3209519067
15.1991179215
5.4165762763
34.0494516823
47.9048411396
45.4041571469
0.00338794081051
0.00512449873691
0.00663127244634
0.0099069932286
0.014876375031
36.7038507801
0.015469752969
0.0125403638552
0.0137590709967
7.47533784847
34.6421978074
5.56430116835
27.8137445324
5.45944692928
24.6270097337
25.8555560782
37.8946631207
47.8312661685
0.0
0.0
37.8902468377
21.0902390446
25.2782084885
92.9452024093
207.95961443
43.292331508
55.4055915709
33.9323736421
16.4696281219
20.2679748463
9.89847883075
1605.74935947
0.00139472751671
0.00118128787512
72.1253098307
25.2315444974
31.7106942166
30.2865949224
23.8085375765
73.5707596318
16.485775276
4.72925270364
0.0125869633283
6.81464876583
0.0136995768524
0.0181844523661
77.9774042882
36.9610602738
0.0215446182925
0.0214671260318
51.2344649597
18.8332418153
0.0212605478353
0.0284767047096
63.3006021297
4.69308430402
59.47462452
0.0255977112152
46.2701018871
15.5350401696
14.022049441
50.7402090447
17.0089496253
30.4797356136
30.8766754517
0.0269619388088
5.89026233051
0.0649076127942
5.92807571662
5.61308699727
0.0224487747085
15.82923049
0.0293764504256
8.3387221776
0.0394811045655
76.7775859098
92.9868529714
121.088134454
170.887873912
170.411440798
0.00173126266031
24.5814049007
9.10207894513
0.0066907569666
0.00950624346758
0.0156317334396
0.0164817892414
0.0174927310154
0.0240572122901
0.0240090633492
0.0203130521465
0.0168098130145
6.69898185042
0.0103050333342
0.0125727664588
48.7664906601
44.2345451653
11.3464343917
26.0121852656
20.4423481816
20.4388343906
37.1544187191
0.0
130.54561091
31.7125790952
42.0673786143
8.82600693516
49.8999487369
47.7743192589
28.0223588568
34.2257655197
35.7394525487
20.0361573444
60.6034089499
71.7928416977
0.0178809648571
4.61549641835
0.021301122828
7.15772185277
21.7448869564
21.1123993665
11.0559188099
7.4260257847
0.0100668190547
0.00985369037167
19.0268133874
21.7539512631
7.14194269998
7.68962904178
0.0237538043968
30.2669917436
61.6318032345
0.0251404479811
0.0284751339058
18.7502123714
14.8392897299
60.4442246156
19.5251914191
65.4408497711
81.2691123992
27.2588071268
14.5497464831
7.30128164579
17.1324432064
303.572307192
483.312472177
773.236415492
1090.43304184
1372.42620602
31.6812615053
0.0
0.00328978348509
42.1909190623
82.59183208
107.891182584
58.2946233761
0.0143690831522
51.2907864642
53.795352295
16.8595635258
33.7063647766
12.9509877031
9.57373237546
0.00910582441953
0.0153170156586
5.4786556638
0.0198196955576
0.00831541548933
0.00404275672855
0.00299169093655
0.00258006908302
0.00211487054861
0.0018929227195
0.00446402471844
62.2090884873
0.00271026810491
4.85236271531
7.64061811113
0.0
124.906278568
72.6669108996
0.0
7.24650389233
0.0
102.807845206
0.0
0.00111812842487
13.6523622573
13.4683295197
10.3296129753
0.00246426038715
85.9581817397
31.4363162424
0.00621797764928
0.0183738880102
21.4922748235
5.62739746815
9.60431760939
0.00187095493322
0.00296693889565
17.6710358787
5.98601180968
0.00774538556955
10.4088053741
0.00928622229224
11.7122974179
29.3786427633
0.0351548922364
0.0359421244353
0.0432759872498
0.0397390065888
0.0604066825215
0.0397761987405
6.57229448539
7.78574339989
6.47158772878
29.0835504466
0.027156840731
0.0137517078659
0.00687306063932
5.82941807665
30.5777903542
0.0103121451963
6.46405292089
0.0310227831765
0.044850572361
23.9823966116
0.0315702340382
0.0211102926644
0.0230004622624
32.0630663063
33.0730187861
4.69911177595
21.2634260827
46.1166758013
29.4049245818
43.1209802806
15.94189926
23.8852092937
44.4466328661
17.4773443891
7.01646999997
0.011734120671
13.6448968419
21.7491304947
23.8238530116
0.0255648835266
11.8396217044
17.1350282156
15.120714327
4.69153953037
4.87330029051
0.0442797540689
8.16510408343
7.30294066421
6.63249381011
5.33848154375
15.8713401884
6.31694623773
4.73095374146
17.5158971192
6.1471020583
7.71177176778
0.00708576825237
19.1307685312
25.1932152446
16.2143421285
16.5016781226
22.3693366278
8.91604806345
19.3178389344
10.7241019998
0.0100215292596
0.00532866616743
0.0160038123004
8.09179574249
0.00772845233861
15.7938769896
5.92549469138
0.0286187418193
16.5345390467
13.0807000538
0.0316835887588
0.0354515947071
5.43513238736
0.0523669035183
15.5864988993
15.1431044069
23.4253686918
20.7012175366
5.70093650491
0.043201010212
0.0224671374641
15.0095504817
0.00313847228881
16.7641886208
5.40271846568
19.7553285927
17.9764319724
0.00172910275178
46.9899019188
0.00156474036499
0.000950593082243
4.46472317922
22.2849496674
5.69862158226
0.00813259571912
0.00876556663053
20.9229287549
6.51807893838
7.81482723327
0.00408894403798
0.0103351432797
4.46602821934
7.6111282311
8.29932362168
23.6656877457
7.86477036224
15.205797845
8.557800797
0.00881940078639
0.00573225509459
7.4548805714
0.0118124152382
0.0401957894645
11.7450108394
7.89196619457
22.943475485
5.8749824026
8.55566847992
11.727981813
4.72207204839
4.70499099845
28.3268054793
17.7871726111
15.3249485046
7.23199886188
0.0130859449142
5.5454366272
0.00425649866131
8.53164346972
0.000922197992089
0.00233637709551
0.00638975715506
20.287363196
31.7455346277
34.6903083115
17.307497289
6.81954674922
31.2021270288
17.8449943839
18.8176924543
40.8254446002
23.7733908637
25.4882852854
37.2678019394
38.3502160206
0.0200255085492
0.0286937588432
0.028849612327
0.0348420615809
0.0517729515713
0.0346833430119
0.0576745659909
21.1091866025
20.5481310784
11.8471458071
17.8309729201
0.0542163127591
0.0312638124252
7.21200619791
0.0595040291417
0.06035189892
0.0659062085126
23.3295208504
0.0357937650174
0.0446255340764
4.4937104763
14.0692761108
13.9170059327
6.79472608082
6.6859110063
0.0335726079401
19.0891298021
25.3971264255
6.69053280562
4.52807392384
6.64006234599
0.0119371255271
0.0199396277491
0.0265306469779
0.0336223696366
0.0298715985485
0.0683386141158
20.6462431408
6.32135660125
4.82632057478
0.0277495894121
31.9034553376
0.0246504276688
5.79318678221
4.50448195244
0.027407741794
0.0374058215704
21.2698792297
15.057530423
5.82770498054
0.0543553014738
16.0768049867
20.8000234053
7.5508901992
5.23385246762
0.0270672551525
12.9337801504
20.0294407207
6.43841543531
0.0200904495146
4.66876379233
4.4921318617
4.4638495777
7.24366336787
8.40746899217
8.1886734514
30.8348946625
40.5250005772
10.2396479594
7.43729034127
11.1084398526
0.0109335960234
0.011761207148
5.13345291614
6.6227618411
5.40777608723
27.222255636
28.8186027692
6.92618868996
5.65307035181
69.7444794741
13.8350381496
0.0176094206138
0.0212957948755
0.0313526759789
4.70454649232
22.4392141601
19.2928709905
19.3241363915
0.0567198249741
4.79320512109
0.0489876090139
0.0278067398846
4.81009632273
0.0228094911698
15.7933504878
27.7946562087
20.5562952539
7.35674837564
13.9214922349
13.6204696339
5.10805006628
7.59423663069
0.00682885970518
4.45241742509
0.00918821840893
16.6104760508
22.1782235892
23.7419015186
6.14538309172
9.71172288628
17.0484285427
5.15550198896
0.00503389661597
0.00876431630844
0.0153253707166
11.1970652563
14.4170798996
6.26207088992
16.1194004222
24.1759847482
0.0122255343366
5.69808590264
7.47001256101
4.63504187723
17.4746134999
7.52620500302
16.6142976794
0.0415387079302
0.0500537372618
12.9104008942
8.71719828669
5.13205269483
34.8660824858
0.0350732924021
0.0302098776917
5.82427769047
17.9303884671
5.57050317671
0.0502636664518
23.8478576549
31.5996211171
23.0795072304
24.0186911691
7.82189625743
24.7489375001
46.2048419382
37.7088337131
29.3358321404
95.7707038838
15.4910416999
6.47475244666
31.6407306764
28.0042206073
0.0287143303073
19.8400109713
19.5837006828
18.1258978548
10.2798353262
13.1109694422
8.45920453953
0.0114024543791
28.266001459
0.0273576656507
0.0680709902286
0.059980823003
19.539844304
0.0406101581513
0.036833242399
0.046494891535
0.0408706574515
0.0416396722764
0.032589485917
0.0240372978053
0.0186420788154
0.0149461746526
0.0126827067392
24.9878350502
11.1517965088
0.008618488789
0.00832430611261
0.00569555518972
20.940543665
33.1504584568
55.5017540713
6.14527457555
0.0
11.3832121078
4.51597656962
4.87634179212
0.0
0.000905087159792
0.00304765725888
0.00185443110276
6.08863068792
67.6407921753
88.1912611299
96.6501408094
0.0
0.00583053098269
45.3740230974
22.714183783
0.00293286180933
24.082847968
37.024778755
36.7270617826
36.5170079026
0.00590215749133
0.0145550019373
20.2566377719
17.1141287031
7.1308355612
21.9287178161
0.0245768721729
0.0358455476274
12.4646873373
0.0200163934574
18.2352378525
57.776495979
4.56447781466
14.0474491836
11.1062211341
22.6258344603
5.4197426548
60.8339089547
5.34325770469
0.00753280949131
5.26921393521
23.1181852151
21.0878488499
19.7755641645
24.0130198024
0.0220442025589
0.019138138588
23.8081317358
11.3646242165
9.49969956555
17.843580303
8.39915381388
18.0136400328
13.7653764792
0.0408896592998
21.2561646286
16.1321140306
22.0673452792
0.0104686812301
4.84694175851
0.0145415176155
0.0149515254627
4.49201971032
8.88500728042
38.1660252451
17.0969842745
6.43323352908
5.53692731228
4.76496201341
15.2403974201
0.0434307540786
0.0403195786934
0.0626943163167
4.96473212272
0.0255292945409
8.01346382916
5.25307197407
30.8209046286
0.00291531833396
1533.23642699
0.00121723961812
63.6803434052
0.0138805758504
0.0128719143368
25.5729736538
0.0560815616841
11.8683302449
38.5200222621
0.0298796248117
33.2256124114
13.7420040717
0.0181050296945
5.51900105166
4.96390301589
6.22879596996
7.93642285534
7.39642954454
19.9230284828
28.9645260457
27.7415870077
5.02221971176
0.0280072903248
15.4061491001
68.5370842843
27.2119413596
0.0327303855846
0.0155787847011
0.0204714818696
25.1191082303
18.8359220262
204.876478628
23.9388030459
5.99834716426
4.92047791099
17.4437434781
33.0125818064
0.0136175490231
18.9365680146
11.9846723188
15.055013986
0.014732791455
0.0194740505708
20.7435367239
5.2016085924
0.0490229071002
0.0535437788384
5.84436990176
0.0258229585635
18.4030928312
25.8449480655
53.417769477
0.0123520003601
5.30553502149
56.2224141174
0.0292477507964
38.2059432746
29.2444474066
0.0133598202644
0.0107026409916
0.0158644674175
0.0243556194224
0.0283278915154
6.10064152489
0.0769815439815
14.5970317743
4.63584931921
7.65811978603
6.68391340294
4.98527687726
0.0474809850826
5.04451114239
0.00801659638474
13.3446421838
15.8624990643
5.32307559003
0.0705972101609
53.546998962
22.6984057733
0.0378207982082
0.0215605615409
0.0588026091377
4.71003803344
24.0120218562
15.7403432431
21.4123794214
9.57280345353
17.9894578669
0.0288752077419
77.0512528315
0.0120313614471
13.2312157158
4.46314412503
5.17271903392
0.02674820021
5.1582292719
0.0246516155191
5.45355105778
20.9023397417
8.06136265063
19.7033251975
0.0301855091883
5.47833841198
0.0512746645075
0.0236704935489
43.7763396052
4.98801125146
0.0239936298566
5.00055362089
17.4690257913
19.4869695384
28.0572218916
19.4775299804
40.5788337037
20.983547886
0.0431301173584
0.00112178564895
11.7635344954
0.00669021412111
18.0435868751
31.4750929815
41.1070642274
0.0165095166798
5.59021185575
0.0178580016997
4.83534349341
5.77110543599
5.40174259186
29.0581240365
0.0192012523764
0.0169218244847
18.8203795375
13.0942785538
5.16488468147
21.2665450427
0.0359161297815
23.8594845543
32.0694718534
31.6550493758
12.4570841523
12.9172354478
0.0520958300499
0.0267355030756
0.0608627025709
19.0877359865
0.0713210057415
0.0491762880518
8.27527401126
67.5580222
30.1642223514
30.3933105794
26.5244354846
51.4348074894
0.019924454472
11.6485079541
5.53893950519
612.762016833
0.00247042059099
21.0179560816
16.1105535029
17.0731754134
63.9132961263
5.63065801677
13.9558906336
0.0666573224817
6.50106533591
21.9652796513
0.0607432496521
18.27230747
15.2307957143
0.0713296112466
7.5848146803
23.2974525473
0.0571251770505
0.0610551718229
8.19469296251
0.0471544080287
0.0466908642996
36.8296217238
9.40925583516
18.482686488
0.0579705169066
51.651248658
0.0341462770042
0.0428505641675
4.54245883053
6.49237285486
0.0102175885795
7.74201467993
21.3426514669
7.88501837795
15.5572747809
14.6353521506
0.0404934196063
15.8939541707
23.0788607472
4.39579753837
0.0183342604632
12.8895422072
24.9471442518
11.7701534988
22.6871268375
0.0402902316427
24.9664138978
26.3240729484
8.27459495711
0.0399286986295
0.0209255498959
6.83777544316
17.9709333797
5.18491321011
0.0185357594441
0.0274194092248
19.282019557
23.2347904405
5.8959723599
8.199126272
0.0250530323932
0.0252969602229
0.01025245781
6.21943316964
0.0212905922377
0.0652764745955
30.2896814268
20.6563532344
6.52684150485
0.0609480603761
4.73556065133
4.65768998481
24.9174906017
0.0200987194696
5.80131521738
5.20692619529
7.57347030658
26.9166286118
0.0258587680662
0.00586916407425
5.39768617426
4.74303842834
0.0164665911111
5.13999220872
0.0266854252327
6.49746606952
21.4584346267
4.68042268436
7.26098505394
7.1905347558
23.3094671552
32.0613346892
15.9650097848
23.5314559462
4.88841008434
0.0407985926076
36.3346720747
43.0942417451
27.5405840026
15.149835117
0.0391995770425
0.0410430002696
5.88459300734
49.507220243
6.58060236859
0.0567804291166
0.049677340087
6.91676598077
6.49610972209
0.057456903218
0.00704908207952
30.0675062768
18.4551628224
25.1169113243
0.0110918787681
16.9937564602
0.0112164943793
0.0249495470172
30.9894804178
0.060209167763
6.45206321472
0.0199339329265
0.0348651286538
6.02804195613
0.0214035165841
51.4913069058
37.6729337641
0.0124033482019
12.2404647721
7.07779939572
0.0126250602052
12.8909638039
8.74549737518
19.6187095495
18.4889609501
14.6902116433
0.0130006224838
0.0157498406026
0.0137966381154
28.7115093581
9.88721225208
7.91965203922
0.0489671098331
0.0827270629673
19.111449908
42.0550185328
27.5815185687
15.3844353139
20.785802407
20.7162028779
0.0157628269832
0.0424580909395
6.75037010782
0.0511587700501
10.7530815526
0.00890272762138
0.00305035102485
0.0126106142212
5.90234277769
0.0180868022699
0.0238818890937
7.14653340375
6.01815633767
0.0466417678609
0.0284656318643
0.0285363878883
0.0365601714472
0.0306172068752
13.132722382
12.3125777624
11.2524339612
0.0605256892539
0.0390088536074
6.5385583561
8.77932374108
28.5634403917
47.8230532759
15.7700143398
29.5083445947
16.7511470469
17.0854471312
0.0202547354005
0.0309814520746
6.23600781254
85.5830231887
42.994050118
0.0184839902804
31.9458378544
54.2157126924
0.0457717235139
8.43130186799
0.0808454107227
0.0683878102755
19.0608901788
16.4981057103
0.00882965274701
6.5754844184
0.0153277757229
0.0128695503633
0.0184591131161
23.5871983437
14.582028415
0.0323216484158
18.0639236906
0.0230124444423
10.7519005566
7.35332672618
16.7263029201
18.6755458576
9.87876284306
8.26097882915
0.0251258372734
11.5816811577
17.522326627
22.1445612835
282.29499531
12.3703252897
0.00690500386331
0.0197538504118
0.0165740853127
6.93859334711
5.94235423053
28.7337928032
7.24440133627
6.65358000277
45.5324313015
13.8644376267
0.0157488056946
0.0232006851428
7.48166963236
30.3267128308
29.7025489475
7.70631012946
27.4945910087
0.010000873429
0.0171537672402
0.0204672150766
8.7066294633
0.014335293778
0.0321943390014
6.25551682127
6.74292100641
0.0591833408329
0.0327328353828
0.0303298935642
17.4886633314
30.1426304997
0.0031227847533
0.00836616266156
6.28503165034
0.0212325552157
0.0462118838636
0.0660900153709
0.0819808854744
0.0193896161061
0.0188447100282
0.0270661289434
57.1764668907
171.066137798
34.1010511716
8.64525867707
6.36142685009
0.156181600418
7.5279354911
0.14290357536
73.6963398202
65.8603413526
63.4437110618
92.8474187646
7.71704796296
10.2836844706
8.52410471694
27.3961217768
0.00709130596718
12.9555889418
25.0988031942
6.32192774889
31.9858934629
0.033672930511
50.1115141691
0.0319907612557
45.0337631463
6.34338356249
0.0230521062848
28.4851796886
0.0184325742237
5.97149609705
0.0305037783368
30.0365660563
17.1807358918
49.8408496011
8.42934536058
22.7680807855
22.4925285747
25.113912785
0.0111969241272
7.01969601924
50.5699758844
0.0503654654836
0.0482034147275
25.2421941726
10.0684313887
21.7279823537
19.497195081
87.1243658452
43.0153834267
43.6428326127
0.0180918676593
0.00803871256196
0.00795104186846
10.9642680829
0.0546103307979
24.6266887659
0.0113170113751
6.47806154569
0.0107655055739
0.00370339115439
0.0106024529205
42.1119234823
0.0167667254097
0.0321944088888
54.3571514125
47.5625597832
0.0246906962921
36.4542468753
8.25911353144
0.0147956162727
44.4958845184
15.2760283115
26.3828798841
0.0389344018736
22.3752547047
34.7698802729
0.041367994135
44.5026316105
0.0394372118213
30.8604240936
45.3232562053
46.5156340299
50.7238216628
47.3640833486
37.8682940198
0.0949678920876
0.0710809907372
8.80212250189
13.594254121
30.022679155
0.0532402581587
15.980994873
0.0509730425661
0.0644719724604
10.423121795
0.0109181752277
5.92062872423
16.3949962048
0.0240860524329
6.94864588962
0.0418349186427
0.0353594747748
0.0325482407006
0.0458362552815
0.0528926832262
39.9653530662
58.7850796636
0.0215052906262
27.5334045115
0.025932216666
0.0245284679444
9.06620245635
0.0297406708958
28.5582768797
62.1509138075
210.838058981
0.0126366148997
0.0118193073346
5.9607039804
0.0303038068006
0.021686374763
18.1178840234
0.0246023367066
0.0390995512166
57.3615246181
0.0322142378668
6.28468694591
25.4443923587
10.4347971985
6.98247011103
0.0317696408138
7.97489867476
18.4392309988
0.0555427280788
50.6923369275
5.96309384994
6.12939559737
0.0256716698233
0.0275860115255
0.0118195141536
50.1587392389
0.0484744208363
6.01124253182
0.0250895601451
26.2893909465
0.0280907251212
201.876991448
183.904613889
152.38869944
116.886717041
75.0747647187
6.58400858855
0.0
6.62225023608
13.0623099963
99.8462512229
20.0504107018
95.8528850443
0.0
542.936627376
27.6865479627
0.0145529156663
6.84572571677
60.5016312266
22.9253009437
12.1325778795
0.0203633653304
14.6190332
21.9312207949
14.5415026499
6.02645541219
65.8658002038
55.2927998401
39.3146577904
0.0503234998261
0.0495076338746
49.7141482646
17.092999575
0.00392747525293
10.3530223453
27.7951297767
68.5611748361
74.0441592701
58.0252173575
84.3527570996
6.85756684679
0.0033956323052
10.5536816184
26.3755903459
14.8273172024
23.3117933498
0.0
55.1110366981
23.4000818969
90.7805371678
188.51321134
25.2224444213
9.96308423762
30.7983674891
7.31043023494
5.94021118441
1457.48386514
6.96930536409
0.0
19.6552809664
19.8493568257
23.4280373775
35.9151794077
22.1976967294
7.63345337457
76.6973366944
0.00953828067488
0.00855804230779
13.3331955765
20.6694739536
0.0445786153664
29.4718212294
30.0011219224
22.2007100674
8.25504976979
0.0277715464716
55.0174129395
44.1679923659
37.2815365016
81.2859712791
0.00238569456343
0.00818972689194
49.9095426896
82.6368412069
61.49971113
39.594111518
22.4374578348
0.0
15.7513150284
6.4769832414
200.589106288
0.0
583.488456971
923.644410833
1198.70408963
0.0
1401.80259531
0.0
0.0
29.4384493067
61.5009148656
0.00731113196688
0.0163527823137
23.0359429828
11.6899475002
110.166785914
7.35887099618
38.2129850425
0.0111825178742
72.4619098611
0.0177802795406
23.2475397941
20.4051197346
25.3930656485
7.51903187652
33.0906569868
6.56833719811
0.00247331141101
0.00188961617777
0.0
43.4409020713
44.7602370843
34.434935143
8.52858338048
0.0
8.41692909446
46.2542989116
0.0
46.2012773399
0.0
58.8496526235
0.0
0.000758094097583
23.0413714317
1300.29623687
1436.1061233
1445.83269509
0.0
0.0
33.7393049484
15.9044681206
24.2826463571
10.5654825682
15.9828648292
0.00572902750142
0.0029543000555
8.01837394128
0.00716212634143
0.00699845647848
0.0043160896699
55.8246677801
44.3221550575
45.7313434014
44.6568007816
6.57616134743
95.6152201338
30.5084493428
26.0295187484
0.0271480336045
24.3297293136
29.9417824702
47.8336303642
38.8306874728
36.8483366553
0.0215376213506
15.2496913563
30.3166957664
0.0124429267106
20.5155482487
18.8505995894
24.9872323851
6.17705956911
79.8999555439
156.774874376
154.786158927
0.0653709679023
70.4307310525
0.108401790899
6.90475628469
204.732052028
10.2281118007
7.96057518638
53.4591072097
0.021530120346
6.21055333159
0.00247533175386
6.82060563651
8.24549216684
6.97675267864
10.3544924166
0.00167693019718
0.00300847860409
0.0149220932076
0.0126349970701
0.0113242447604
0.0097996306004
0.00887787639815
84.9966095383
0.00488019140836
30.0383692103
9.80751040879
14.2907050344
26.3719950142
22.6256732896
41.3013334971
8.68762433845
18.5077354119
6.43239233681
182.184172703
169.795908967
11.3188631336
49.0902399086
24.7428114582
69.4647626282
31.7587419591
34.3834147205
34.0529284693
23.9516278997
77.0908464892
71.6999931208
23.1332471851
22.5499837755
18.0862794654
0.00344125837599
1260.14042551
7.69180133715
19.5847632386
0.0
0.0
0.0
46.1897110735
0.0137139451837
0.0131483690687
0.0139176003286
0.0119043789354
46.6379803536
0.00992527596151
9.82812605431
0.00879768073335
37.1616697316
103.739867193
6.62661274196
8.88188089891
55.4736232076
73.7563431724
10.4781493822
38.8467294307
39.532320833
21.4637801191
212.30558143
0.0
583.160474902
922.76886868
1210.36894799
60.7643954581
80.0070473765
73.9929415773
27.9112499547
29.9195717148
53.1122424211
0.00682482704789
63.2813687653
0.0119938804767
226.111370122
34.3388152741
29.4806863238
33.0754944955
7.28090905711
0.0100134330747
60.1626681355
61.3756107935
87.0003738061
87.5441513802
88.1162989756
0.0267384983887
34.3956326001
7.23994431597
0.0147783569294
91.2325906036
107.52054325
29.9233590421
27.3272649299
36.2153245939
35.9762510913
17.6882183555
9.99674106906
0.0
53.037862239
132.343556917
26.636441668
59.0879544062
36.1874637004
65.7118731077
30.1026833116
51.5337333262
24.1610698792
0.0
0.0
41.6139811509
58.8464598259
52.4675793097
0.0116670072309
0.0288222209845
12.6946899518
6.91060805634
14.6803494115
21.4776054333
24.2554861758
23.7735156961
30.3282973991
28.6337367677
26.4965361626
28.2724219075
16.5822889077
8.18025141887
6.61042200875
6.94134776335
0.0475174504718
62.9793994652
84.1734176582
72.7202590103
23.160610627
0.0353216897347
577.569448275
11.6731041739
23.3209098362
8.29765069387
7.16803098524
31.7582410075
0.0168889696943
26.5565915696
10.995933018
19.7877291978
24.7664810402
0.0190154048658
8.11438091659
8.45730109715
17.8531796087
0.012107136707
35.7109305778
34.4735446993
0.0113195004002
137.440730207
0.00589292451756
20.0353254544
45.8052934655
0.00707012033538
46.3027780056
0.0185783382834
38.8799247642
45.3152161346
27.1664493815
30.2297694188
6.13477369236
16.2651996773
0.0144780378852
0.0168710214694
14.422178187
15.6330390457
17.5672400938
8.39166288309
20.7806137932
5.95254177413
0.00518308552873
0.00645342190111
10.0987237494
0.00154076913564
6.90737809726
0.00376603510741
20.6287399082
26.7621594236
9.51908927565
11.1883904997
0.0175544785778
0.0109121670568
0.0134071866585
23.5449859282
0.0127367265961
10.0351521143
21.8885099004
8.26380774284
20.2656009422
0.0152573606134
8.66034432811
0.00633484513828
7.00977705879
0.00990707437448
0.0182329782126
0.0348902719259
32.113092199
19.4403948178
0.0459099379367
7.5201764431
22.8818804946
6.34030470282
29.2036431003
38.6609903147
74.1585128969
30.2428057077
9.65881068376
0.00372347633081
27.9118600907
6.53698930621
21.1275736577
0.00571031347624
63.7403295247
37.280515529
32.8021059545
36.5760785884
31.8815584145
20.5892758379
9.32978665409
0.0070621444263
21.9393122165
6.18721748135
0.0044517701319
0.00184956090118
0.00890246254315
0.0122767365284
23.6054586909
5.93964305324
9.40565682773
0.00504061988379
19.4482337405
21.8678458633
0.00764319342744
0.00725550013642
0.011696736755
7.44215671479
18.8260793011
6.88458574023
0.025749408539
0.0222414753873
0.0205060994031
10.6791907657
0.0185617816472
0.0175305671693
0.0296214614382
0.0201670288566
28.950261928
25.27447873
9.52796108603
5.90072320364
0.0159522980554
0.0191839543651
6.21585329474
112.030788697
0.0131833993218
30.1497208666
0.0
0.0
0.00660065806931
6.4702530092
0.0058180798983
23.950958379
37.3502572317
42.0264174291
34.9134907482
0.0188581272242
23.8622330787
11.7329206886
6.87429650945
0.00460363644031
0.0182658542993
0.0112871052586
0.00900905213771
0.0158571673637
0.0208205263727
0.0293080750462
0.0257522944602
0.0279956533159
0.0299713750661
0.0361345309926
0.0282930043274
0.0279735766033
0.0154813178836
0.0117122931109
8.14716511374
0.0499880228035
20.2136360514
0.0265549678258
0.0305972454799
0.0246611598638
0.0109265060407
27.3446708188
8.47283176967
7.01848735642
8.07597864131
9.24014768914
22.6647442345
6.43709514126
0.00870581689686
0.000813336377833
0.00269633070274
17.5069033084
0.0104700647003
0.0142695603956
0.0238344212024
8.18003945172
9.92395535881
6.04597976109
0.0177504532423
7.09445003646
0.0361163854141
0.0387938181764
0.034388581895
47.0810178867
0.00967111823437
8.95878949681
7.35692066444
6.91346611445
0.0457718644742
7.47016221835
7.84430734714
21.8049811117
9.07048759629
0.0226294614694
27.6652470923
0.0237706095299
0.01814408597
0.0166175060704
6.35653272145
0.00911617233637
0.00831410722505
9.21507296237
0.00684557023152
7.93105356815
0.00449866235911
0.0110741390018
6.16283081297
0.0149799623732
16.974546989
6.42520132924
0.00568045886355
7.23148767849
32.336287437
0.0133555797206
7.66087305131
0.0307792768158
0.0268716407685
0.0182661117999
5.88124606827
0.0173178776187
6.02258235948
0.020789769513
7.27183687493
9.86023288559
0.0262792218153
0.0286113166092
0.0373852499146
5.91300542916
7.25706100029
7.56131811862
0.0475466865461
26.5392780304
23.7202175304
0.0305346288166
0.0447710432236
19.7809627478
20.7781572405
9.34565257765
21.8632982829
21.516044896
0.00901729489448
23.0371165494
27.941818802
10.5379750243
19.3645504339
23.1849103264
26.0886299307
42.9939082484
8.82282659809
8.84325174761
0.00271027178599
0.00685913768462
0.00295683173069
0.00714801961058
13.8818550744
0.0199897423743
0.0195211982544
6.16838678948
36.6429256736
0.0122866635949
32.0864397842
0.010305318353
25.478331224
13.8210573479
11.8163751654
10.0957219996
6.95251974691
0.0424497683528
0.0315592970824
0.0325207922596
11.6683372046
11.9751357933
0.0145242215123
20.0645635137
9.74692086994
0.0127389429625
10.7959158128
0.018922325048
6.48854491428
6.51829243895
18.8676903846
6.16096133139
7.89266415112
8.2082355772
18.4933905738
0.0159262222486
6.28618651483
7.31263043391
9.02509492484
17.6619602627
0.0143045264255
0.0150912099724
0.0177366301642
0.0256750858013
0.0440237606809
0.0369751608801
6.04497802929
7.72843670101
20.753791342
0.0136410790427
8.50747528008
6.07686771641
9.18347810282
12.3922331006
7.47044687606
0.0854942081907
9.12628068203
0.0454873008914
0.0284657478275
6.58836822149
0.0289585841536
0.0486821806418
10.9964883943
11.6919438014
12.0568458246
12.0998128696
12.0953082918
10.7727033828
0.0127627595234
0.0106551175092
50.2938318657
0.0
57.4498746348
0.00665830914742
46.9625428534
0.0
0.0
0.0
0.0
0.0
6.5437059463
6.83758224072
10.5853054694
49.7257133954
42.970520816
77.4529470815
88.8010019537
86.8254415464
72.9116203169
25.241212794
19.7099016266
47.3797614352
7.65961136251
7.38822051525
13.7355515098
25.5367229061
22.0438671214
0.0281474174358
9.51462423514
10.7647772289
7.43627980838
8.1576710564
0.0336256007159
0.0301714520067
6.74777099138
37.4914818259
6.01040627931
0.0324560556851
6.3040541395
0.0163511116544
0.0390638237575
0.0566071035986
0.025951142
26.1580293448
79.424090216
9.73225833865
0.00574188249448
8.11660398984
20.1321032452
11.8418545424
28.6372795631
0.0472051257077
0.0475973906175
48.037934603
0.0388774830105
8.80980039543
11.1803819458
0.0461422393961
0.0248762802696
8.48729722866
7.90079566342
7.79690216995
23.326790376
10.0900528944
0.035980185665
16.3863696793
0.0182551744956
0.029205405597
0.0286336922067
0.0350937017301
19.7409537284
0.0812979873011
19.6331961125
6.74129323418
9.98242159996
0.0564151028483
18.1822477873
10.6832720263
21.0669350874
0.0212124233526
53.5701488721
0.0959041097878
0.0212840767675
537.652057738
529.244812298
62.3043368169
0.0128680949719
51.9393159006
53.6582484371
0.0317062871135
21.1203875423
29.5032262223
7.94019585711
14.7747474492
36.0203380833
21.1587969687
0.0591159108464
0.0725600857609
6.49251519398
0.0668921201352
8.40881734074
0.0535334015053
0.0375954053268
8.45162035705
14.7210858952
21.7502534414
0.0586714006041
115.033923644
141.997676765
47.5023588218
32.7551304712
9.50004472803
0.0307992290287
64.2861714031
7.14861630416
12.6507225247
0.0145226454316
6.97742622493
15.7760124722
0.0149803611779
0.028526710615
30.4173102529
0.0389833285133
15.719420199
6.8530109388
0.0392638261167
0.0306016507587
76.4794170295
14.7945092355
28.3876233588
6.35766730518
8.9607483161
0.0582378231409
11.8884062088
16.558557991
8.95283712956
37.409603264
29.4492018246
13.7897193503
40.3756410081
40.6858880967
41.3461149159
0.0159941173686
30.2625255759
0.0175848513776
23.1943795987
21.2026411402
0.0291845320232
0.0207017723489
19.3378700135
0.0747543240205
51.9968423186
40.0097029866
6.62103647155
0.0304356014049
32.4252392768
0.0142133827869
0.0119386894163
20.4314847319
0.0231643630731
0.0238856669541
0.0345688081887
29.718987736
6.18862719904
15.8650614475
0.0449711228768
90.7004194788
160.824617613
8.41627970702
0.0752293807044
9.29696817543
9.32675443871
18.6956044187
0.125281501726
6.68110395387
0.0200216619382
0.011739044686
0.0260422527008
41.4757990233
12.3562510786
7.20855262117
32.7020073844
24.6261764793
5.92704169727
7.19247306762
0.0119041947974
8.98225288172
0.0285459261061
32.3171316717
0.0292544402424
33.1500403212
7.05624992489
0.0334223181505
61.7006639873
57.6561521519
19.1834577276
26.4533526911
27.3323737482
21.5802608472
0.0162196016478
10.4557753382
6.66192158814
18.6072418877
16.254774551
9.04320879967
6.38238384534
33.6357198115
0.0622280342554
0.0526709091896
33.4296342494
7.5503240236
43.1140110053
0.069345558239
26.4666792126
0.0686949272514
34.6370411899
20.6084566574
19.4207809221
19.9182100587
20.1329572844
22.6285058253
0.0695793758146
10.8780229082
44.4469196038
10.0381924122
21.9700043261
26.0845843265
0.0209987770302
0.0392974090964
0.0419607423518
17.4438478024
0.0597039723463
27.6829215302
24.8045471085
13.2738605984
22.0959117283
21.2164952822
0.0575779808425
34.8811996944
0.0746107900693
16.657271777
0.0795251441918
10.0357308735
8.44421794803
6.42695574169
37.7127182404
84.2872744706
42.8469214129
41.6561038585
33.7896813956
0.0346599700185
8.83877101078
10.6170745708
30.1439980868
23.6695396778
0.0256141879406
0.0327151028555
8.40161823014
10.0065317543
7.30948677319
19.7484555326
18.1254292854
7.88610802236
63.0196599525
19.398064689
9.99153215127
28.6313950981
38.9393859657
44.497546736
0.0681248629081
22.9810987016
6.20250690994
30.4689939201
18.5030229664
0.0131598149556
8.19451550998
25.8790694722
55.56343388
8.50420620988
19.2104961049
0.0549394571103
205.895916353
18.439973361
32.4528299289
18.2512396247
0.00892214404224
0.00862364182199
6.76580252248
7.02483981335
21.2467870316
36.0827456622
0.0578498422068
0.0390558929849
8.12987257182
10.25765882
0.0305512616125
0.0328332231284
12.93747285
0.0157370390965
10.6209327834
0.0596446651535
19.0227153987
6.52922568528
0.0111408237823
0.0202995354616
0.0103171248774
7.45225322053
9.16534252549
38.377365228
29.069175767
28.5618317939
11.4105201979
48.4908801619
39.8768180147
13.4652241881
0.0318526013544
0.0384357097187
6.44911660301
9.57156084102
9.51355758652
19.8160291865
25.5297343915
38.0550809977
33.8308757095
32.2883901642
32.3401268535
32.9847568986
0.0476678690828
0.0555256545911
0.0459855594879
0.0844940675042
27.6196547035
8.21282387673
23.7539467963
18.4043310657
20.320731908
26.2351297205
6.24156810504
36.4128070664
30.7179012394
21.5117518923
22.6739926352
6.27015281003
6.89667060078
0.00935571025961
34.4001981648
7.72144274156
0.0188555423497
8.33919085322
0.0214309457648
31.6025314771
69.6932920035
80.0177030292
43.4236981001
6.6405442655
0.00878182078686
0.011440781014
8.00447080367
29.7164096278
17.0523461191
28.008423424
6.42806194373
0.0267481686803
0.0254132729297
0.0275476389194
0.0247192736827
0.0248589383837
0.0218871266083
43.2118025958
25.5807096194
67.6791735602
16.0902379169
13.0970307775
31.2144661861
7.78324513604
26.6088933421
5.74703710699
24.476485146
0.00534251092343
0.00661984517251
13.9077599791
25.0145368443
7.64250363696
0.0246627923293
16.3716793559
8.24529013056
22.80174348
68.3989618276
35.4269609231
19.2402114422
0.0227372952744
0.0294728605481
0.0314640408209
0.031155553791
0.0196550507185
6.19988267695
11.5205676596
0.0175295374019
10.0024227124
0.0254268155626
0.0222904081985
18.9939117042
0.0265062797138
0.054254295678
0.049732876216
0.0506507365321
0.0433393920034
0.0385021295835
0.0385000904971
0.0255635932806
16.3257201069
23.8504240038
0.059237686709
0.0523911810173
0.0609928826783
0.0409563569178
58.671941343
97.9203854654
0.0183630207657
63.1250501769
76.8939836134
18.9478061529
0.0457167783956
0.0401458017845
0.0474300083699
8.1900802533
115.106246548
64.3812769663
77.2896630342
54.0640448687
43.0700692805
0.0436447112164
8.20680692555
44.9078821756
13.993893715
11.9552778262
5.87728273924
5.66100799682
6.04921106673
0.0376232210379
0.0472908380182
36.6905526821
13.8314826247
0.054683429458
7.81258954179
0.0115645517623
11.8911995504
13.1017016264
0.0069650828083
13.2817542665
0.0116943377589
5.51517254263
24.921417969
19.1508119938
6.33948165947
5.90982137785
404.301416813
309.355072509
0.0302585278258
0.0330165896852
5.96689716631
7.04683168229
0.0639102968793
7.01974563256
8.88853946895
0.0406046556718
0.0135302130001
48.5327949732
11.5520022324
0.0132945703936
7.55837615228
23.288171189
0.0560535053717
0.049151376978
13.62664928
10.0585294413
29.7938402628
0.0233907823019
0.0389517845852
18.9229142105
35.0590359837
7.72685564283
0.0568117079372
0.056300672554
0.0486688729803
0.0703311713752
0.0549527166493
13.6677865425
35.4365193156
34.8977112045
66.7853311366
0.0195652070813
16.3326569893
0.0224570515724
0.0487349576432
0.049888653871
0.026594685373
5.55276973332
5.60426204736
0.0657808050018
5.66940579468
8.09223041046
0.0418131235373
7.14164426906
7.32761892714
10.2743980781
0.0947070409859
0.0407468103482
0.024270880041
30.3981350377
35.008102041
10.6708183055
10.8649009947
16.5630880217
0.016372108341
22.8988149649
22.9919595805
18.8805167428
0.0109977592097
78.8155246364
67.4797536137
8.8714233146
16.2293386641
20.9235181302
0.0599403316245
6.57792400601
30.6427296238
6.31278327704
22.6149183418
0.0173970186736
9.70600093084
9.51266029648
6.71184387658
6.18912496186
6.2841119743
12.3682052631
58.1880601051
0.00933426334358
57.5955475338
35.8558437798
0.0548637499031
17.7205055219
13.8931922035
24.4065605986
18.3590855694
0.0429961480015
92.2460493182
51.8986281131
0.0109334054616
0.0274450131884
6.32279528575
22.3781333492
35.6211507163
21.0825822112
0.0306204079276
6.12922458218
6.09398522755
0.0261065130868
0.0329205412067
0.0290633764281
81.8146987345
83.9892241376
30.8780824496
79.9774849474
0.0426543233791
5.85821361024
0.0326181408508
8.8635098588
6.31859000993
12.1082424445
19.2648563291
29.8847489662
17.3704998765
0.0427133185589
78.4351939266
27.7412438703
0.00569053520861
33.1897196458
50.2447046516
56.904248855
56.7286196352
0.0315840096399
50.5726619606
16.6056669022
25.5343039704
41.0758531124
0.0266907881861
43.9018902039
79.6394984919
44.9520942923
6.24527172788
0.051536382255
8.58983311694
8.98791126987
6.61322380289
20.4612211958
36.9788881908
31.9267363577
6.46353778081
0.0995421919469
0.0742779520936
0.0533138573445
75.2495474024
68.4534558583
80.5644782464
6.40189204256
6.29016529465
21.7184290748
7.51304595875
0.033450094986
19.4314215903
24.7187906377
27.8822775746
34.7143929909
18.6229927574
7.9368557384
33.165308323
6.5939619872
0.0370284246669
5.90798750296
26.8769861776
6.7343342613
0.0751540468126
129.038884342
12.6911353061
0.00631156209423
17.266202584
11.9179834085
24.9017116597
9.13861766807
21.7965695549
0.0438516026583
21.8719651888
59.0614277001
0.0211477065732
0.0259691050532
6.29562069277
9.24943420826
39.9344195296
74.6016415981
21.1483860865
0.0358555199559
25.4260800244
39.7398691498
7.34261890534
29.7230918988
12.3841256205
23.933301879
12.1162292384
0.0
0.0
6.38464956879
0.0
0.0
0.0
0.0
6.72223121912
0.0
0.0
0.0
7.65924151064
5.89207786975
17.4561340083
8.46738928342
0.0
18.1442486445
0.0
19.7505880786
0.0
0.0
10.8664543936
7.51280783548
7.28458888302
16.4482735224
14.2633789123
5.86802713707
7.00272360353
0.0
6.07129206522
6.53201111099
6.27497439795
0.0
0.0
0.0
26.9447451831
6.6576339279
39.7297209783
23.106462333
17.2099338733
0.00325418316859
56.0447998947
56.6045640516
0.0
0.0
0.0
8.45629781921
21.8357572302
21.8059075558
13.6831587201
34.6955836492
0.00267041925876
43.6452183546
0.0
0.0
6.02347997078
10.5288205828
7.59121884622
0.000758454162915
5.71358594075
7.87147982957
0.00424585646771
26.3843010684
14.8545267265
30.7399093983
0.00142286629438
0.0
9.29914611642
11.4378246636
0.00165445219996
7.46723808996
0.0
0.0
0.0
0.0
0.0
14.4996826039
6.04382745999
5.5957580917
0.0
16.0118214696
10.0799189061
19.7952677401
148.314957194
0.00314806105065
9.27699450764
16.9723173413
7.82109049664
0.00797338799439
7.76225626744
9.10469408175
0.0115923192709
0.0115694574256
0.0091914140497
0.0
6.83528483681
27.8272033913
5.54008247791
6.68703049939
0.0108635478905
58.59656
52.6486602854
51.016050924
42.8158709552
50.99895318
0.00563465648902
25.9528539176
16.4782145996
10.1578224028
0.0
0.000910768667333
0.0
0.0
0.0
0.0
13.9247908413
0.000705851750722
7.33735279717
6.29638918204
0.000911935458955
0.00345164886787
10.8894995703
12.5041134826
7.04547212961
26.5494281577
48.8194806632
26.8549661348
18.6543619752
0.00491452322721
5.70034388128
0.00476532690849
0.00298810210831
37.561663143
0.0
0.0
0.00155589754632
0.00260764961741
10.6842086158
6.75655096517
0.00350410821273
0.00555356947863
34.0884802217
38.5286105004
0.00252703061021
0.00284131996992
0.00829619792763
0.00296968491649
6.33427225673
6.58983144439
5.51662821314
7.10021906746
0.0
0.0
0.0
0.0
0.00205526325409
25.4038643691
0.000601605439894
11.3945398165
8.11482558523
20.2995283465
0.0
149.864338736
193.761686213
19.260341973
30.2155239418
32.1551583176
39.4539743272
15.9078043273
30.6565528589
24.8949581763
34.4046249648
15.9675075682
82.309584143
0.0
16.6780455594
0.00629870121278
28.626345085
19.3688742365
9.94303026404
22.9811047255
187.856703234
72.2666458662
5.82574337227
11.8096748388
6.58149643941
10.0080204718
6.7442283942
8.5152058132
19.7792005811
6.6574396458
0.0
0.0
0.0
0.0
12.1315626045
24.639350572
7.48075662901
0.0
7.43423138341
0.00154234685596
104.259768215
50.5000767383
0.0
5.72580523525
0.00417131460795
6.79483891925
0.00577835949446
0.00377517444443
15.1563542338
28.853537799
31.3674765693
30.4671798623
22.7502226507
17.8152294805
31.2283978075
6.61553996429
6.64258220541
5.59595959205
6.6281927149
18.739108507
0.00768499799145
0.00684178839371
0.00622911126695
6.13377549025
36.3379811269
20.0593667409
8.33507036115
6.91268714289
16.3441601992
0.0
0.0
0.0
0.0
6.59896018571
62.4648104006
45.9691717998
25.2705051989
0.000853654167535
18.0961456172
20.9697136819
0.0
77.5287065216
136.62189588
18.3348266695
5.83801660872
27.4001770614
34.2486588423
22.1349632353
0.00604693508925
28.4806687969
0.00357934475114
0.00271881081093
139.046254054
33.1766153716
18.4253368936
6.62910665873
24.7126379707
0.00401460848754
170.179528621
20.71516209
51.2376165077
28.0080412523
52.4523286308
48.4181571807
58.5371435531
45.6040351838
32.041708976
5.7024311147
0.00261737871423
0.00358475574932
63.6985275908
87.0320545571
152.852082792
12.8368309448
27.5006395228
8.1037155307
6.18278880888
0.0
14.3892722069
5.73300770529
10.3696047401
10.9751802584
18.1220484204
10.1054294806
21.9162597762
6.578416883
6.37632790385
5.81181037868
0.0160873192032
0.0118259616448
114.08126387
42.1575071036
59.5039625912
18.5099898363
21.5389344115
6.84066710205
6.5568547862
5.93655867965
0.00885091522592
28.4434142924
0.0115402656956
0.012355334088
43.3798327706
18.9563100868
7.07837036129
5.87260261528
6.2968398456
6.23028124895
0.012817572888
0.0139781045399
0.0141898262045
0.0135003472207
0.0105944332238
0.0130226707794
32.2273798423
30.8038684735
30.0004916221
25.6330576613
44.447004426
45.535988436
0.0110799805273
44.510348892
8.02817233228
0.0120517049319
0.0129747635316
0.013192470496
0.0156462023009
10.4522656214
0.00962997139515
0.00919501945589
0.0100552647501
0.0136071905417
8.87786676408
0.00566826796466
0.00796021407577
0.00757263264703
0.00602352426984
0.00738991233715
0.00633424324174
8.54525722881
21.1203785412
22.6944193807
21.7594439319
0.011364925265
15.4804626022
0.00918154538826
12.9829147768
7.81475386156
0.00382895651839
7.19115859605
0.00605558727056
0.00501028768612
0.00866648825855
0.0113661932554
15.0669192838
18.4421322201
5.57253127391
0.00593191501454
0.00591308617043
0.00137842689603
0.00546780054545
15.8061060789
0.00835990461666
0.00788411554012
0.0
0.0
0.0
0.0
0.0
0.0114664622554
6.12940891281
57.4380633851
48.3983391566
88.1549298046
108.230722734
107.786151845
6.62581269409
45.2322417717
13.940668389
13.5418743373
115.349923943
0.00326148498013
0.00252763446475
0.00399265026685
7.80234395882
0.00854663357468
0.0182881262992
21.6548328532
8.40044001149
0.0435486712694
9.39493629551
5.57534537123
0.00993027378515
0.00830431180758
32.797832247
47.131796835
0.0184625572926
0.0215692560108
9.06756007336
0.0370711117409
13.2701417399
5.66807970254
82.4010959489
0.0115251661749
28.1376606214
0.0241472518076
0.0291803564732
19.5579878192
0.0392255241929
0.0455483933659
0.0665345521109
8.53363780524
51.6470206974
24.7414498716
20.0609555648
0.0324125861578
17.3181694887
8.55790339368
8.17328194448
8.43659331362
27.8901918231
27.930336694
0.0174322910179
0.0138171768688
7.63354728088
0.0467396620408
0.0490670229257
6.99892356791
0.0582093799176
29.1543667376
0.0907717367574
0.0659413941591
21.217522451
17.098659568
19.5183316907
19.5904452985
10.7072376722
31.5719991416
62.7598306195
21.4718419895
14.4370197064
0.0628539051338
5.71257506744
1657.45282137
12.2807516218
0.0421941263657
72.7526618917
0.00687875207566
0.00902265777583
0.0269118889625
21.9876813661
11.4213468537
5.70452580625
0.0224159075262
57.928409719
5.59710663948
7.85972598569
5.8948740772
6.55592692295
0.0593911251162
0.0203297240005
0.0170322625746
0.0169865704951
11.9240942798
6.81728976661
0.0200748085734
0.0395185180044
0.0492220011213
18.0350749081
8.48889011279
0.0243934430003
0.0323688815239
19.4288077423
5.86618759513
0.012776313484
0.0138277291216
83.8331237553
15.6735114842
45.2945701226
37.7313571889
8.00752143078
34.4202778531
6.26893767245
19.9328942514
0.0037187697448
0.00525932303165
0.0125068337374
0.0110438676833
6.70245597631
0.0321735075307
5.59087203955
20.4048609765
0.0234136498049
8.22082245101
18.3953562611
5.99596989719
0.0411944908052
21.7155318237
5.65858614195
16.8212453832
0.0463149349792
0.0412249299787
8.72521494902
24.5564009884
32.8903257769
0.0468807065792
0.0728120074892
15.0042255016
7.94022660172
6.1920307428
0.0449944999796
5.94107434097
9.31031855419
0.0445428244263
0.0174073452482
41.197203874
6.93417831113
40.4308884228
0.0490230256692
0.058467976278
9.35261074262
32.404785024
0.0190730547506
8.02950831197
41.1786673149
91.055006842
8.14180776798
9.30913229657
0.0232670818211
22.2688395823
0.112138454005
75.191296571
104.042673705
75.1359835317
59.8188888982
6.21523227786
0.0241278279274
0.024811547885
6.94393790024
7.40422878635
0.0175047454797
6.09854515009
31.9618769772
32.1162510206
0.0249769220929
0.0297094924217
8.68470533893
0.0428652779322
0.0424346465215
0.0762329752799
0.0501300982094
79.0420127508
7.75805926367
64.7084169139
0.0205025855013
53.9095069724
0.0286941677976
5.98406912675
23.2546564365
5.97402717602
25.7747424662
30.2727817419
0.0486654753373
5.94516972022
27.4300433375
0.0600479843479
0.0759176428969
20.6857809019
27.8173689884
7.29221922186
6.066691808
7.89403195826
16.9841953118
50.0893499521
26.0196155453
21.7469574442
8.02885876209
22.4886675477
12.2607778345
0.0163873871835
23.3431920297
24.9880932476
29.9506753289
7.18885231201
0.0256024745585
39.3520179647
0.0575646969301
8.55869439978
28.490977867
16.4477526577
67.9290713757
24.0456363814
13.9250563755
7.84019437849
0.0180363274786
0.022044088925
6.72385907855
43.6615715471
5.91473407905
13.5445746355
12.4058138781
0.0292991395857
17.678612203
0.0135018345436
119.346383044
108.380696331
0.0555210828573
0.0419120813712
0.0492768416903
0.0539890662849
33.0479693668
0.0484734286002
31.1865714853
0.0596825672458
0.0510035216975
9.14786936322
18.7025934537
17.1330328924
0.0997879232297
0.0385604672113
18.7556025945
71.9753118152
11.6861365852
26.5407968089
8.15056493801
28.7462233285
62.7040153743
0.0578467998796
7.91827769463
0.00817264169044
12.7152700434
5.90321444745
5.83623258474
8.3668308913
21.0110528723
46.9700249476
32.7375360433
20.674608235
0.0415664888511
13.9384061957
0.00902674731714
0.0118329997004
28.0955564251
0.0132993351535
0.0154238571274
78.1659144245
16.8427521105
12.0776327151
7.99791917073
66.8467857341
136.164964372
9.40245294517
0.027850434864
0.0192734125038
0.0125436170344
7.82610888965
60.2806691895
28.0962202266
39.3564522439
0.0150329998488
0.0099049904572
0.0122473700185
8.52001047253
0.0206652536833
5.61036834495
0.0334776669545
0.03664549405
18.290846394
8.27028723802
0.0533677601649
5.6694975046
0.0282085371932
27.2545966817
5.6518891338
6.3311200746
0.0355580696203
6.45716428513
14.4346286161
0.059802271397
9.46321058962
7.67897393705
0.0360161031735
7.94914437222
0.0809226535575
0.0263044310683
27.5885866048
19.5767476772
0.0696079960772
0.103536444131
7.33373931353
8.40046113165
45.6076062294
24.7172416103
18.144186324
17.251227338
23.7485966158
41.4420250986
26.0421624974
0.0366259214839
18.2039634673
23.7707030419
14.0863857299
0.0244844241554
8.23640147301
19.1687957771
0.0632302259152
0.0610065009871
0.0666661839497
0.102946299545
0.0691224322561
0.0227494769183
58.9672788372
33.2844114317
0.0195363594944
68.6782062886
7.89209483997
6.74596122906
24.49653645
26.7339577252
0.0294233321299
9.61644269535
0.0304185819954
0.0288533967871
0.0472840822221
25.7336784312
63.2589247236
8.70974592078
7.85320906536
17.7490120005
0.0156292746653
0.00861516803902
8.9434919434
18.4582066873
40.3886133186
24.9467857409
0.0130752948598
0.0346481428454
0.0721655117445
0.0547000371151
6.58646741959
8.94429752943
0.0441711328089
0.0593920006865
0.0629571107929
0.0630528680337
7.11852821157
0.0610015344483
0.0710963361569
8.33103842647
0.0768209724722
0.0799543775933
0.0468001940911
0.0436110988669
0.0409189012347
15.665059527
0.046206113422
0.0705553656855
0.0345259224731
0.0131428169575
0.00466242299362
7.33164190335
0.0690957259151
11.1539738881
17.8753479018
0.0779725121081
6.36059480769
0.0264853634897
0.0190100727648
0.0179909820735
0.020158684904
92.1338095737
0.0218732737154
0.0168861456786
0.023992122258
9.44476136414
5.96208387811
7.11280557767
39.4663842269
14.3513604171
12.4857092832
6.23386801475
0.00475353373405
0.0268527521992
0.0397811452101
0.0347770179412
0.0570128680837
0.0458305306575
0.0506006748285
16.0296156135
0.0153159254568
12.4945184634
0.0156034855298
0.0162056546997
0.0185432013642
0.0215385177644
20.1917861472
7.30462538059
5.71553911479
27.846383268
0.0142264047381
5.64144347382
0.0241319595622
0.023153322946
0.0264645782818
22.9117316277
5.80823426221
0.0495946989573
0.0388355935298
9.96462248126
7.62613086258
6.17888842533
0.0254282175817
17.7826607442
0.0143239787655
16.8242137282
19.3388831941
6.07851958352
6.30787442086
23.9886058813
5.70109196361
28.8700231774
42.3077859755
10.0313305126
0.0393592601113
17.118319529
0.0535837768696
0.100427854642
16.7106460364
17.8633610479
9.00489149161
14.0875945666
0.0472738364901
20.6278508072
19.5539469311
8.02671534945
16.9050522669
0.0258655540611
33.8022330759
11.8178461567
0.0294123236081
20.0415577054
6.4436322452
0.03254793672
0.0322391458322
13.8114792264
38.0240746293
19.5326477057
0.150808725384
5.6912168401
0.182024680117
6.9267979666
105.14950615
36.5083040885
15.4437818544
0.0574034181691
0.056872501847
0.0549389606707
0.0748059784
22.8743287185
16.9253918713
28.3910257541
7.62048668062
6.68128979022
78.9205074167
107.932441572
0.0245406854712
76.7773931995
0.0420165360302
0.0393916447078
0.0474677512563
0.0494397610646
0.0271376149212
8.50907437784
52.0772535058
18.4877868999
77.2124828839
0.0230316275836
5.80597933686
0.025956506923
17.2413162189
6.55657447292
0.058926218618
5.6397032538
28.2198929469
6.38552536429
20.3970137687
34.2637370129
11.5924642706
18.8193680802
19.8209832276
20.9774845831
30.2261595
26.9814623874
18.5991307034
7.49113937111
34.6974943461
0.047807191723
21.5066947
30.3625997798
0.0117993802689
0.00852489365331
0.00856138962704
0.0214796617823
0.0281308973329
0.0348415822287
0.0515483942156
47.4082448269
42.7947648416
0.046121122779
15.1352819289
17.2534774481
27.3380207315
9.42063703949
33.3508270411
38.1941846079
31.5563314942
27.7971538501
7.82143754181
0.0591132712281
12.5013423777
1639.08940372
6.74010201855
0.0499826594109
20.8808240211
6.90479971738
0.059790059916
89.7541393537
0.048427949712
6.24874380134
0.0338977219088
0.0610841247906
9.44457950826
0.0414952480664
9.96581593077
23.8214453875
5.94931251793
8.64872323968
0.0191630595506
0.0149891326219
37.5807213616
0.076684182517
27.4136670473
20.113195924
5.73705208596
0.11563157927
0.0763375425765
73.2246347034
68.6737286739
0.0164336990551
16.128515091
34.9011554051
14.4044587671
21.3056870425
0.0491326489203
25.6234771817
33.6520394325
9.23559365461
0.0518442244717
0.0478389470491
0.0856062711609
24.839032884
6.23944761907
0.0915857988649
29.9701090556
36.0516716404
35.0429940933
9.08533062022
6.16250545519
24.6682136663
6.43060912305
20.5606910722
0.0401878364951
17.8194548853
6.92287840611
26.3026043222
0.0227774213939
29.8243177678
37.7844532737
7.22933237106
7.44293741623
0.0428517451819
0.0374289907712
20.9178548931
43.0130806927
23.5825899966
0.0926897892194
32.279078302
6.9472722473
0.0134754281499
0.0111532656635
199.306057843
158.169936036
115.578096082
7.24287953716
6.45986251388
17.4733103869
0.0
0.0
0.0
0.0
0.0
0.0111532411522
3.63210788322
0.0059654209234
90.9598132895
76.8827849108
64.0159750913
43.2450250964
18.6204026447
0.0
3.3302845266
0.0
0.0
0.0
0.0
0.0
16.0848601758
16.2969234666
13.8186673473
4.91404035504
5.97353260241
4.41329221758
4.91640718629
6.07095434326
0.0
0.0
0.0
0.0
0.0
0.0
297.901571885
3.47981177256
0.00165280045459
0.0
6.877331446
0.00656985517021
0.00742472477106
0.0118010127182
0.0200861136993
4.25468586305
4.27860502854
0.0517433041462
0.0196278444043
26.4231410311
21.544586637
11.4906438671
0.0136543783112
0.016897777001
0.0169263238802
3.48678368862
5.24483014951
10.7746343057
11.9700101593
10.6853879078
3.67903083934
0.0120077136807
0.0125215761766
4.44877381043
11.3393888153
0.0150945115722
0.0191561796597
0.0210243423047
4.51636142257
0.0215569464489
20.9566972619
7.33688527709
10.781744645
0.0109471552368
3.81485949864
0.0260657177463
0.0366327056545
4.09874690394
5.72841822385
8.61428746889
3.99093905914
0.00459873936937
0.0133899828421
0.0137900795579
0.0142412441116
0.024000137412
4.13247591034
3.88732899781
0.0473230453857
19.8858666374
18.0198245935
0.0104738865081
0.00923773926535
0.0226574907653
0.0287596201766
17.4331362535
18.8371900728
21.9452600395
262.540826093
268.994005608
243.032830313
0.0203224050802
0.0252882662126
0.0241143443037
0.023686033906
5.11083522271
0.0182254498982
12.0249734679
11.5472669291
26.6939515255
20.4652080996
0.0084743596365
0.0173220680171
9.55955949076
3.70447393413
16.2360505309
0.0467934176283
0.0644999907709
9.46876503502
767.454647942
120.741703137
0.0292786857599
0.0203755484314
0.0340943916438
4.55496226854
5.08963624832
5.14058197825
0.060995450612
14.1038957781
24.9703413529
13.7700972728
0.00663238221429
0.00903218358998
0.0140541658198
0.0108198002881
0.0197144342061
0.0227668764308
0.0159135465327
156.275748837
159.846447247
3.37752627292
0.0147506126898
0.0275935251583
0.0384012127017
3.85855613915
3.32415064052
4.32971216139
0.0447950089045
18.729843185
20.5964195682
13.1820942694
0.0388635157541
18.418564946
3.40082254882
0.0253298597182
0.0192811291887
0.0729806929222
5.99998892534
0.00936644128764
0.00428043154162
0.0260891011907
0.0403376201409
0.0103564088688
3.3662139248
7.43351038605
0.0516027067687
0.0719201966304
3.56977882392
8.97188964037
19.0740087898
7.93176528712
0.0647005868563
0.0638748898643
0.0781731508364
3.65036503336
0.0398987772218
0.0435561535302
0.0545975644511
3.4132127935
0.0564396568284
0.0679976248194
0.0277450651321
0.0430236777921
3.655243707
0.0685198865179
4.37070326505
5.56580250671
3.57744439062
9.01479726664
28.4950025414
39.0660859192
0.0171156929133
0.0177275815109
9.83650609609
8.16051764966
8.72635319649
0.0494462103861
6.09122627103
0.0383631828171
10.4725223003
9.30930390526
0.0120488490706
7.5041084476
10.4588161626
3.67096350215
10.9224639071
0.0379108489855
0.0555958946232
0.0498888050629
3.51261740496
7.24776110487
0.0417934032042
0.0438801411633
8.57558387236
4.53362205366
0.0431817720141
4.58578036735
9.4285387013
36.3959201983
30.5561359751
6.15710672979
3.5786275189
11.2113021198
6.67136593164
0.0449027870104
0.0473652386178
0.0528556144089
14.8852361701
4.12951373339
10.5813156977
0.033561118465
0.0475394064575
0.039662962951
9.40279972648
3.70172088464
0.0468935271389
3.68191281219
3.63005011758
0.00994948166377
3.18582569912
0.0204088628482
10.018165492
0.0272036490212
0.0299601849783
9.93390907142
4.04577099151
4.83199559005
4.56144319105
9.51780437467
3.90927697424
3.46367312351
5.13568531738
3.36428200697
18.3533182195
0.0620953237428
0.103773686257
0.0533252491456
0.0361851522921
27.0018880853
15.1877825992
0.0214586614723
0.0211581879118
0.0180688482194
0.0192253105882
0.0203352520599
0.0227874547128
4.49971518489
0.0346947941747
14.6921705077
0.033684069075
3.48334355669
3.40319311916
0.0551771245519
10.2208677869
5.67600214026
6.76045177471
0.0341462767383
10.1207883871
771.300571447
29.7658793085
45.8379181685
0.0196401441043
0.0334593777037
4.33017745182
0.034625427345
0.046800483284
0.0439796770577
17.8603134801
20.9498913727
13.9644972025
15.621903775
0.0317002924372
0.033075066366
7.83493999244
0.0250393203901
7.93439294911
3.26406524529
7.17289910567
719.987794799
10.9979164544
29.4324995978
0.0133237784804
0.0250880558155
0.0401056879423
3.22349227527
4.65924871897
0.0494437605826
17.3154226794
19.660657456
12.8898099644
11.0397952549
0.029670749783
3.33431781528
4.57990476966
5.17619298463
0.040349600687
4.69842011124
0.0230117989676
743.819036326
0.0237692150212
0.0277024074625
0.0366070468705
0.020432956038
0.0238317174244
0.0289064021156
0.0835265764089
3.31625687064
0.0375190718672
19.6797163506
7.93072841911
0.0
0.00286603695411
3.85340733469
4.06483915
0.056086349477
0.0722572663899
0.0482844341232
0.0333870480939
0.0175561683902
0.0345581831955
0.0328756170559
0.0400885359123
0.0641393368555
0.0482821595918
0.0856899923487
0.174728276531
3.42540022227
4.28359655598
3.52049631402
39.3610130174
0.0164532289662
0.0122380346339
12.5695683001
0.0
4.47284658735
12.1155578674
6.55128752225
3.40798303102
0.0126396177378
0.0152958976389
4.40136071946
5.38822538479
7.79607937551
0.0345751591375
3.79182026571
10.1989131883
28.3124289764
22.659295106
20.7992290424
7.93141191659
0.0178890042418
16.5692273612
0.0177440534385
6.4301140007
0.0376515833778
3.41074855523
11.4282075172
10.428765791
3.5786463476
130.364273316
0.0170291914288
0.0514048454306
13.8835328153
4.11740324344
0.0332550123569
4.67806421277
20.3538738992
4.25317678523
0.0275910338575
7.14070551192
0.0234589010432
21.2719466058
19.5833085954
0.0200040791203
0.0359147201937
0.0205038417711
0.0355600886636
3.83533754484
0.00928772490792
0.00998458815606
0.00554045877567
0.00965114077621
13.7519638409
13.5805642399
0.0600350635436
0.0734863440697
36.9563115675
0.0267165196621
0.0200740843767
0.00825955569621
0.0117996403899
6.25636905198
3.20342164194
0.0482580396021
0.0387005139347
0.0492163978948
8.18351868831
6.82546802484
0.00940502697342
0.0171536056316
0.0208810509444
0.026193392735
13.9308657071
0.0154827886321
0.0242815252792
12.0906546939
0.0196762844921
9.37460440128
0.0157829032792
0.0133918592836
0.0299596119917
0.0394548382217
0.0427635859808
0.0791667932477
15.4963181077
7.83542059781
5.93970255573
4.80729222224
0.0213285125988
48.5568321821
0.0065806042801
6.21709765916
0.0237066576674
6.76327994854
0.0328650189706
5.5006038869
0.0129878309584
5.10847823179
5.42047786505
0.00713359869829
6.1340302679
0.0185389632443
0.0158438793092
4.26692304674
0.0361716422626
4.70275500938
6.42772165281
0.0
0.0
0.00641111466653
0.00440046920697
0.0251251162582
0.0205290808943
5.58224591086
4.64314102652
4.26469068827
0.0599720320523
23.6987656871
12.0435900835
3.50710792862
10.6854704755
28.589624681
0.0414539536958
0.0179418401862
0.0367824928142
10.7027009071
9.37457282451
0.0154895185194
0.0232645485654
0.0234716418035
0.0152645016028
0.0295058317047
4.38814799894
3.90191885828
0.0527586283047
0.0665828767783
30.168058177
0.0491800571243
5.61375508403
0.0310526394483
0.0341074107767
0.0309002370556
0.0291946049515
0.0325397613152
3.21823844405
5.01171365066
3.64630848272
4.78168978687
3.84901644749
0.0689220426677
3.26679960047
4.00325070069
0.104129192274
3.74885475029
6.0191790915
4.28666235274
9.18682273788
0.224318562168
0.11389934288
14.4815641986
12.4957924161
3.70802112492
4.85951315706
0.0371719746142
0.0377303731415
4.42024206554
0.00583990132506
3.53420590078
0.0233473808378
15.4282064127
0.0518094431118
6.80072907497
4.28159217307
4.83023541915
3.57229199712
0.0834862867889
18.702984283
13.7541900195
7.05150597328
0.0104827791934
15.3987668963
3.19855290065
3.30966900075
4.45624499996
0.0914304479014
5.20965849894
36.321833742
31.3109018609
5.96228971622
3.40835935548
10.7300766972
9.48125716952
3.31292674339
3.20710134865
4.50048134007
14.1614142407
4.28157207816
3.36953043108
0.0486177992494
0.0461428175913
7.31978097687
0.0161086885138
0.0266502825367
0.106401300525
0.155801884129
0.0552360766966
4.21704391916
4.37548716328
3.43051532767
8.49428308671
0.00706842450874
4.33417535439
10.593679715
4.47363838905
8.94890127444
3.88276128054
0.0494301331012
0.0267672801174
0.0214089408779
0.0362161144078
5.25757523291
14.1646464236
0.0274730017769
0.0419902383864
0.0580357937097
0.0366563410891
0.0331757857251
0.0211266730739
0.012294822784
0.0228604046222
0.023279121649
0.025556891938
0.0132251687731
0.0297997605436
0.0287791454412
0.019748265743
0.0251612380886
4.27861866683
4.34418547827
3.9304129674
0.0163417586345
0.0360337726078
0.0365326163809
6.75070950085
10.8988087756
5.72044720155
0.00360263791544
0.00429861078046
3.68749740596
0.018058984944
5.26601405728
4.68059509616
4.69287988458
0.044045253124
0.131161220672
0.0825908223959
5.90079003799
5.80665707618
0.0283036682286
5.69943908118
7.8067875344
5.52337879398
4.59955392104
11.1139612754
0.0254549264567
0.0102593081656
155.221206924
11.3095993038
0.0118955186655
0.0127390385666
52.3450309807
0.0205160368703
0.026369994873
5.42443255743
3.73657379487
4.68153088092
24.8304767086
12.751621089
6.80973657856
0.0188560461355
3.14693504155
4.75822257051
12.6924150115
0.0702314595173
12.2234826868
5.01095296712
3.71437043219
4.15296995359
0.00560157374174
3.41451409734
13.788407848
4.23645386027
0.00981250988093
4.16108149167
4.01290568479
0.011718277557
8.24645989981
0.00988855936689
62.8209940047
39.0349648374
25.3149603178
26.8730724954
11.6565300441
8.66169701691
3.38331304729
3.21630167953
0.0
0.0
0.0
0.0
22.4053365748
26.4671762331
11.4058258168
0.0
3.38471076012
0.0
7.54218792701
0.0
0.0
0.0
0.0
0.0
0.0
0.0
0.0
0.0
