0.0
0.0
0.0
0.0
0.0
0.0
5.48645210039
7.16537965404
6.45327874248
4.81302047173
0.00180003503497
8.03412565248
0.00189470901713
19.5544337248
12.0026266728
26.5803005086
27.2465839088
15.8991007656
6.76078419387
5.02684610992
5.16627156835
0.00358052131038
8.48696422952
6.12771898865
17.89194463
13.2212830555
27.1717221841
9.81924120399
23.1436633509
25.4301587175
6.07142815426
0.00314714085666
8.32509667829
14.115734923
20.0055954296
6.56459201336
0.0
7.34018406632
6.37815206723
4.88895813276
18.1090645179
14.9114092375
15.0547623909
22.2794195144
28.0562379599
25.1277324823
7.85650829646
7.18169996086
17.4921959619
5.55893941906
7.80776954038
0.00205713332505
8.39461071512
0.00308718653058
8.18380862439
10.4819531262
23.3662644392
7.58311911468
7.02037819396
5.47083078617
4.90694579331
0.00214473614542
0.00114596897265
17.8415293171
23.0677634886
7.8760371842
0.000817621961512
7.25477251418
6.95664235248
0.001693472846
5.49602772374
17.2681369964
8.66649061429
20.8712822576
25.0834181047
24.8689197335
8.96284249573
5.36360983055
7.37180660627
6.0277268753
6.33639117316
5.67586063821
9.9987339448
6.1946761248
16.4797104473
18.99796646
18.7141555762
20.9029271139
27.3708987885
25.1177656874
18.500350886
13.8255787002
5.6545457858
0.00261220458367
8.09173894276
16.3961338664
0.00151523855084
15.0891191917
23.6984104323
0.0
5.01084214148
27.198282365
0.000868051830371
0.0
26.97356371
15.6260799941
0.0
0.0
28.177039213
21.8252936341
30.0782162035
9.52182309243
22.4378482532
6.59711165206
0.0
9.43481492453
7.61845508261
6.326127922
8.62028075328
0.0
6.96351330572
5.94196671306
5.25362291328
5.99112442129
20.0108087395
4.98519949698
4.90068665091
8.33959614125
18.448252019
7.90575254397
0.000893206659332
15.3065608538
15.9745214727
11.1578262437
11.1707610504
23.627364957
14.8173909117
0.0
0.0
7.92180332504
5.34696831179
11.7382371627
8.31867051948
15.6719555662
29.0510078542
39.2076514062
21.6362075784
10.0165905983
22.8360274236
20.0503485795
20.8245719384
13.9512247055
5.77075114015
18.0455222957
8.15582575141
6.60847687248
17.2559707061
0.000893002062329
12.2233367456
8.08680443984
22.1824205642
0.00293670260046
21.4836917991
12.8743947454
22.4678435485
25.1398204404
10.0831951953
7.30035540755
10.4463318265
9.08354453596
5.28456266564
4.90005535659
16.9585118353
7.77906971903
9.88792976504
32.8850466725
35.0477846114
29.2466906532
6.55389656759
4.80028655298
5.09805255276
15.6922999464
0.000609456807162
12.4330378493
15.4914821418
7.27596527984
31.3975407845
5.21750475335
25.1216930949
23.7580110685
6.47079076828
7.36346381512
25.3344758896
0.00266036587578
25.4996089603
0.00337005963495
15.02378987
6.20585463326
0.00433028865675
5.60234372361
13.8294039377
0.00169810911765
0.00606846816593
23.1401015457
0.00475710927909
10.3782360277
0.00455712361333
7.68385216057
0.00292614285718
8.03610660776
5.27309478955
24.1528792653
0.00260000002267
18.6288260623
18.2181100386
6.4714238888
8.70495743215
0.0115006561663
5.94759146185
0.0182568919182
5.69663804567
5.24929987611
8.53886384705
12.8772249966
6.12328862152
27.7591109116
0.000700329600474
0.00988855623431
0.0200117112634
0.0035176564553
0.0013203270558
88.1058149508
77.0339672092
68.1217410787
71.1709751637
5.5568115005
0.0265646643652
0.0219161274174
33.4495332119
42.4406821876
85.572912098
0.0357737158931
5.12229519439
39.291524509
5.54367475165
0.00877519330948
33.2587196792
63.1673559594
107.659222456
93.1632957335
48.003054373
24.6100960852
0.0121015725231
0.0252568581647
5.58167040946
11.8845341243
30.6596776077
7.34769778159
4.9516441701
5.99722209593
7.56192533967
11.0013836085
5.56337001952
20.4446101219
0.0120523534526
0.0099703690983
0.0172355498201
0.0322445566139
5.11775636464
0.0369510327874
0.0361057223873
5.84082679472
36.6781377246
39.503297247
0.0
0.0
102.351660277
49.4713913619
0.00436394478222
39.4289353166
7.4660791205
0.0338984971161
8.24283483658
8.61165003457
108.935340609
4.80992474605
6.04924358826
0.0395050831412
6.53503014548
0.0575225529917
0.0414281525937
5.77445881425
0.00869979137771
0.0127193688489
15.1170686244
67.5942731545
0.0222400953559
56.9092886836
0.0112653847456
7.93661524132
8.73359502767
8.89690630929
8.92943410233
0.00105849543247
103.119074007
24.1857721483
67.4968092995
0.00247881711143
0.0119274612654
11.2057707622
0.0216567726028
72.9544512871
0.0221877409833
4.87867042653
16.9951660148
6.4702621674
0.0416492718195
0.0255628927289
0.0301835963979
4.94243566207
11.8515541458
6.78957639174
5.72327550567
56.9595982287
20.1005922633
9.97417918195
24.2870622281
0.028061123697
35.9527246317
29.8776932934
15.3437855838
0.0107734099812
10.4614526319
9.74456709803
8.12092817547
16.3233220092
18.2812843049
7.93583922101
18.1910647174
9.29851831672
0.000743359137382
0.00282549779029
0.00753054855487
6.56782226667
7.19116644004
0.0176524546186
27.1192614451
0.0165158623152
0.0291264398534
11.8563816351
9.60471360916
6.45855443479
6.50995406668
20.0226965952
5.62522835312
43.7628918449
32.4024054211
56.2496095029
62.8237284078
66.7805539088
86.3107780582
75.8734596205
0.0106041994435
0.0154637747162
5.11157477456
0.00798869149543
0.00560470711547
5.9114634898
5.06780511858
4.99748655786
24.8772046029
55.7610242849
10.1224998343
122.294787056
6.67262564998
0.0458465207671
0.0474971964099
6.1039098561
5.62579918953
0.0292212344474
13.3376105098
41.9489510445
74.7860574352
67.4707692138
21.8858228478
34.3336468582
0.0132948759426
18.4431409862
0.0234716541273
8.19141393971
8.48008403728
37.695246253
5.78672907237
56.6922754692
12.5108252719
0.0
6.33098439705
6.7633505635
6.63196339562
0.00983297454261
31.6234210383
31.9135763261
44.2732180344
112.415266822
6.21781197387
0.0473955699944
6.09535108668
5.80207635319
5.46569934434
0.0220371546401
39.6570325075
71.7622634066
37.2439791034
22.1614536931
6.11129053353
24.1353447817
27.4852705641
0.0589188204894
23.0097945323
7.44029598806
68.6008869458
36.8261408269
19.7946967008
0.0
83.6097283537
122.274931742
12.1995662704
74.0269834091
39.8979451911
0.0220496120572
58.7601313632
84.0003117662
31.9811666601
31.3147748199
0.0578581347084
9.03698629488
43.8995217436
7.59846779527
6.70741737367
6.21400790865
6.15156355852
32.7741623257
6.66525497841
0.00384303530443
7.23541239474
8.62509259505
8.87975772416
20.115952244
0.0246357539307
6.72168793852
11.5431244381
0.0209213626668
13.5391411033
5.21980542434
6.80379168653
127.435813589
101.546073333
89.7281982427
26.6567178248
54.5356071862
69.0390987529
101.735507924
49.3145572217
73.7596385254
48.3045844333
34.8444173357
18.1792533815
28.951337735
38.254963211
0.0107873929522
98.9027791799
44.4711868437
6.2135059799
22.4958351159
44.4733500506
101.642204642
52.6596841249
45.9246454904
0.0330916520826
28.2373034297
33.0934798489
42.4765508951
0.0518645459262
0.00243328207256
46.2009308705
85.3861072517
21.4236571387
17.7387502832
0.00987825589065
41.3654522471
0.0153935645749
0.0224162487168
7.90949926353
79.381441412
41.5606830138
0.0374841683371
8.75700074168
6.47215920345
4.98699328951
24.9893324757
58.1147282052
52.1774250156
77.9278117883
107.907405302
46.1201695841
0.017395190165
0.0236472760434
122.504276091
0.0263069833718
0.0211000340191
5.11221164057
0.0146076979552
0.0
0.0
53.8051141516
7.4649653793
103.560718704
13.5285530221
0.0105352051569
11.8940962727
73.6198707539
0.0362885083809
66.317088845
0.0328667222954
7.8450263364
0.0298556929744
5.31963295841
5.01988013146
5.03273970402
6.30103409721
138.179543949
75.7449819133
75.5677089928
66.887900275
55.2290144647
39.5504942265
5.33207323602
36.6694167848
0.0236355831865
0.0224997539601
0.00715213579344
9.5050223647
74.4146367949
33.5398850722
16.619739125
36.512343325
39.2596488181
39.9865228205
39.0222047106
45.5281782431
66.202676255
32.5683758983
22.8317012336
12.9112962841
6.47124034836
0.0485727215037
22.8286233549
0.0450234107067
36.1141132609
5.27720394656
0.0151469280591
0.0131810768833
0.00299126626228
0.00486728654156
0.00832801956323
5.24048576561
4.87796129029
18.7870721224
9.09215707398
0.0224461000698
0.0184597267907
56.1599800696
84.3334189765
56.0349303267
13.9382446032
0.0140512524074
11.8375207792
5.62458408183
18.5799232451
35.8385359757
50.2150163686
33.4526644392
0.0215716331469
0.0242564141536
31.0852893172
0.0148645556654
5.72546389419
59.0983413842
10.0430799627
7.50538977386
17.4795090846
68.2710725321
61.3684000803
41.6833141796
15.7492578646
4.75464345394
21.7400237194
0.0256045603762
0.0439863968384
66.820226549
0.0148987385323
0.0209356365698
46.3373195883
42.8330641236
65.2364242755
89.9028880395
36.9463285201
6.08395740606
5.6036420469
0.0206104033062
0.0110780518378
0.0293157424449
46.0323839262
7.95008618689
50.5820413803
25.2333260122
8.76672373333
4.8087595011
6.76883563138
0.0109862949046
0.00711501537636
0.0
9.78376522831
8.00366050494
42.7315965266
14.0885576256
39.3342647456
79.275874506
34.458048875
39.843958134
49.7567759919
24.6706176807
50.393352945
21.484833759
28.5353119984
0.0
12.3591908662
0.012092235188
6.47026991366
0.0194898484765
15.7971059161
4.96574778331
23.9922204111
0.0331931746762
7.51933190318
84.8808472582
37.4427213446
5.34808206761
0.0464076986703
140.809535139
8.64590080328
22.3579657345
24.7330248295
25.0241846207
17.1602241317
0.00929068919406
34.7335631967
70.8531528726
29.4874877818
18.0430071899
32.4059961834
26.9606507192
47.2126988477
15.9104806731
146.628339667
6.15177124929
111.338688592
81.2562145255
83.666574436
58.8708089929
37.4391906682
115.86326879
0.0227536570729
7.1710483749
0.0377629651745
56.6701227719
60.7950790719
6.5537911555
73.8395067001
58.0249204215
54.9294321743
0.0231589060269
64.1963198999
9.18293456039
73.7992353698
7.67632271745
47.6359368931
43.0316066751
74.4744782353
67.1786337393
21.2902477066
0.0336742082794
6.95257833743
11.3459613557
23.7904888512
30.9416889847
5.41374832354
0.0423944996377
0.0202551487129
34.8312429175
62.710052861
15.5662786719
104.21548685
49.7169487899
18.2651510206
8.48082080501
31.2141330981
79.1236216012
61.1413429826
54.0494694053
56.2287359016
30.9468818501
52.7532440544
20.8124240292
39.6907906963
14.9471560484
44.6727155742
53.4856777889
46.1364142784
68.406803653
15.3504273235
8.56029450203
8.98822406554
16.8068004229
19.1150579379
5.41370104808
9.65229841527
19.298876474
39.9567336091
27.332740353
8.84328257079
6.9883652282
16.9015204902
10.4257763971
19.6257308389
5.56603889376
8.26873925271
10.1640461859
5.08241251327
0.0144437364318
0.00477105349332
0.0101314664495
0.0491078651304
66.4673249995
0.0328670566039
59.5334800821
60.8854997917
77.8768763705
28.6518581557
35.7005338662
25.7029561862
33.0953902399
0.0181010632897
69.4086239388
119.107260541
15.8238084932
6.17245829727
12.472909425
99.400500281
34.3813095502
52.4005939088
0.0469798922854
73.4432379749
61.2586823044
0.0547432750498
65.5890607649
134.100086228
0.0252109161388
4.84408893381
14.4478811863
9.09042988426
25.0634382609
9.87696260918
27.7448021209
21.8445360528
9.76732768651
8.17156707948
59.2676057927
64.5342387998
63.2598610706
14.0377044453
16.6647508152
36.4282963922
32.025064681
5.36821105729
0.0318210411243
0.0176760402247
8.87450472099
22.3133617792
9.51461430629
5.36079266197
14.2121631153
8.33355181266
20.5042549579
20.4082263213
0.0148585167088
8.9495806861
9.37375820539
12.9079141313
0.00397139770061
10.3195065811
0.0182306435926
0.00846207095247
0.00487792209087
5.5234596901
154.829919734
66.5778708303
0.0206030319552
0.0137161694505
5.57044939216
0.0391691256359
0.0292434271042
15.2632965234
25.0366679336
44.6112756637
4.91209998318
0.00789221923885
41.8249594712
46.7154407378
181.940197697
8.87334436405
15.2048937624
20.0230940956
9.44373514808
43.5086185635
7.74910849695
19.626478343
94.9870816475
103.004345646
10.9418181877
28.7582367376
17.4201475489
0.0
0.000857125771731
101.884010627
0.00598787328492
55.1409257395
13.1505637171
0.0325278114874
7.31936463984
0.0338445303913
51.9701551203
0.0447747434908
74.5769014803
6.42942944735
0.0381316815744
0.0386956301256
5.3930466769
10.0800459375
6.61681188999
20.6639239504
30.3209491852
7.67467286838
26.2699548151
27.8064192324
21.652233932
12.3825099655
20.2594266949
24.2342009974
11.2123505538
17.7802320481
17.7269580249
31.545504407
16.9903722517
13.6230762214
5.77776687544
34.4130098981
25.7270406749
30.0241006143
11.2633597844
6.53554246297
13.2649900477
57.3190724863
11.7937938108
73.1225109635
70.9847664681
26.7995886959
7.66090155532
110.698618511
22.8567193661
100.623510582
4.87867060238
0.0449754361953
0.0286749281704
0.063254323418
157.39767225
30.9858824555
5.61179911367
45.0582061053
11.823811466
18.4118947358
20.2514691524
18.7408730703
21.4686207066
30.5836369089
0.0221751164832
71.2579873799
63.2736104663
44.8007732155
32.3823271916
17.7024609708
32.7044108067
69.3925185314
88.717295659
0.04794929256
0.0441097122118
0.0343052066349
24.2076427993
24.7083763404
8.7214951363
0.0762989230652
0.0352290211306
9.98582879234
18.3712778948
19.2100870504
21.9450332057
9.7656156077
19.9158339812
0.00432304309291
0.00194639959493
8.71639615178
0.0112263042375
8.40759285459
0.016014807895
100.19599791
0.0121940504886
39.6382171838
6.89348368702
0.00897384295874
7.2769442068
0.010553321715
9.27565372236
0.020624336242
17.7330914906
0.00398271327176
16.23211226
60.490064859
46.0657764738
0.00608409365532
13.4444903205
0.0346125828229
29.9495052054
11.8984532546
0.0337550919416
15.5955585068
82.064403389
31.498353172
9.49592062417
0.00185851449245
31.0022663853
35.0432418966
40.3984009813
30.3020831326
35.7783695698
13.1221848574
0.0089786589807
5.36638987903
0.0377450149745
6.53090564441
7.75865419497
5.6838040385
5.43947034899
48.2614507839
15.9802710115
55.1595873303
44.5619133697
106.51461676
53.2265936092
85.977207713
45.075878196
36.9673064825
31.30414546
5.91016192876
77.4302157698
8.18370667615
25.4858012028
0.0379641879312
58.6718076254
86.7649367881
0.0216672828504
0.0192909644969
67.2622178335
0.00695798232042
75.1101707528
16.7405203277
24.7189035868
0.0324149404479
5.45700474922
0.0158483817367
0.109630859549
29.5915160403
16.0599228967
79.8572218808
7.2232783063
87.1153721568
92.960950298
19.7706618727
53.272430775
0.029700964349
56.6057172166
78.0559064852
56.8839048226
0.0839725499023
18.8045118805
0.0304733704812
0.0386142239637
12.808120827
37.8933046373
79.2654184875
69.3386127436
64.1942863541
66.9392911217
80.7597406854
16.2736977027
0.0410931401158
53.3741068068
76.4028468
94.894420367
54.2068948675
56.6399614448
61.3428165355
0.0385842843536
6.70610633043
16.7647478523
24.5215515457
17.8293278807
30.4189576618
8.59025257899
5.43440490079
18.2036447469
74.5806647466
66.808592715
139.859724341
16.3872150908
0.054989652098
58.2644328452
28.4268560949
44.6106164609
73.8346268934
20.9507035714
41.6922697134
6.98299599348
22.9670807235
9.76541668241
28.9684908084
14.8600237796
53.0494807153
75.9380990181
61.9360755122
60.0043033706
59.0477071828
0.0200446346895
34.8635944473
59.6537843634
57.1885227951
59.8450727066
74.5135536661
51.6464916511
84.1996509492
89.1970369356
51.2615040471
23.6939072421
7.36159328379
0.0410305439587
69.6870485081
88.5620264815
0.0362383817112
0.0300720161555
56.5136284893
69.0967826634
62.0963473438
52.632490233
74.6926637528
66.7870000329
9.19392737754
5.41662000234
7.32326885841
8.86823157296
0.00243312691024
14.9829786068
6.94950030564
11.8783711094
37.2708619404
70.660117767
62.5957085454
0.0089738308351
7.22223490591
41.377298461
6.30806114768
6.95699679601
54.4357703076
6.87486426514
0.118682367094
5.92837510807
51.1572021473
85.2540358129
24.9164691269
34.2710078053
67.7906719521
82.1051712552
60.9903394812
89.6773685144
38.3206727552
43.2215894704
5.60046439734
104.047570286
0.0410173649009
6.01547281085
10.2581594972
30.4168172357
5.21025277798
5.18319991915
107.99042098
119.957075359
53.9315765738
86.4399364577
64.2402017577
8.11210921485
0.0640695226125
10.7505152424
6.72867671706
0.0602789769819
7.61993955026
15.2332829388
8.69558484687
37.1798815111
26.1121200401
26.3249838989
17.7687646157
58.8714509666
123.575074107
7.9632723895
46.3696356996
21.4221984361
130.658760831
56.1056541978
43.2775476635
100.04026783
101.723499246
104.077592808
61.764590258
0.0518067041977
18.7036919364
45.9316335856
0.0979115160335
15.0316290239
0.261301765379
6.16390770249
0.254471083889
52.651239281
27.2747533215
72.0078509857
17.4700874202
121.537279919
67.1009909048
53.6193311628
23.7796022767
66.2458477971
62.5240529436
120.68225357
133.353903157
77.7423678869
27.5447987071
5.52557819821
5.75194579345
0.32759471929
0.321493141676
5.46245027113
100.645434392
94.8865409304
77.5973149118
137.247357556
67.3424149615
72.6482977862
74.4297186223
124.815797036
112.008228254
68.9845368281
92.8538714098
85.8052051135
77.3696633753
81.8965163958
79.3377670618
76.1840803526
67.6113827425
85.6303516404
0.334506471988
65.6256893184
14.2907087207
26.2988866111
0.298716881985
0.117989241174
11.4661218148
0.0958869851326
104.850094914
0.0132478842669
0.0121336045829
0.00676077040154
0.0287611519388
137.157170322
4.87001901315
19.6151392285
0.00243091519086
0.00683813383217
6.84483089926
0.0132174690669
46.464138384
0.0274861228314
0.0342874622222
0.020781183752
16.7258011289
5.73500714818
0.0446104999063
57.0085674454
49.9538557542
0.0433537513853
68.3474430007
0.0
4.78265765657
0.002324373263
22.4126331808
77.0637241511
55.4371800809
41.750277588
0.0461902903751
5.98103598662
8.09005417224
6.97202435469
6.48699703427
0.0342669215508
0.0417799010726
14.8344833407
115.128575
18.1855179364
26.094161679
32.9203726209
0.0026505983883
0.0252030940336
6.13861774086
7.56913840884
21.0600297345
7.5978631504
19.5015750649
34.5844643726
93.5474752833
0.0357442138353
50.1084608035
17.6221712741
0.0182775162183
0.00867508024175
43.4060798115
62.0999758477
61.3510382987
80.3500917768
17.7881228093
6.17559025661
7.99385287533
0.0111783841651
0.0030774359115
0.00547394446605
0.0135620367658
10.7925438002
0.037977619503
42.7590149689
6.57242623922
7.28921542061
8.47589509801
0.0908792653588
0.0377852043455
0.104387061155
7.48433184656
7.76806595098
263.666543266
5.16316652315
50.1298985522
32.9489306124
40.1768488704
35.7729415657
17.5909791884
6.22393233963
30.9257779194
60.4420906227
70.428039142
55.1088503584
71.1411537823
47.9477134728
34.3228189881
47.6519415495
112.477940492
72.6568933983
54.778576566
61.3833052874
88.0016963224
0.0121160192709
25.6972527229
84.2569196413
44.6491566682
30.6712159288
16.8989382295
0.0246256370644
0.00767443722712
41.6000290761
59.5865514654
58.7954135442
76.9183061067
0.0490895886526
0.0256795259879
7.66022215799
0.0118920661955
22.960872745
0.0130088129405
8.49188696686
111.982959978
59.0302055655
28.433581419
6.30696419592
0.0627487165866
8.16524729201
0.0377256901665
0.0709885639081
22.8682933388
7.15785860664
7.40591275504
229.008338128
0.0374832283635
48.1729388284
31.6756682921
15.2899228401
20.9916991943
11.5505597191
0.0183088829738
29.6431753573
57.9304296385
67.5261060676
52.8092656708
68.339077198
41.1690495414
32.8416682586
27.8903535363
98.4575689969
69.6052226438
52.4897935799
58.8987376329
58.1671110612
42.3588558964
65.6977908332
54.9500952669
90.5780385234
69.0052603514
125.929602871
51.2674468857
17.2570305087
0.0328707837179
0.0274310709939
0.0279423377412
0.0302239174098
34.3590433368
11.2849306596
8.6158073658
11.0622002119
126.826503591
44.514517511
46.4989937822
43.9290915044
0.0521323238497
0.0677352063451
0.0729607040202
6.2977187879
22.4338748376
63.7476101439
44.1647722133
0.0775252991445
0.0737687923414
84.0500008798
17.3590480184
6.78907107801
7.9076679786
7.18370179184
0.0504514860693
154.118369529
8.3439567329
24.2692875034
0.0314258392533
0.0354069924615
0.0358546502933
0.0426211350739
7.11365013256
95.7626672685
40.927472403
36.7764544589
66.1526945502
0.0155113707197
0.0261405181553
10.056774376
16.3329811033
7.70174015207
65.8367400132
9.51700127227
0.0279757127341
0.0413093791205
0.0405235856488
8.18560508698
83.4202824761
0.0293178169836
55.790553009
8.59919691784
81.0885317514
53.9293354032
55.0947797357
13.1347930892
26.5350351218
8.15118728941
40.4837853708
0.0438543891352
239.655167228
79.7311422782
7.10396302798
0.0167931725983
0.02780100882
0.029730156493
72.7613782822
95.352492782
57.2264273548
8.5486130689
25.1532332913
67.3178650898
61.0983303344
46.5260105913
21.7964732814
19.2815409914
0.191906133215
9.45142317653
9.04913398482
9.54993529521
11.2556646518
0.113827699315
29.5262461409
26.0697937399
28.7227099464
7.40639521625
10.713798774
0.0381775773061
0.032659765316
85.9558174115
40.2843417307
41.7157659088
91.7977175207
47.2176866459
46.0742929589
29.2557897666
0.00908324443938
91.7503482709
44.6136946273
46.311350028
0.0301413718442
0.116298568688
6.55192525775
0.0598668464759
7.61702701566
0.0166231619962
13.5921547924
37.2454189051
0.0148140106712
33.3183046013
50.90312189
8.21465269513
0.0312914539251
28.0227050533
27.6452575587
24.1867262557
32.6994544675
25.0064689561
0.0190599451639
0.0224598062511
0.0247678530867
0.0652553399781
57.8550803208
0.0699851697062
15.0842069173
0.061290591696
0.0224973389845
0.0316048688622
6.94274230525
10.9451516905
8.41055993373
12.9613669298
8.28275561295
0.160744203546
8.15212500266
13.9287304684
48.3758023264
6.44212850778
72.730602304
0.0488156377676
0.0450672252118
0.0377858625726
0.0350313458268
0.0267834018417
0.0388050673037
0.0343323010634
6.30410954899
0.0390229322716
0.038863429509
64.5795930991
30.9446653961
32.5097443625
83.325520992
74.4349370097
78.0181382395
51.9003243283
8.94892451563
59.7563897192
37.2503227061
39.3717544095
76.1096999776
0.0320156151939
0.0345258839676
0.0331893868544
15.0340458844
0.062406789798
15.1602310734
211.525316284
0.0113328744702
0.0137311293154
9.53075627976
40.2997531859
20.6922295644
0.0135199494532
6.63655737487
8.62480222459
22.5583772145
0.024536359032
0.0193796117265
80.6369310486
98.9252882209
13.892196554
91.8691237928
40.3524615048
39.4050699468
26.3402008666
37.4162187499
76.3108159712
42.3703257813
55.6328400172
0.0688684352808
7.87934306815
8.62503938617
15.3694540427
0.019710154997
136.409250399
102.067776462
54.7798944013
0.0756854349053
0.0728676616204
12.4511913318
6.84697055441
9.15415934117
11.410590087
8.57749728108
0.016503777785
22.2524292299
7.54373835097
181.242007127
0.0237849560368
16.1941265275
0.0377249536133
14.5113867798
11.232363418
10.1560267665
33.7562536097
56.5462019477
17.9036851974
44.6712521366
26.1874498052
0.00896690474725
0.0306497275848
0.0377403939671
12.8241537201
58.2269937884
100.933926896
53.7876267816
63.9971883882
56.7929686318
59.3843530981
77.3668467193
49.5603731806
28.9170478594
8.30738068426
8.9045073149
0.035611376847
15.6235006421
0.0377895602445
0.0381215713549
6.9776281132
17.9820003818
0.0600890043917
0.0221599033264
6.31786055912
10.7902412961
130.664026924
35.1378438612
13.8760120859
21.2322457693
0.0354860146654
0.0342601484293
14.9588615592
0.0500250510933
11.6078177576
0.0704432130523
0.0781589837325
0.0955622034296
0.0971416797634
24.0591164003
7.80973801993
0.0622605489765
0.0400430615195
6.78870434946
0.0539730385861
63.1386012006
62.8173348383
53.8904880012
0.0541101869929
17.1478459505
16.6851096535
0.0313028868003
0.0214584593992
0.0181814674142
100.363909711
16.579358941
6.73823385508
0.00708076682813
0.00944896990324
7.14657620411
0.046275952873
7.31625904763
0.0666549155003
47.2645218769
52.009972643
6.71269068103
0.0199695664226
16.2529413666
8.58363689995
0.0176994407542
8.36969519255
10.9756454039
0.024433862874
13.4190160235
25.8616048486
7.23171589736
12.2154778021
28.4780045372
6.73239129735
158.318779754
7.92258262789
7.15360958308
15.7491813872
34.3983608194
42.1191888411
0.00401277760266
20.7335124602
0.0117301584559
0.0132066821452
0.0230159754365
6.26506548372
78.1012695124
148.910824912
0.0737125707061
0.0514939964839
0.0659998899312
0.122954851019
29.0238004899
7.0858923046
0.132948096731
41.1944652683
6.60708202486
0.125414911159
0.0666690687095
0.0456478544264
10.0149785227
17.9982741011
0.113169177619
21.6851606654
142.236411582
6.98592360089
6.36185308719
0.0642512665751
8.33902011628
0.0687340421651
0.0810055866981
0.0554172833475
31.3294511824
0.0137881214025
0.0139228554846
8.07608380287
0.0759724357453
6.43556086368
36.0390496065
0.0664805108534
24.3389612088
20.3743710305
89.9746128598
62.7409576001
0.0250433805398
44.2907489587
0.0385994154592
7.81486310486
0.061254260792
26.0140094753
6.76517086767
0.0952068041061
0.0669952332529
0.0383524073897
0.0280269733165
70.3641356063
0.0440589156703
18.9359760106
6.2858147962
37.8247704095
8.59048037397
9.32744660794
8.37219293677
26.4173287959
0.0342782480586
9.18620208031
6.81745412697
6.39535736314
7.86741793704
10.4423009542
25.0749225845
20.3972369346
16.2059629696
0.0
0.0
0.0
0.0
0.0
0.0
0.0
8.39145240309
0.0
0.0
0.0
6.42168388804
6.3161613031
45.7710217054
65.8802241807
25.1607279769
21.3498856705
10.0366019239
0.0
0.0
17.6285384657
32.404457108
14.4330079199
7.61261455578
0.0
6.35503182251
633.107623468
914.261725893
32.5113963876
9.41348781409
0.0167011522959
6.82074845359
0.0787816876398
16.7451112993
7.04702203937
18.9859851417
7.47874131153
9.54312070574
21.9776054337
6.38528107738
0.04746931984
18.6152613443
18.4958878426
7.06637415117
0.015427947949
22.76187544
0.00788465445921
8.75983969648
11.2713022452
12.9163495602
15.0292663239
17.753660305
16.883960723
20.351715432
0.0115044036743
57.4979932597
37.3480793078
15.5666061489
1466.70322056
14.1683053419
8.20347361305
10.2928546025
8.46059656701
0.0110809121033
0.0195576941658
0.021333749402
8.32719578563
16.5082587754
35.5679411461
9.58866998217
0.00682882713327
6.35770926737
34.1454509161
0.0
0.00395089584836
6.25268141765
7.27590971796
0.0104672273258
8.84688042693
0.00947268733483
0.015761267178
7.85473463392
7.63545740463
0.00507578341904
20.1193154179
336.142976507
527.529637377
155.54609302
231.917098829
6.91217122247
0.0380303135778
7.93433716486
11.713120831
46.0127323009
49.1238116726
6.30901868928
21.6136459364
84.1372344774
9.64644737945
0.0144911942595
36.856701668
14.5398658541
214.3343899
0.00637747314201
68.0449489421
0.00362649937424
34.126990236
11.2334840415
0.00507745364556
10.7496307564
31.8848644098
7.42367425752
9.02733726768
0.00596086004914
0.00134392082764
9.18956289179
0.0055970487033
0.010287813568
71.0581145256
6.6897711826
50.6119695219
6.35432375249
9.22399258447
11.5922177042
47.6878773027
0.0205923595661
24.0973801682
90.1738228918
6.5770746906
19.1710383698
38.643196146
25.5207074635
0.0868706469617
0.0701938505879
0.0766594800901
76.776516993
27.3452594099
7.06127691158
68.4905755269
0.134018037468
52.2699121772
37.7644037482
22.4118879653
68.6739932538
36.139433246
47.4400998363
60.3803049575
36.5859376839
64.7623126766
6.87720993032
34.2361164229
34.680863155
0.081561533699
8.63947627697
9.21483498336
6.37896245878
0.0387432801797
0.035679866771
0.0261646760249
24.6262577739
65.0124370425
0.039885610361
6.63524357283
10.3449640945
0.00484098522323
6.95408170963
0.00304084469903
7.84013668306
17.2415167075
6.21966846629
0.0
0.0
63.5694401591
7.62927843934
0.00162545586074
0.0
0.00553604578847
9.78728872164
7.50715998599
14.5440113842
6.57610533867
88.044432406
26.5836187222
14.2533524751
0.00296484644025
7.56305866262
0.0120554061546
7.06816504117
0.0144162185126
0.0128493964357
27.1603769702
12.2504932933
0.00367089829063
0.0
8.63987605647
0.0
0.0
9.75302696916
20.0842012618
7.66392584716
6.32370605609
0.0
10.5966603988
6.40549844393
0.00251648004662
52.537620072
59.56659867
13.6956798639
31.6653090708
13.9496387066
0.0502220310924
0.0387878043003
9.38491015881
90.4917605572
46.8824565588
8.36044372774
9.75445812493
0.0242660315154
0.0354872895806
14.7837440705
51.6137411721
25.7316161509
6.29018605938
19.9059533799
6.26322839445
6.31289323023
0.00201223116002
12.4865374712
11.5932010212
20.0247351801
0.0107982546118
109.818170628
49.7863878606
7.67006283936
0.00698824084006
8.25076764211
0.0087395647346
0.00432164802901
6.89193875692
21.1274509914
0.00453413151506
10.953132603
0.00705953067273
21.9411665129
33.5793802258
6.84079253239
85.2191522008
73.3192529161
0.0100134158416
88.0090150327
55.9254148192
76.7688203168
40.9592545428
19.4279344507
0.0103074221469
0.0113665843698
0.0198164886381
21.8161498736
132.59047128
9.31926002679
28.3619138452
0.038236733306
0.0105163236037
21.8134182587
21.252273567
9.03441979437
20.4495976512
14.7779244925
25.7546548907
36.7104663798
38.8794192589
9.25426691751
30.0894068486
0.0318694059854
0.0340620182082
18.5551417669
38.8877956874
31.5061251682
0.0417923957941
0.0517243242102
9.54286878981
8.6560750045
22.5915028086
22.0181813592
0.00651303017844
11.5407266863
0.0078866619779
0.00566699725369
0.00792178760654
0.00849286626338
0.00977981095901
0.0132288259894
0.0118755255114
0.0216381402529
0.0138458244637
0.0102056085944
0.00251043204599
6.21995328735
8.17388352531
22.9640879205
27.9581870316
0.0
7.05780703914
6.23092279217
0.0268271784418
9.11860894533
0.0159659589096
0.0257689191543
0.0216136092968
0.027085525574
0.0256127339629
0.0251782892285
0.0444708712703
6.38424218551
58.6179485091
17.8182243181
14.353488954
27.3711567206
25.3638741546
29.6678681128
0.0122399122657
34.7813764506
14.0798257403
8.80127403925
0.0306991855538
0.0219284048935
0.0096427035776
0.00963090413503
0.037190543542
101.895644674
0.071189212679
6.49667556614
0.0757080638065
0.0352003011893
0.0581593572459
59.9581500469
71.1264065698
26.2784438106
0.0270993135148
19.5070084891
28.1221666023
24.7231079475
0.00660885694614
10.8922051451
6.26602476096
0.0
0.00338089920668
0.00671214052718
6.27264193927
7.00396055261
0.0157488456409
21.8317491375
36.983425827
0.000817546138509
8.42329379241
19.2449703015
0.0
1742.92785466
159.352840358
0.0
0.0105353250996
0.0229323212684
0.0193073865604
7.50565539017
0.109518343306
0.161714643531
8.03540253765
45.7973400756
6.56308399273
0.116099349622
0.102497099014
9.74453942201
0.0792443338111
0.0512259178258
7.20738092676
0.0571597721159
6.26910408041
0.0942184499222
21.180575639
10.7590079267
0.0910539277697
9.09903264836
6.73912384079
0.0961658251243
0.0835087802687
0.101497353141
16.8854193219
0.0272959387206
20.294443208
7.24502528085
0.11413064074
7.36692960605
28.7964174535
26.6670318099
21.2372565094
6.28108847058
0.0609760470236
0.052481433021
6.94756931572
0.0338065217241
0.0173962207646
6.92526650901
18.2997849722
6.26438820953
21.1676432083
0.00571526335824
6.59833192948
0.0
97.2405008599
7.90178743141
0.00323448635404
0.00607416573937
0.00531901954467
0.0156800937128
0.0123586724174
0.0120825328834
0.0121889721799
0.0135126725409
0.0136889031499
0.0161811901169
0.0145692876811
0.0277508964927
0.0279518155258
22.009423634
46.0619648586
18.5645543847
24.6326224385
25.1370680195
0.0327149635248
7.66423371205
0.00576436571752
68.0764206241
0.00616989466605
24.7721563386
119.536679638
18.1021334478
22.5526171373
32.0932669486
29.4407621848
20.7886846519
0.0115505283466
42.2278304023
82.7222106852
35.1940936008
0.0160934138574
0.0393482177613
16.5650305937
6.7490967833
9.39648956438
41.1257641605
7.47881670694
9.10291894824
0.0279481393648
22.1438966205
25.1349436719
0.0453886441954
35.3404890686
40.5365492894
15.9059882027
41.7651504479
0.0313264071331
9.53383788775
18.664459142
102.187101814
96.5085134789
47.2723764288
7.71955512803
32.4491722829
30.0840082369
18.7683176529
57.6877318011
8.93640231297
55.0364745779
0.0
0.0
0.0
0.0
30.8891819909
29.8406956777
50.08873407
0.0
0.0
0.0
0.0
13.5167815514
0.00197198316196
0.0
0.00209131565735
8.13039173715
28.6458482513
6.37449827714
0.0
48.5399522262
66.0234874504
47.3858197366
55.6683581425
0.0
0.0
0.0
15.1577218886
19.7699620855
0.0
67.327907402
94.3418597317
82.6184441316
82.720618305
70.170385486
45.3815800084
18.9197734352
52.311339595
36.0526453087
70.6299415007
63.9355636593
61.8679340927
98.1328515255
19.8632868913
56.2983262602
51.1607989845
39.642904902
40.6197026739
0.0343392771662
7.9727958538
13.4965060554
0.0440330870822
0.0561706403685
70.8853078781
20.781273602
19.5369245975
0.0356086720242
85.0902213399
39.4349653304
26.4017678933
30.4359835932
24.5804107992
36.9891155202
55.6700585789
19.0426403553
69.163827114
26.1747450789
0.0249380222836
0.0264322924865
85.9290963913
52.5986243781
66.4532806169
82.0063545183
50.1852928162
6.24812943701
6.43054036389
0.0901745702915
28.6297825357
30.8256248669
0.0583221641391
0.076990278758
23.0074054587
41.7934705308
10.0971715596
24.1858278089
11.0541012544
16.759555969
13.3885273197
104.569657318
22.1462314302
36.1573293967
20.6486770279
28.4893599347
19.3616352105
21.6981896924
8.81691675014
15.9281226604
0.00302373449084
0.00277332554076
9.54077938486
0.0
10.3734126977
11.8216110302
10.1534127036
9.78572695053
94.5427402182
56.6759430362
0.0420198619421
7.88746256621
0.00481899048859
7.72196203148
6.90709571659
46.0402661992
38.6145258573
6.85222307692
141.739951139
0.0137886258555
104.277711244
74.7614911955
0.0193451067962
0.0179016016393
95.8665495544
0.0267791586949
24.8017232423
9.41048581177
12.1104968717
66.9118250376
25.3133441841
113.191143462
33.8529531241
25.1978723484
0.0454987663721
9.52271162447
14.9522518114
7.03629016153
8.06290608914
25.1780051986
56.0142724961
0.0593664789658
81.8758576939
95.0416363885
9.53609733576
28.5809845956
6.30372948804
0.026874141676
17.1121608529
104.844421497
17.5402099486
13.387587798
12.5712299367
0.0234693848787
0.0279671203466
0.0709903772833
0.0382240108722
16.6873962684
66.1741366985
13.3242804171
18.9262465074
22.411248727
23.5106362591
23.5110242513
0.0358835609201
29.3033612853
0.0851541030202
0.0736665659002
0.0199146671998
0.0205652208809
0.0203985697365
10.954242355
19.5146987576
0.0427631293576
0.0424872769967
0.0335584756981
0.0296490057039
23.0701780284
0.0336946391809
36.4062413469
20.0886731986
11.3959197812
8.74250683485
23.1762081719
8.87571223882
6.25008110853
10.1932851739
71.1992031711
0.0256345619431
94.7482811222
45.1205427651
22.990671326
134.102199553
6.56217695933
20.1377476818
0.0498289826702
18.1755625249
0.0651707255104
0.0737267972352
12.4836312558
8.43204559125
24.7132042309
20.1443778032
11.4836328304
21.8491549705
26.7970938832
7.09704526458
10.383161507
28.1277303133
25.2788173973
9.41369051102
70.6874695481
65.7165542568
39.4675925408
31.2486154021
7.33293594848
15.6543182605
10.8082101791
16.5281355696
17.654692514
0.0242390085339
0.00849135882169
0.0211992588553
0.0174658500135
0.015878115826
0.0479345711991
0.0551155431534
111.491141811
95.3723601297
39.2283697434
7.35549471339
7.15597091277
10.8083388234
150.635879342
46.764266482
42.9790236779
12.4629587467
28.8758025015
0.00231858513882
0.0101684989916
81.628782562
48.4948034278
23.1560774271
62.7582178093
6.68262599793
7.34913006826
19.877168527
0.0139014174083
22.9061577559
53.9994790308
18.8465752675
21.6527106234
58.5754740566
34.0686289273
65.9531017498
38.4856233202
70.9185101595
0.0680093881014
8.38213100338
66.9811741061
23.2909165937
37.8439026195
51.9180139724
47.0385083786
6.94143667196
8.90133087589
6.36963130156
27.2534441664
6.58202759456
15.7301342444
53.9597462767
0.0179941965583
0.0216595500517
0.0190518811695
11.3428920864
0.0119135000387
62.4418401356
107.822064358
10.137638968
35.3953676576
41.6462235789
81.7251151789
61.5772745243
51.0359855566
9.62316305486
35.2619068029
22.6085478885
38.6319218562
81.3963148663
12.6854941547
23.3454543113
44.406924547
65.5785426539
34.5840952844
67.0293868023
44.7668478041
64.2639112197
63.2739747124
66.1559365815
7.50548099183
17.7513069029
25.9922661352
27.5721753004
26.7419793979
26.0179786916
27.8031653282
7.06441911875
0.0885153695346
6.35425558415
66.9167765007
0.0600611828485
60.9850523478
0.0543845102955
102.51555535
68.1093555802
103.032314734
79.522538962
75.4693783681
0.0459273855691
94.1667072084
20.6457614717
10.7025118546
74.9337205212
0.0348009485736
64.0440430844
36.6980791568
33.0235189921
50.7727982405
18.0093472259
29.5547259487
72.4655496279
54.2077459402
51.245647802
32.0591648827
35.7053164218
56.2581307512
0.0236466744523
0.0225204829656
39.6936010945
32.7289623176
77.6690029078
35.2415504447
31.1141126378
8.88573904757
70.5415116858
8.05754429757
87.9031266061
13.6699304783
47.1363076615
54.1700202846
52.4424338253
30.3974307935
30.2994002081
8.71092694141
44.9392489285
0.00699838707792
86.4190036033
78.663077051
11.7070752178
7.30539846257
35.1495859225
90.2445746125
69.5067126725
39.8197283706
41.5916737121
25.0547855232
21.7989996039
30.5728754075
72.7287443158
0.00574750834595
68.5448829913
46.47698802
52.6324982385
87.6349106475
0.01483173693
31.5228439546
36.9333792862
12.1013789405
25.3268334214
89.8104291688
0.0766193383648
0.0709327601401
52.0516802924
37.4671392006
68.6843292503
68.0850403921
0.0662335172779
6.71667861446
38.8976174821
45.0982704394
73.1599726038
39.5363020339
43.316380206
8.72882496539
39.7426777577
0.0207415299816
13.7529728304
69.3635878401
7.5063947245
33.3520546135
31.721347166
23.7092258249
15.5339663499
50.5472638449
0.00758638217086
91.6574666953
0.00781702103561
90.3633085774
40.1921491371
7.10299096049
32.208691788
91.9302020005
87.5369008054
54.0895865767
41.5242480984
40.8869073813
9.35042832738
22.6826256778
45.0443672924
39.4088169905
54.109615871
82.7026250348
46.9355369447
73.5931802496
94.328839795
61.3253629925
24.5260633579
29.2546346042
0.0257690756587
58.9523247049
95.4849113459
76.5717140057
54.7086012574
50.7630800186
42.7203772638
69.9315058526
47.0815329041
45.7211915071
56.8637444827
15.7624832609
0.0301884952906
6.75029094684
9.6009807038
10.0167635408
6.15673415693
0.030857919505
0.00725553627495
97.0742073538
56.4436742301
71.6101005042
30.8043479874
51.0392236369
0.0598794399458
5.81070054404
75.7706556956
67.4288764537
9.66328303046
47.8044175023
0.121786259579
7.73583401247
0.0901201335303
0.117444791648
21.8427383492
141.695047118
22.4160335751
14.2565895216
19.111949943
28.1467646231
0.134398721471
9.44087867554
71.4775794201
6.01083568997
18.7117743027
11.0795969302
6.68480786608
0.168891144318
7.96069516258
86.0321371558
53.2567723393
53.8534729554
7.41780733225
6.0077929753
15.3730747411
63.0948242994
56.7738816225
49.7413558782
66.1960847366
29.8414791499
0.216685541505
106.229018561
92.0635724713
6.21175560441
80.5703040285
98.6160223958
101.36649866
101.028350354
122.830142199
99.5255728151
17.7566181863
0.186143021787
82.8216387825
38.1294176926
77.4179397036
91.3867088341
71.0443033613
109.971490387
69.3877518544
0.0853933837161
0.0852057698363
55.8645609144
18.5634024451
72.9161070826
0.208434747601
32.245174982
55.1142004507
81.1578993667
41.5053598127
0.321964137067
25.6666531316
0.341895225072
6.54659096944
0.340568614893
77.9658647738
10.8774552228
67.5118399467
8.88441817825
101.565631903
75.1265226075
0.313256185683
15.941282175
6.28016827607
6.33942701127
0.350967558003
0.333068838124
96.8573980474
57.4105492834
115.731468334
95.8678321095
59.7310926306
38.3973696637
120.195348987
0.258468263648
160.407068662
50.0282790767
60.3083182825
77.4055811311
77.623180853
66.0029633988
70.2402084192
102.480642059
76.6189071163
81.1028903428
87.2573317446
54.9332084532
7.56336996058
31.237210912
0.305883288994
6.81573202129
19.0991690006
52.5020753785
0.0326734130446
38.8709560129
71.706345813
0.00131326020511
37.7499017632
0.00180319259643
5.7726268854
0.00714443672824
7.32984300608
0.00554836247145
13.0282835736
45.3858851675
0.011713958383
0.0194712056002
0.0345351107349
20.4645941264
21.9865848807
0.0369868164493
63.7041174898
0.0352448613598
0.0193099619719
66.5486178885
6.79384491025
0.0114131363037
0.00374482172655
16.9336488482
74.9920322852
62.8281274769
58.2545445666
0.0285792261149
0.0360244632256
0.0352320046363
7.0369112399
0.0572948495849
0.0539765600605
0.0135466033582
0.00997252014053
157.375015682
0.00897652959083
25.7832964687
30.3002170273
24.3611680002
0.0184967115788
0.0248252686245
0.0270710466423
17.3957068206
6.8078907829
9.0824791901
65.6099771204
54.5912759748
48.1095677601
39.334108428
26.0318696307
0.0157373264583
0.0138902005811
35.8405273061
73.3617693045
66.1413324023
78.8985979894
0.0596321614395
0.0259923966348
7.58297587124
0.0123971116779
0.0269911048824
0.0130317915043
0.0260223314737
0.0343166684488
96.3569103574
29.5332673806
0.0596259320782
8.52689312645
8.14927843863
0.0798143413006
0.0805278368338
10.2526537552
9.15309757873
9.46948452495
0.0631099593563
0.0589926189487
35.31685534
32.8762966086
16.873511994
32.2402983729
31.5704031577
10.094887124
10.6425264924
51.4637913236
68.8557443704
67.1156328175
32.3430501917
51.5403779178
40.9114264339
34.662466061
70.4479007767
75.4106491073
64.8311109208
86.7104891065
54.0525276706
47.3361422453
69.3040070324
51.6417009696
95.742194078
95.7656694174
185.276636192
88.3174764072
8.4959981377
48.9101059256
0.0138973381983
0.0177910199185
0.0228065173098
0.0222472349064
18.5790195665
5.82197145761
20.3020818359
0.0246957873027
35.2848553213
71.5495582853
55.1212118304
10.2662575435
0.0584471445132
0.0404808427927
5.82552995964
0.0274357794202
88.6607506803
66.3155847955
14.6637791166
0.0615861351181
0.0544510108253
22.0039586239
13.1121013738
0.040976952117
6.48566598917
9.53718853049
15.3363716478
6.69876874203
29.4953241392
0.0283326084659
0.053033402663
13.4664774692
0.113672574332
6.6517529433
122.603206104
44.38499424
40.4637323663
0.00169098640267
0.00528392541706
0.00380919397009
9.13664360244
16.1938082541
8.10420834203
52.0180120834
11.5240963892
0.060664671403
0.0366954790889
0.040184830386
18.2975979727
68.3443312479
17.1089981515
6.72792427174
15.7046092867
27.6656729684
49.6116054104
48.8468183536
17.7637435713
0.0491307747283
6.8233316427
0.0386645161496
102.316376043
219.691789576
167.151213919
18.7024225225
22.2276376794
5.81882578309
9.9356551563
62.1442263735
0.0179554377097
21.9379739535
12.4963417245
10.9599440932
51.6204745831
54.7780468124
49.9249755914
49.32576977
0.0906610448872
16.0927480472
11.6206187973
0.10644105027
21.6605612568
13.9679710114
0.117468376573
7.93085123194
26.3346478206
20.6093393662
18.9822012356
10.0373193711
7.25854272822
0.0474748966637
86.6548428343
51.2812399039
50.9676614714
105.366294394
46.4614779424
54.0832743344
40.3212990174
8.1586631294
95.7404113366
42.5929129892
47.8938655632
63.3516706284
0.0550278821682
0.0771146309874
0.0411238358243
213.382573362
8.40373893139
15.8337758779
35.1113010182
0.0179363099858
0.0191974729883
0.0269347993344
0.0311986114274
0.0363119270909
6.56315957758
27.8018175777
25.0932226544
30.1401363085
7.13130448773
0.0339132573583
8.38814110546
0.0243330921171
8.17803969253
59.450118922
0.0413324857068
0.0862935398626
0.0558407342828
0.0129300185003
0.0219569827004
6.81315249658
21.1900799424
8.43866100167
17.3670791344
21.9386804102
0.0504894999042
10.6697207642
9.89122200769
7.9582022248
19.5148863476
151.217442257
14.1120404099
6.92845178655
61.4320588238
0.0494110782886
0.0257031546024
0.033294116729
6.11577944791
7.06395755924
6.50840661126
0.0259315750449
38.3075873318
50.5310834556
26.0776047811
78.2034579439
76.2864597321
80.2946639837
68.4383291425
7.81664884858
50.5812472523
45.0670915153
28.8028843338
94.0518374269
6.04234142691
0.0451648621308
8.15794777472
0.0418844415798
0.0257845075006
0.0177101527167
219.192197164
9.42393570787
0.0209782301204
9.28977161982
28.0698560974
20.4477479728
0.0155366627238
10.3587357272
0.018966626839
17.2661826011
6.13707755404
6.53326879635
78.7981121769
92.3098750785
33.7690682598
85.5609980797
62.4118608675
37.0047022406
26.1423967136
28.5545994184
74.3206050309
41.2631345095
63.6259324863
24.9319023209
0.0670145848167
8.22167924246
0.0259923121182
0.0470636710905
0.0533420282502
0.071008620535
73.4692971125
0.0716341537617
42.5801184898
23.5925688759
67.6894065845
0.0599770484347
7.96096476854
6.22314224487
6.66638470022
6.2899396458
6.86532562977
125.655169095
0.0597155768361
0.0230491466649
9.34929721479
6.4073760284
15.0257987206
21.6909263649
16.3776133342
60.0762973603
53.1850921842
53.9586768342
29.2830814552
0.0144212491467
8.93534700925
0.0410092998972
6.27518637039
94.8034326624
98.6380030403
102.305138259
99.1935076323
0.0103840268456
67.7226167217
91.0039221427
66.4304593574
37.181084134
88.9573255836
138.336930084
31.5049928007
19.8435426849
8.21849312886
0.00527765471137
8.76237759568
16.038941569
0.0278127817381
22.1054207437
0.0174604886881
16.4802477945
97.9609019588
48.470951592
16.6843495045
8.64798814475
5.71405905105
0.0365824332179
0.0541946212301
24.804793804
10.1680060621
0.0394184164558
0.04584997692
0.0473924920641
123.568585234
35.2392077125
9.62741863005
65.2039805774
5.81434330677
0.0388260091967
5.76291701273
52.4635182378
80.2354527796
63.8423675552
10.0666565776
12.7335140589
0.101641855109
0.0513624216129
18.0290920856
0.0142882426945
108.80044462
87.8476921734
44.5006892763
23.6596262424
6.85717062899
7.88461458028
0.0208991969076
16.1895867594
8.2315160237
0.0503565375881
61.1366222164
6.64476716972
9.77225492919
0.0152184338625
0.0166212339116
7.14551847769
7.98543271401
11.635925112
0.0467891645581
11.6954685718
15.3436552171
27.4489987951
11.2622385259
30.3778765547
0.04625539964
0.0526186796027
54.2870454681
85.6513544899
32.2239577759
15.4045790037
0.0112798501074
0.00246122674853
18.7402027067
6.61926932173
6.47932104412
5.75343012185
6.86434524902
52.1740921731
170.452802567
8.35773274139
0.0212301585441
28.1807973848
26.2605195069
41.3876333777
0.102173339569
68.812656135
0.0815657148118
8.16847262751
14.8786716952
16.3452664457
6.98770596928
18.7214003781
10.4612570637
0.0350947655813
0.0352151618328
6.67270189125
0.0342528876931
6.93022371001
0.0420972376985
7.13912915366
213.993962646
12.7672063362
177.209936306
84.9470870104
11.7449212934
0.0144622052167
7.29764093343
0.0230836271781
0.0311774431982
9.20482244779
0.0726438076892
0.0342996563218
0.0408993066948
49.7062788186
133.434557395
0.0223535053955
9.46282815747
0.0370637281505
0.0450340378321
6.87493668152
0.0804140736734
0.0815561235216
7.88074524271
8.40007397832
7.8421830602
0.0118058787365
0.0130368116668
8.27068764561
0.0760781027931
6.42944686112
41.4869550837
7.87507584085
17.3448814409
0.123128284112
6.51427903244
0.0341913429771
16.7388779482
7.37232167198
5.81188674874
7.5002454225
9.62282659017
10.6446287787
24.2409082714
0.00238897214035
0.0
0.0
0.0
0.0
0.0
0.0
0.0
0.0
0.0
0.0
0.0
0.0
0.0
0.0
0.0
0.0
0.0
0.0
0.0
0.0
0.0
0.0
0.0
0.0
0.0
0.0
0.0
0.0
54.5919554119
193.290914377
0.0
0.0
0.0
6.15778974092
62.0263712546
73.2446098636
67.0759919714
31.8555232839
17.7425272465
0.0
0.0
0.0
5.79698678197
0.0
0.0
0.0
0.0
0.0
0.0
0.0
0.0
28.971014217
32.4475376603
65.4265763876
50.777417738
71.0236223354
0.00246990727991
121.659156466
116.760546259
0.00987730957523
23.2442305035
13.2107134774
27.7195460544
9.54736132994
9.16637611863
51.2036894198
25.7516338061
17.7868226332
12.3931650557
0.0
9.379348366
21.0980661161
34.4898357564
50.3527719478
51.9327441017
17.8875742117
26.1952855515
6.06372484942
0.0
0.0
0.0
21.3155579757
0.0
0.0
63.4334274108
0.0
66.6070686609
73.3188067639
0.00100923101849
24.6014003029
0.00304165010714
0.00299910564559
6.47509561088
22.0333612679
20.4630050919
13.8080240254
13.8319249862
20.5736130261
21.8551165754
22.9394725645
23.8158196343
24.5704400213
25.3392637946
25.9128462375
25.9967384466
25.7049754196
25.6249947117
26.1153546805
27.0044347275
27.8119550195
27.8612381954
17.2202258258
53.994170526
39.4561651348
32.5217366322
20.857499883
131.249725562
97.3098977557
14.2050819653
23.69675221
35.9310577193
0.0
56.6706814995
64.7056267536
0.000947538824284
6.51082620128
42.6559325063
26.7384047299
10.8704458725
0.00342491166507
0.000781242534085
20.3625351585
30.1917445591
53.8930641905
39.5097321708
28.7041575616
9.21691408219
9.37220269378
0.0
0.0
0.0
14.5572779895
21.0279584554
0.00628232252754
74.7413561398
6.44649317086
60.4486104398
39.8603052954
39.9717795001
41.3207918573
0.00729493084506
13.736718211
6.10647269472
39.1333508894
41.2902025175
42.8735407099
43.6780043124
43.6305515009
42.8865929759
41.848194235
40.9736957258
40.5018443276
40.3803709473
40.3762927614
40.181338396
39.5605805043
38.4099421027
36.8070473837
0.00368302560403
0.00358934820183
0.00526862016653
34.6411748303
86.3399566993
53.3752814676
30.7328786336
6.31984509235
59.8261887031
58.5213352334
29.5304209224
19.8248191922
81.4828478315
5.83714440447
29.0320155547
9.67583431882
15.6761928497
0.0112062356082
0.0126057804698
42.0018846711
57.641607643
38.8726473177
123.21264765
16.8774565302
24.7107774387
22.5702321344
20.1507606749
6.46090646812
7.24721661005
0.00971132273168
90.8143626965
0.0063395927339
10.1143521821
0.010776050317
19.0010482298
13.1356142406
12.6187867557
11.2664553537
23.7341832401
8.0227694767
7.99657460346
128.700976952
112.746558059
0.00575857969969
77.7313269542
47.0221362885
37.9209106779
75.4563728833
0.00717008545196
69.2027476818
41.8420586755
45.5005145348
0.0108834789686
11.5538319058
11.0147508383
21.3488753386
21.6223764582
0.0
0.0
119.217998187
0.00121406310072
16.9561220685
92.1810082808
75.2062562781
80.1967193187
0.0
0.0
0.0
27.2907546109
6.71504406009
189.556202473
144.660925054
0.0021107475957
179.127015593
149.460045069
142.119760836
0.00118340922536
0.0
10.3035191928
9.06164018864
8.4276922624
0.0
6.82432024364
13.4588878542
7.62890380175
85.1328869091
120.578905539
10.3332789374
0.0
5.72937720467
0.0
7.84521982521
25.2067498949
27.8297182312
11.2655213663
10.5002280822
16.6221970808
107.686365438
8.52434388835
21.9162188327
19.7401924957
0.00596147708415
0.00593917897616
8.06294530926
17.168752069
7.87207431267
42.2622037459
40.6634561111
34.4340379222
0.0885700149688
43.8274985379
13.022595659
20.0252442166
6.01180768708
0.100399810675
9.28291173769
60.8235728342
48.2411097824
5.81076287331
9.74169121693
24.7794742464
10.8166688721
6.77330404496
0.119032060963
37.2075743315
0.108244804856
0.101653126432
66.3188286691
38.054900283
35.4434755328
0.0789057740404
122.262282119
0.0720152506882
21.2079652027
0.0788418316271
0.0737956670918
0.0648108074793
11.8377947729
45.2125958727
13.5127398401
6.75116880109
155.300282514
99.433585049
0.11668190443
18.4128186003
81.2759097103
0.119317834241
0.123017443026
0.130176849757
10.0417620204
29.9408358381
12.9004711785
0.112142232849
42.784283717
0.121012201106
61.8312261903
21.0320033807
55.4076060265
36.3467572462
6.50628613865
32.3461535545
0.146840946088
6.66582091507
0.102481505202
12.0124752757
5.86557387596
0.134491191746
0.121934781464
26.3931137906
0.173823950859
7.59036150304
8.47021241068
0.215101363601
13.9227629687
10.4189028957
46.7744798066
40.3042687023
0.219141141365
8.48158335816
7.59921101129
7.80293433829
0.236136971034
26.7658564427
24.068387151
10.9539515919
0.220769341525
18.3536374314
5.96643601481
21.3990180035
10.2583446941
48.774163648
32.0731237541
26.6766727259
0.247325434501
0.266689876807
9.12455042816
134.816021868
14.6567922764
33.0965466713
41.5258339519
0.245705572946
6.70125302081
17.5354028952
0.271813367329
144.836445729
28.0973537034
0.256116755609
8.78895259055
0.255966540487
6.55778374248
0.257796559416
0.267083622093
14.8727928503
15.3507414851
18.0923627092
0.273582426604
7.80668901346
12.038533343
0.287528059679
0.26842155882
0.272619854812
8.77778803617
51.0595578524
109.019131655
38.034955733
40.5391689233
0.277974534672
0.286746050714
28.902490445
6.75519176903
0.307091859147
6.67308300241
8.14461445185
9.60427210812
0.320534169419
0.321529970582
8.05506070674
0.302465093302
10.2630202656
25.8393241557
46.2626935173
54.2175440505
16.3038171116
10.9891655015
13.1604862375
20.1741472341
66.165188896
31.0297145433
53.1460149757
48.9228282824
59.6356846622
84.6966394677
14.9128718307
0.304491757112
32.9488749775
7.00869554724
0.298196072099
0.303414723926
19.1869731139
44.6802281089
21.7740966196
7.68374217068
0.325472164308
8.85463091928
29.1852987111
53.3951839376
35.4274094831
0.258425236581
30.3348618474
55.7243580466
64.7345074504
22.3343699122
78.2075635092
111.541947232
150.689132618
0.231449603907
8.00078504157
6.33456462776
0.0486748283145
51.9891810116
25.2334981893
65.3924171155
51.9281044917
6.98935345486
0.242580161945
0.277817194067
7.65859804524
6.70115440797
6.86733635079
0.341041879647
31.7194123997
170.645008644
5.93196208643
0.314491811374
0.295073260926
8.01273622886
164.420204027
0.303759060774
6.13748612851
42.8088137434
9.97713912093
0.361853427541
6.61629097351
0.364150233696
0.39864446594
65.6444828419
0.398059931677
6.41406243385
0.391020902299
73.547120487
109.465699606
0.317559090697
0.30981751958
0.309312085765
0.276461841377
0.275224338755
25.7941581587
17.6508493778
15.2714385169
0.127578944084
17.3189781873
0.0948628619862
6.4404286089
0.0829694276684
51.9323923896
26.8306524158
15.5497255059
10.9286985792
12.9109205945
24.3813648833
6.06077076495
7.66408032001
16.3499720616
8.71468409381
7.34982324193
9.05849725115
10.4572858343
28.5104808103
22.0914639258
24.6397671644
6.67876071003
0.00695182268969
14.8306136141
9.62875086659
0.0191897065479
0.0249481746072
6.57296530438
9.86012327324
11.305661043
0.0220588828989
42.212981395
0.0211499470988
48.1524995694
5.78477712926
0.0306295411076
0.0175765705313
8.38056570953
33.4140059357
28.7866164318
0.00477557262587
0.00679345600589
6.48019750381
54.6894911343
47.213419733
6.28752606744
12.30617755
26.8444661833
30.6664461543
18.8540815799
28.5179271109
7.28029622789
9.3758031269
20.9665248613
0.0154458005676
0.0229184181362
0.0241791755756
14.1087213049
0.0448787103676
9.58695104308
18.1097088871
0.0248702599511
36.1497325523
48.2098135279
7.24963346356
0.0579318027667
9.70311625427
9.42080722207
35.2149595561
27.0306399514
0.0227330322423
15.7795582738
36.630208396
7.16135819235
7.90375474566
0.0122524401126
6.71084139311
15.5691963519
0.00371811713225
0.00173556707534
0.00190532821439
7.52468649197
12.1420378179
43.7195026677
0.0147249263168
0.0304195865928
5.93058339725
7.19592019855
24.1473084197
5.72262838047
10.5153998147
0.0142658096783
0.0244493944128
7.81614769924
19.8918640151
45.7172007916
0.00975158989285
18.4373442613
9.45128414884
0.00524786611677
0.00627443878796
14.2457691352
6.38734353059
0.0218257850536
26.5947307382
37.8333139456
14.8419703292
30.8751056673
6.99581611981
0.00307861867679
0.00303331781174
24.8894796993
0.000811867987178
6.46970275876
23.4056708693
0.0
0.0
42.1765485196
8.98922924262
10.7530946866
0.00626392661698
8.28825373491
7.18599322694
34.9523428011
106.241300282
22.5418681721
101.364545715
84.9298857925
80.1582307799
0.0182278828267
8.10682676225
7.01762624568
0.0125499051088
65.049336525
0.0234866388105
8.37790742793
30.4892130669
0.0317135230638
6.47743103858
6.8262788947
9.44481303408
27.2227627637
48.8766893037
33.476772959
17.9748667114
5.93551433939
0.110847083227
0.00424873808273
4.53877406139
4.62677045424
9.63628821092
0.00217830537787
3.69235456886
0.00625557495047
0.00791779123017
13.111008115
11.7398181504
0.00920969903541
9.7000249788
3.44856650018
0.000948909715665
4.35010857482
12.2767675447
0.0
0.0
7.67449862117
0.0
0.0
16.4557605272
4.43098790931
5.2983817796
0.00139132194419
4.08740303219
3.54299957819
17.2396528177
49.1575487828
4.3398571431
47.1190113669
34.8408851684
39.5094285486
0.0137959010785
3.99853041383
3.46440038808
0.0146645160056
32.034875389
6.60138447577
0.0280051210388
15.0060463323
0.0359435905173
0.0301375079929
0.0276793632936
4.6666421067
9.33357670914
24.0681386594
16.4812997154
8.83443822922
0.0258542644669
0.0265899388045
3.58152655446
6.15099250426
0.0396882037359
0.0362362039014
0.0279532126585
10.125504513
22.6704579733
0.039923946724
0.0655755314707
4.70940379382
11.1336938558
3.67226754475
0.00896580540157
0.00819362339021
7.89733244821
3.88614894622
16.6359341494
0.0265987270568
4.58813309936
0.0183608842654
12.7610553857
0.00551112833527
9.12002144338
17.550475078
16.2472161296
15.5378178727
5.2799558224
11.4056436542
0.0440530113661
9.12912702723
0.0401967696214
0.0437749523599
0.0756151021955
5.83496021853
0.0422225572092
16.971816972
23.4891220231
0.0735621915443
0.0451668660698
4.64737019983
12.7172206606
9.72375385373
9.6910340094
0.0470129710413
0.0693359277372
3.40184689598
0.0481625147628
168.396173149
3.32260165322
4.62243064672
0.0829030412079
0.114289229393
7.69337197563
0.119573730561
0.141679156548
7.05536372878
6.94694795946
0.153615228
7.48880334623
0.155549107253
4.41342827513
0.15026243717
0.151176434915
0.134475244556
0.139606888269
0.158188891128
4.36678004911
4.76020736657
4.16397262188
0.164665191197
4.76926743724
5.55238661271
3.76386738074
4.71845426728
0.230898452391
4.16647081335
22.9966371097
7.80345276775
5.12012850216
14.5547915507
6.96619495717
4.01334460166
69.1754377345
0.0809233114141
6.73111736875
4.31839144409
4.815615703
0.0161924303261
3.28276034361
0.0140753319584
5.00317126643
6.53104440567
10.0942624646
0.00609175195956
12.08261802
0.0
19.196460503
7.74238556039
11.9958639907
9.6881282076
0.00739882538217
4.39395031455
0.00674266158603
3.95234696078
0.0105160486933
13.4733936814
0.0186998351374
0.0197868034289
0.0223425924652
14.8545293229
14.9208510916
14.3696161039
90.193026388
0.0
5.90082765153
0.00995158627041
0.0
0.0057271569128
3.32334497286
4.5794903944
0.0204384833131
0.036623213197
0.0253001710728
0.0212050736631
4.55859752726
52.6841550205
13.2024652332
8.4688504942
0.0
0.00198811988391
0.00948441745221
0.00327439647218
33.9406829053
18.3079880178
30.7278049837
25.2167144924
39.5443626218
42.680586295
31.2881869815
0.0462910409387
0.022444938229
6.26671900185
80.6364185877
0.00499106912873
9.54648969702
0.0153108963994
0.00825497270187
5.22272831907
0.0193025458481
0.0153388919651
0.016815982108
3.62018238931
0.0
0.0
0.0
56.6644072006
11.2779812911
7.59846565517
0.0166231975983
11.80307917
19.8303239002
0.00499556969447
37.9266372321
20.6319496274
32.8550094498
24.1433413392
36.8913664277
39.5919097812
26.3926784414
0.0278301811387
0.0397155078411
4.07697174961
0.0639596948589
0.0709691020251
0.0691664546336
0.0499266895359
0.0693823112493
0.128934581483
0.0342354576505
0.0879506331266
0.0869471811772
0.101497727462
0.115758796265
0.113748192471
0.117653498048
0.107647003053
0.128224650536
0.00720098417907
0.0116512935262
0.0151075412642
0.0151587898631
0.0249772663595
0.0227949139507
0.0333021935554
0.0396202829147
0.0442583896631
0.0472238933617
0.04977512447
0.0285726982386
0.0387563807273
0.0403682939753
0.0266334337205
0.0171549064069
0.0355059694932
0.018094637977
0.0129874191325
0.0121592212976
0.0193758375477
36.8158243501
17.5691248967
0.00200328430834
4.09752423105
0.00269388234904
0.00187449789533
0.0026364036248
3.74355155246
19.6942332025
5.1970303257
3.67163343611
5.44259538476
0.0174792589051
22.6558373588
22.2785377825
20.7175316223
0.0367386786592
0.0478969933513
0.0377350642856
3.32668908138
13.2222435449
33.4096865041
28.528888102
5.94018005062
7.41448567189
54.1383387957
8.5549634697
3.74072528999
3.31549249262
0.0530645452482
0.0506907396222
4.01390962382
4.22659346895
11.9029209863
11.1685015961
0.0322116082725
11.3777195627
0.0226347934104
3.53225351195
48.680655893
20.8108319709
17.9079189767
30.8108449099
0.0102552073586
0.0131559968965
4.9675083605
8.37440795009
0.0166592353826
34.4692310796
4.74772993172
0.0328888484099
0.0375813635909
0.0357693886492
4.07424774063
36.8697869791
0.0288598145246
27.5892789155
0.027104224517
41.0916085403
25.995528643
30.356231746
6.53385949295
12.9838692479
11.5927606095
20.217064314
0.0228170720203
116.745453325
32.9451567883
0.0
0.00374099832899
0.00442650988459
0.0207207756913
36.6224921534
46.8979071864
26.0315819489
4.19167547605
12.6449799905
34.4158478288
31.8690666475
24.3015844352
11.1287547167
8.93068894086
0.121771516682
4.80517596815
5.56927757454
6.17301798729
6.08290662477
0.0518279457422
17.4588335639
9.18953943765
13.2491622084
0.0673049670677
0.0710968522893
0.0691491215269
0.0571962247267
45.1221530174
20.8664140369
21.4587737754
46.7275166584
25.6394039599
24.670520474
15.1083562396
0.0222781870985
45.6373762417
22.8878012244
25.1119254943
0.0380109332215
0.0386619976433
0.0407688639553
0.0444635216847
3.98590827709
0.0658243004688
6.42102109751
18.7743455475
0.104351650712
17.4249107693
22.2481521796
4.34382625485
0.113359683069
11.4401460865
6.75611423166
6.59811313612
0.129941292818
9.15987293375
33.8114049387
28.7449864839
14.3931990624
0.0486834504308
14.4111474189
0.0293080430984
20.4668229531
0.0519139965437
0.0163464033644
9.23876832101
27.3470633832
5.3549187292
6.02037117301
6.09499543405
3.95897126924
0.154073881891
4.11992500589
12.8813960253
14.4149763138
33.5557159356
13.7950176899
15.7725595159
18.2225210083
0.113676156623
0.121132928758
0.105838780217
0.204905140038
0.189818273656
27.3648365548
28.6020180089
26.9687728244
30.3904271757
15.3371984241
0.150879743073
0.0763024281915
37.4672302912
41.569934183
26.4329567408
0.00889645018042
28.4395333917
18.2136113281
19.4935144155
28.307749127
0.0283622648824
0.0329786273194
0.028370798012
6.62386228975
12.0414175001
5.94991131285
0.0153756943431
0.00948090069867
7.36377243979
5.85730049157
13.6562632362
10.4871580004
94.0411145022
0.0217813883838
3.65182204289
10.3049546194
4.31621087386
0.0329260191723
49.3763857784
50.937277882
7.33082372394
51.7162722208
17.2427569814
20.4234541638
15.0797845973
20.0959943132
38.1318359008
22.3085742334
29.2321942936
0.0492026499626
0.0281839338654
4.61156318618
8.44385531981
0.0138157855283
0.0525286440511
53.1086061957
30.0802040712
8.2232346143
19.2503162772
12.6291719832
34.0075033683
3.80919553574
4.96539204854
4.42660644916
0.0915564954939
3.77600030071
4.36366848173
82.6709454034
0.0828060798297
4.02987036625
10.0633061981
3.32660090827
12.3443564316
6.70429679965
15.0224904812
29.9114056964
24.0241888043
22.9317701387
5.08146050436
3.66672414709
0.037959349249
0.0415817094767
5.87519494441
48.310029091
29.832436026
0.0169748506986
31.4334207525
31.7797977145
32.187186981
37.3455501898
33.8508058378
10.0310280915
4.28475894119
50.7381841479
0.0384553404209
15.556320059
0.0226025926758
0.019301501202
3.84145311085
9.47472177258
0.0334068795793
5.12963319459
0.0473345991053
3.39387691349
53.8307044907
15.1887183149
7.40615715212
9.50939644857
3.27699657195
0.0372510146578
4.32638766041
8.11016665998
4.86540255775
4.42735396838
0.0497823301455
8.09769678495
62.8859168481
21.5868986702
8.14115256287
5.92799377615
5.65909867813
3.49353271786
0.0665500169002
41.9878609284
30.6171493776
17.3124612519
0.0199254879667
9.09318432516
13.0087054641
0.0255786681846
4.04388352748
3.55535469444
45.2751086626
0.00482952842904
0.00553025880098
3.92281574905
7.16190276112
0.0215800938483
3.83530863802
13.431330074
0.0385350644517
0.0363348319071
22.2227763275
0.0626013497522
0.0445687631687
9.04311417625
5.07709711179
0.0240467303373
4.34806901105
4.99944155889
0.102156096876
7.28021956082
12.9857172537
3.46887397704
0.0970930010999
6.332804477
0.0761468847175
7.67342646863
0.0499413359076
0.0644546600339
9.92823744792
8.88212625682
19.0498718912
11.7878923514
5.87424668016
0.0189115714816
0.0166828972091
4.33496540496
21.6477254643
67.119339865
58.8263802412
50.8597369509
21.2704838905
21.3606994223
4.322990288
29.9319747826
4.57347878946
23.8452578626
22.9633869439
4.95294912256
7.39269709845
5.75908334687
0.0361524415772
4.96498777149
3.34597685868
3.53411480982
20.5400145657
80.5210579248
9.82665749426
0.0351468963791
0.108768398954
8.81675385649
0.0772610774062
0.0663561034606
0.06865738859
15.5076822374
0.184823731056
54.5087673961
