0.0
0.0
0.0
0.0
0.0
0.0
0.0
0.0
0.0
0.0
0.0
0.0
0.0
0.0
0.0
0.0
0.0
0.0
0.0
0.0
0.0
1.95864889543
0.0
2.14158769732
0.0
13.0691225011
2.56460037161
0.000806856569056
2.86683185759
2.69341002751
7.41639650629
0.0
2.91449167604
1.8886336004
5.16767287382
14.2511044498
1.96840319313
0.00333006556929
0.00273229390393
2.02980652407
0.0054490204981
1.98949061806
12.9526624324
13.8135549437
7.45299608348
13.5068892764
2.59678450809
21.8751491007
7.55717129364
41.6116480413
24.7737288775
23.455692733
31.6723721149
4.08699089273
7.87942549589
213.097601133
42.2629855665
35.470717477
15.4327492083
0.0366121361325
0.0200708597236
71.1757245056
160.57958595
109.347855927
15.8072610132
22.962044171
9.94257328337
24.57082482
102.857328699
27.8361093717
21.2916702397
5.91850491984
11.8475361167
0.031875681932
55.5309324755
16.0811258122
9.00494554471
38.4646713012
7.62451960163
0.0282120084935
6.88235412878
2.96782808766
1.93824583167
130.766048594
61.8599099303
16.8771630734
13.3725394905
47.1751172842
38.3919900575
15.2377299917
51.1353568551
24.102156579
52.4915296293
15.0102241669
16.8216510818
8.69526306428
6.39034636694
9.76005776874
9.7759844486
10.4109647536
7.90047103994
7.84279628561
2.62520199831
2.90431839934
4.5711916306
4.35227366972
7.59880986416
8.41842126361
3.09425387694
0.0314709715385
5.50568484559
2.84213168948
0.0557894736464
9.50755824393
0.0339152307735
0.029858323657
0.0381506580612
3.05313694575
3.33578181405
6.51850327446
3.71632359527
0.0596315038756
0.0868974757015
10.4260220734
2.24869774915
0.0761062925993
0.081488213365
0.0518486048485
0.00704335713814
8.13070271146
0.0148748035596
0.0284088821175
0.0228746204011
0.0232425841412
0.0326808352979
0.0275572971063
0.0426364514142
0.04468910236
0.0405698053784
0.0434385645466
0.0415895414425
0.0376060517329
0.0290787021256
0.0219077689463
0.0355231782506
0.0175398090849
0.0214031913683
0.0202295552185
0.019540309555
0.0189693013879
0.02353979351
3.67140708462
3.49512308856
3.25769691007
3.15150354348
0.0185172625021
0.018409635733
2.30538697492
0.0118961612355
0.0282675340822
0.0216467304067
0.0212261417817
0.0168977092092
0.0238737441122
0.0263221602202
0.0251167262572
0.023156070579
0.0239588632356
4.09809790239
0.0285776260241
3.36034482317
0.0190879008685
0.0238217132789
0.0210143953095
0.0223155952166
0.0218068253239
0.0226959043648
0.0117829959648
0.0116693376837
0.0129306917344
11.5922169744
9.61354861016
9.53143284581
9.57763070103
0.0119902734306
175.223647855
8.99993177439
9.31119444792
0.00926482614073
0.00696488877398
49.917264685
25.3957189837
0.00825989264047
0.00676114278046
8.43508438952
95.6358244604
70.321621291
54.5783428261
47.1861199833
24.9354738435
21.5762049129
21.8451299562
27.2355306297
41.2764773964
32.4483464931
4.54732380762
22.9902784942
0.024312757718
149.710646539
137.864767125
1.97026586532
16.5371295978
160.373623
81.4796303072
199.526607421
9.51546510353
84.528846693
9.46090178051
2.97543572639
45.6614630654
13.1684692814
135.226238145
0.0495818716706
167.775783156
9.89781624253
19.9540233296
189.255131503
9.55590718805
16.0261228377
10.4212389833
22.5310309305
10.5132873622
2.64823175704
9.17744185889
6.9614835832
117.135968348
41.6890155629
37.6631241859
63.1129770611
38.3128963376
47.6329370507
12.8642488038
10.8876703913
14.2679441083
6.82206696388
9.5670725667
11.6023022041
5.45841468897
11.1924745764
7.88895997924
5.47405998714
9.91088623692
6.57742252633
9.3815372699
9.49533975034
3.79362297377
4.22649070505
4.47732544811
9.80816897673
7.39128172578
0.0233592060045
3.55597547873
0.0153334089949
8.56138580309
34.7385000082
5.58796570348
4.11923423691
8.63390915939
6.50922802986
0.0453998448976
2.47090853423
3.32704588025
0.0265521438122
1.89336789935
2.4315158337
2.83140927073
3.22169849954
7.19685556637
9.30689653037
0.0193392437732
0.0232784251619
0.0357849121921
0.0259788444362
0.0431067714602
0.0316222032698
0.0394221104225
0.0399618372169
0.0346530141262
0.0233212327937
0.0216883643813
0.0228151937499
0.0259154638517
0.0256742395783
0.0237938688834
0.0295913461471
0.0295309641015
0.0256275121696
0.0298190485505
0.0249920779637
0.0296690384247
0.0318070758422
0.0262626361666
0.0294432539517
0.0186431753099
1.99629486331
2.5264103838
2.97464886575
0.0247976009869
3.17284413769
4.06270986478
7.11530036867
4.14438647072
3.88935116646
6.30960664233
3.68899408824
0.0242556985733
0.022204488101
0.0222761964375
0.0231191176453
16.5651514589
17.1754223732
19.9523883251
19.2567943417
70.5147551372
4.5760810594
0.0302631215549
0.0494274006782
0.0462778740157
0.0465525073354
0.0431470174456
0.0415036298072
2.5173124061
0.0308190907051
0.0295415967316
0.0342597895938
0.02943349099
0.0356594698621
0.0380153803916
3.43003916321
0.0452077870608
3.59253435002
0.0289813747479
2.66560503158
0.0388834172859
2.80215204099
0.0414875023889
0.0400154157381
2.48645945962
0.0246380843428
2.54330678068
0.0220393577249
108.509988518
21.8803624461
5.55346355699
25.8669910807
23.1413852009
0.0127285220709
0.0380472760571
2.12145276999
0.00952451601378
8.11747656367
0.0177701975931
0.0142562436707
0.0144733223005
2.66143422994
0.0271809457485
0.0370775102364
17.1170247298
0.0205565210689
0.0234713322638
0.0217187972133
11.3103027929
0.0202284319865
2.22277325346
50.62147802
1.9379245489
47.7993978402
0.0224437012063
2.66805126607
0.0149309029591
48.2300956545
0.0110307909587
0.0247356419724
169.346884081
20.5853510685
67.9977068171
42.1053092988
21.6814539742
25.7331405268
10.9073969953
34.6431212221
45.5588573662
47.9652237663
43.9249090819
0.0174016931708
3.89260231028
2.83668770258
4.32879234539
2.9133079669
37.4197779619
37.7998593591
28.9786691299
9.9652455865
2.66483967143
0.00803400950419
5.34102850721
3.26705532107
0.00921593710332
14.9928543997
0.00988988640325
93.2961774852
112.801259567
12.3568220003
3.86708833247
0.00886857896663
3.83827199021
3.40884895173
7.97164365015
1.94904794992
2.98643111725
0.0104848867114
2.0886613375
0.00768236972642
0.00866777983919
20.7715029773
0.0287736564571
0.0337764755037
0.0257434045076
0.0168719736642
2.0849259283
0.032109776564
0.0290922931652
0.0181747806158
0.0201868261643
0.0183018911886
0.0189334357996
0.0151523367186
0.0160649460449
11.1789600704
6.77279044394
0.0177037769824
0.0240827319857
3.69444301881
3.70797401334
4.00444758112
3.37759205879
0.0661364773217
2.8786412782
0.0351956434193
0.0726151726325
1.98432786014
0.0186843013811
4.53602368251
38.5508751101
2.537963273
0.00496935298066
10.4189540808
0.0140151506672
14.1551935598
28.4944654554
0.0239896880659
0.0143037862898
2.08310461064
19.4733625801
6.18445080026
2.92625937665
16.6913758897
11.2545387862
45.2358117343
26.3752843999
9.21462860205
0.0258395941415
0.0210604497382
9.73781607151
43.4922745315
0.0131026381543
22.361032399
13.6688060455
20.5920633792
27.3322451266
3.54845519377
7.15027974132
6.71268089098
3.99165781158
0.0137934566666
0.013105072934
0.00900724940673
0.0074213177282
4.08636819482
5.20794054816
71.9208549491
47.7189121398
39.7879152765
21.8665864901
14.3333629398
16.2396263775
16.5166513633
16.5387080997
7.33547417959
1178.61644632
90.4152789245
88.23741556
3.53015036386
4.33803350226
4.06812840033
5.19575665338
2.53953030414
11.3304909327
20.4159613211
4.1706472485
29.5183750322
12.7433981563
7.0683886337
6.26803516375
2.12641495999
8.63901162786
0.0243301955421
4.16429561697
3.29399223864
0.016756682108
0.0261081517057
4.27501903462
310.836039315
6.54066509634
0.0221678584895
173.691768601
2.1040173341
2.01356708085
185.79049893
54.971665823
0.0116193664781
0.0142926238673
14.9886131288
34.489962822
45.4444530095
37.5668846521
13.8042533702
28.5552415097
9.97165012986
0.0103132578858
0.015978385729
0.0168969439078
12.9481174042
11.1367180826
2.20706889127
3.16389474807
5.85045800411
0.0328998227321
16.3772277078
8.96140295787
7.78192576339
0.0100104317712
0.0119851326309
4.21611248017
0.00862240001439
10.0772179688
0.0112256548381
2.996651982
5.01269780928
7.53041904998
4.38533092676
13.6661199227
14.4344972568
9.43152921347
57.4411568763
3.8820133581
13.9990109741
2.76894392847
0.00692962449729
0.0122378556478
0.0117753190351
0.00811801174221
28.603972871
0.0203681780392
0.0287555740284
2.31718789807
7.03732452714
4.97019242073
0.0224953607483
0.0255798747726
0.018455050213
2.06638831878
0.017224271716
2.34589706298
7.51740693291
0.0149801329046
0.0186173916948
0.0304746440458
0.0269978905852
0.0173974036426
0.0120362318265
0.00904327664092
0.0126053693285
0.0150447077479
0.0100692375915
1.88313315218
2.79877365808
0.0214522367603
2.37551801868
0.0258039998311
0.0246349152242
13.3084698832
0.0371077571943
0.043112517828
6.69076655351
3.21513022088
2.73723363013
0.019556585397
0.0173743130277
7.44107249259
0.0122135138626
1.91155299332
0.00982261010532
0.0266395011882
2.13641412138
0.0103058448315
42.7426803756
40.905440621
0.0159624735733
2.47721132664
0.0214479514595
2.4661561256
2.44978685521
2.87173722658
2.63723333105
0.0215443181276
2.66852666673
2.18602271502
2.3623728879
0.0172895075172
2.20989494989
0.0135015667386
2.04416582824
2.0878744178
0.0111979163147
0.0109435388937
0.0118147858861
0.012749015124
0.0131072164952
8.29115909677
0.0128791138744
4.43863967848
1.86773099522
0.0128422028866
0.012848575283
0.0167950548341
5.5677848399
10.4066540404
2.50797437967
12.6403320128
9.57217392258
4.01673334065
11.2613213648
7.0210171243
6.54972490624
9.27375002701
2.22004831829
7.46414099477
5.91067470934
0.0231868389738
13.5666093556
4.82787190742
7.98519897339
8.43328848643
2.35247313584
3.81876271271
2.28924461219
0.0215385890317
0.0212082558374
0.0173763997496
0.019491114561
0.019416396746
0.0188619558552
2.72386652164
3.75188379738
0.0190002073384
7.31015613543
0.0183158140903
2.37642594631
0.0242967204016
0.022008248061
0.0218431267179
0.0183489463641
0.018256038324
2.3762930074
0.0179242341945
3.41707688054
0.0204900021765
5.75128083604
0.0242389356088
0.0173848463796
0.013207381219
0.0134971869001
0.0121263506085
0.0115304149219
34.388643379
0.00905012987855
0.00858275966681
17.8142853207
0.00573727745004
0.00533206323252
5.9558399659
0.0080564567932
0.00590744533581
0.00769158498043
0.00587678537635
0.00777673916524
1.89040648309
0.0100924153487
0.00870109309194
0.0101439876605
1.8620180185
0.0110468397985
6.67645321116
0.00378099296092
0.00292630371722
0.00257417461777
0.00223061047755
0.00487280304166
0.00862472900276
3.79740344088
0.0202052932077
0.0225199471517
0.0214835541813
0.0249237580644
0.0250593358835
0.0224262148033
0.0224468811356
0.0192040873819
0.0188729500875
0.0194117163513
0.0204317382191
0.0215289848053
2.61875235789
0.017710357234
0.019378122842
0.0209127459719
0.0188932407011
9.30497943145
0.0214127864428
11.4184645508
0.0187158851011
2.47007526286
0.0171188658641
14.0463260265
2.15529495416
2.04069863257
0.0313230957107
0.0130952148926
0.0161928848321
0.0153031533024
0.0147335774599
0.0128094343975
0.0128470157903
0.0219324908059
0.0183156478414
0.022120226736
0.0205443433923
0.0172309788902
2.26938106006
31.4912811514
0.0169645722477
0.0108308097082
0.0118357513489
7.02401860012
6.70447736959
0.0131528219946
4.00406341794
0.0136574329325
0.0123502132243
0.0126731731517
3.06130962366
0.0111670034636
0.0102193014537
0.00912997899547
15.2606811429
13.1174965492
0.0154003250552
0.0118426261593
24.2478618706
0.00976533753126
27.5468817335
10.8559248389
0.00919369752327
9.93879302029
25.0921916395
3.19123421126
2.82465305234
10.3645304833
7.28047521018
25.7488414678
19.6336868979
2.69114986602
2.5022479925
0.0248356305445
4.25261949397
11.5997142486
16.8403026259
6.17133819881
12.244711422
13.1316375562
0.0377264342021
0.0338103681123
8.16169010823
8.66061724081
9.62830076947
3.40259936179
9.11192030952
11.8034466731
4.38460220229
10.9249885778
7.57447592073
62.210401096
13.973394216
0.0280850042879
0.0238593008285
1.9381088155
0.0205155172864
2.37524344845
0.0197848856541
2.00118395692
0.0295869801532
1.93894673666
7.71241748881
6.6870555703
0.021402823166
2.21546115992
2.82828431254
0.0317123418287
93.5802983806
0.0227417046387
0.0223153940536
11.707663022
0.0288322195672
0.0184980770768
0.0172056222591
0.0207253756979
6.59813385203
0.00905297085522
0.0125011696769
5.68658883198
0.0102462411941
0.0100206726943
0.0100290565198
0.00764574447714
0.0069019375409
0.00563403276547
0.00797367735584
9.70640276611
57.0441631719
54.5570704396
69.6797589312
35.7480305086
60.6995944834
34.4120915532
41.9025702595
16.0730226027
8.52862283969
28.8897174615
15.7554030617
17.8981885326
22.6288799049
23.616736164
15.4575318683
12.1732385594
9.85118620225
8.05991087194
19.9351314125
0.014937866942
0.0182677948299
0.0223465430566
0.0230170598205
0.0168667921194
0.0158834188095
0.0139030648759
0.0127349058382
0.0115408107443
0.0105894061355
0.0107791081383
0.0103133051612
0.00944466065639
0.00967137649256
0.00844466862573
0.00712526946452
0.00651071945769
0.00684905688177
82.6922873257
0.00856825477047
0.00907112335936
9.99270859534
14.4424374244
13.8139713626
10.8415479276
7.99243069053
1.92901675251
0.0220727695211
6.20326467988
11.3292647079
4.79509683308
5.28670361216
7.88865131019
0.0215275154668
6.1268952923
0.0186917155596
1.89122516227
2.10049809842
3.091909215
6.05631559561
3.85434780155
3.17839852017
3.13526277011
25.9847316278
25.7613940996
21.9373024192
0.0162757032111
0.0295092198037
0.026278937201
2.75815798077
0.0217568694144
0.0241874697386
0.0233290700421
0.0214589912399
0.0202841925322
65.9771872889
23.9368468505
6.07967974606
0.0201635719404
26.6938500139
24.6005428704
0.0139890022941
0.0129600238088
0.0202412007161
42.6416481411
3.95844969386
0.0208202447392
0.0246951357645
0.0175050260075
0.0155380377668
0.0143597428959
0.0151751122072
0.0145643327768
0.0318494986588
9.71063496173
0.0583432427303
3.23868388309
3.3269781165
0.0392885158606
10.1192633865
3.13637486983
7.28428852022
0.0292478996897
0.0216400396138
2.12724286578
6.60204744589
2.60752550453
0.0127761396449
2.83400812017
22.3338737864
14.6514165018
10.1756635571
65.5806181404
6.37549749373
10.2881816717
5.05284163764
10.9946592403
7.86508246867
8.01154193753
23.0806153832
24.2070433158
41.9013530959
28.7945579179
10.5445641382
0.0301499745401
27.8831115288
6.03562167228
2.76713574251
8.34981805822
6.11330417989
9.6568172191
3.11335080385
6.46934657348
3.74885864199
0.0110773150952
3.10894502619
61.6064429806
32.0623918586
0.026711747903
2.87849889552
25.9409237831
23.3403780377
31.5693415259
3.28016068138
9.29538707179
2.28547534312
2.53745864627
4.29180209281
9.18674768789
51.1120048387
0.02812218759
37.294266984
27.0468927659
2.23950954628
12.5190709291
9.7983360112
4.18425547986
1.9144614184
2.46725307275
1.99064898155
2.13442052977
0.0231093846218
2.01034724172
0.0115423146953
0.00875374276928
0.0064809387753
0.0122442704798
3.09784545843
0.0213707086037
2.09307758254
8.13708979818
2.18537669931
0.0254614755923
0.0414731251006
0.0341864444883
0.0344132945295
0.0374466249978
0.0353362819093
2.97548872783
0.0458680969258
0.0323564104129
0.0314167995592
0.029661146849
0.0150929679602
0.0218497037751
0.0282304007275
10.0308193454
23.9958494365
2.94248294801
0.0354595084826
4.04604637662
15.9298293661
1.95468237912
3.48283629417
0.023885416058
8.66857066669
0.0361781214684
0.0550668669098
11.9092835576
0.0750723585126
0.0523049704546
0.0373023268322
0.0536942881072
0.0493900967366
5.37613750095
1.98237663852
0.0538784348728
2.87932920692
3.46563710196
0.0355580692116
2.24403551028
93.8462511081
0.0129280165736
76.2778368741
2.8888529337
0.0543890298939
0.037201568373
12.2204466219
8.57533510868
4.94316141429
3.97131831293
4.12305746299
0.00463494608922
19.9339621318
7.01454039525
14.3722908765
21.1621064309
3.74950505457
0.0148792907268
6.14142506216
2.54674461479
9.69060488632
18.7449935924
2.50406602378
0.0163274079158
0.0111547702571
14.7601726094
2.29559037675
19.2242690479
2.3403508462
1.94219550547
0.0327892309476
0.0129273313749
2.16964117506
11.749377818
11.8172586294
3.8104290667
2.10438687292
62.332826505
0.0172162441368
15.7708892805
0.0240164070456
4.7658039128
2.59775754545
2.26227326396
4.29186809763
32.8896302219
4.45592065049
14.9816017876
2.22156693663
7.61031629984
11.7643935676
0.0326571467768
5.22852070249
2.60031797301
0.0162460628974
0.0222511190243
10.379698809
23.8522349404
0.0582192328667
15.2817547624
15.3731542535
0.0358091679013
3.52460747168
18.7434115991
13.1049410226
7.72209024297
2.90466706987
0.0217131127537
10.2644329088
0.0193816150505
2.60107989954
0.0200693934769
6.60014121818
3.01657618426
8.34548376219
0.0210516292331
15.8929342765
6.77798013708
39.1862054101
1.93702859657
6.18438735113
1.89812904659
2.63310674256
2.67222901452
2.05117212943
4.12330868936
45.4096402733
58.3175865952
57.3663216701
79.6754202407
0.0112151936573
0.0225619554972
0.0152581576443
14.3528665431
31.1820791656
30.7540320457
14.3968424163
40.2007936729
20.3862237447
18.995286072
9.68766359466
12.1189943246
8.26180922539
4.11986844949
3.32967207759
0.0202839513144
0.0242982337081
0.0322400907023
0.02581380283
0.0392588486775
0.0292679496117
0.00989544764289
0.0109615548184
0.011225944746
0.0160968038866
0.015646105993
0.0150033133803
9.81551981008
0.0134393639957
0.0137906816892
0.012091522347
0.0119450964464
7.85272958286
0.0100738892984
5.84141554994
131.971121284
6.14703630062
2.50850015386
11.3528058327
2.06983722461
12.0501163208
14.5408084705
4.91057631806
2.49276173284
4.04857989299
5.58574733312
0.0349918171083
3.39277125211
4.49308022535
0.047675470712
3.81454540374
0.0302841963288
6.86258750109
9.8486372168
5.85773261612
2.75852473485
5.87076875297
0.0232727367853
0.0301739792664
25.6336774653
24.681424317
9.16186668913
0.0364451466903
0.0579905928689
9.64933693356
47.4164642357
0.0186399636096
0.0185981816646
0.0174939737914
19.4890369491
2.21158236433
0.0189198344499
0.0280265398052
22.7166782924
28.3450430306
37.4659166674
0.0307565145606
1.90028372534
7.77954117665
170.95154964
61.3595865882
1.97724143168
0.0225236823747
3.47877458749
55.1522444777
0.00964436513095
0.0182326546592
0.00376581000654
1.88829878613
94.0239519173
2.280880141
122.823086222
0.0423256266825
68.9337812582
0.0272577449523
2.06571212203
0.0464060060569
58.3361456098
25.4299887936
62.8843870706
0.0591133670817
44.9360194912
0.0202394575108
0.0754583271166
17.6850890368
14.8847005924
369.004314104
50.8291670679
96.49172527
193.886690758
271.884339106
6.14851888097
2.3422159239
40.3465819919
110.889125825
112.448030885
120.300719766
120.34622879
30.7829831551
78.7566770312
67.6616388169
29.1412354629
35.5992850075
31.6157737722
30.090227895
35.0665668699
7.43145746488
23.0462339761
204.26512494
84.5608577646
0.00736753027543
2.20388196278
8.24772764782
21.1643135453
12.5085584334
6.34078349298
51.8573357447
1.90491326156
7.68546929437
94.7446485084
44.7586869809
15.034216541
0.0123683902566
457.080064731
0.0780625543551
29.5966169015
18.4625264967
15.0302356014
90.7877046007
55.3361903311
0.0192377546883
0.00853092279588
0.0075091614571
0.00223612798498
14.7826585299
15.846859851
0.061020292595
21.954574019
26.8192224195
21.1018796372
18.3768189932
16.6437862654
0.0374794785076
54.0410699699
19.4718840974
0.00555010369794
0.00499157783582
48.7174819006
109.439621305
54.2297114003
0.0809016829723
0.102200836518
0.113704431995
0.118163344614
15.886937606
0.0909718543603
0.0899016378991
0.110879207568
25.7060101157
26.0345591035
25.32151326
24.4066723395
0.248768110792
0.238055528629
24.5287989604
17.2231307627
0.285537983563
84.291068074
119.765848474
121.051288814
0.38040659458
25.5208609798
28.7205785808
25.725291179
0.395024321592
48.8842393867
15.2322157066
0.329749679949
0.306617709146
15.7953566217
65.474412061
19.3669693602
28.3755548528
15.3798131672
37.2797629488
106.422787325
114.528599023
64.4349687316
0.00593023843448
59.0056430074
17.5328937507
38.3563679099
28.572402501
16.2591571607
48.1811489345
68.5869957141
0.0601564875081
14.6507768763
128.149394059
21.5855879111
0.0112524858183
0.0180986235641
15.5414237631
43.187598214
0.0265004379635
56.5486226648
26.7742454944
15.4510686547
0.048028731745
46.2473461633
0.10009914892
70.7858496138
496.513118592
32.2834800544
0.0671663977991
98.4813361378
22.4926706228
128.524541624
22.1916688568
30.5894154398
26.5509520123
61.5007021552
47.7261425782
34.3418020629
0.0332868125318
0.0482944097485
34.4074037056
168.431061458
18.7610900215
108.228556762
0.0149936243189
22.8769913906
0.0379735367549
0.0527634817395
148.05166224
0.0443254653263
23.2423227294
0.0567149537871
0.0708752334006
57.1476825472
0.0243899175697
139.333743549
0.188897136348
163.845321151
15.7631673373
0.153436121483
19.2431473841
0.220471518802
0.218770927723
0.168906084513
0.150478185178
0.120406447873
0.113173919703
34.2500412217
105.554760802
92.5957384112
86.5439596278
0.0679803113939
0.0627974651375
50.1457565637
36.5580736306
0.0378055671603
17.7703330144
16.9163858296
43.5465096989
59.0973814256
50.9237217639
0.0229221532686
0.0233185764555
0.0372741876642
0.0288439809694
0.026268133838
667.79159876
0.0
0.0
21.9108988304
14.6444409687
84.6131460233
0.00365980379101
0.0
0.0120253657969
0.0275860799752
34.3438155417
0.13207255991
24.9344569742
99.6922778503
91.5959024091
48.5757686593
20.4942667931
118.487018181
0.0504905550791
52.033496426
79.8488536894
0.0899651773421
27.0414882442
103.58986265
14.6077985639
32.626528114
0.0676019923523
0.0903184642718
253.552544928
0.0863237950462
19.1734489924
0.0704140356455
161.995581871
142.102213412
20.6911352595
19.8454258308
21.8344817804
0.0911193035991
0.00620188196594
0.0210092632981
109.292232032
33.0705724887
0.0718709289398
0.110903562731
0.199862702136
0.221779720508
59.8798563951
94.5533824153
55.4522908884
16.1374684933
76.3509275097
0.1584109297
123.765958463
106.959354188
0.160243528539
18.6286985325
138.313663106
0.0613328928676
78.9748799789
0.0707903162875
43.6106538122
23.6379096041
34.6745619401
15.0036091899
0.0714193633559
0.088362264695
0.131275807409
24.3532563185
0.127207211582
34.4245616389
15.0600791044
15.8414689178
63.9877489061
0.109911101513
24.2166936242
0.192287294053
0.185527937046
15.3559854918
73.6496629753
0.235335114032
14.6280989033
37.4704065036
31.8610279087
0.361068256726
14.952830086
110.615742842
98.1724500226
0.133256867395
17.587787886
126.160336141
51.9377052811
168.530511098
25.3308243537
85.5171995846
117.553267502
16.7209022572
0.0909852738446
104.824736539
39.0117380129
0.105951875472
0.108343255314
41.6397597657
168.805397123
158.930972726
0.243662365176
0.238113121161
20.2592984256
32.2880654909
0.298444489226
161.236995062
42.9983530423
18.4378698704
79.4271724051
141.831543009
0.306786026812
52.6025579056
151.794389326
111.956693305
34.0234663713
0.274238454205
41.4344165234
20.3345352526
0.0562919810674
0.011545755419
424.067418711
124.816120307
0.0398327828987
24.0847459526
0.034350979406
133.784538143
219.051756762
199.400235763
0.0290358405037
0.024662531096
0.0242223619169
53.2932322668
285.897429035
14.6548321841
0.0243798786211
94.5141898807
0.0217707246283
24.1193996178
22.8448984747
0.0351905220678
0.0292784224675
0.0398157957417
25.5768687392
0.0278062170954
0.00987860515338
32.193232603
59.2298154266
0.0274025964342
18.5733208435
115.227288845
0.00940302800383
0.0
0.0
17.1383459628
0.0707616431631
0.104256211545
16.7889576839
20.9294610663
0.143387158115
21.5263952941
50.0178182942
17.0071443332
14.9709602447
37.2421477246
62.6020194763
17.2185471426
0.00511362312785
137.373128264
60.2052353697
0.08601690097
18.0311206361
52.3594742959
58.9967410293
201.221316119
0.0455039255228
24.7189677877
15.489550471
26.5422367931
17.5943373156
26.6329841534
28.4882938737
26.559229373
89.5883112273
58.0359709933
14.634452857
78.4176622198
50.8801685053
77.8981446178
15.259161322
17.230443291
15.5777983016
39.8502405294
0.403872382016
0.337083129562
38.5529099799
16.9249340356
0.282683160258
48.9907524923
0.244374977273
34.9537702112
47.1000817992
162.750509044
124.675167642
0.192366256729
63.2741163908
87.1445224086
15.2679637962
43.3456878027
38.1401692396
41.1042168884
85.8124636455
214.499891587
191.738323008
32.4811786673
27.2138376957
17.7861558956
46.9296082547
0.147164987572
25.0860888655
110.376492869
25.4580653486
87.2872964454
90.3167814895
60.6400574638
73.0653708338
26.2510190074
26.1924425105
15.0680838357
30.2828950551
42.2977656902
99.3974623062
494.403738967
225.874996334
17.0733834202
70.2380048658
0.0199306445382
41.0639472613
30.7069806038
145.115642755
0.0323698728716
0.070443560869
22.4189487704
57.8268936378
0.0653658431405
0.0799133029285
0.104542704497
111.325720811
201.710333455
0.0232686014115
0.0172434194192
25.1729109586
0.0408760018502
0.0388274990331
151.294831544
322.814465392
107.563627167
21.6321860768
116.878437548
41.316209272
22.7142254467
15.01317295
0.350805639917
0.312978508301
17.4023128653
19.9081919668
0.147881403569
0.155381814304
0.124080395463
0.121589423246
0.111141471328
15.576223963
0.0722003965906
0.056254941254
0.054982953977
0.0257628183584
0.0242871190873
0.0199509712869
57.0903351463
18.6687814069
109.156341282
0.0196645496651
95.4424460125
18.314484607
14.8991484982
0.0190218756528
0.0163191543875
21.421010599
0.0
21.1106987749
65.2235770853
164.442212158
46.0649263965
58.6707327227
15.8306247333
16.0386385453
0.00794478839843
0.0114884276137
15.8229294318
0.0
0.00234246716837
0.0120948799847
0.0388289729028
143.99587779
24.129001229
22.1266530853
77.0242822047
188.561636326
62.6003712119
89.5063236644
17.2890046908
19.6735543001
0.0112817274778
0.0062982167209
118.632275075
0.0136325170664
15.5476609291
0.0258636441452
0.0380027804977
16.7737335131
0.113999818146
309.212774131
0.0304062881601
18.3163701489
24.2582735899
22.3886767712
23.3949721456
18.9121358081
21.5980581557
102.007974118
50.2782758286
122.441261466
60.2884498878
42.8814760779
114.341297016
0.298742494246
14.827566528
17.0857254166
111.12363916
0.316091652732
15.6118431156
46.4746686479
118.359304784
117.654221612
85.2913493161
15.5842942361
0.182441644539
0.192298966193
52.2097180806
36.6129298712
31.6676958422
53.1729489017
82.7242251542
90.5146746501
46.4146017812
0.15024134187
0.161816867156
16.4288088328
34.7806091578
195.396753174
68.0614929703
0.138342647049
0.14571130913
0.164554071195
16.0994607963
375.377479144
0.159729937762
0.193029998473
27.9118080665
27.8691128246
0.258931435553
0.254326136017
0.19455268279
0.142378042648
0.124258536281
15.2240236829
0.0909684229382
72.4814920512
0.190733060188
483.946968246
31.1296283426
61.6482978655
83.9630584763
0.0397169879512
49.045028861
0.0232498572858
0.00757679739162
797.014891005
14.7061115332
0.0633604723512
28.598146033
18.7415727745
0.117643370153
14.5581031806
14.943466356
99.9604354982
77.2617415317
194.245124661
48.9654670844
15.5294638729
0.225833785023
0.252210903844
77.9283279262
100.151025287
44.0319223287
17.7559079623
147.363541219
0.161133823247
152.891370677
0.539451402941
0.593927621187
0.606489730343
114.367039743
139.617447897
58.7800859482
0.264359914771
62.5489497593
19.1652524356
36.7976410694
77.5893122499
71.1211925674
0.999553068163
79.2203089375
1.09936674664
1.10510056409
1.12534697883
81.4974355845
28.1161261098
31.9870854986
26.6611490565
1.13956786884
18.8562697608
23.1408288403
21.7818338604
65.0492032243
0.157998015525
51.5679321785
20.5421640307
27.8890001131
0.263017386628
49.7289147655
36.5745765933
16.1639193566
56.6813297379
0.212776617311
0.196002590257
0.122420055996
20.1515586541
0.133391720384
0.142893834979
17.9013051207
50.7119479635
30.2104066081
14.923636356
0.326570640753
43.6011250608
33.1368591797
22.4517543967
0.298245309416
18.6380489036
22.5616045198
21.5960476148
43.8534530824
126.371529298
77.1128197765
89.2676956845
15.7348077234
51.8224858636
34.1200809989
29.3632101565
64.0350389879
39.8406832529
21.8861924523
0.133801742341
0.0882268790187
91.6894901561
70.7958728579
48.4231448148
34.9886751245
15.4355924442
0.451787655979
0.493949162143
0.48138949817
15.4956067079
1384.75266194
20.1359654897
0.338106423253
74.7728361645
0.288866469496
0.311791065898
67.4832762864
21.8812432819
0.407063244618
0.346516656468
0.33465979421
17.9116804213
24.5039713198
0.209262081089
19.3557743761
23.3880688272
21.4538073437
0.0894080032381
0.039069475756
0.0744590066853
0.0420581547818
238.529097989
0.0692516808434
0.0706625990832
0.0688389093729
252.796219975
117.491958257
94.9206424193
0.179011970954
23.9190555421
32.9041196061
0.181026375522
22.8287692335
25.4912451975
14.8819741342
40.025520108
32.4224420724
47.4775120504
48.2063323747
93.7268829125
46.0977016409
27.1965058901
16.6900331955
0.225703182809
166.054213316
149.670642836
161.108899658
146.661680733
136.252543123
136.150727611
0.279918113477
15.4495927492
0.234366223902
0.204805807943
163.798375327
109.006307643
42.6057212102
0.0182869339221
37.772399705
47.2343359435
0.0188578720189
69.8766614003
0.0242065145792
0.00502094054232
1821.42917436
2191.6774305
0.0334489392292
0.0486387289237
0.0672190699152
0.0638279622741
0.0771712866503
15.9409867881
16.1107699783
51.0983332653
181.362138011
151.003651754
19.625334827
22.4257909971
68.3264435366
0.054358819644
0.0824230480478
47.72212352
0.0779440855647
0.0548630652423
0.0599423515727
16.3953013376
49.6008979555
15.716290591
14.7621835867
88.465140372
112.015359906
36.0423504441
42.2016778446
32.5669087463
0.0303192023509
0.0480967925983
52.9363834436
0.00560084869673
71.8574737437
0.0157808868232
83.3060945801
0.039781262119
23.4664185731
0.0813637520206
28.2802267272
19.8122737491
48.5115865423
50.0672364233
0.154781703307
0.158635213598
0.129672465603
689.213228729
14.5470975339
0.0985678461816
0.0746534484619
0.0353517162137
18.0675196237
48.6408820295
0.0923247809604
23.6823460673
21.6711628224
0.0162180695879
77.4569850244
16.2385088916
21.1060867256
0.0047945582583
15.7091268931
111.935686788
0.0333852633542
0.0382715916992
0.0594689625038
14.8929151934
15.1915509132
0.0425579572358
0.051704231864
245.855593493
282.092760845
0.0578545667298
14.7262769303
15.032388071
0.0878003960901
14.7125863326
70.1698800485
14.7283775412
20.2246824639
133.1154551
295.161829779
857.906388278
0.133195991336
31.5849857816
61.0242475387
32.350827096
61.91875156
26.4602790695
0.129550647196
0.107465997272
0.102795437479
0.0663307248834
0.0796049000031
0.0818905769815
27.5851997944
0.115312286479
0.0631667742263
21.6487365043
22.2800122353
0.0508850510375
0.0582522465842
0.0354456060947
0.0428172654093
28.3052101273
48.6740729171
0.0491753262481
77.4059435507
0.0847712288862
0.154804428045
0.187150474862
884.616936414
17.2330341356
0.137478309946
17.519144393
0.209942900991
0.351713074682
18.4042970151
68.0889779516
0.0827440185571
0.0457371583136
16.6836759743
71.8401027149
21.3878183697
21.9559120922
80.5232300392
0.206779515067
25.3566655359
24.2004186061
0.367390596559
0.340178632749
24.3640240054
25.2856427246
0.30912011128
166.07534509
216.442371048
0.138991258222
113.537053772
127.068298137
39.9481731081
40.3820146873
61.7960826944
52.9365474903
65.0299044788
119.613136883
177.071600208
126.118892609
130.119977578
232.530307698
17.2100527454
16.2400172131
20.6223341258
91.7924087039
0.0984252154445
44.8669273682
16.8004783004
23.3881736508
0.0772849797118
14.8777665841
0.0755757152686
28.7375774248
54.972083282
0.0809165406078
52.3716903725
0.100205361605
0.105618897207
52.130985059
0.11852683065
0.113067119712
57.4669376498
21.9782047791
0.130124153013
46.9106749989
31.3089902904
23.3098155831
20.7808708687
0.141120569607
16.6895656013
60.121936344
16.5654709177
15.3650090924
0.0625460541188
17.0937108267
279.712857441
0.0755040929045
45.6392902429
26.3256462023
32.8948706092
32.7149013609
25.5219676965
0.245070732985
0.223602984477
0.221848113041
22.0521525957
17.6534478774
19.6458837181
0.213410598236
23.5809067883
0.197672511485
43.0776451332
0.227200196051
80.2335732049
27.4039742378
29.6532851127
16.6990840375
18.5959783768
25.1542377851
18.1790238885
0.700671028357
0.709647268371
15.4911303197
22.5289175575
160.854895439
0.718121884849
21.6060065778
0.722852883297
0.709802287055
24.8809253218
26.3644513532
0.73422956297
0.721321242586
0.761790031273
0.745677535935
16.5981355923
15.6755661834
0.17069328123
0.169045948418
0.199105685758
16.3767777123
0.418896389634
24.2590025274
0.364051210244
18.7943488313
27.381575736
26.3379093497
0.413895348619
0.377698101549
29.048030146
18.7601618752
19.1693792864
57.2323761908
19.7398070339
0.224543105731
0.184357424451
42.4340990146
46.6876180375
16.5120408503
0.0753055253691
0.063873821731
0.0732634305618
24.5923211385
32.3743463779
54.0757400136
49.4055816643
0.0866679368908
0.113867815921
0.202220424511
17.7736524271
18.5242749237
0.25934014288
128.779181181
0.157192672007
0.0848012459439
0.0904036508028
17.0060334629
57.8091334301
0.0657345507775
78.5902694867
19.8473570715
15.3490465008
0.189458939693
0.15927515669
42.6457645239
21.0873332898
0.28808224268
0.329485664027
20.3323919248
0.328222685903
18.3891595146
0.27225072662
0.251093107501
47.9239057651
18.8762502387
134.017058839
80.9746827708
20.535724198
0.165242776105
97.0533564654
25.8324656068
22.103664157
0.0890846071193
0.109844028101
0.0170554958922
0.0141134857689
0.0456908333037
925.090087453
32.3054272577
0.0982750791777
0.132462614334
0.184506411645
0.210094993291
0.181603025443
0.212709861418
99.7674160432
593.686920321
15.4307589388
0.190051388239
19.8797199614
65.2368452038
17.7503378788
29.4943748944
29.1025527264
35.6970474189
30.8539845787
0.389736884821
0.667593027447
0.714950861025
0.931117665763
38.9416696539
156.621055502
0.922234182267
25.0503604862
28.042339809
0.905104741327
21.4969729494
21.3905434395
42.0201494679
63.3121438572
77.2231446362
113.102683421
70.6532114664
88.9524613655
88.4600848702
102.518208663
27.3965498761
32.1316534268
48.105934193
24.8598091862
0.225645786438
0.131347265381
0.0875725557443
25.2657025093
0.255761082353
15.5869556898
34.0872004395
0.557084774481
21.500679448
19.9690386388
189.172902907
0.69816208568
0.593158082377
0.206258854569
49.8278356129
0.0232635234571
55.6452786329
37.0712730429
0.0312359516923
195.963317104
0.100354735454
15.973211798
63.978591701
0.0979094688057
15.534759479
23.4819996756
36.1868506407
0.153657085989
102.792035263
67.6453831434
66.7589608496
0.142487429317
0.153225167557
2525.83721411
2271.59756297
1563.95511416
418.254562451
128.67073363
141.009834739
473.591125327
79.00701661
0.166503413248
40.8277333476
17.1183654524
64.5180549444
0.00946139819118
17.1424936924
18.8090681915
50.5073316123
22.7451436107
0.0758164844833
0.0803808975662
0.0703302679349
0.0653599600101
0.0533616732999
0.053464165527
20.9595288353
0.0534252925392
0.0532146893438
0.075606800588
47.0213944918
0.0561332396356
21.0766889102
96.1677417278
40.6081385999
14.5724398158
0.056787510175
15.4236735356
0.14409494308
0.136735969503
23.4808902181
0.160610999257
0.155726142302
0.12462744976
0.0328781921791
30.80850967
18.630212959
45.0478848144
18.8904196436
0.0847268324178
47.0126827934
29.6953024123
46.8440802598
37.4322918642
0.13687062708
0.228435969682
16.8993375443
21.1890045043
81.2432127677
19.2572353913
17.6600718568
62.4533065828
37.3315832397
38.3854583156
30.8323940504
24.5618756905
0.0544920723178
54.01171059
53.828752275
53.4993453049
53.2660429284
53.0867414232
53.0407588129
52.9822289886
50.1161346326
43.0491080202
15.6184504939
1383.06309977
0.0891802480383
30.8145989579
0.0674639796436
1175.29661681
1100.73762941
1017.54607643
910.403717829
807.657249303
0.0260864890445
40.0249291861
83.0329302069
0.0302359251302
0.0302211955568
0.0289388451592
0.0368677279993
64.8286639217
106.343550931
37.2154072367
0.0
17.1467881766
55.3377245878
66.793706679
194.550757462
113.323038367
83.1503201284
39.9037033793
0.0
94.8583735518
213.527574037
117.254979486
0.0
0.0
15.1382447465
130.724092821
24.3400928916
146.107428676
79.713541915
16.560182253
0.00822834757979
18.6186787453
81.5734432166
59.3423588938
68.0967139412
45.6309433451
17.2518057633
0.0
0.0
0.0
0.0
0.0
0.0
50.7224074066
49.6266247003
49.9008902277
35.6985523367
0.0
0.0
75.7429848613
53.290197269
116.190227181
93.4385420297
69.4491055885
82.7566503432
58.3390966887
19.8186847364
0.0105203707672
18.9208672807
48.0282686778
0.0114743682264
16.6939361769
18.1602197485
0.00566712290768
19.7005546926
0.00287091448222
0.0
0.00558701078167
20.2074899038
17.9078821325
14.7109487953
63.0136047581
0.0
18.2547335714
58.2958570305
25.6441421425
14.763873725
0.00823708308561
0.00861113563576
0.00565538623891
0.0
0.0
0.0
0.0
0.0
0.0
0.0
0.0
0.0
0.0
0.0
0.0
0.0
74.9918041532
16.8558065802
0.0
0.0
0.0
140.567413953
147.274928546
0.0077996696647
62.5039580501
63.9926052447
20.1760713974
47.0843305828
104.626398713
0.00845268550618
0.0082065252428
71.462901557
79.4019468507
91.0757306519
0.00684936591214
0.0
0.0
0.0
62.043093736
26.1759364497
136.938395666
108.317125578
49.7953622483
35.0929919979
40.9706887549
33.8970923537
0.0
16.0394707646
23.3767285188
21.6508593108
0.0
0.0
0.0
0.0
0.0
0.0
0.0
0.0
0.0
0.0
0.0
0.0
17.0110229404
15.6486998072
0.00198799243734
0.0
0.0
101.293706362
71.5171136324
158.952572146
162.052642795
83.2748503196
0.00623406425054
0.00582634606413
53.4681656485
0.0
32.9663375667
43.3776526808
42.2134718556
30.80869892
0.0
0.0
0.0
0.0
0.0
0.0
13.1766197279
0.0
0.0
0.0
0.0
0.0
0.0
13.4845830628
0.0
0.0
0.0
0.0
0.0
0.0
0.0
79.9374467838
114.893146607
13.1807504749
0.00429841947228
31.9176734359
0.0261126598974
17.3493567891
16.0572359531
0.0
16.6299253568
17.9456047476
92.8842064027
50.5516959228
181.375231558
120.975547177
14.7010314351
0.0
24.5651792367
0.00889323818335
49.9065195122
0.00788777949659
0.00367756543794
66.227854467
101.116536977
15.0778497892
0.0335578385032
0.0270931322872
146.968513141
0.016783695496
45.4165642581
210.3629157
150.484986928
82.8025240331
108.335529353
22.4767136732
0.0182898077353
0.030544240906
19.5086714449
0.00239844617827
19.2926075598
0.0024495083722
16.8353457054
14.5053234992
0.0
0.0
32.6118727883
34.1472366721
49.0371200241
39.774173305
83.1975052744
0.0
112.416763831
34.9798016204
84.8039804387
16.7006570222
74.5507400429
0.00849846595405
0.00243410870626
18.6399802007
81.5903596849
19.069031472
42.2069959555
17.6598639999
57.8160486487
49.045048139
50.1853078051
24.5678059867
33.1547141643
18.5718945286
45.82296723
13.4505003624
0.0142426272082
22.7608341897
50.131513939
50.2880638854
0.00542689941159
0.00261029313413
0.0
22.6305335123
24.7226965215
22.2711507748
0.0
0.0
0.0
0.0
0.0
0.0
0.0
0.0
0.0
0.0
90.960787321
18.7632258754
0.00752681919092
44.6487953252
52.4153103704
65.4696048542
13.4249166645
0.00730773244455
36.3226501762
14.1037017427
23.2581308793
22.496041879
36.1803016944
49.9419895805
0.0
59.3843293579
81.7620817184
63.4502074312
17.4092477148
40.9109640015
60.5376624764
15.3205653115
0.0
16.170894327
96.6484443641
0.0
81.5358151181
35.9373128049
50.1473331438
31.7544860744
38.4763980302
0.0
0.0
0.0
29.1981793728
0.0
0.0
0.0
63.6457126796
0.0
0.0
91.6356468926
0.0
31.4635186016
0.00468708449659
183.631549015
0.00280386400596
58.1129713234
665.438137357
53.163400886
41.804421804
448.303055927
45.4229237262
0.0278206560571
26.56716285
52.9888879698
39.5612193335
30.0641757924
21.9534524251
0.0339431777521
152.780791908
167.059015583
67.2127603186
104.347435994
0.0316005809114
23.4181821444
57.6010189059
42.8363364776
0.0262276187186
0.0556857093725
0.0701391877731
0.0861239447755
13.2981514354
14.4186815195
21.3321539163
0.0611877200309
17.2023640799
80.9421030265
0.0298481620264
81.6683185093
99.9566983262
46.9054533165
44.8632438497
90.740929707
85.4987518975
116.583896045
0.0237905152655
0.023101034821
27.3116563585
13.2170277113
69.7882296866
0.0431498879139
17.5224226919
13.204313006
0.0617468292733
0.0920022673271
50.5448380605
488.074410161
0.0932151928201
218.786314969
0.192303364779
89.2065844345
17.382965172
0.10741665904
13.3961210915
211.1628646
139.764185835
130.938937044
134.254743187
130.284116571
42.6465780536
30.1409995759
0.0612478063607
0.0289540734689
0.0173047444053
0.0328558014342
94.3220558954
13.5110027515
0.0969372428556
15.5401413883
0.125183067034
13.5235178419
15.2784664122
20.7098917238
14.1267387037
0.230199269252
180.727847495
244.008258495
0.33275099939
110.620547341
45.5557984951
14.7651115606
79.7250514842
0.218106409156
60.0601951141
0.0473198335039
0.0716193109463
29.8993107678
153.350899987
62.737584009
117.914553405
30.3634819213
134.426490431
82.1771439879
41.5806380172
18.4469120764
124.233200089
16.3558884632
0.133863625182
115.287272992
128.591788204
58.8884991755
140.714181797
176.100168549
0.0314025289058
101.341713465
269.701135213
34.3964558641
153.22224486
249.025243839
157.255414644
0.0338386231235
14.9938453628
0.0211154832347
20.3727543957
13.2982028862
0.0138938812769
48.7248268313
465.271524522
147.57218743
105.819116724
236.274541744
13.2724761174
21.6758213454
14.741076316
51.9297533507
13.3731648555
0.0807192825655
19.1335231844
16.1882489856
0.0372506085435
23.7746135853
0.0108704567265
153.799062843
19.1526850834
0.0942817008303
235.792150664
40.532584877
0.0160189736908
0.00433841960693
14.0790443749
194.817255634
0.0208611425983
146.575474329
244.813830775
0.0325158735679
14.8235257591
35.6006949831
0.0729445957129
100.101014104
13.6785126954
25.8704246569
0.17056249217
71.9461168233
161.393403222
66.9949397694
17.2588981645
13.1858252699
0.236599431523
75.8845816144
29.4115251765
29.3261334917
21.0160677706
23.729736166
34.3117839847
0.10094784678
179.973494846
154.698374718
256.641534339
253.876806085
180.474342615
16.4404644865
0.0669367778371
90.4176243153
13.1158282093
253.186974623
181.454854256
59.1339853026
0.00718939306598
13.8063698835
385.5637871
2132.45929888
2633.32262346
39.6283250446
21.5853972983
102.391457995
14.4462531641
14.470850461
26.690287391
26.4886320712
0.00415745066186
0.025376452871
0.053269545698
0.104189458537
0.156038715577
0.092944004165
0.135673367439
81.8028925495
53.4154138061
17.1997061776
85.0183297418
55.1718361008
0.0106806124951
78.2751601963
0.0340113329581
49.639616407
0.0151812701338
0.049557730772
16.1974491575
0.0718513890534
19.4405630431
25.9648526992
21.7645748994
17.7948835902
18.8280102833
163.346753145
113.263772162
27.6213130743
150.022658254
211.452426263
88.6525802665
49.5896621684
127.870345768
57.4240368472
199.204464795
199.721480681
15.3316252312
51.6552957651
14.0465352786
42.5383590408
807.408554878
16.8097009403
54.0788502164
0.0577609258225
12.751118801
44.7537531201
18.2242907175
44.9816047285
87.3899137937
80.4780667864
57.2268423514
17.2416803926
60.9230312064
47.9827785644
370.620582243
0.135928049526
0.120381329913
0.224384821581
0.202327149506
13.3254392995
76.2797548679
117.748185718
254.724685694
15.3667823532
0.219191226094
15.2043599861
73.2418816083
0.151374987183
149.188026933
103.892864607
25.3729576057
18.0127609667
16.0556899958
0.0433320763406
81.9695887486
98.9256499986
31.069163185
512.121884449
611.82127744
0.181161030904
323.365149417
121.895493969
0.0407685517481
38.7299720012
28.4558041402
16.3626412594
16.9456101338
159.053139605
254.722330031
20.5943830136
70.2660348066
15.0510319205
13.3455333948
40.0386222938
45.2387188387
75.7505116248
19.4561643532
37.2100326573
0.267412249377
0.244836982643
26.3030237671
119.115446488
88.5573460826
66.5121940532
15.99716524
57.6755807224
28.0033723535
0.0536861672702
0.056240538006
0.125150827233
0.0818803220018
32.1071487313
60.1228352609
83.1625563051
89.2515294252
0.0220407051625
0.0432953176767
152.057190661
77.2265263363
0.131270694268
30.4308723733
29.2928510069
16.912995426
0.0810028854023
41.4547293402
15.8376046868
73.9676761627
14.3713055295
14.195126498
0.133454972122
0.0960431550078
0.0729553292292
0.0834680172365
15.1144366
63.7715751768
0.0434388941015
163.822134639
71.054993654
46.9091007835
0.0710557550942
0.0698253714363
0.0572899447148
0.052743739821
77.9573937938
94.9308732673
0.00729054890074
87.4166433782
28.5537859198
22.9312249738
0.0520468265123
0.0390039156749
0.0973882364038
160.91580054
19.757825151
233.840899381
0.137854217687
32.6040008581
44.6600768572
0.0999340813973
12.867102442
20.0553815843
15.3137638629
78.2810535572
61.4058621619
20.746708549
35.158151374
0.0532819562541
0.0444285122852
13.2170079004
87.7963769923
20.0909805915
0.0469288024368
0.0528207249947
0.0602262765233
16.3908242991
0.0634605946665
0.0485008545665
64.2404430412
16.1622923876
0.163095022207
71.2349116723
17.7144980256
42.5741860737
37.1806164146
139.000881117
117.7860524
15.4697574765
30.831233452
15.2755989369
0.0881512720636
0.11629092717
223.993042346
98.0121801633
0.284766749911
0.30159406351
255.197515977
0.0616233479873
36.40985196
116.475478842
13.7093708315
34.7455411708
0.0148023487758
13.8371892324
14.7475546563
13.5299423639
56.6803737668
83.3343218361
0.0489158615425
33.9805513416
0.0339792743324
15.6910652554
27.3852802089
0.0507301274977
173.044976249
239.799126054
144.767889701
0.0891689910207
65.5249855799
0.0793144581067
37.2738416165
0.0126376699446
13.3880092102
54.1788458854
80.0251612899
208.808414347
103.192252178
249.299156379
80.5119679471
81.9447813417
58.4256474544
0.0597667357573
19.4928913977
17.1204123755
0.0140206361115
16.7818765665
106.879614041
0.0344502101993
15.3126308136
0.00912897101283
17.6638939214
0.0488121251699
41.7950698652
96.2032112614
0.0101211757056
135.403843343
221.342433808
0.0122169949702
13.5870713231
121.982952873
158.35628986
13.1020097078
46.3555953137
18.3605377561
38.7145137756
22.369786608
0.0725795263223
24.4259368098
167.659347678
173.12717273
26.8129756248
105.064892497
51.3457961363
35.8631322535
133.64543152
14.4380930455
0.239039840384
30.6713900149
18.7398970878
18.6762419187
34.8293328205
56.759919242
80.8280222684
78.3929487879
0.0975242238091
0.113519463357
0.0894755689706
15.9479694719
15.3628078718
0.0963507815689
28.2687694412
288.930914779
107.3670243
95.4262380651
265.068751716
129.566411413
0.0103554156227
13.5662642399
191.261065312
127.747116525
356.42932267
224.782708954
138.433560248
117.227637225
24.568079638
28.2115903265
22.57472827
0.0210401167825
0.049023118865
0.0991162013026
54.3655053987
45.9948062899
0.0865400292776
0.0460653376249
85.0861093739
22.5287393527
100.685854355
119.045154314
0.0181719992259
0.00507281012109
243.20381021
169.899913192
46.158746983
0.013221581708
18.729678979
0.0482301935127
206.167676063
131.690339133
33.1842399794
15.2469369191
20.5081530497
97.1033766439
33.8656591707
48.2045001201
32.1906653508
172.186147613
0.125958359362
0.147266306786
42.8859830397
164.064855551
18.7346761147
42.3972585755
44.2408006967
0.233620877936
0.20376253874
13.0574183703
15.4514423197
13.9004888525
0.102431550603
19.3706093959
14.7745147032
16.9365182394
15.3203277194
157.759395523
102.84458063
33.6093294669
59.176806211
0.115480812023
166.230599963
274.383096012
0.0765429537191
18.9759348396
0.0946035491071
0.174739545377
0.154082533012
12.9117544226
0.149938914027
0.148816908606
250.869157562
48.5463044342
0.166316681587
0.157574162824
0.129810219905
28.6065503282
0.101410406293
0.00658326738675
110.157661918
16.1922906931
0.00194143616291
19.3369755974
44.1463557709
45.3825308102
67.4003540488
38.1266907753
23.8428044141
138.053688034
15.4963241831
15.6784094104
27.4256747982
0.0218047216887
0.0218584437756
18.1344031754
22.8379077502
0.00193429863926
60.4053488339
0.00343286026191
22.781972498
19.7548161572
107.387825668
21.5723571273
0.0476242092237
0.0387416839552
0.0530260432658
103.409087005
59.9917805551
91.9020768073
0.0376938743354
13.8289001574
15.3510534873
17.6972424245
14.0138131459
0.0778648090401
18.5852373853
136.323405973
223.148124072
13.4670863747
0.0755053274783
51.7267545621
210.215480212
82.2963545821
112.914147215
13.7896039184
16.5155930018
33.9997264664
38.0040919742
61.4990233744
304.003788467
0.140414601928
0.07049290409
61.8546245714
70.3880980015
16.1232706267
22.3052024993
76.9553280028
59.3133668103
289.997207846
17.8154453899
53.5364246314
29.0966888637
55.9015228952
57.1048241097
20.3937188699
54.4724845273
0.00431437235311
0.0
0.0
34.0203592705
47.471157628
24.0473426465
33.7607673742
13.82964225
0.0106759004076
0.0
0.0
53.0039722696
16.9888383072
50.9942705588
27.4961951281
13.5177386725
15.247263815
42.547662481
0.0315078290235
22.8865535025
13.0744799267
26.611057773
24.2159889093
17.9335057053
85.6474688626
68.1252232473
86.3433598912
34.913194839
142.223399721
14.1957242608
17.1501664898
78.3985948385
37.2503143604
28.7494436597
19.4361459759
16.8478245864
17.5144721908
0.0235204728988
33.2286986424
0.0253389455661
0.0396041500734
17.3401374394
0.075044835827
14.3221605029
14.0769052931
20.1613702418
0.00694585253267
100.330648066
25.4907676068
17.3633629445
0.0433396054645
0.0351027350001
61.0181037975
26.8357313968
22.3616074384
0.0
0.0
24.1427090063
18.5709226783
0.0118604437466
0.029914625954
22.0663555426
0.0360233404934
0.00702361540716
0.00533887531872
88.6347052951
150.916127073
15.148876032
18.8755550326
0.0487733032623
0.0212777764949
153.811243391
79.4529221153
39.9888409252
0.0
26.3125577954
62.7038088276
15.9817880108
17.2285188741
14.0317505979
91.8546533724
92.2625454278
0.00343646731502
0.0
31.7957213671
12.8292558623
25.4656367007
29.7026159747
0.00455278244361
39.8184968676
0.00281404008264
192.938787773
12.9657635775
71.4372074476
67.8839373082
34.6217165213
0.0322780820498
0.00660878793231
52.8129847846
13.1109236928
79.5232777992
0.00207250526396
16.1254272592
19.5449981866
0.00450188072597
0.0
0.0
0.0
13.1788617597
14.1657725382
14.678886817
0.0
0.0
0.0
0.0
0.0
0.0
0.0
0.0
0.0
89.7250633689
29.4403002412
49.5951502227
42.4401291651
60.5358734334
0.0846526990057
67.567292655
69.1261038492
0.135528143078
0.0720394564842
0.0908994691578
0.0701460298054
107.822923726
0.117463364841
14.0693070427
65.9170869228
169.126994693
110.067526
26.1398798063
194.981358586
108.942449187
0.110781931359
97.3673651068
82.5345087257
165.775759778
0.129001940758
0.162105261849
93.0661938213
22.2995455854
260.005305111
0.0358346154571
109.478096004
70.106647575
97.1564422801
0.08316671599
0.0787559988078
20.6398412608
0.0
15.2462881986
42.7045108268
15.1352031978
0.00613513427822
19.8410821858
25.1244495145
0.0489811981136
57.1320823742
23.6306144805
16.8664564532
15.2046350532
43.9664333183
18.1800782211
0.0757271571558
17.6696882619
174.17785234
0.0253194166956
0.00214825128561
229.906882084
39.7548523606
52.5931033722
59.6229006819
48.3046388802
27.305613904
28.9095681973
0.0313070741686
18.2517986731
15.9461851308
14.7875095049
33.7497597692
106.278870106
16.6104408798
39.4885091688
127.039836441
24.2806589581
0.0138079278771
0.0285224608118
12.8100010895
18.3089014592
61.8985043117
63.4317018473
22.6415244426
0.077595207742
0.0619093061781
0.0363852380578
0.0
0.0152470337443
14.8259766552
37.1407206203
13.7439189946
18.6337603355
16.2422158805
0.0122583159857
0.012387079856
0.00893666187688
239.218716191
13.6430516657
66.1136013101
0.029662755017
0.0345323149945
0.0234419427073
13.9996295261
19.6435292499
0.0
15.138872591
136.083822738
12.9510953789
42.2594851923
17.8982009903
39.2588408542
34.7612635046
81.3183266767
0.0
0.0
0.00231804811768
0.00351485802169
61.4853258433
18.7905509426
0.0136049318904
20.4731824522
15.8201917643
0.0203567484231
13.1708998938
16.3303637135
0.0706344063204
32.0035330265
21.5238683706
0.0327833497512
332.432049409
0.0461412343192
15.9524800776
16.1339598842
182.267238553
74.6143237822
0.0712526507928
0.0914415901206
28.9411460688
0.140605603052
33.213906284
0.124135927292
229.668628664
33.4133964327
35.4152380851
66.5055755195
28.4013956469
116.332614369
0.182657983802
0.284021149443
18.0561114638
13.1934244708
33.9514664895
0.136168481002
13.7515637759
0.110099386226
127.999688948
0.0772776605082
81.779652655
16.4366383863
0.071210129139
13.4779309301
0.047993825866
0.0535824337501
14.675546603
0.0519770928538
93.8506249536
0.0270883122462
78.68898892
420.514129923
0.0393212923637
15.1635062514
84.7712145734
66.2391476942
53.8591595093
98.9359357557
0.0207930287196
208.291451043
0.0223645135818
25.6729540093
0.0594879791337
484.532906953
0.0482486372824
0.0419346457932
63.5609546547
67.1363273102
91.6645588256
13.6961207959
0.0340944030815
66.8440729649
0.0334372254162
0.0642779332605
65.9189095324
0.124737753382
17.0635589899
15.7057046809
37.3615376569
31.9055876074
52.1741932081
17.9615379543
35.7159267976
16.5451396491
0.0931774639379
0.0832633758836
17.5137639699
108.744978149
38.8915980434
0.0814004588158
50.5915449244
14.7014192954
16.5832011716
0.0345076072295
14.6153298884
17.4406372869
16.9385029277
17.0356770521
0.0564011903057
33.0495851331
0.10118027262
0.108207444
31.8733170785
0.100954945693
30.8180858239
44.72341881
17.8514678731
0.311635553698
13.8707353991
0.130445918576
19.3086854331
20.7105526839
0.0867760953102
0.122309432588
0.0955239258592
20.5198716731
0.143659447785
22.1259118774
15.44688169
47.1131794964
16.8058690596
15.2509332515
34.4724483381
40.7789450994
14.6174439318
99.1279485504
12.9655806513
38.3171446528
66.1214540913
34.7238176917
57.3244679427
0.17188816247
0.087411952525
42.3309254216
0.116139328756
18.4646082176
14.7002348687
225.61906027
180.166950838
157.211238354
0.0406501824642
13.3509954968
0.0429091097916
60.1678499836
101.111707044
0.022469624504
50.6367840008
0.019393296889
15.0013201927
0.138807309005
0.144818316272
115.068699237
0.329636521492
0.327626630413
0.34002326261
0.310848846548
41.8934668636
27.9456736776
67.7976808795
56.5807351121
136.859925299
110.174924774
73.5237034962
108.411514919
92.2053466991
46.0631593905
89.9698375104
0.144094414501
0.131464513353
0.169401124149
0.197240987613
0.030614995178
0.0351795345059
13.2937291768
14.7277019554
19.3736092247
22.3810962577
36.6129629425
47.2202818914
0.0319964822923
17.5292046037
17.7904214902
174.42562239
0.09653974638
32.8952455305
66.230433913
352.954855511
0.218929492269
67.5638337016
60.8858525388
43.1115143996
0.149117218834
61.4872425407
85.4613977644
35.7531221877
55.3245353424
77.0174725886
0.0438064495866
0.0464684593814
42.8639124026
13.7122241179
42.408876565
473.024502801
81.7586085125
122.728913787
146.597820019
113.618816761
94.8568755388
103.317245172
102.840201072
25.5148807889
0.0308418723231
0.0283976998814
64.3169627966
27.2453691371
14.1885023119
0.0302298986266
0.0267171825644
15.1837606518
177.981381264
66.7148368127
70.113596111
76.1548525788
14.8648983373
21.3217541377
37.8906664797
36.8015564647
17.1560785693
17.0373663172
13.7001675277
0.131236463528
0.0782791367476
14.3818384673
0.0489088642056
277.026945438
15.9100942236
26.4193803655
86.017206856
121.684332112
48.3969843623
94.8128101843
78.0715518234
20.7527710819
116.02000696
19.1889636104
19.7160717883
13.6605668512
0.0203999463956
716.337291442
90.099984279
0.022265220293
13.3157449802
0.0302615394562
22.9158341646
0.0498159665315
0.123382860252
14.45401514
0.0666588631073
51.1198289463
221.202395508
0.0569715497235
80.0658230506
332.173600758
19.8288292911
72.4298760861
102.807448197
206.162710636
30.6583959019
137.26565669
151.301255774
89.4226480788
1.12269287091
24.908949818
23.3723223425
24.2350295232
33.9421616214
25.6373497065
1.61845145608
1.21653328785
9.97415306635
2.60908091251
2.79464374492
38.3514595856
1.12150960387
30.7750202005
28.2427391909
54.6497626366
38.8377868316
60.8882248383
36.1860983337
1.47052653972
122.200001142
96.6510916672
26.766739864
28.6983833267
5.56040019301
35.6099883697
29.9202792902
2.26121130633
33.1477589208
3.1988546482
3.30400161258
1.44520706077
16.0336189884
1.52792891014
67.7698186728
38.7514179491
99.7046261933
6.07325780442
59.6414292317
103.62615404
23.2699300955
28.596655937
32.4838864049
22.7373131891
23.4818932257
24.8440677037
40.3651023166
5.75620658216
69.2907070422
70.4510833853
37.6869040678
80.058701079
78.8759917828
112.619114384
79.9230712324
133.879509926
128.555295995
62.1549465594
83.2889978866
64.8545216637
74.4890287475
5.0349075757
21.2309389114
45.0363179425
29.1891555099
2.38454812606
25.5261321076
1.95460962038
2.31643671344
2.44538237874
3.390681745
3.36481131679
45.5010977775
27.2684214561
31.8910852218
12.1035441396
27.9267842395
26.3817971785
27.5233827457
9.67482721926
68.9356392695
36.1074631028
12.4542491814
55.3399100617
9.77897805982
3.64020108269
11.4357161172
16.8244898159
62.3059777849
51.8216239649
16.3261240758
22.2134730301
0.901668346512
0.702891590429
0.886496279704
0.655396015796
3.13574800542
1.31882726451
17.3069961456
0.704321758051
4.14528463495
18.3069126944
79.3361348032
73.612891258
53.9645757414
33.377487692
0.362199138512
0.119427212517
0.0
0.0
0.0
0.0
0.0
0.0
0.0
0.0
0.0
0.0
0.0
0.0
0.0
0.0
0.0
0.0
0.0
0.0
0.0
0.0
0.0
0.0
0.0
0.0
0.0
0.0
0.0
0.0
0.0
0.0
0.0
0.0
0.0
0.0
0.0
71.2618585105
0.0
0.0
0.0
0.0
0.0
0.0
0.0
157.432417352
341.475507968
548.143962749
729.032486891
373.633296791
1752.20457357
488.735517432
51.7948527804
1753.83770479
54.9946622826
158.715089741
19.8728925037
43.3942949333
31.2669729798
1.92538627808
2.15284808693
1.38728199782
1.63055018219
0.940949129231
113.293520999
24.307334815
1.36766294188
17.307955622
3.13596957073
2.10718126398
685.284472684
1432.39866515
2065.16485022
3.2482519514
74.6731363444
23.6176749875
2.88080144812
2.14740218068
1.29128046375
71.0910145586
21.0504937338
18.1560479518
16.6409015496
1.00980624273
1.00075353215
3.46937168749
1.76576370402
4.43226317226
3.43642317463
38.2432447722
1550.3336895
47.116699006
205.310596824
24.439969545
41.9138417206
9.72397172082
75.5193649846
4.38808222384
4.39035354003
4.95363246106
3.41691286602
84.8505938444
22.7731491258
0.96804553549
3.1266021139
3.31730320588
138.878056814
260.521347423
232.551270495
1840.04056296
78.4401537285
1.34875537712
121.947356939
42.2293884429
89.174958919
63.2123508247
63.3515538428
19.6037367622
26.6567467717
136.797646831
51.3949316939
1.13838852944
9.23482982533
1.03770954611
1.54140167592
3.62397258838
521.230779158
125.399255199
151.83072873
24.338156381
30.318517986
45.1763847955
4.46343823471
257.827124348
80.7319907349
58.9655544191
17.589911548
66.78689326
24.9484784175
3.28397504512
17.4898990568
18.0860099046
4.93184434567
4.41681770568
23.1385065768
3.20847860156
251.192274175
1.92466116683
49.4638694022
18.9208192694
91.2936265321
17.0063022239
25.7714430972
3.52741708058
8.21105102973
43.6868527876
48.9409129862
51.5589699616
10.6125513207
7.96117428548
87.3062733492
50.6211034983
5.68555855355
43.6598053957
15.4113258156
76.954270071
5.27150231707
109.585808507
47.8400576984
62.0024358211
94.7335703023
25.7772064965
40.1826934988
46.3837847759
30.8002727221
24.6442787434
58.9595484152
68.5415148872
73.8996022992
7.61978989696
39.6890478068
49.6417642634
55.9367475379
78.1184008433
23.2476174181
18.8982435099
22.1622373345
1.1930574756
22.1248014985
61.6565376354
44.6884333555
47.9254045806
52.4946267724
25.9202371077
28.469245737
97.9185540745
31.2454548049
48.9800723054
8.04331539805
40.6480694014
58.1335238513
19.3117565214
20.1210046505
5.44604571334
44.1439951188
40.8368072581
258.079302039
67.1852994609
58.7862278219
20.1011171618
7.19536604378
28.7274593292
7.34836802997
15.6463182756
12.0387113022
131.508140528
125.411168419
23.030062355
4.1556673001
52.0905642589
147.190039974
3.75030023674
116.428904504
150.141966738
52.1304315852
51.1271040947
5.10641055511
2.4432992584
38.4271817933
1.59878676254
1.68360400177
8.86675078239
336.888483824
7.49750911773
42.5861119983
34.9941698518
262.054684566
1.5771590923
30.137691083
23.2184842756
29.4931499787
49.7636664636
9.67867372127
6.28548582166
11.1946412258
198.278103818
13.053410383
28.7607511668
87.0080233818
29.1905998051
21.8569126034
36.6155541515
131.661358472
89.5605344416
19.7131266701
129.782893504
3.07289027568
7.85020328193
24.2334230526
23.0687793003
61.9405402222
170.591497337
206.765131684
233.693504196
110.990315787
44.6929532664
157.084461709
218.904025925
8.31704347213
68.1596876096
51.9530320295
6.47979281343
12.192218989
51.6061362838
37.6376686645
11.3893147347
31.5971660465
8.52278372545
31.2049207367
22.3307807281
180.849887883
127.503632949
11.6278495971
26.1354423247
8.42705233412
30.5491598376
11.9475768992
17.6100860265
178.695976488
25.4962123879
20.6853774498
25.4121853191
22.8899381514
62.4939203106
2.36764326593
19.5210770059
45.9846278784
27.2664502398
19.6345511833
43.5385990453
3.15778284712
10.2852771176
49.4362859198
29.8212010882
83.3422419816
149.078568614
29.0012685379
28.9311703873
37.1683543908
25.8726401418
16.2756446982
100.99547614
41.3579468981
56.6373060564
23.8869231299
25.1931734445
7.07903602039
56.546047713
17.5146024437
21.2999398586
128.355605368
94.530070188
7.05532427601
60.2273817645
63.5786133718
26.4599102684
46.8359633771
82.807973171
63.7110695412
30.2540872807
62.87477485
97.0877288964
7.40106488792
48.0625731859
24.1712894284
36.590124331
45.7087010842
28.0606568807
162.623420326
370.557849895
273.14521218
414.892790796
346.446761499
272.916313379
215.950505341
293.133122448
217.74553524
128.115105997
198.382562787
152.383281479
32.6986650563
48.7323150961
87.3226478944
275.834032052
124.831067124
55.3230875685
61.7566684662
25.0879048373
44.0843610943
44.3064111071
19.7166205201
96.2415384069
173.103246041
91.8539483227
3.1940902314
18.0646272606
19.1700830385
153.055508887
24.6228673013
60.1062579877
38.0517589018
257.538669592
115.259123732
137.995009198
30.8854721291
75.2556386597
98.3322340345
72.6199612371
44.7131648737
117.499177723
131.126291488
23.8467749899
87.0087739178
59.0795257446
11.4434585939
16.5389351846
6.79078079841
28.8607817547
6.04383986974
199.811502576
4.79840016571
13.9444567244
15.499961893
160.207529899
5.18001386233
148.842340726
81.8915288751
146.114347026
130.800228146
21.7243222959
9.43808927865
172.303930071
64.9582420136
40.2466520675
27.7370251553
25.1446871297
80.4620132099
35.1244547079
11.9432795062
133.716374072
64.2396465818
10.0287428817
156.537238295
156.35003895
127.782131227
97.1205224162
152.009332898
35.8363398965
43.4981446452
105.664959456
35.8358549871
147.342708387
220.401930151
57.4686404918
270.463215664
45.7056669983
197.86383684
24.8773741058
35.2215393519
76.1441901112
28.5987720753
46.1838183366
54.0324599617
21.2712417656
125.596283716
11.1880912169
9.48377457021
9.93315258772
22.1088799749
61.5628165718
109.471777642
160.109813742
53.2456494878
92.0975233396
144.34874388
271.687343006
93.6672511937
346.473218404
313.533808716
13.9580190314
14.6852216547
124.499670322
131.915702182
28.4614166293
14.0112155788
61.2958787565
29.138655137
13.4080356777
12.0525915321
5.46680089547
23.2452477563
30.7465438213
71.5453925584
125.1889902
32.9244167499
74.3316872129
46.9131645353
438.578565936
135.291176893
27.1973712109
42.5052765539
37.8547154888
74.3223645312
272.819098811
150.435329268
53.7030120944
19.6103443615
57.1689908986
106.377102327
31.4189702083
36.9807004403
127.198478705
96.709397073
249.190175203
80.0262004564
118.825421459
8.85228639117
43.7536434893
227.904509375
100.673338143
78.4669423976
39.2069748592
88.1265803897
155.222765423
205.398375871
66.3632079511
54.2468704388
48.9290242331
40.0618984252
56.1590443266
301.595390167
20.5398301299
141.963146853
139.398298447
46.2006268581
15.8848806667
58.0342094872
54.5796726035
36.6642833417
114.213192392
133.103708056
57.7679652795
43.0880946878
19.6115437435
43.6430371515
33.3162995259
11.3797148484
24.6367218178
12.8842820136
69.4852371682
62.6572766333
162.374612665
81.6563501355
44.7864046774
50.5940448405
272.245982465
67.4109786485
132.663453351
31.0064000323
65.2949274253
62.7325792807
55.4057146765
286.820414922
115.786063698
104.147850021
73.1299033844
193.736290697
62.8405149737
107.329455015
61.2657842894
83.6626542787
74.3462511678
87.6956194142
37.2078604079
107.900983669
70.5345454076
237.526533649
45.1508333616
353.725558608
42.0447874417
23.2782463966
17.1897241715
68.4589660305
39.745833694
46.8462868594
66.049245937
25.6936540332
71.5875035467
144.560898149
231.082172986
58.4348117883
73.2660169631
38.6331631614
60.0081004023
60.7465948511
51.6685973411
22.6786355199
46.1580365462
175.197833802
51.6442458168
27.0238777704
46.7134019196
53.9088238531
39.882684347
141.883027554
15.4925082304
431.683276817
11.2612576754
47.2238357498
19.0482719729
163.185289315
34.826050531
106.935884215
174.092877621
77.0174630479
49.3271209799
37.8873289227
20.3032528351
40.2224850646
69.7913889982
76.5027382974
201.315379633
97.8477823989
133.514196997
382.927625904
83.4650095128
559.919506699
40.0881434609
32.1917801809
54.6021505492
36.2722398006
239.128162367
108.771088384
264.020424591
168.921420422
14.4341416257
17.9057397285
93.3754274908
25.2088486527
18.698095569
106.384930548
39.426834826
361.108652952
94.7975309328
115.983900191
247.601623076
85.4589905013
78.4854536775
164.084593871
320.736284604
64.1438692356
641.137793333
76.6119161553
35.6622909582
144.29653756
10.1558936652
190.805385679
33.6797955825
20.7530796017
158.07382002
60.8624121355
17.7958206208
17.1589163034
69.3367521998
19.9899492532
432.226591342
76.8750604453
171.468027933
121.839574076
72.5963328048
41.1751005838
32.1716601794
235.984198347
38.7226105162
88.2878839614
433.364582665
57.6777815475
41.969589077
198.090391107
223.479817972
50.040517181
79.5820965605
42.7540869083
168.356904008
85.0951671431
29.6915517534
27.1053192799
66.441538687
150.290232033
79.9791248299
105.299396331
65.3144084488
77.8425417716
39.8718794359
19.6569723778
102.444239017
78.491352484
23.9365437873
23.1569597354
16.7407162533
129.912094379
44.6150497284
115.516901085
399.916879437
50.8563390356
202.012195464
200.158103784
179.505088038
184.53418604
33.9159781477
105.082062311
103.065642452
31.0814593914
62.1146590398
27.3039966297
15.5807326605
46.0221524193
202.827610889
32.0188271021
66.7443040431
29.4146215552
67.2560334447
77.3995471738
3.31408590814
3.88476659243
51.6489397178
6.27811349746
11.5614409317
24.7114422248
27.8496854147
0.0
24.3707755918
49.4408114376
76.4235118184
21.0717822222
14.3029543598
9.62294656523
14.8457455657
2.71695825364
1.08050963791
0.0
0.0
0.0
0.0
0.0
0.0
0.0
0.0
0.0
0.0
24.2577706928
49.9761802717
45.1803651775
6.16249203278
0.0
5.64840641243
132.755276356
229.999807563
25.4689200286
16.3388006063
52.4640413777
26.3743892583
0.0
0.0
0.0
0.0
0.0
41.7304224658
152.70034559
165.243298532
69.1090902891
27.6891693353
14.3475024008
8.49741286664
117.247214192
72.3868179659
80.6749882691
46.9606866256
33.5773171461
43.3555218839
10.9998706972
9.98744403299
26.8273786359
2.18451659697
0.0
0.0
18.2195975372
105.472482526
46.6901012886
84.0231098684
63.9782220924
24.8582992282
10.2929491468
49.183764157
77.1864367227
15.0488995418
4.0640743648
45.2640908599
174.82924768
133.022824745
4.41968609241
0.0
0.0
0.0
0.0
12.0667175928
0.0
9.52387168591
17.3208085767
10.3167909249
8.09415665892
62.396017892
24.7287536711
58.7559962047
57.3657756803
19.2545198887
38.4709209989
67.8300452477
7.70803982864
106.651161095
27.5243393154
14.9063302726
67.2249577034
69.9619415594
84.5136134965
156.597926714
134.463812961
127.457515371
91.6209306369
51.5280212341
38.9224825468
57.9149027167
60.984473042
19.8185646196
21.1197248872
16.7508209543
13.057220981
22.6316001978
117.718651453
32.8849392754
10.3599222756
36.1626243427
0.0
20.4699571765
51.1501135281
142.53826408
31.2996871097
39.3410333238
58.3273186125
67.5634233906
43.7815023483
41.431611415
45.2558932027
44.6996037854
38.2712074219
52.3078005763
58.9156719154
39.5785698824
24.7257625892
14.2069228391
0.0
17.549950088
72.8820777323
52.8359665777
75.1952591457
55.0127706258
20.1806792608
44.5996189662
51.1658040635
49.640987558
40.5090594372
39.2451568107
58.8274589282
53.3206263958
72.8250367182
180.720565638
22.9262787412
12.0675403351
53.8373033018
41.9882639158
10.8633098387
66.0918775834
66.9754294507
66.4974236789
48.9229230206
26.6877454707
59.6949518342
27.6676023571
54.9129107789
45.2035780327
34.6848315589
60.3461955711
38.8196499057
34.4197757429
17.3119726916
4.85447030585
2.21089291135
3.26768828724
42.7509407561
34.1337838457
45.7664703734
38.6836180763
12.5422542155
41.5345414084
18.1137553004
17.6080214939
14.4632246937
19.1372208943
36.153223782
59.9351524876
45.9193602881
48.5933304487
11.1866465696
8.27340918721
3.03781583912
3.47009669784
10.9999072801
171.359330872
31.226021956
70.2225463593
33.4957215184
34.0738255741
14.9837042748
9.14993220946
9.35641798384
0.0
14.9883925886
10.9114901999
53.271831888
36.3480607781
34.8338352521
46.2806574503
0.0
0.0
0.0
79.6976844809
54.9463968749
24.1994195046
39.7075606264
37.7412885148
26.7177419189
14.8177009217
11.2647736009
17.462402349
146.688540643
122.292953344
18.8583885301
27.212411199
23.0005551111
58.9101481666
26.2935755309
145.093326011
101.070558758
35.6125058019
28.9363712638
22.5994655805
10.8006381007
3.17575495931
27.571553027
8.29416518869
0.0
0.0
10.8023321819
16.292433122
4.39478934427
4.59100256213
8.82634337725
0.0
0.0
0.0
30.4368160112
61.3617604302
34.755096417
83.0546285433
79.0349140941
13.1630331043
17.7625709785
8.06947255236
10.2174926989
23.7771756867
19.4339683047
14.9775884584
15.7873426378
32.0176360198
24.6815766203
27.4949346694
157.098242728
73.6568083251
81.793866664
56.9925461412
28.4072101274
58.2984017413
97.8457624299
112.084702953
24.657318588
95.5538637586
37.8259713614
16.0049965387
44.3275872355
42.2172479325
18.3566934942
105.055036025
9.56059191968
95.1854827876
17.0852916247
13.2984431263
13.9594824757
0.0
27.217360738
7.95344997458
16.3507063223
35.2179258859
24.9526562359
67.8979806961
11.589447214
56.310872599
44.634951755
38.8091953427
89.9351700874
40.6105720455
71.4538702108
32.331340138
21.3295587619
11.5705596362
11.0184457252
51.091020034
0.0
28.4707220919
9.15356136378
46.2104646243
43.7822595908
20.4802164913
29.8700281061
54.1424822858
31.5864962656
23.6891210773
72.6633628194
64.9790122721
19.8082397244
17.0558718736
56.9325251885
0.0
0.0
0.0
0.0
50.2505666462
17.6868519501
94.7839633751
51.7849359248
38.464933466
11.6098035633
12.7467655164
4.1051132757
1.89560075889
12.0990033736
6.22187805019
72.610248401
17.3764231318
29.6929798486
24.9077515604
9.47154313378
5.88813908608
9.70208765225
75.9602250358
35.1743237633
68.4291917567
17.3370084904
16.9151443703
26.526602175
13.1613254392
5.35576343428
0.0
34.8310902911
36.435091405
22.1571988577
56.1948660652
23.8181423297
25.9966094896
49.0911644488
53.274967734
10.322018653
0.0
3.22838045502
16.8329138129
46.7686260392
46.8638497231
22.679468349
22.6869836732
31.1988195999
39.0567973758
46.8388497052
51.6980536665
165.667817529
166.930375347
23.1649529287
16.7324082709
24.0706779649
11.3246927865
10.0262889189
25.5893082509
16.6185284271
25.6216202251
21.045032552
18.0058620482
15.1199356761
17.4942759754
35.594810769
14.792584409
5.79393341458
119.483136993
146.29816418
143.377941182
67.5491833143
102.567820065
27.2397703563
10.5855001636
43.0694011083
19.8795043211
18.152596559
15.1785851979
46.6398828792
8.92001663472
141.541450141
44.4742460992
17.3819139847
4.77653280229
7.18750780523
9.28772846637
16.5454856101
45.9835235253
36.1258393916
34.5547411388
13.31555965
21.5122949529
11.4278239911
157.602575597
56.7736129288
57.5712997258
110.10440138
90.9598722332
107.933938916
58.0323493171
2.93821018703
105.277539344
60.9537691515
24.836656406
13.0017361154
54.7471553118
44.0303147072
23.6638289196
24.6004496406
46.2474557905
34.8244373194
163.860538604
30.5579637937
56.152570635
26.65704166
14.8056242822
46.5619250025
12.2758102412
6.63012611191
13.2681424552
12.7355741466
54.2072799897
41.500788044
74.0268093982
59.7768945087
36.03182624
92.1037631522
63.7234329731
44.0534164194
166.782603858
129.556694811
73.4155040318
30.6370645189
7.62120334488
29.229074941
13.0408674706
4.95884667203
7.11802280755
39.3042190368
61.9629066642
22.5506683866
26.0959453264
147.646871744
52.1171781277
51.1578838014
71.775621045
70.5361804398
94.7550631721
18.0343916693
50.0285973374
30.3484322751
26.7566794903
16.5753748676
107.770644191
63.8847040974
35.6421659549
246.457272972
142.281227969
198.182585357
187.30166735
0.0
0.0
0.0
0.0
0.0
21.5183536801
7.33772778209
0.0
0.0
0.0
10.1982389836
13.7032435839
9.24791007563
19.4577621266
0.0
9.10192930688
10.192762902
30.1649338239
42.6799952386
68.5766225345
32.1635630168
32.7031497705
12.1374991178
11.5810335119
14.4632149047
6.4183944561
0.0352233871811
16.9635291375
254.166160947
113.358006193
144.312663403
151.348549651
156.203280437
120.10243339
123.263647859
111.934428637
61.3950608509
0.0050886257163
0.00559326372116
177.295670617
117.714967365
137.181495019
123.620655087
143.119054079
92.3880140318
79.7880967587
121.572577072
6.98415350841
9.97716603387
0.0305664538214
0.034394222929
7.0079504819
0.0511990569298
8.314106244
169.412758414
0.0382367480197
0.0423054241027
6.75707684638
40.2589218976
9.08468452774
0.0199731899431
0.0160886646002
84.3239959098
112.63336973
0.0151987913671
23.3434761053
81.9066908166
9.35078551828
57.5660063688
0.0181195581722
115.306692751
0.0468963729475
8.63965348553
39.0653612283
65.1297600833
0.0448672780127
10.1588151346
0.0466787948912
38.5707159732
0.0468165592774
0.0753507918952
0.0643521633607
34.1040624806
38.9766458942
0.0434914185718
51.0625934177
6.24000534077
82.7976768631
0.0
0.0
0.0
0.0
0.0
0.0
0.0
0.0
67.7313194018
0.0
14.6978308755
60.8188678128
23.8525684525
6.27488333085
0.021936488953
6.19649729881
27.6316616649
0.0037574807602
0.00204663196557
9.16083456777
27.6176457424
26.6454992799
103.436403834
74.049994875
38.6424215777
20.6389876153
0.00898302607363
0.0
8.80695221431
40.5919319183
43.591741218
85.4323227756
65.4068634136
48.1113068267
59.5255143453
59.0162612303
39.0612397609
14.7470179775
0.00331158482193
12.7888724296
0.0
0.0
0.0
0.0
0.0
6.56368096814
27.4648306143
33.6398121449
61.1705917629
37.1220404734
0.00929637119264
22.1133488455
10.1845632198
8.97123908134
40.660657654
8.3206991841
0.00853004211406
9.12225991416
43.328564126
30.6575914897
46.6477995445
6.94144535097
12.0252797641
30.0021411651
0.0179064996222
32.0282245779
51.5745459382
23.815327389
34.9425230009
23.6629162654
70.8540382391
6.38537910062
22.4126984329
25.1631850542
0.0158961497322
39.7744870239
0.0106701617446
7.03690802033
0.0
0.0
11.8210652332
12.3862485714
0.0
22.5456861805
17.6778310881
31.527363779
0.0305154799991
12.3036362851
0.0182749272382
0.0292356410001
0.0351942488443
9.91119622711
6.27308016414
0.0211362318374
12.9053010737
6.32828904306
0.0
0.0
0.0
0.0
0.0
0.0
0.0
0.0
0.0
0.0
15.6793757919
0.0
0.0
0.0
6.91171976381
12.4138575938
0.0
0.0
0.0
0.0
0.0
0.0
0.0
0.0
8.46963733717
19.7364003281
29.9510757457
11.1167164567
44.3452423893
161.386526704
7.19808914292
21.3642525579
0.0
88.969076131
49.7941542276
10.521512674
7.19646673528
7.30279617828
0.0
0.0
0.0
8.01456019246
77.3495230857
8.84741785436
0.0
56.8801463967
59.4693329362
7.26830388344
0.0
79.0545110302
165.891532736
0.0
8.2535605008
20.0164686127
7.07631943169
0.0172366429636
84.3831146084
81.8585873109
0.00886376999164
17.2712472498
10.8563745625
22.8536536921
9.52467249835
19.4965722241
15.8403268135
23.5707030544
12.1833857874
39.4959613716
18.7018375321
18.2376101704
27.5458294055
36.1770776782
30.1600526958
15.3291005167
40.6364600506
21.9494310306
20.628189121
19.3313111476
14.6085315827
0.290648770156
0.28386015742
0.290308234953
0.119445866019
17.317557062
0.135235774072
0.0598308713345
12.5088754289
12.722508159
0.136806894098
0.117793311543
0.215294299937
0.275829826236
0.258281782219
7.42837709153
0.108552671763
11.5159299906
12.8737883208
20.0410851349
0.0651569313385
11.892843798
0.182464515443
0.181823543533
0.16446809091
0.205162536825
0.21418891131
0.0204139199702
0.0152823159402
12.2944983652
22.0950094234
21.5807590776
22.3809053384
8.8703634782
0.0212395310351
0.0118870786362
0.0331747504184
0.0547063077042
7.52306423925
0.0524948683087
17.5568134834
0.042362137188
38.3395933348
7.14323613115
11.5807131008
22.5034733178
15.6364434809
0.0803240203078
0.0757667595432
0.0494206400909
0.0470980293907
0.0683914388651
0.118030657865
0.104740524927
0.136669037756
8.55052430717
15.2676285015
0.0165626159165
0.0117045972433
0.0171167677033
0.0107368401073
0.0108960370042
0.0109893033887
0.0135693598896
0.0135813569062
0.0133635250787
9.52016788023
0.0640398698496
0.107328867885
0.109491890107
17.4463818504
0.0730776632229
0.0530599631477
0.0313852627652
0.0370822249437
0.0715155386681
0.0802203411255
0.09175314985
0.0338991316462
7.10086337256
0.0399875670331
0.139722907449
20.5687302747
13.4753243704
0.0693287812422
0.106938318762
0.114699334378
0.0781497016787
0.0804776748548
0.0571663298844
0.0604665483885
0.0373442526408
0.0333198887218
0.0411140617432
10.0668793392
0.0786404586995
0.101096044279
0.132670115161
0.140726985466
6.55719711245
0.159914702961
0.166935704343
0.13475307941
21.3673186731
654.360788321
0.11753590052
479.884420673
6.2713007406
0.0959399793655
0.0720638478511
0.0636129994966
6.98815301966
26.5384576791
28.4761814838
28.1366026228
15.0804637709
12.9511285201
12.0634295257
12.429114543
10.608597857
0.113110672411
14.0366530701
10.3078893024
21.5633974882
21.8644970341
20.820378416
12.9648627218
0.55246387692
0.258658101065
48.658494972
15.7165616661
0.152521149719
64.3124940573
33.7777414868
0.0
0.02196732673
0.0189889167635
0.0192079543561
15.0121403349
19.7464026402
9.1676975767
16.2843835066
15.6942557126
0.110311377895
0.112017123765
0.217149124109
0.21373446557
0.217160973378
0.22730156834
6.70952445843
0.230718782963
0.229839214732
0.247333044453
29.7686105567
7.80051096465
0.257086258204
21.3511861267
11.9866016198
7.28519797859
0.187152179987
0.249202733431
0.230432810584
7.47320082622
0.169322293709
10.2280106477
10.5719080091
12.9688495066
20.243773039
0.159106482406
0.148248243621
11.3743960686
10.2854494915
9.72002450959
0.123721053474
0.0960844778641
0.0876193198108
19.1596694133
23.8621253462
24.4478710984
25.3515420338
25.511182649
19.8143731171
10.9704036584
0.130316320215
0.135296278541
0.145607027892
0.136325570364
0.139075982444
0.142028226626
0.146097748228
24.8788100537
0.285403354067
20.1968612453
12.6704828974
9.23392949005
6.70062431728
1589.47645813
1841.83243496
1198.62624666
0.121492803209
0.288360569452
0.226556861656
0.16284659473
0.175851895095
0.184157887887
6.75928147144
0.0981981158606
0.083745130401
0.0922550222658
0.0871622309978
0.0716029446256
0.0681257369639
9.0375589127
0.140080174552
10.4693499499
0.128001173325
0.18445079605
0.094809002746
0.147915466674
0.155292073288
36.9101084808
26.4871678454
15.9540486222
19.4964604164
12.5654727624
20.1979480157
12.0050648631
0.182896938997
0.174492014745
0.192548050465
0.234908525766
6.30253915361
0.150249091671
0.0476309795877
0.0567274847176
0.0387823306611
39.6436631494
7.60570581015
11.2767916474
22.1337348054
13.6523140062
9.92720987484
0.0881167494817
0.104609892039
0.0221788943278
0.0388175305296
0.0482331415342
0.182097154031
0.217582430843
7.648117736
0.181005755225
0.142401062545
0.127797630901
0.122706997367
10.7170097833
0.10065623037
11.498025568
19.5375319682
12.4732089335
0.0899459890194
0.104515747601
11.4333642003
0.0822337570498
0.104843417951
0.279649463657
0.482420297856
0.508733596805
0.182679416054
7.47096139188
0.198159020709
9.82353875431
0.108920211884
9.58970160851
0.148022093224
21.4057994639
23.7940979195
0.246866457025
8.01583961155
17.3485778945
8.54374898432
55.6316961664
29.2369391985
6.95855742473
0.14593704819
6.67785398944
6.70072950941
11.0425387696
8.97095710214
0.0337862694648
9.6736005118
0.244150260237
38.1614986365
0.0562704033327
25.1206556593
31.4048030811
27.80502817
38.756423022
0.309935446981
35.8462327486
9.78975920777
0.334519581436
33.6703142541
0.339572672431
8.87400662334
23.7553504788
11.3898108397
0.0990874735949
7.06664021392
0.146545755538
21.7859209585
6.55197222118
12.0799185597
17.6687403531
11.0540430221
11.0312081222
0.0623301865317
9.87162170151
47.016951001
22.5694364203
9.51828504026
23.0440156593
33.0387267014
13.37753515
9.29465601051
0.00366779014264
1977.24907226
0.0104343330486
0.00398748297151
0.00813379799326
0.0194806787332
0.0260175062069
10.1016746514
61.0088665869
0.0638741340362
23.0953993035
20.5905874516
20.6278192933
0.0315887311312
0.0722417599135
0.0613675919403
0.0598035994564
0.0362596495568
22.6050536724
24.0367607216
15.8228985742
29.3680584448
50.2075504744
24.735402788
34.2212410981
30.233303737
8.12428946166
0.035240873619
7.96956147227
13.1152351899
11.6839553612
12.6128158095
27.5155073465
0.012992271034
0.0135702222111
0.0137919128909
0.0620830472377
21.09896814
0.0606310509361
38.0028966806
6.16904269711
53.1681953509
0.0594162269478
35.2571403741
31.7270184599
0.0460457763262
7.99413578605
39.0481134685
0.0576787622652
6.75830847826
0.034753825699
21.668420022
23.6053254325
23.1712032674
24.2355760187
11.8389203417
10.1068024805
11.8346007194
11.9335029499
11.3423093819
0.0685170096427
10.7990771713
0.0587626161727
0.0581276067092
0.036843136452
0.0701391405487
0.0755826207298
21.1540842934
0.104997706503
0.129577624754
0.128154788167
11.7567377652
24.5303750192
6.61844929194
0.0673994117905
0.0454014170685
7.04980851595
12.6529303965
0.0651117886997
11.1002405084
0.0610371541819
0.0489359734945
22.778994948
0.0568894762252
0.0427622880456
0.0406318981371
0.0209088039342
0.0171213850143
0.0180310336993
0.0221826770322
8.75939450205
0.0459363518674
32.5411541057
6.76511480089
10.4929571702
50.1042612417
36.4708521788
24.4833888193
30.1363627295
30.7288171648
25.7273531383
19.6213689638
17.1563518033
44.9694677779
55.1572854623
7.18189795915
0.0186270911547
12.1816840269
8.23883850427
0.019791124646
0.0317252328096
0.0428613338458
0.0583023018332
20.6120288206
77.5476105183
18.7488699877
12.7766582647
17.7909669309
37.6009749176
19.5195520934
7.48639938026
27.0181357834
30.8440404374
38.0744414059
6.5299232173
0.364914881655
0.293647628066
0.114146698902
21.0463837921
0.14231602077
0.191321863053
0.235584203439
0.536284670097
6.75573973628
38.7454042082
1003.12930295
0.0810193480288
0.0873712468522
0.0541703382634
8.24275735767
13.7167784158
65.763932428
12.4641399222
27.5995299652
6.96128028913
30.5768059976
7.98578917067
10.3112669173
0.0442482969608
33.4250097754
0.0309731072241
0.0634083295472
15.2924313486
30.1627043476
37.6441660399
25.6554265363
37.8436302775
25.9000468604
29.9031483439
0.173143702609
22.9941488775
25.0710611422
9.78223531359
0.289980275887
12.1153233469
22.1498905432
6.41129785539
6.85338859463
20.9730660233
0.0761921720017
10.7815870715
25.500662755
0.174256319422
6.66299362415
0.17357489213
9.32218219314
7.41585841226
9.45321196746
8.01433065909
0.0241240272078
0.0204035424974
0.0160427998419
0.0173519573869
0.0163168257896
15.1965341731
0.0726981894592
6.28147670891
0.0316040948354
37.3889895938
41.5825195174
13.1397879739
32.9584444556
24.5114262964
0.0
