0.0
0.0
0.0
0.0
0.0
0.0
0.0
0.0
0.0
0.0
0.0
0.0
0.0
0.0
0.0
0.0
0.0
0.0
0.0
0.0
0.0
0.0
0.0
0.0
0.0
0.0
0.0
0.0
0.0
0.0
0.0
0.0
0.0
0.0
0.0
0.0
0.0
0.0
6.46033261824
0.0
7.0623317404
0.0
4.88174484666
6.74862486608
0.0
4.22678864624
4.29576937456
5.16254964252
5.48037403945
4.98371366469
14.0693508293
8.15488738685
0.00486552896747
10.269851573
5.31342828348
0.0059493164728
4.86093825863
0.00704860717369
0.00989458726146
14.1310853025
0.00461592909357
6.58050045004
0.00276362864004
15.5512898209
4.54849549609
0.000835573915127
6.31923245571
13.1825548943
16.3440036597
7.18403975164
13.0853280159
11.7638243234
4.02802622819
12.3247961874
15.1631693711
6.97101827953
14.0508896096
10.9130123322
10.7108266042
19.2721423706
9.59638032089
12.9612140299
12.3147017935
0.0131020428448
5.36354297526
19.5512886829
15.2965555364
5.35869984978
5.32102840811
13.9559840221
0.00697975633689
0.0122216129812
4.45634404282
0.0142071995833
5.18787387684
38.1690433246
4.1123684213
4.4721293637
0.0112125231606
0.0100731980747
0.0086348866055
0.00765262404507
0.00719689524455
0.00670848030726
0.00606103067513
13.2695381656
17.7916309824
18.391069215
0.0066768416916
0.00500791474776
0.00551876530708
0.00517414835067
0.00475769659988
0.00475159984345
0.0051892848537
30.3010851075
16.7228302738
23.7787907362
20.4723685142
13.9031187832
0.00136055024114
0.0
0.0
0.0
6.41547158785
9.56782028744
8.8973651282
8.12279945304
9.70365792402
8.16306312326
0.0
0.000555288843916
0.00300647177248
28.2218168265
7.91330399089
8.62460611106
0.00448632106914
6.81718903899
6.70598122435
4.01831157715
14.0856127381
17.2292795433
16.3511251086
0.0101273104759
4.46140592432
0.0116821994521
8.95753832012
14.7631963222
16.0351625614
16.4333268392
0.0104705916222
0.00961089063243
0.00688301923252
9.36002147021
20.4786827123
11.7861948795
13.0999861682
4.63586033975
5.43852529535
0.0227011167768
18.6754446586
19.6000602092
8.18712346625
15.6560551888
0.0208670504657
15.2194154707
14.8502493596
15.6371080936
17.0144911797
17.8269505387
8.03389529031
12.7629219188
12.4388039526
13.9544114656
15.8666263223
16.0887714768
9.87755633371
7.71734490338
16.882065039
13.481526511
18.1334438295
18.1396604801
13.8455339775
0.0268241464967
15.4127581141
7.18322837854
14.5254327304
19.1831815702
14.7549993522
5.68695841181
45.7475914975
0.0176416032862
6.57057181174
20.9904436796
17.8473721081
5.32167477655
10.874749645
14.7601825654
7.05112671835
18.8320040953
15.4195629594
17.8076430843
0.0147038832043
0.00875492372417
0.00291816636119
5.00615014879
0.00628511946127
10.9172322304
8.29776392004
4.29259545241
10.7097099341
4.04006095355
13.7964839921
0.0046195300957
0.00625096092469
6.67000574691
4.70060124822
0.00233749756838
12.1921085627
0.0
0.0
0.0
15.9105120946
4.81471517115
0.0
6.29014192276
12.9820764663
16.0553532384
6.92729769468
12.5230016569
11.725926798
13.3643952616
13.8881512004
14.9703005395
14.2688357703
14.1142381482
10.7722654674
13.620402085
20.0326514747
0.00359043610725
6.02236090301
7.1302937935
5.39216761213
4.03169919626
19.6423403898
15.7881567371
20.4296688456
0.00675369440845
0.00447288260449
0.00701640268926
39.1615292593
0.00996996724224
14.3382582527
0.0125065057747
28.8671222359
0.00784350156164
0.00832225504857
0.00661370260607
0.00604375504674
0.00509249209451
0.00450541009023
0.00423439526994
0.0041358632775
0.00369671312461
13.2726492377
17.7373210973
18.3916428318
0.00505271217013
0.00430177473867
0.00461515949552
0.00441743866901
0.00411830660363
0.004163475513
0.00457871268815
30.3252956885
16.6396617407
23.7762096373
20.5791690047
13.983974106
0.000682102340175
0.0
0.0
7.30430217082
10.1239227128
10.0477839666
9.93595998723
0.0
8.11401405185
9.94256399953
10.2019759957
12.9502837362
11.8190996318
21.2162816402
0.0129197468058
5.73303326625
0.0133235193728
0.0107643591109
4.11078236735
16.9509527569
14.140796927
0.0132803144811
0.0124489488523
4.27058613263
9.54074777951
18.4271662566
22.2745733057
8.87296368775
4.0833202768
4.02170663986
4.31210226392
5.2008353026
11.1522791902
11.3719836741
17.2797190955
0.00696279466429
0.00873871207164
0.00868423407738
7.71055279216
19.1675721788
19.297518012
0.0170497538537
6.07606529926
5.89646498114
15.8147952781
15.2879657733
14.8637233649
10.0233701363
13.8927955476
0.0211574046132
5.49502888313
0.042558176267
13.7911657394
8.95372312057
8.92297394083
12.5466725651
0.0243085421531
0.0222638467428
7.13997196089
8.73423343361
10.4358540528
4.24147518712
5.65254944501
8.0432549639
0.0140822878031
15.7102232826
18.175652469
9.28198315406
0.0268376962922
4.86373348543
4.48824713589
26.02093227
10.3667957012
9.25198776118
8.96724562747
22.2493204199
4.04993948218
5.14048817839
9.84534627765
19.3309356295
10.0642113493
0.0694746482502
0.0563902333514
4.61857689977
0.0526994934036
17.4048465384
0.068895799622
30.1394559978
82.7393689272
0.0523551125979
0.0479595466746
5.54978932312
19.9370497067
16.1667979134
4.27046306243
0.0665487503344
6.62501707065
14.1561263568
0.0966064673689
0.125056080354
0.130158547736
0.127020865796
0.0639255450331
4.32960638815
0.0578488563064
0.0665744221516
0.0802745814047
14.4538195829
0.122849549971
11.7915561354
11.4302895925
37.3507532016
70.551594801
81.8253038873
35.8299093946
54.2692487461
18.42028857
5.32551325522
72.9253420622
14.5771372086
14.2063583934
55.8493467487
5.29786389555
11.4409491598
16.3921554475
0.0514897178366
55.5869626914
53.4987480684
21.4530809534
23.7244081587
0.0751225522101
111.483806629
155.367177018
10.7822094662
9.58236552066
0.0448163566321
13.5633585025
9.39582524157
0.0261747939729
0.0392368221291
48.4524222765
33.7254836983
14.4333268497
11.9881079181
19.4105488612
22.8038863402
5.20189542627
0.108485269653
5.68946468709
0.113516099415
10.9842615764
71.2668325684
49.5090596264
50.310104964
8.8275407536
23.8036794985
101.569919168
12.1401040365
17.4969807177
4.70330762863
0.00851110927433
61.3181238363
78.5284333632
114.388955259
167.279164136
90.1880766882
70.7607080731
21.9782143869
25.0849388195
31.0383787278
11.0060382295
91.8886821517
60.6336929042
38.4345153752
15.4255917491
5.47707182407
13.8694118025
7.98468976518
4.91446447587
0.0615545984203
12.9305675825
0.0552023433994
6.23336920209
4.65958927383
0.0378221069352
0.0349856023109
4.18379972609
0.0324827924186
0.0321359091916
9.54380617005
140.534553361
47.7919086815
18.0602791388
47.5920126383
12.7863026497
150.700703082
45.9048905806
87.3740034151
14.1673883968
35.4222038791
42.8965011126
52.3538721362
13.1646199982
0.0322080453407
6.61897199585
12.6180539473
64.4216159524
49.7728429797
48.2787994974
0.0636494117397
63.7445207442
76.8147913558
79.0728232679
108.463836287
88.8929308751
5.35036607676
4.67889498825
4.92106730586
0.055727087615
6.88700422752
79.0345713193
7.72534176471
37.8069763411
22.8967566287
0.142298987808
9.62444616375
11.4480797609
21.9937116336
5.08460545301
6.27589050377
5.04081326091
0.0862636385876
38.3410807516
45.3028397223
0.0636590379119
4.22362151204
84.9180047294
0.0256633648883
0.0328195700092
0.0226479246429
7.52819268559
117.149020748
60.93910416
57.5703632307
21.8919783305
4.11845036648
0.026029755468
0.0172519199328
11.4279438716
17.6918988776
0.0355977052461
23.0699386945
15.8419092341
4.59803216978
0.0325558931111
6.92847084127
14.3522463099
0.0584132846565
4.03714782303
0.073570638638
0.0877817491913
14.3566916047
4.23045197013
0.102022227761
5.57654781298
17.1232417809
0.0480370977957
0.0674861894316
11.4037453419
68.0113430232
104.184325477
0.109239855258
14.8744806214
13.2420749065
16.7754879584
54.349094144
7.09733633513
30.2197915633
21.6009029327
23.6002475387
31.5589358549
42.2735097133
17.864116151
20.8233967854
56.5940907485
21.7108210852
5.4470067549
0.0937774430668
0.0558226285714
11.3892966678
52.3298994943
42.5643004514
21.9498440827
44.6916755305
19.6748141647
54.0482875444
28.4532727351
9.90254403928
23.5539141924
0.0684359397809
4.25775635324
0.0673165775957
4.97065281813
0.068826515141
0.0655010468448
0.0630446519157
15.4653659175
0.0718579354418
238.942716787
0.0229070512361
62.4287783702
49.7057694364
61.2084456624
48.2232912409
14.7671214161
11.843817095
23.3428009678
24.7385086952
19.6210873818
8.54137621384
63.1316461086
6.0898532521
30.8399877572
35.9662531801
6.86452307269
13.1755124546
79.5304418518
21.7249572374
44.1866783975
55.5920965233
9.28357960625
14.1113244908
0.0441195721908
0.0585216587753
5.80638178663
11.6966229316
44.4584159166
36.7500200288
18.8033364029
16.8719930603
0.0679842754709
0.0682427125721
0.0505185810324
0.0458566303913
0.0578039240293
4.12194335346
0.0522469900472
0.0574488607646
0.0537136332352
0.0647514027181
0.0409727067112
0.026800827288
0.0177289213958
0.0180451835465
33.0566383094
44.3949773128
12.8494434327
70.9161311969
4.38860141776
0.0371810125643
7.05147176396
33.6326996594
33.3338861302
23.971873544
4.3851382152
8.37748469055
14.3081620142
60.0811891766
4.05483083529
27.0641017763
40.9632714993
20.788979489
45.1995627653
0.100942738195
0.084085927597
11.4747353835
17.7548838705
16.9276041879
4.11062282233
13.3527371307
5.20937865441
5.89998664275
7.20182836451
4.49537795708
79.6414392818
38.9753384524
46.4457594687
43.1853266704
26.9761656444
5.94338508568
0.0477641225482
0.178018831048
5.27783091397
28.496311418
0.0517163598676
4.12418354274
17.748375395
0.0442708814877
12.0085337426
0.0313063826504
8.7792096661
78.2448956998
40.6146502283
75.178916315
0.0180256885997
73.128535907
34.208368367
22.8798691629
0.0151543417642
11.8928657149
43.8963494894
44.9829585419
34.4480499833
0.0292748746097
18.951164785
0.0396391349774
52.3810915605
86.7406138536
41.518943784
48.7285972219
8.12704949736
78.7802009629
0.0261563604052
14.8386729859
66.3577041004
67.1411494123
11.1133514507
9.89911742479
6.1670289454
0.0151381122333
0.0244740125056
0.0210066668725
97.5134139764
114.622232916
41.7437304342
35.7523395432
40.7213389103
30.8016548824
0.0412588991584
116.411745284
55.5514305866
38.4763699222
37.7869279603
0.0275927328711
29.1692870194
5.3439936443
27.9728283634
40.8519443231
34.7874595908
99.0590848688
59.9292816783
62.2752285255
62.1784000678
32.8289150278
73.3802832733
53.9993633339
45.8824326821
24.8507411847
29.6160009546
44.0919385623
83.3418326191
70.7358507065
92.426996483
82.1565695509
69.2118661353
46.6767878402
36.8757243609
0.00723514187879
0.0217368988571
11.9192128023
8.98110123699
0.0304955046628
11.8359662287
0.041341215869
16.9359627451
18.5397263507
14.3920361218
7.75053839157
5.26826373409
45.2397241285
25.4145631462
5.41227652874
4.16743860711
14.3841419509
42.9265495719
32.9212675897
5.82537207443
0.00556901215784
69.3990906627
34.0601616424
17.4192791208
39.6821938566
56.7032929611
121.9101353
8.79625267156
11.6449133493
18.5567148477
17.200635432
14.0536863574
65.9706931217
0.0306091768817
0.016308857648
14.8455317765
42.9558381272
53.5719061119
5.51663882511
32.764984932
12.6732249749
24.121718438
18.0185590687
7.02461436779
109.903679295
88.2622429064
14.7718718535
19.1498097075
0.0438139827349
47.9237306485
6.69968556003
87.0511670919
69.8640686795
21.1819606203
14.1287931169
37.7405914155
49.4052738714
10.7543098174
16.3160730034
15.0003850203
11.9733209483
0.00357059286784
70.772054871
28.4246980241
38.023901014
42.1186490228
70.0972010847
72.4186435806
19.1952498637
5.07264540992
4.33012374278
4.29256699624
0.0697585519914
5.85946968106
901.370831945
1293.0207025
17.645284761
118.573815327
45.5044908876
19.3283921274
41.4894984481
49.3686802003
24.5755882101
30.0713511694
5.41341826359
0.0100004328539
0.00837383263836
13.7298428938
5.16415891876
0.00356921675287
171.304256684
13.3521738826
41.77234364
11.1533907067
7.73033149852
0.0071282854966
111.237291103
73.0559928199
21.1911960443
134.578523981
5.07164942942
0.0112994239989
74.2150641866
41.2026370827
67.9937147807
23.3874487421
30.4033341947
61.1991746681
0.00801573925079
0.00723900358142
0.0461424267054
49.0321964381
29.5835625611
14.9932299241
6.65313482197
0.00858590698344
0.0114141857627
36.2860766012
32.6629306619
10.0730910026
6.92762472107
65.9723668058
44.0620466241
35.0384397982
36.5543804632
34.3980723947
47.4086428788
60.3221991725
14.0117893296
19.4459210711
12.5060538835
18.322257851
19.2726564847
0.0415099377594
0.0434040514532
4.05911842554
0.048863107059
21.0293578562
13.3901880016
17.7669205106
12.7177556144
36.6370435693
31.8780558804
29.4893603546
26.493494641
48.2653585282
67.0967389764
32.9927075127
0.0241922579023
6.24863013462
18.521663151
21.5888054631
7.65161696152
16.350580083
5.41535475143
0.0101478344004
59.7816947246
42.9680578351
5.09060919528
0.00611424418778
52.041983251
70.2952696595
48.3360407856
30.4838683713
50.232870788
17.8585156886
39.4973705686
31.6735100753
9.37360194182
4.4257511869
0.0244961212577
0.0711726541312
0.0597787184673
0.0443506610934
4.22906410867
0.0512926611627
4.78314590608
12.5305052932
0.0356631541692
0.00519513687111
81.0928097823
22.2705982722
9.02631280808
21.3340005724
22.1841851275
25.9108509895
5.4716006884
22.1342133047
0.0223432629852
0.0344593378486
14.5569448384
26.5796851578
21.9533213165
26.0672354987
28.975171442
0.0416390164485
16.9256974386
0.0303279000406
23.290982296
11.6400776112
33.2180634844
116.602223882
59.4059412483
60.4527273395
61.3255803089
48.3666628115
25.8873115914
25.3036444981
13.6086351396
4.5935734051
50.5667069638
56.2204619081
47.3736285516
30.8691654231
13.3765861807
27.7546584172
51.6737699097
41.1450758299
28.5812356414
7.73576376204
33.1199029502
19.6225109839
10.3441909401
0.00759743191857
36.586377185
19.4439382638
7.21662096376
16.3965196633
0.0375499885771
0.0216895277627
5.73389007349
20.710878059
36.7811363813
10.2159830765
15.5103980582
9.9219877567
0.01037317299
15.4911819061
0.0519935290104
0.0501214525965
0.068740997446
0.0513442473628
0.0573876422563
4.94938117134
0.0714696488236
17.0821663298
0.0710117683649
15.9369304679
0.0431126703839
13.2285356238
30.4212267746
10.9720847303
16.8575876557
100.416445504
71.5935260285
44.4868685576
24.2155710951
50.9218699522
27.0187823086
0.0197726542769
124.415016217
40.4279409354
46.351394146
47.9096677259
16.8501777142
128.751289029
14.4236497222
0.0249788526313
19.6262517253
33.6114795653
16.9334259207
0.0346992177725
0.0488406465856
0.0644433954585
7.63096868219
16.2539269778
13.8849734613
0.0303268068613
91.8151661931
0.0462173252887
18.9271650658
15.8625827558
4.15953467884
41.7010274548
37.309369291
32.4674576597
6.67474927626
11.5098440033
62.8088161034
42.164339038
0.0117620912268
13.8107515882
23.8283507937
69.4851448909
47.1862967049
4.31132264154
0.01134050111
6.13399113099
19.2366857192
0.00986701645731
99.6185497382
52.4508722791
41.3600392714
24.2591413077
27.4374653221
4.68724407209
0.00772186345004
10.4895976135
25.7306053258
74.636669163
0.00567894362859
12.6490378718
0.00262528329121
5.314425179
5.90402943078
26.5956734612
39.1856479332
0.0147899753269
6.94089704066
0.0162438219346
25.5772250851
134.006517916
83.867674497
65.4229968726
59.8140724439
88.5001253644
101.111163723
70.6658417002
30.6816031972
16.6148119554
48.8907094729
43.8222369395
16.2792203837
7.63749490826
16.2611432566
53.0950573089
49.8506100013
73.0988123727
67.6488434632
67.817010659
42.2648531736
73.3219437013
89.0305396575
21.8694707023
104.639805332
73.7632010579
7.15510638768
16.0266840756
0.0121941267768
21.3984289829
20.1837315378
0.00451698900797
7.64469770972
0.00441174418527
5.98300512535
32.8207637117
7.23272034762
12.4684624863
16.8488158182
15.0739384884
31.5188067877
30.3052738728
22.6259001334
0.00552344718942
5.94684546513
22.7111101075
4.45593472393
6.22215094631
10.9422045868
88.3961912405
104.406459562
59.0452553576
51.7513405312
110.05808476
83.5046945345
57.1198489672
36.2953212932
30.3995880129
46.4146279143
94.470749316
55.7818288297
46.5717471307
45.2848618143
45.4016793084
67.9220768579
62.306029
65.2707669886
69.1609619538
79.9481564468
78.3268287379
122.885042089
7.61823915626
4.05671500394
10.2393568231
14.5481911307
28.1424703607
6.18804344517
51.3615309241
44.3515894038
32.7387726153
37.5243764766
38.4786360081
32.9351546246
0.00732535339516
52.9232772976
27.9980688396
27.2835015372
0.00339325251736
0.00404459779158
39.9319587603
31.4740722462
4.3512377598
0.00211889809248
0.00218618121968
66.2281215058
56.3135112569
6.66513764307
0.00270934091857
0.00746228923733
17.1032789711
13.4384405875
80.6721211878
131.303716355
53.3271856251
70.4475051798
65.3679044096
62.6728569234
61.7231494739
99.6874206333
6.32320555033
9.18418519109
24.9882999652
52.3173677864
29.9233165413
16.4584303682
11.7404170939
6.33690373621
20.0852333281
0.0114189896856
24.8064796015
36.1559057612
7.97792027543
0.00817033603501
0.00907574124283
69.0623897393
100.490087875
0.0292206397981
80.3587457097
0.0259290461368
6.30592050261
131.708147374
50.0478841028
106.837126917
40.9737899462
39.4895491915
59.4185466449
44.428268115
85.805579262
24.1465348752
56.5465867122
91.7446916132
8.17153595232
47.1530070083
0.0190303422761
70.455325489
73.1837093463
99.336137943
10.5110175561
67.5638787093
40.406253151
10.7375334359
22.2449700842
24.9411466386
4.07630617854
35.0607899257
24.9314974398
5.97536047396
14.4077560216
4.37460938535
80.9660894893
0.0139915668839
28.9860822757
39.7997439864
27.882509895
6.32023893809
15.3999790946
4.64321617566
5.81557503747
8.05947508637
108.899370002
41.857186722
22.4661224198
16.64723294
42.2754339633
35.5257961391
7.70392410499
0.00480637869935
6.26058546576
13.5126621527
75.5179172766
84.4214241102
59.8902643758
73.4319803955
0.118308867329
38.740773812
0.165503513134
0.175751449561
0.0689854007809
0.0568211409655
0.0110433866632
0.00988559873475
31.8432951676
15.7057655147
16.8753986455
4.54580179114
0.124011675883
5.61919943127
35.3214655104
0.160236267811
58.4742699487
30.757484024
24.2766658066
25.5205532898
4.58196389892
0.126631815028
0.139576694195
0.149584774742
4.55707150257
0.156427665453
11.2153414936
33.4557870314
10.060838319
35.2693981191
46.0883926385
11.5490044899
52.4498635766
0.0779303462381
0.0335061367987
23.6073144148
23.8695261164
21.3792508736
400.163919234
0.00597223148348
4.45340885063
0.00638473414235
0.013454462279
5.13485907718
9.5797084785
11.2127539881
16.0744090261
11.4181080318
10.4675111011
12.5737085365
22.6422685255
0.0483511303169
0.107123123015
29.9241800181
43.1185630452
41.0440038289
44.3329427563
9.30519482631
0.164707824723
0.19802765579
0.250102863793
0.255176117745
0.258632628441
0.289717087391
0.282846322229
0.195905566096
0.241199693294
0.225877231608
0.214032761342
0.205462702418
0.198150917079
0.191895896101
8.83303195495
18.7228269303
9.08196473671
9.54608481689
8.96848652209
9.04367646339
0.210403244884
0.212007418478
8.67187617742
29.4178361641
134.421987746
9.39817592082
0.199202116982
0.192496093108
16.1481666233
17.8388312622
11.7489239992
13.8305374717
0.167577070058
0.172937968695
10.8124273413
8.7632429154
0.0415102239358
57.9558865253
9.31132174007
21.1188919172
8.82298749051
34.4497460767
10.560740142
9.66086157768
364.201611343
10.5282886247
245.445559198
0.00482848019446
133.909299194
84.4885355339
13.8452490999
0.0
12.3405742267
0.0
0.0
0.0
0.0
13.3377876864
0.0
32.9732437154
10.4871515935
32.9789905682
32.1530622642
12.2636133311
14.2456335376
9.20926178402
10.7762892749
17.946955696
0.0140579841982
10.0603900537
20.4972481068
83.2018282926
48.3271782129
31.003676017
32.4305723669
26.7554522252
0.107445062151
11.7032412297
58.7712291733
0.0233764290808
0.0475162591007
11.7698920568
53.6420041904
8.92631436742
13.1979121362
12.4337701564
16.540360751
25.6838385016
0.0178019507625
9.47636660056
9.21632471873
37.6367700461
30.9904239996
35.992713503
8.92310567011
17.4909531893
0.0525283105423
46.1906455404
50.6593260455
28.6617134417
9.73597549588
0.00915178987517
0.02225119458
45.9255905045
13.5175470636
8.82736277892
11.5603424163
0.0537903033428
21.6961257679
17.3141956002
25.5103277965
77.2616716345
35.9608982984
23.943792219
61.2898514949
25.0206140378
23.4413414107
10.6070160636
0.0336687826837
0.0476641808231
11.753316246
36.3826447178
11.9626985564
52.81103182
69.4195100912
75.9710844792
0.0300983573748
59.3091072384
13.0538986505
100.144605125
44.2846434365
23.834341912
0.0440176042929
0.0286558675612
0.022411198125
8.68744908568
39.6851199042
41.0846763307
33.6478341835
18.7649918748
0.0244773964317
9.89093107834
23.4298449394
24.8005109164
12.6139180657
9.45643854316
10.5953499814
14.4059340172
14.3900368859
31.4864118729
31.3255278444
30.9552369509
0.0421265710121
25.8480080446
37.2245263859
25.4087634468
21.0834608458
55.9046570518
0.0279487593435
12.0406816761
13.6877815602
13.2331421014
48.6445497644
9.05970553782
8.87040690941
12.8442672971
64.0648183812
40.3547530034
31.4177725303
0.0181674185384
41.6033488866
0.0344129521667
0.0401791236455
105.116177163
9.30995623196
15.9075347739
10.9152150737
24.5520094236
2119.69357613
11.180859298
9.68834965794
0.0386149947436
22.0476933592
15.0517279189
0.0507421374925
20.7502210653
11.2277612175
0.0519856599877
0.0657643708166
0.0684269097504
42.3167813044
118.812515779
62.837979089
22.8787813511
0.07583768663
0.0675570780449
0.0712998420811
0.052454591991
0.0545608286862
0.0414052183414
271.227215665
0.0501550799061
0.0779604005616
9.78495114034
75.555976606
74.8224181115
61.2101435252
48.6762430854
39.8193038803
22.6552435708
0.0657918059093
13.5028207523
17.5631365287
62.8846109052
27.4240863859
0.114636965514
28.5803908727
39.1094764576
0.0443068031315
0.0299838659201
0.019897372896
0.0316448813938
26.3333302409
11.3244629475
8.52669611106
9.58883621718
0.0207470653855
0.0208597878255
30.4735748698
40.7671295562
28.7569433778
31.2091571008
93.7880394477
41.7716034975
39.8161099018
28.9677218903
12.6626230517
16.4135962116
48.5375424784
8.74502605003
0.0634029364723
0.0627748510336
51.4619007002
71.2783812362
80.7339966297
75.9083655515
0.0873781537969
37.5261769101
14.5600661286
9.44647491503
18.2267545087
11.6149806269
11.3061224918
35.9095300835
32.1071388819
43.5062450332
40.2896626883
10.2283174871
9.46923381554
12.9697957502
10.0412777117
9.58823953424
44.3098320029
26.1122061243
50.8284049275
76.6355663193
73.8181609357
69.1739322963
9.37187427101
103.950558521
16.7279230697
16.4910679317
9.02309876259
57.0750784341
14.7506800859
9.3730275039
12.581399269
0.0218013140874
10.3128770557
11.5198768725
0.0320624977584
0.0339128755217
73.3232934262
75.6258929687
81.9868543074
73.6567265596
53.8661241091
24.2848276949
0.0198801058516
0.0111018221885
18.5915352499
0.0257520359283
42.4651553472
46.0917592521
45.227557144
8.60285318944
9.42696684474
9.32715902085
17.5574504045
0.0317126355544
10.5207438283
0.0704077384535
29.4674622388
50.3970476507
50.027497626
41.3105753808
67.6533142737
76.9498831304
41.0431549242
17.9984055458
19.1999985643
10.2810106712
29.0918969448
0.0335853457821
11.1539776024
10.6888620439
0.00885223822324
53.9987664844
0.0227946376844
0.0630004587812
0.0813213576222
8.70909655255
0.0486920237528
34.9181464882
18.8438198219
0.0483372855872
71.6788839511
8.75228004614
28.8012175549
42.640329417
41.9438849447
0.0227684260054
0.0247943124705
119.294585884
62.0425787176
0.0465621337652
8.6694911031
0.040667510109
0.0339429990068
0.0257940754512
0.0270153473158
35.8963467324
58.1821575605
73.6894480973
76.3153411977
66.1441534675
31.2271486626
11.8097918409
19.0349496069
12.393660793
20.9521075381
45.6753464043
17.9354749401
0.0167409293352
38.3441237404
22.2004277552
38.2722263502
16.4618256111
20.9750783799
0.0217753339226
0.0273143067141
39.1199719916
0.0151327334761
28.048681785
16.9300136796
69.7277755207
119.635430562
30.4130542451
36.0330630851
0.16622892609
0.133560966375
9.75076965369
44.3981377878
9.03746578938
46.5823274682
0.163092081415
0.139188555461
33.1053154559
36.1481915134
24.3545296896
0.17489439413
0.139918981495
0.0848741334315
98.3944813001
61.1753187456
76.0637686961
18.5020905543
0.171010896098
107.606086109
0.0790771000949
0.0807098791209
9.34013880933
41.2447407215
0.095843056916
54.2350221642
46.8461096027
34.7854070253
154.799833912
46.1621202049
119.144534611
55.5379382901
29.4799969008
12.7460043416
76.7457431656
73.6186729912
104.087559795
85.3835617532
26.1594613196
8.83259278851
38.8890092268
31.9429616228
0.0261934306105
0.0357685053104
27.4350530831
9.66585486664
0.027052457285
51.4488239473
50.9436104467
0.0185888340841
0.0288841423008
9.69730013952
46.6470361442
0.0867264878889
35.1511836238
0.0570945151571
10.2629366423
0.0457578952469
47.9281456601
41.2137613056
0.0381669524173
0.0228641518354
111.764554629
29.7097653293
28.2926897278
24.1572033332
8.78041282276
40.383431322
0.0323192546603
83.399798198
9.32378280201
43.6333305412
33.6817315018
47.616352526
9.49187943738
68.7745445889
51.0224563663
10.4723906636
21.1725780928
28.1470275242
11.2169875471
9.64359130763
0.0233450960262
0.016640269431
38.1704578174
553.40413653
0.0500155193799
0.0324663360338
0.0330506661826
0.0210871490031
0.0263153872325
24.9928773469
73.1531134092
74.3940810657
80.068492459
71.8751624014
34.8061428747
9.27912352909
0.0596866037675
30.8640338076
13.8673571878
86.1376394235
11.4441655522
0.0608062088504
0.11280058313
0.0926236625016
0.0841734474788
8.97881690536
0.0486197881676
10.1401820934
18.0636353458
95.2972124201
51.2485458468
9.2861065379
31.4139177582
20.9060918782
12.5425344171
22.6347371676
19.2315294679
10.7614574938
10.8011712879
0.026634512906
47.2616793522
69.0717345096
17.5470140309
1919.00453256
0.00623861178633
10.514487534
0.017132007955
0.0182685747915
10.4094986661
0.0686173251392
0.0549328141272
0.05512226409
26.7044381317
30.9119835989
9.24329945658
9.50695174368
33.0041530635
31.5068771869
37.2192987721
10.2532972413
30.2336650859
22.197877008
9.76193166853
19.7383355358
10.0433562259
229.63036244
35.7257096609
0.0289117716561
0.0777806245413
0.0545305795341
53.9060863188
9.52385778152
13.9534293462
27.4679985749
58.707606795
0.0784982299817
0.089835713739
0.0959713094369
0.0577504568318
0.102321446881
0.0774799993642
234.880811064
8.83353392286
0.0
0.0
0.0
0.0
0.00453811425816
0.0
0.0283303350148
0.053724993245
10.8039657899
58.9320583207
35.8025909175
29.9816534927
9.60259021796
28.869130907
21.3816825955
31.6525794587
24.5726789818
35.1440561842
9.30990467684
65.0374832443
31.3831921621
12.2741598988
70.7187027401
40.3883885971
145.392059086
66.7482325053
44.2047190077
12.5010932923
25.9665212855
72.5110971367
56.7223652851
27.067257628
39.7935270707
25.66749904
20.9688686687
0.0265858329661
0.0268591816175
0.0232666904564
0.027337516595
18.7659683673
9.90032781861
1985.00091588
1989.13090947
0.00512390150726
9.27113582733
9.68455338889
48.3281807509
28.3165273873
9.61613666077
72.1886485292
26.2545999937
14.9034459559
54.6583409545
45.0457252006
56.5830533935
10.7104403202
39.6309358514
28.4946090662
0.0324145768992
19.8760652276
11.8309207585
25.6758067966
0.0295130144737
111.943571027
167.793908431
9.26119551978
11.5111275217
56.7923264122
19.8166150974
69.3111574085
51.6544618647
0.00725931779063
55.2423391119
38.947217133
12.5335207334
0.0245353996358
0.0165682794228
0.0133997592407
0.0336027139732
0.0453664584584
10.7654094775
9.04659524076
19.4088484212
0.0229382457153
0.0244643390981
24.5608720805
56.8066701938
76.2866213645
83.3583509945
75.4241392969
56.0888721999
0.0243612589065
8.6141242839
85.9115766139
89.90693532
76.7395346657
0.0446845796819
10.3959709067
48.8339508014
24.6353454498
0.0463469214179
0.126356668031
0.136263403116
27.3629170764
0.0941802628548
0.0763113310849
0.109736627165
0.0553207645927
74.7489241889
65.8562960756
46.7880478476
32.4196966403
64.4063534806
61.2740019055
25.6413636531
0.0216670161575
38.5211667069
0.0229339911431
19.3087857006
0.0322039564258
11.9774519009
0.0123771398162
17.6953386433
14.9338209236
14.9551677762
12.8436815729
0.0208818359238
0.0259555326923
0.0276991994679
0.0323377930049
0.0373449843886
12.4728769574
29.6519657432
0.033674489134
0.0488512850132
19.559867317
34.1186285851
62.6684492696
78.0330418303
67.5762183933
57.7093779449
91.2643213864
82.1057529885
76.6640349829
85.397344637
46.5083996343
11.4526573168
0.108792740176
0.0417988323244
8.59844106059
40.8562790171
23.3132294385
83.3810452737
54.7268638308
62.9298134538
74.4521276931
73.4424341937
0.0490746791553
0.0572995462632
34.1016165019
9.30937868617
0.0262749786424
0.0271288180186
11.2694051727
0.0562693248645
45.4613948021
67.4397270486
80.2336401546
78.6483816918
64.5890010636
29.3068470695
10.3998563912
13.792642609
27.7759203464
47.5225250468
0.0668197362377
10.2388663832
10.3725901171
0.101136273871
48.0998530873
0.0700421275026
15.5893096609
0.111763237924
27.9299364906
37.171669574
46.0504440472
23.9858421916
47.1762151305
0.0772056537027
0.0320043081928
116.521532153
0.0189468582144
11.0971307857
9.33952635021
13.1824019707
10.9406617577
8.68682265921
50.3055631744
33.0011045054
76.8799931491
0.0239996458562
26.036950736
9.34224577902
117.683625249
62.6542148121
106.455709151
18.280438008
9.88318608345
0.033967233531
0.0402744616176
25.1172241159
34.3236318531
22.7104536793
39.0495946369
49.0460564264
43.8311500603
96.8894743846
66.1922471123
17.9507975074
0.0421861991957
0.039898154332
12.0740193712
0.12129484521
9.26912275128
10.7765129899
8.92935833088
9.67242022963
8.91570453844
0.0338449575857
10.3560240092
43.2764073127
61.8571744004
60.7739839712
57.1308108825
0.0138656151185
0.0200373918433
10.6023193597
0.0290811402615
84.5422941416
52.9000796443
0.0336124331014
0.0325406893253
26.6852550887
33.7318772947
9.40568991349
20.0864328574
30.3452337073
53.387335502
0.0318279387235
0.0590258162906
0.028386618118
27.9645839595
30.3083589271
117.920314245
65.8913867841
0.14455200995
44.8272946701
20.3354228764
47.9165049125
19.1517338136
12.117424623
9.72986019598
0.0778043850656
0.0716499883408
25.5156826998
11.2555558129
22.102728662
0.011830039369
0.0302759360602
0.0344529906228
0.0282606031834
11.2334649684
13.9850756389
15.2638345788
14.6146337372
0.0152568692713
50.0727252684
0.0141139277258
97.2769129442
0.023446695756
118.030504141
0.0148531772323
33.0887196587
52.0622917725
11.8293426782
11.8269878196
13.305516772
40.4695596729
88.8803332209
70.0281671517
0.0800246837153
80.6679778664
47.8592992568
41.3328443886
9.38025468296
11.1661536729
0.0611609206496
66.7090569618
8.54510595737
0.100213558254
21.3612186842
87.7613687649
0.162627104867
60.7971403819
0.199391225539
67.8924046542
0.175494630349
15.5396372762
14.4912200891
9.14588252568
15.1094354459
0.0268262460192
43.6147561445
32.146004946
0.0667440382698
11.8861478882
26.849483019
43.6601184651
20.6972868897
0.0298666260707
38.3351256101
115.77762212
59.6185161544
31.1443124317
10.7283199939
8.93247887221
10.0670339477
0.014886721187
0.0243072872539
0.0288509504554
8.60385408175
0.0311924797095
163.163004295
8.84110232921
37.9555191297
46.8381449146
0.0413015847477
36.393062826
26.8981618278
119.654079612
12.0882489169
144.814910472
8.80544994778
21.6312919698
34.0520551936
20.3855672526
0.123655004363
153.305298025
21.1260732401
0.0643130573498
9.03720783994
20.9048116267
8.832824248
0.0925872151655
0.0933283407301
78.628440947
22.7172519333
41.8318553649
28.7547897581
0.0489563622539
8.87739078631
0.048486790647
31.7528617029
40.8758482633
10.1415165714
9.83700746009
0.0817911355039
0.0294885034307
60.2886694352
48.2739285218
0.0315680466069
0.0212982057954
0.0329603028759
9.74950332829
0.0536084207561
44.5073683751
30.0085888042
0.0427291077308
20.6066334994
152.466177032
23.1107900812
24.5665175455
9.5265792318
38.6999613137
21.4685498151
25.1192795931
0.158242251426
0.112457177595
25.1589788169
0.0607548030025
13.1695583622
14.9124291239
37.2694798372
15.0281449165
9.20883075439
0.0341713714093
43.9417208933
46.440836738
22.2048572995
60.5101516207
41.6788298514
48.4880098253
10.1303538653
55.6605821707
59.9959914728
0.0119908385245
0.013086599672
67.8639362775
14.3705669009
12.2471943877
51.0746730542
33.3053417717
19.8298556093
124.693729086
53.5282533646
13.277511331
9.83665810587
0.0533687182742
35.1227999412
32.0027838153
67.8189874393
74.444939049
66.4802893949
76.6617623804
35.4750832411
0.0472382710255
0.054851396225
0.069749924887
0.0527611178761
0.0945440429342
13.56586866
0.115112233144
0.136728215627
0.104000693446
0.0259118353312
9.49625727788
27.3127596115
1548.97476898
9.49184716255
64.7783618438
50.1550929963
0.0588812301657
0.0483261210181
0.0363123606003
28.3761171292
33.4600690519
38.0522547262
42.2363572178
0.0353073826161
0.0355550000438
10.8622867721
37.2769415704
8.64996228362
0.0776563844752
48.8847701388
50.0291802959
8.6661257074
0.044483159349
183.008421468
82.336488894
72.5991180666
49.8691263319
37.446778512
32.7727195209
47.1127910386
55.585167946
28.6064642965
0.0814584092266
9.77949977065
14.5173032998
37.8331289906
18.1112199843
0.103353198057
10.6523820949
0.106450998109
15.5515899968
10.4292586344
18.7960816249
30.0696360393
13.8401167771
0.0992391833791
0.170269920803
0.146570139356
0.118751927869
9.54928962586
33.9954369272
157.979490077
81.5111487345
133.041958829
13.3611386043
125.316370849
39.4732770165
66.1474399064
41.636639169
0.348826233402
0.309146569656
0.248565826951
9.54546519519
0.250813237554
0.124151319902
10.0767814242
0.0504453874747
14.7458220987
22.9366941477
42.7609853861
21.8747633911
38.8753263613
61.4854602414
11.8258953924
37.3815478343
12.1187610658
50.7397279892
66.5515940364
69.3423599116
21.8038874722
0.0576077909359
9.21602518628
69.1642221387
0.0601956584043
0.0655474167675
0.0508294300846
0.095870136391
0.0661397590788
81.4305961554
9.2523656973
8.92029217028
9.77182811392
29.4712059538
33.0516812094
84.900359655
32.7514416854
60.1702976647
92.1886004712
53.0202760395
13.4981754415
12.7585474969
16.5073297043
13.1156069706
38.6711641937
49.9822766866
193.702007098
56.7104516215
51.8693645512
50.5666683651
11.2035597713
87.1812684313
0.0527503104717
32.6156888421
29.8347327889
29.6482751768
19.9484268032
0.0737344457408
0.0643093342908
31.7972860607
54.2204371947
37.086034615
0.0722537183154
0.0985045714313
8.79745186813
0.0704971933909
0.0715784861896
48.8356814737
534.032364336
52.828484963
10.4031799309
9.48545246078
41.2994994901
0.0779765523993
28.9734186314
23.0323833768
24.3563823754
12.3433964852
24.0105771954
0.0899608232361
0.0879793052445
49.4326061692
18.336604195
12.0678129646
25.5708139763
16.3145605172
0.139716153441
33.4825986608
33.7103028753
0.0962216548137
8.54656288148
0.0578352435083
12.6365366202
0.0924609328315
10.360597429
13.6203551951
0.105853276732
14.6654936672
8.67961899981
15.7829973313
0.0621868047193
65.8315459219
0.0602525282504
19.6035911611
53.612611575
8.92613260339
0.15558418554
30.5847733891
10.999043084
0.101013040725
0.0949753314768
9.76614271848
0.0934772938991
0.0964543512583
41.19372434
72.9613874753
31.534337363
9.86388978768
0.157522228894
0.0943400498414
22.469050322
147.231781121
0.101115771247
37.7465878789
9.07753122807
54.7601624809
11.4864878788
33.4004727977
36.7363300693
0.352162485792
0.229655012606
0.229918654905
0.132421596139
9.46766096939
28.7060709413
8.61430590146
0.00811463996954
73.4714014075
68.4951822449
35.9031245693
46.1230842237
22.6515956454
0.0152745082439
0.0119082844853
8.83151980337
109.535248606
230.023714611
308.324081774
69.2099289927
208.828255433
11.2312430558
27.7835265518
0.0167924887063
0.0233005245467
26.185179203
11.5031366895
104.399314341
12.4676326964
48.1564080338
50.206691195
24.4659304161
0.0473219761197
0.0707058320484
0.0562564056954
28.0861023226
0.06512490405
11.7921771968
0.0817466217603
0.0969998190589
27.7009203065
18.293551646
10.993088954
65.0891628601
0.0608330409947
28.235123232
9.64910618695
20.7111112396
150.54550856
17.8392086873
90.5876299279
115.439239815
0.0687974643119
0.0806768553468
0.101011391616
0.0923107220131
0.0973375682594
0.102692664398
0.123065165962
0.118669676947
16.9406836165
76.3334643004
0.126992546257
10.3526334846
8.61065854707
58.9712644439
36.0599436465
0.190115558576
8.96078223067
10.7580734116
27.4994373802
22.4438460648
0.113983702848
0.160500691442
44.2024440327
40.920374454
47.5766988753
53.770440015
34.3788892156
59.6868496318
30.5428867452
0.120979231717
27.2839785063
10.8616671003
0.120925574836
0.123823208481
26.700004305
0.0936737460123
0.0943343272191
0.10003184402
84.1263772516
0.103525464666
55.9948481202
0.113846874534
0.118795848798
0.0755388407891
0.076481379603
53.1275506488
26.2286665024
0.0330210928778
12.8244767074
0.0302359948223
0.0324220271812
9.37653057415
9.64973336504
11.1909801101
10.2381354163
0.0405957967362
305.546174522
0.0394439303413
73.7612115136
0.0135998965309
0.0271659509224
12.5614952948
0.0373446069948
0.0333291833322
0.0706129587439
0.0799411146416
0.101461194246
26.0879085518
28.6459639118
0.223325917974
8.34376319949
45.6838626919
0.0597094112711
21.7711725261
20.2615451149
0.00524734577442
18.4828435558
0.0274809880339
89.3343100686
30.5830489981
47.1669280982
41.2742924827
16.4714270322
0.027284192379
87.1253879558
46.3099487005
7.85130908293
0.0285662303171
16.1848055316
0.0428064229905
33.7559741487
30.6533642494
6.77760067291
0.0427648553049
9.94067175275
17.4179706445
0.0354763679741
8.60178254673
7.79627327339
7.49727570558
6.82963307588
443.295308001
43.1021135058
16.0598353074
17.2466377519
32.8731932294
22.5486583529
22.1835749104
6.78038420986
0.0588516187264
13.4908361437
14.2009675848
0.0537902495195
0.0319888298704
18.3168981772
12.6554622768
22.8063157205
10.9044923729
0.0357597834289
0.028734385323
0.0546447977839
7.89422593902
8.35541969838
15.0658945476
31.7951795931
31.3710084109
30.2812311006
0.0385488777772
8.91332491895
57.726671332
0.0784318561983
0.0671824078065
0.0622009585979
7.28464879833
8.11894951545
65.3757494532
66.7212130873
38.2676216244
9.85341597804
9.18924204729
8.98017566314
8.62258814086
21.5287816584
0.0765094949496
16.506043073
0.100869266547
7.57178406327
22.4751369372
0.0377133825364
57.0477461372
0.0605676384151
0.0597360479119
0.0891645486372
8.43232680719
7.78852195056
10.9548097762
0.0297392703041
7.01931460601
64.5200967249
59.3433642357
31.2551900236
0.0890935609891
6.87979008161
122.69216389
116.439735959
0.118590976219
14.1188380039
10.5447104865
0.121415332381
28.4847870428
25.549125911
16.5522231973
18.6903571484
17.2589060238
32.7490410888
0.0126319078365
121.918801208
49.9490148335
72.6035123571
27.3996077314
48.0589244631
14.5203573358
0.00914794290044
33.8700309101
0.0100400324265
10.1305951885
78.1613461768
32.2202279692
26.5956290156
49.8619222728
38.6393707773
15.6219065247
0.00348079195042
61.8503607323
47.1671793569
39.074278752
40.8767411459
9.20975925315
30.1463243547
11.9558117913
0.0109763425929
10.5963155395
15.0374035668
0.014490086573
102.857371323
105.475816792
78.7698610583
0.0188840558731
7.59493365679
10.6834350991
15.6005583911
53.7926022416
77.7956596217
0.013695675459
6.56721867497
15.9660621672
42.9097636296
50.4711466313
7.85292565934
10.4665421108
0.00876808569056
0.00903637649729
6.8419119872
70.963017329
0.0
0.0
33.7548985755
38.6241970759
9.5017956053
59.0995802803
64.3931844945
92.7908501802
7.67883957484
68.1399960334
50.6523732069
37.9017496497
10.8215423378
30.710748656
29.1628375882
25.5971282475
21.7574426432
13.6798414442
40.564482818
32.3184031141
7.5740681146
410.536739046
382.85361893
354.809825307
0.0
38.009885889
69.0395219028
0.0094679978853
0.00981704569053
64.0435421645
95.3732731407
52.0692547809
46.8074299813
49.2991541027
28.4742924551
74.202558494
48.9196877753
44.975943139
0.0
50.4184947207
39.0203011793
7.06058498323
0.0123425814734
0.00575254143525
81.704243346
49.511754411
49.0606875497
0.0
8.05901272037
23.6970009061
34.3494102965
92.8392748577
38.4998156531
36.7319617062
70.7253022347
0.0
28.6119028962
30.8039651447
15.084414392
24.427968452
0.0
0.0
7.52630979517
0.0
24.9217539916
19.4343406662
54.5306099744
6.53847488495
11.2029002905
33.0132592221
16.4243717654
25.5653099012
8.30873800106
0.0
40.4883826969
18.5466660496
0.00387458035419
0.00439159325312
16.0783178713
87.1746754444
58.0732656595
40.1924188966
62.502236743
76.898945858
57.8479187641
42.0585581848
29.7421906429
39.8644830127
32.1623947313
92.3110446869
37.1922063389
37.4115316945
40.055898776
41.6760423134
54.1244059969
57.8195118812
59.4134601885
57.8028307988
45.8002296451
91.674473184
6.8563150041
0.0
0.0
10.611351958
0.0
72.0366318605
94.5704878461
54.6449640236
0.0
18.6268053375
19.3496570921
23.9879022458
24.3110507928
25.2965091731
54.8961034389
56.3333781942
20.9528387019
0.00101598993021
12.2333672008
33.3699347194
9.63741175107
9.60432799804
18.6786612884
23.2552455614
97.9364405625
42.5144521685
0.00664551279939
0.0
0.00199892052075
0.00553866557245
83.4078320118
75.5287407236
41.5441691286
38.7726339661
49.4522000302
62.0185167821
53.5992202128
39.7507669983
57.4567160762
0.0109437498757
0.0099663092386
0.00925120264353
36.4343844431
0.0314188159089
67.7531765839
44.2345958452
6.85983229023
18.4408906982
7.8337035675
9.39772862204
6.74039632988
11.7174498146
0.00734037885513
41.7146042508
55.0075839054
0.0333068148353
0.0231877340667
0.00935249206507
6.91905559021
10.76835413
63.5796883313
72.5361088544
37.9920892733
26.4530362851
44.35559945
73.9330845871
47.6642003179
56.7012549621
39.2644229992
10.4186106454
0.00891913044339
0.0117280820468
11.9594630098
51.2154692984
49.1157430479
0.0416662127393
23.6127493449
22.1605155755
7.32254942933
42.4919365845
87.3145537971
26.4568685515
8.28812273309
36.3502690408
57.8255596604
38.4397002651
0.0251134026441
8.17385899544
0.023290697298
64.1478151769
69.3776870449
60.3269130969
40.2492242476
28.8478503325
12.0560719757
7.4553303879
6.85127999031
0.0267834925535
0.0248463923842
0.00894811448717
0.0054389446113
7.84169108746
0.0156302717641
34.4496459458
0.0281419832117
29.7775709881
6.95074765448
17.5677977291
26.6481704908
44.8196404235
58.8492440143
23.7367483
59.6148582683
0.121545882883
18.0363189019
0.146409456183
7.23938381822
6.87099233326
0.199482665499
0.139817340001
0.150860141048
0.151941278578
0.148849644768
0.142008781821
0.199225786559
19.510006634
6.57806262676
0.167930298136
22.6805807167
28.1895930817
24.3043925273
30.3879830322
0.211915224856
7.13980290812
0.227035614311
0.227823024116
0.211787162686
30.7449263911
31.3267687242
45.8890783185
0.201335873721
0.241248014259
9.92174577538
28.0585598521
21.8785160687
6.51873750805
7.16015050011
18.8734629088
15.1606843609
0.0589033600835
13.9831324752
145.930626804
0.0265722859383
7.41300249522
732.664182673
14.3637086518
8.62257211152
0.0329382339795
9.21302503931
329.993662824
24.2028044117
0.0227093843277
7.02048452875
0.0173351849907
0.0128732932965
11.9684717529
0.0
20.5101985173
0.0
9.87707703763
19.3933873289
0.0
30.8624123633
0.0
10.1166876225
6.94484227481
0.00503198914552
0.0294219619758
24.7795591796
29.710680377
29.682206
28.6774210137
0.0162234860339
26.4137187747
38.1799489725
103.033858805
62.5963425519
0.0816463889853
0.0819057433763
32.0495897477
0.0748769218438
0.163715414946
16.0817209983
7.22101809561
0.0486290503092
49.2951952924
74.5790296217
13.5716600293
15.5367495964
9.58783785312
45.1565109081
18.4385300735
15.2327349151
26.1597910872
24.8040912459
0.0132921436794
31.5781162963
13.7914127115
7.2613315905
0.0311878146434
0.0120816852512
0.0157705800449
20.4904017194
6.53652633435
0.00860303547106
28.5593639725
57.6660692598
0.0205712730241
48.4670933496
9.51672992274
16.6021809676
48.7740121301
32.6297959265
8.30324008714
25.756479396
63.949733373
45.44954914
32.4538764651
57.2258953776
45.4752721146
25.1184664621
11.6214892071
11.0200842102
0.0304115156675
0.0802980075293
9.68843917138
0.0432702019095
0.143578677677
29.2397345086
82.3971283521
0.057080755373
0.0485329797162
7.07144985843
7.48398554316
92.088125626
31.6576163671
15.6865706176
6.47020090519
7.41434992051
42.5905397631
0.0132646255013
6.82877622546
6.66993638759
6.75166717648
0.00212123684273
6.87197948169
71.0128091581
0.0173487679554
13.3853706653
44.6311239683
13.8971008509
0.0459797394482
33.507941237
35.2336501176
0.0646916705114
43.9466635871
6.80829297779
0.0410198082755
7.5032016893
93.3408716493
47.7541125911
7.0771106829
20.2614783357
13.157652309
16.5769988593
9.68841841723
0.0539543337268
0.111608148195
35.5097901554
47.8358045045
79.9411286199
0.0237343536642
48.9662503378
7.57722529893
46.7204921836
6.4592901366
28.7355804044
6.49652558492
13.046615025
15.956905173
36.3411558832
32.2386722033
7.37904678886
6.55466708842
0.0273177662329
0.0465828394961
0.0491070336582
26.5390971422
7.53666280373
0.0863810407025
14.3403023332
24.7102821971
0.0998715635491
51.1447446375
105.183808303
92.1900694478
60.1693318391
0.126077421052
0.23112016167
0.25524714472
0.208367426011
0.238555347122
0.168677649934
0.0450225839732
0.0172273273475
0.0294568365134
22.481929025
9.94993759941
83.1335281536
79.1643144702
0.15266189275
0.155545556813
0.157385564034
7.88018255599
22.6195483053
13.2971415891
21.5539836284
67.5044855476
17.6441835529
7.83704026119
0.0706370959037
6.48531768561
0.0656368175971
0.0697835586951
7.70991805911
7.4497687829
18.2623495254
0.110884153518
0.111625653361
0.123422545579
10.5148135846
11.9922455743
43.4014971995
38.395409763
64.0813539646
41.3054706301
110.376814826
54.8852688173
33.9343430311
31.5974325923
35.261295834
19.8286568323
0.168916180128
0.173627896649
0.175630777552
10.5440554225
6.67964956813
0.183804096698
88.1175600701
85.6359964272
8.62437701117
7.73485742637
0.0957915413071
20.5933326435
46.5079223878
17.692523118
55.6473855708
45.7266230197
69.4148979763
33.8270625822
42.6320513723
25.5493791956
19.8470012605
12.364920566
0.118372371485
32.3455332122
0.128349253335
44.0258760072
64.1224571765
89.934609116
9.87700885174
74.6979910429
26.6459434859
140.263283596
17.0387704902
24.0588858797
6.86157530917
25.2910888607
32.0171208609
10.7927143736
11.3703264254
9.75316454409
9.81299728938
0.0404210527919
7.44378602893
0.0486444409361
0.0392342025667
0.0887002505874
87.6236002556
82.0011417279
29.2664251701
32.9953728575
0.11458826811
9.29750829887
29.5577409544
27.5073506857
62.97314188
56.8884738195
57.6231886303
6.74567089557
0.0460978380994
7.58973756689
32.1833097834
9.27491867238
14.6448519689
9.75966659344
22.4687782551
6.67699016515
58.6836452214
70.0558242601
59.3211920945
55.9699931807
19.9698667531
35.0846488454
14.2558415317
7.01894379444
0.0259241234068
11.3927632516
28.4018369821
10.6295941633
18.7260418232
0.00697953559941
0.0398317489529
25.5402066801
24.5790768527
0.0304622422548
0.0225592516935
31.5647296146
11.9756745646
9.79357540191
6.53590993515
37.5246088891
0.0220608755852
0.0436855770352
0.0223012825507
44.2187687915
88.1904280011
119.381861604
81.8947212312
85.9589999885
14.7451525227
0.0108141053026
0.00921473125615
0.00799734293485
0.00770701489902
0.0232247835059
17.5579353669
9.3117807749
8.3151936627
0.0225897514161
123.310691614
0.0448992667212
29.5933288833
39.5626734944
42.6301245633
35.0144088219
0.0180218647239
0.0185906394121
14.4107561669
0.0217814777215
115.273434877
0.024956903015
8.74248205483
49.289179915
0.0456824785335
0.0329924577807
27.7864473833
49.063201343
31.6418949181
21.6326250983
10.0576557444
13.2372409559
68.0855378946
0.145655878181
0.123390384345
0.133618893154
73.8874918746
10.8820022071
6.7313087016
41.7885033658
10.2511878944
56.4814652625
7.91516404478
7.49576178509
37.3092749512
10.0218329386
10.8994001664
90.1809075827
104.148887314
76.3241555222
118.501811097
11.125015043
161.779711402
0.058406826476
7.16460053932
0.0668082927926
0.0233828670442
0.0334112124056
22.8637549562
7.01149403609
69.4826142637
0.0152744514187
0.0233121040115
164.979981497
12.407465367
39.458246125
12.6731654866
0.02494641453
0.0240529310437
109.04261972
8.60103321283
0.00101614472613
28.7565170743
11.7849295171
22.2016290573
0.0350192225136
0.0327979463692
0.0263969668331
0.0418138336077
0.0060044828308
9.30689472017
60.2529927591
0.0235781909815
0.0234840789418
0.0612879066785
0.066413478378
24.8751378009
0.0793443608271
0.0626727903417
7.13854312396
33.1042181792
49.2940025965
28.1828319619
8.69405168341
0.0217624099488
129.923483277
108.12111209
0.0176135428902
36.3053637225
19.1463305437
52.6746060348
0.031616254862
107.166872433
0.0372969889445
19.150675977
0.0458944808637
0.0604758486245
0.0331359759125
7.52955098492
0.0220280712546
0.0233870441679
7.81723759928
8.52596339908
29.1024018499
14.8724170742
6.46119197279
39.6526284314
10.535244448
28.4615441817
0.0332484213761
7.05278748338
7.50874375672
9.21157429014
21.7401525222
56.5750699359
7.18125532301
0.0324821876303
18.4539060111
75.0994233106
34.8099479247
35.0005617382
17.6285078727
20.4675097692
0.0770596879617
96.6786742236
10.1161235081
0.0324609862088
8.65082204269
9.55325597475
22.3625685191
25.2395851299
25.7079032759
27.8605934097
77.45914255
129.185005104
0.140720696704
42.0195593232
43.5708573006
40.1154551061
19.2846890588
0.00824708177735
25.5635588409
10.5229500931
18.3744224242
0.0312033139623
79.9296895304
45.6302306367
7.91328785611
0.0279267033568
17.2416553074
23.481034032
17.3811354659
10.4511073227
25.4565828603
33.324744933
14.2725300959
32.1386895642
54.7735427591
40.9784136617
0.116050301201
37.7982397764
67.5027186451
41.0715426592
27.8640828639
7.59372943149
59.6223924891
6.99627125448
24.2484520902
22.0724225061
0.113491687656
0.109474226305
0.111647308026
7.85765769108
6.58695538118
0.15519063812
8.56855216556
24.456622568
38.5457316652
40.3296349282
0.149260524668
12.5904271737
31.990499469
29.5263335156
15.6701945521
39.1960507545
0.0754188996868
0.0333065005338
0.0103737544155
6.48630670348
6.54788821682
0.0297449787791
0.0275952531214
18.1276141519
7.41059041849
9.98599042718
0.0516899563317
12.305095549
10.2083130478
0.10793574731
68.1851955848
25.7868450328
43.488910839
21.3408288714
6.92603549808
0.25086697958
8.14397761579
0.201127550507
35.6664987582
8.48363928485
56.0690130098
214.604985427
146.747444829
180.778915095
22.5930678367
0.267688032359
13.2117950257
20.3585807161
0.275482869383
9.13892729313
0.130469899843
7.84055479405
7.70053817116
6.58297319546
0.172903463947
0.122803584872
7.71529917488
0.140568157808
6.9064275216
15.8809967118
0.130744866205
6.72704618629
2140.98594361
18.808190911
45.1114624115
16.7172839426
18.9139890806
31.9047993982
75.6427110701
47.0211398867
40.3247739787
45.3376268432
34.6955112386
0.126226991466
0.129459922914
119.893722901
102.979039336
0.106086057334
40.564624511
18.103061249
60.0375185858
6.47623563118
112.868753171
10.1348418912
9.81876965863
0.0442094200788
0.0468565395094
0.0278595507207
0.0208474471409
6.9907587902
0.0173074860921
109.158307743
53.8373647984
34.1198627875
18.1055608897
8.74085110699
0.0927886226256
9.55220708971
0.0805899195479
0.0765308679191
7.39937827145
0.0699710477911
0.0609389616472
6.67911933645
53.6231129088
67.8016379746
0.0293751440711
90.0073602061
77.7975569455
0.0286538488531
0.0464534280111
26.8113462744
14.0845231756
13.1702404273
23.5657734623
0.0500517396344
6.89138574192
7.49575708922
52.2952803384
0.0256809181209
0.0369702089949
0.0393736560938
16.4663842006
6.77177356194
0.0555978816628
22.9451782844
79.3682423078
80.8710055701
0.0405016300476
10.306957406
85.3469370307
26.9262217703
18.4862186251
0.0598546806234
0.0572805602906
10.6056301242
14.6705720224
25.3431033094
29.6768776088
9.08242334047
7.76100756911
19.3207754041
30.4494774659
0.00782283305489
31.5326338882
0.029448620441
0.0644328550202
0.0521104089121
0.0457857278415
19.6962339561
10.578672782
39.7434695845
0.0191010171985
0.0235842419863
0.0241907589697
79.4954174124
102.995832595
104.00251471
95.5130117295
119.066597807
89.3848240471
86.488483932
70.9650158176
90.0758065429
0.0385612293296
23.8337894392
0.0212127109497
0.0305953340118
7.76031865014
0.0334444091043
40.9875978223
84.5421756874
47.4752072196
64.8509631591
63.0278579813
85.0706593886
0.0494626081239
141.435836723
18.7972222036
7.63949147203
0.0253023346791
0.0149748666361
18.278639359
40.1238480437
0.0334089627598
0.0275469964074
88.9109763168
83.5132122216
65.8068953086
28.7274863698
16.1315171291
23.2077842969
26.9843806372
0.0186555030925
7.13484298415
49.6567240492
30.7720629
37.0957196731
17.9459641666
0.0143491222323
0.0113885588848
0.0115782442065
61.8897610771
0.0119429800742
24.374234007
27.3569564441
26.2124248138
8.46581437194
0.0144894527007
29.9320608358
14.092612647
36.9237412081
31.5957234816
38.6646318101
7.08194993601
106.769209018
38.279789805
43.8427166775
80.8348380227
51.0483635357
66.7364562467
57.3367052132
29.6299935007
34.1712483047
0.0155886237181
34.9289147278
37.0196709468
32.3128499396
27.72217121
53.9555103215
6.86342567081
68.549018261
33.4628690979
7.75160753062
15.6900022534
25.969294685
115.259715
86.7508829128
82.803705262
112.432444944
68.2270196916
99.2353734906
84.5236961436
45.6391109181
0.00191949593858
29.755047131
65.3954778082
69.9316663424
97.9874782062
85.5640440051
54.3380698961
59.6293406877
38.4769092527
14.3738343222
15.9988524792
11.6953860819
28.2020872458
28.0129534393
26.0216644618
27.5938153651
19.5942425232
25.2269462561
35.7439461572
21.5530776508
0.0114488492298
34.5208965902
0.00631215523903
0.00673209962065
9.19489018259
75.2957640494
22.9593365066
54.1902086538
10.635402501
9.87212247953
26.685937257
76.8017489501
33.8685902082
30.207855377
46.2250086067
27.9924964273
69.6083089935
0.0111232480923
10.8571944179
27.6815140049
43.7008199662
41.4438552342
41.7226689948
52.2073148663
0.0126479873284
21.2577547427
32.4064553621
55.3595274075
57.2490379569
50.0260899387
7.99940070796
8.08210442814
0.00592395280609
10.0505680224
0.00754869181636
0.0104160619841
11.2136753435
11.999489952
7.32708175956
6.68679439386
9.91080734014
0.0141532850635
0.00777130743641
81.1514751226
6.48817105751
0.0242946428411
11.2392308098
11.8056812794
0.0179887106189
13.3044897999
29.8774555855
0.0118771298964
10.5060720774
11.295600059
9.44602060321
68.6795733054
34.4684232901
0.0501724679405
0.0484970676859
0.0375266996851
11.1234968015
0.0100332444444
39.4013792222
15.8994202049
6.56401626316
10.5451306866
10.9569417321
7.54936158252
19.7567188219
8.73752688043
0.029370497465
11.0988032702
8.99786110728
0.00468324653965
27.9472866595
22.1255863272
11.874798451
10.127250482
8.36192090373
0.00268672909235
14.7181173945
13.242244337
22.1127695191
6.86313113893
0.0101298224042
42.1409627202
40.497766435
90.7293553167
111.370867331
43.098251303
89.755648879
82.2305167117
93.884294801
40.0964805127
84.2551888978
30.0059504915
19.8308371224
59.9369959166
31.5999069035
0.00582979727136
30.0703378799
10.5938852521
13.9898952285
10.2920422606
0.0176916452016
40.575046902
64.1175257332
21.6916665121
0.00910138355861
0.0104100319191
46.116304699
42.0840506605
44.5553071492
49.8993201594
38.5824133542
45.5850821952
52.9045349799
0.00769810750024
0.00544935871572
31.7707530422
78.4069780321
71.4449391777
0.00799580557933
8.60569042655
7.99182017599
6.55869936374
0.0059254914689
0.00593834552484
6.7635614877
0.00588097091424
0.00826435807284
0.00751604352544
0.00919515481301
0.00496959953649
0.00453487004526
43.6917333127
18.9374349439
12.9025822463
49.998002333
46.5369452409
33.2582924973
25.097902409
0.000984567108787
76.1749632894
40.8228297265
68.7382524397
0.00374514599658
35.6599781458
37.8492582456
37.2900285957
49.718345863
35.8636851166
15.0920038867
31.4774213807
30.9824076081
0.00565219233477
5.68551189318
23.9686670634
7.93030298094
7.61662231973
6.43699673548
17.9318343666
18.0898873413
27.5067517394
0.00691214905048
0.00690169082543
41.5953655432
29.5284309238
18.4169615208
28.3255128106
29.4609718933
21.7947952355
0.0121526819448
15.4453140963
0.00550331966517
0.00542246319626
6.3032124155
55.7402439522
15.4711844334
0.0075588316412
5.52420506401
0.00584700051578
28.0230766457
28.1098553238
28.1228750463
0.00591440970548
27.9320591417
5.59071396865
4.9988780734
5.09601236837
0.00481359833274
9.42976052134
32.0372808844
10.1566394393
4.2628663679
30.2651237471
13.1145713001
19.0965026899
0.0
39.6275159932
8.87442588599
39.5482804184
9.66609267666
0.0
0.0
4.20971539135
5.70811042989
42.0817837881
29.4987148394
7.00636785219
20.7626121172
24.1854125742
10.8815310357
18.1054994347
0.0
0.0
0.0
0.0
0.0
0.0
14.2856989335
0.0
0.0
0.0
0.0
0.00129777609369
0.00494911707219
22.974022634
0.0213263582328
33.1758980424
0.0188856521878
0.0432678672286
4.61267048804
0.0481322321974
0.0505294881929
0.0513412307658
0.0511888671744
22.8648919537
16.7203414138
36.4544706744
6.67502448761
0.062026080054
4.61277438143
4.47662961806
0.0661102203242
0.0551188497148
5.32249877385
6.52724920792
0.0490857424023
17.6103823466
19.6463937936
27.815334515
0.032541143032
4.45414919534
0.0322660666376
0.0199977933944
27.397351522
23.806215404
16.4681856871
14.4260787817
20.3737049065
0.00257172559207
0.00715420895081
26.0021452728
0.00209950662222
22.3397816549
83.3227955236
19.2323217657
4.23375908412
5.97691944551
4.58448389338
42.0993243501
21.42856648
4.38042752336
5.68545941307
0.00568718552246
7.30549248626
20.4979010146
19.7784884311
0.00646857321499
0.00582909521982
4.91013696745
0.00643269230535
0.00990356345052
0.0103289208504
5.08683328911
0.00548980727893
4.48406313929
17.4751363629
23.8136928029
18.1208495059
0.00239492398506
6.05293066253
0.00801231382937
0.00489204212481
33.6886752369
32.3517206378
26.7442787868
23.3742051697
19.5560354069
39.5762855326
11.8914485689
52.5598873667
27.9626321063
24.7577528329
21.5695164959
21.1231810457
23.3017918099
15.6668176899
0.00186783423248
623.670986966
647.582779249
0.0
0.0
13.3589170791
0.0
6.61407950227
0.0
4.42534561155
20.7311284326
0.0
12.4060594764
0.0
0.0
663.275754885
6.06437376876
18.9067664254
6.78395086955
7.87855178426
12.2277169052
0.0
0.00384655326496
0.00453767597987
6.86401836045
5.25202815431
15.3932451281
15.3236683415
13.9747130846
16.1921425116
13.974375376
5.53941449024
6.2203846129
8.44725229049
4.9054946732
0.0722666342191
113.776248909
31.6810207185
4.45506358966
0.126892497957
8.74151217211
28.4658936164
6.48776951486
18.2442960161
30.7094652023
48.3229576183
0.172920490153
0.0344717434277
10.634796546
25.4708436173
4.37851077015
0.0307672629609
8.26758834539
4.74479841138
4.30966860599
0.0362812513345
23.918647465
12.3128665733
9.62107247488
0.0409186996809
4.69883533034
9.484559892
5.79238873496
4.48935466806
5.37531514783
0.0288172265621
0.0359148241602
16.5058033393
0.029993030321
20.2917812336
9.78033734573
5.73587562424
0.0141773588026
12.7078715929
42.1449720623
54.6844013241
9.62443211116
21.9083081023
8.39896001121
25.1763234547
8.77699648956
37.5741286024
53.8706622054
33.3509269755
26.9817985449
24.9435536397
6.2096336147
0.0429857398063
0.0487788610477
7.38119653786
0.0451095467152
10.737996785
64.3942502843
27.2817474159
10.5061324545
0.0446192385256
4.3401212359
10.6628242117
0.0427662208774
4.36960235848
4.59485245684
11.812249819
0.00532453715689
0.00717604027726
23.6305444326
4.54492355397
4.34144039335
17.5609885643
15.1018859908
21.5187132469
0.0416217068438
30.6639867299
27.5280169179
6.71336231398
0.0423219336437
4.86338807844
0.0299537873636
9.15290304271
55.7441548542
24.369027456
43.7650432986
7.01177664839
7.36540949818
14.9492185226
11.4016433661
26.3485785531
21.0690657283
44.685885235
62.9813584071
72.0118678559
21.0844866559
22.6452244186
18.6499969517
13.3113466886
17.3118659353
25.6668474409
6.23467271734
12.560266775
5.57649727743
0.0304260296414
6.30010276899
0.0201519307145
7.0147290703
6.39820907991
68.2284426254
5.64245565018
0.0466099517051
6.60803288669
5.58045759291
0.068723844739
0.0893091400508
4.51314228399
5.15060850595
12.2658335654
0.0830806809015
0.105709593811
0.115397803153
0.103987880948
0.141722177092
0.136598033473
15.4407408012
0.139192637529
0.113100837056
0.097360216166
14.9500504185
7.55592612624
0.129869490877
49.7001536994
0.0759316867618
0.0670265568631
4.26969240819
6.69511931298
6.46675627877
0.0657889202288
4.6269130188
0.107517394199
0.12943676342
5.1754992097
0.108545241347
5.399715689
5.68424592766
5.91470253324
0.0377835183789
0.0186064898231
0.0292016024409
5.55859786278
5.41491403062
0.0585719176295
9.21421063184
20.2553139313
38.3714727972
0.183415225685
0.106856130674
36.6366773365
33.9148638882
12.4042344403
15.0198782082
6.85940138356
15.664710847
8.61597324808
10.9164275179
25.1840327491
16.6292205552
17.5861512011
16.3578269293
7.22864059884
16.5440273727
19.6878457741
7.15526890681
0.140306810845
5.20609225147
0.0963268880094
41.5097531172
12.7436523212
9.25503702811
12.5270067708
47.489713092
50.6736329784
33.3884195432
16.4522776571
28.0698903489
0.0657782546921
5.79758539316
9.05072050807
23.743105606
0.083441012937
59.5380540026
24.9063062509
31.1254606787
5.64473730412
11.1314796275
6.30257294287
8.56314519347
10.2403622575
4.70059717298
0.0624584114087
7.83292014543
7.22653982925
5.41935999841
4.47248491383
6.44810343697
4.59250250219
0.0255787714625
0.033287200563
4.58864229748
0.0839203057591
51.2947314119
48.3975312765
42.7941705114
0.0277867436517
24.6289275985
25.8215042198
10.3959715537
5.91632247456
50.7949415192
21.1990547574
50.371815676
10.4810058498
13.1729775511
4.45708323062
48.4146184178
4.79684762148
6.82024566034
12.7752211614
32.2996997011
10.1277800019
36.5507174883
47.2863379489
35.9333267189
5.38763376336
32.8798377968
58.0523837507
8.0415329344
16.0025667459
6.45334605102
5.97230954546
7.36158177514
7.38294108197
4.88604840546
0.0095325392054
0.0314975214944
0.0112032180634
13.1441189803
15.1149495079
11.8320865926
0.0334730581854
51.4586447155
7.51187105974
5.91346008014
13.617712785
29.7997162452
9.63860646191
54.1563454371
48.793660672
22.6794942794
69.3004990894
58.4865115655
31.0827486727
24.030625424
0.0458105192716
0.00972402648635
0.0050527209535
0.00434941119281
19.3427396307
10.4703156336
0.0369114302429
5.3611710537
45.0446167946
22.7362849111
11.4974085191
5.84585934628
8.57127678294
17.0741404975
0.0405444412429
8.57207715438
9.69019695945
0.0187588718431
26.4137579859
0.0137418977947
44.254738024
16.3050032457
13.5134730578
5.16935591402
0.0724844044152
0.0637325483749
13.7510427996
28.1257812435
15.0071864246
0.082957033895
36.7669842153
27.7231065707
18.9400697922
9.40279262857
4.92447006008
13.5024958848
0.0595211328359
10.8040710852
0.137145945151
0.131472248347
0.0874952306981
0.104426671071
5.24966322859
0.118917547671
23.0365310982
0.0700609601009
28.8580196867
31.6149873858
12.1698140784
54.5505763504
54.0484615069
28.0376157927
48.5488454976
5.69419913065
4.21731646962
0.0894857764158
24.6769590179
23.9617807389
0.0368919585193
21.4620480624
45.4621034296
65.8200803899
41.8787109131
30.1631187108
34.7177568514
9.22843968394
22.0159137534
37.6282182503
39.3905476442
31.9543831499
26.7574840446
32.272913363
29.3764994963
31.7911351938
37.1721592276
57.932042296
42.1044209944
45.186162499
46.2169339923
6.08285415737
6.00070772508
0.0491130666689
7.21580483484
0.0162309739944
4.59033552179
4.53627702937
27.3871876406
37.1055325092
57.9633052169
51.5765899402
33.194047281
68.1128863744
40.0389308479
55.4076966385
54.9273836955
35.0056303172
23.4077903792
18.2262613042
12.4943804845
5.764045651
25.4159217169
42.896612136
29.5396999738
26.4425479778
0.0791920429186
0.0379876484076
26.9255214865
45.1748388434
32.5807785928
51.0192339546
34.0369028571
48.052235919
25.1109329768
5.92977137416
5.52644902306
7.37347411911
6.75299077756
5.99481764933
0.0549831762108
0.0386189240463
0.0269278178777
0.0184346571255
0.0184294807507
24.21009094
0.0259972030218
56.8343780611
51.2561750903
48.0699555509
0.0386950772176
4.95447658118
5.33319822493
26.7410949924
7.18744808879
43.6113878286
19.0822109152
4.76238303694
4.67242328114
5.80808213146
0.0578643420099
19.1714823005
0.0944136005774
0.0706436502491
22.4801666043
61.1528994584
45.2194076961
11.4355615921
27.1425237302
22.5085848732
5.91058438319
4.30303649033
4.23793916411
11.1061724752
6.50026472652
0.0515384051325
20.8547824583
66.3223060535
6.36090263004
0.0217810652325
0.0210771226812
34.9424256789
80.0273619719
0.0320037988625
0.0455463013353
4.54287615791
13.0323675835
18.6174223617
13.3854941801
21.16645658
0.11675593202
11.7877300545
24.8332126677
25.2496493377
0.0769635572145
9.72278823499
39.4376775055
53.295847249
4.84673742415
11.6878967223
12.2920401296
0.0852179798231
5.16375215542
4.81959610709
0.0982253896818
0.104963245199
5.75403530628
0.174232698227
19.4741020324
31.9548381822
24.192781869
0.0605674339828
10.4124447168
5.18951423714
6.79129527154
19.7489482747
18.2620431407
57.1890529246
28.4921972643
45.4469545791
51.9664845229
14.0948744925
0.0281362173069
8.15814237358
0.0228980269851
4.43837417564
5.55958758894
19.2151169775
0.0786214560121
9.01374057678
26.9828479435
40.0488398589
24.4290311809
0.114244763592
4.80566145122
21.5227086109
4.869527529
0.0744191406243
7.26696019767
5.0470259033
0.0691801521149
13.3911762114
17.9426623232
0.0618706422716
9.15526898678
6.29786743253
11.6696251363
12.6939747748
64.722871953
4.57562050502
