0.0
0.0
556.897419811
52.8635200353
120.252483148
124.719194348
119.445710787
124.897477199
113.654131927
104.280967271
99.498085287
94.0585175774
89.6612222396
0.147731232562
0.127866057955
0.115812129783
0.151801690425
0.130351855974
0.121451161601
0.108054539508
177.375808302
0.0967449180184
0.0852673517329
0.0759077091753
0.0658413694736
90.3640524142
1565.48233313
5518.95893331
3453.42337472
2599.08775164
1421.24659787
1692.92429554
994.15167503
968.002936951
775.074499468
665.030304159
647.419423215
620.163900605
533.061072264
445.891661089
376.813304338
282.559049684
203.24511488
107.743222068
87.29699367
0.135105017593
0.115416131185
0.111604244261
789.152136058
0.3232734288
92.2835722044
106.807422985
97.427971143
89.4096868995
0.361717836888
0.339279158436
0.302935199599
0.268013334427
554.803873741
530.712929113
413.647163757
334.281117776
269.06234207
191.116203273
0.185052122551
0.182741917154
83.5581910969
110.679491121
208.406567209
218.505849212
305.173586602
86.1710373308
220.078532205
219.633749128
204.982908737
128.781357875
108.176424402
91.8343728517
0.36562860064
0.345589916084
0.344214000031
603.668606329
502.74865711
335.726065172
0.277744003955
0.259283830327
0.223595522371
0.220320063199
0.247877641047
0.251961702945
0.246335685629
0.234559829983
0.210253700629
0.220284522118
98.6489356855
130.92925726
131.209770575
115.642416177
98.854786792
0.761208053707
0.672667015727
775.553775883
765.37076199
1202.13174954
728.117439739
603.645077316
400.744203572
294.050278013
385.883104474
323.105906779
0.270402693941
0.28652063998
0.367562534264
0.119950790843
0.214072833657
348.594441286
344.359800678
83.5898995124
758.867248903
1377.65093664
1034.23094183
1463.53459597
1627.70200489
335.060469738
0.659064064911
0.964910512076
0.748496207125
1.58969307491
0.929030085413
0.825157847452
1.16398646509
0.938006145873
3.59573348569
2.47469637521
1852.62164424
222.295094235
1952.92093348
79.5840885186
0.20669832696
82.2111078022
1.11463256112
1.37176303299
0.853381455166
342.255045879
227.281738328
203.808553314
66.7012384511
76.7954303049
235.18303417
225.984325736
164.586620955
90.2180597863
95.8333948148
61.2747458478
246.308911522
116.904311007
101.800406875
86.4683981088
0.490595918945
0.983284217501
0.487156415564
0.820131182073
101.176062287
194.434215506
119.301561593
91.2759102851
87.2720170084
0.496473881414
196.026971534
218.281887608
80.3117906933
0.603184399029
52.5573295843
293.790401386
249.549149806
227.374956192
237.939473286
270.818309329
259.432233686
269.779367666
283.296620071
292.233876132
275.633124459
147.244678862
222.570257488
246.038457563
0.614843292462
0.549730798398
328.363982518
255.668812736
60.4212619737
0.448385722271
0.302638298531
119.256743209
96.0070077497
0.141820188946
0.167153374724
0.178352134606
0.233332966583
0.401014806228
369.510493181
0.29888081358
0.264457230321
53.7987096074
0.482868785314
102.44277355
126.940088675
121.774380926
109.606717606
107.539063326
94.4389331864
81.2065641964
0.703787431638
71.0906565594
66.6444301259
0.420010352421
0.413028810003
0.372204728958
0.431301376528
0.420606462114
0.393076159009
0.401024571211
0.362455379269
0.321133297504
0.49644064659
0.567889573547
0.383133850853
79.3996854402
122.974085171
128.328693814
107.610316634
99.3175962128
95.2028791703
352.443094487
92.1136470519
118.882150816
129.859979006
96.809109191
0.342440004235
632.963984612
75.9495701799
159.705925314
322.885114401
309.404171261
0.324094818873
0.322403780311
443.761984838
574.113326944
565.452661158
1090.29229205
87.4761086452
103.838196702
102.697460921
86.3945035362
0.515993199056
0.485370103788
0.604516266829
558.110348316
535.138878417
523.854619856
529.471752455
414.462209554
334.349076767
330.366267552
234.88614983
373.031533005
0.19277338302
0.183704529692
236.864711554
240.275351264
344.256778791
322.916898608
289.245288132
237.235026394
265.715704451
266.034652085
251.308646128
226.195902042
143.470010402
135.30727095
125.884572711
112.9259072
94.1026359165
91.3105639357
82.6272659764
81.3936152535
0.120625751921
0.0649730298239
0.0455764535255
0.0229131520244
0.0929940632742
0.109930526405
380.335957394
341.302550935
313.474863479
605.914928913
450.702861542
440.324124
318.041700524
681.632788299
420.238459597
291.570587277
145.805620675
203.864088292
200.101336623
0.284504359044
747.775447567
2241.82547457
2370.35284057
1753.29157509
1453.62741668
763.744466398
558.20825858
350.191655323
331.153211979
255.012567299
0.700781712099
133.8306057
135.666203153
2.37862450627
114.902582677
0.464893523319
0.484548360734
83.7258898637
0.392601992971
0.207980857884
0.388005955875
0.0977431850669
0.175462763918
76.3028066337
65.0981932301
0.0158992533463
72.6850819605
148.154024082
0.152518142959
362.052722356
343.73178168
891.084389634
1242.86674691
1251.01563581
790.737467549
770.199431594
245.551854252
0.304268758908
0.27265226905
0.307137200587
99.5161036701
104.048084854
98.8305795418
99.5065442496
0.294760172156
0.306187054894
0.397721607151
84.5613708265
0.327625200867
0.380696910813
174.289136937
185.216310721
87.8777060827
206.300267953
118.741876093
248.867970383
101.271565666
99.9442806837
82.6299419928
80.1935681815
78.6116262929
0.597803518721
296.207271485
0.354920256335
533.05184272
593.63063906
709.424077258
694.578843705
272.838542722
0.910723707155
92.4883708299
83.5483990994
0.848730113966
276.144344125
210.927960864
237.842119653
211.732040823
1.57345187133
132.157375854
124.941959579
100.133727668
98.1620845316
76.2658061199
76.0883406556
74.4998026182
570.180566492
506.40830249
575.327877841
696.859281615
187.201556212
112.53358496
0.396392662963
0.919773911237
0.810644772769
0.870085419143
1.37966682587
0.527095688124
0.549642020126
1.00803607915
1.12596938012
2.27062150268
1.44506942241
2.1761859659
3.37982835818
2.13377622432
3.25869314584
2.93063730874
1.93387456773
1.84642879148
1.64198272125
1.3672883501
70.7516008864
1.62772609
1553.3855819
80.0543393867
642.889733683
99.0598125465
1.28785321669
104.056954815
146.747729508
1015.30699841
790.010601934
61.5281121089
142.312794452
587.446451536
249.065940815
1.38113864033
545.114551808
132.634880411
1343.04633788
614.911051172
500.241787014
395.334187202
341.812108226
261.839545391
110.809850775
226.578433067
483.648317689
515.022105939
551.634505727
1148.07164371
815.512004736
682.164876335
446.635801789
3193.17127998
305.983374621
343.150687148
339.906939406
329.751593622
338.15724773
336.986100002
298.214041825
254.456261205
254.554787154
242.284224739
252.848339669
257.502861155
250.605049748
216.396832757
121.748542727
120.861807563
117.20670968
96.2641380113
107.049576296
104.912124639
0.184712091711
0.099641786185
183.089549557
535.446363914
754.979709178
1036.36021551
1223.18630123
1404.59306407
0.87332546082
55.2704744783
1.1491785849
0.812179611587
0.53079027653
474.631887167
0.77765046365
0.799269970662
1.08367221976
356.259602617
0.280131863889
129.831629397
0.516410438284
0.456809191985
0.388258489639
1.18752297419
1.20155197938
1.60647165909
433.599704232
480.215610597
320.064685983
155.710042878
61.2858719554
367.586579566
347.048964379
301.251341893
304.98337729
467.901061745
467.711084383
350.795695611
527.595616065
0.307857170942
67.9875995307
80.0971575395
99.6028576702
78.6314343922
306.606194958
326.998624169
329.053803816
163.770792179
139.276702419
251.77257402
53.5184744019
0.518080390519
83.1139491554
89.906175694
111.880575432
0.764221866294
113.691309383
125.7954246
83.644868275
94.944572556
208.311458787
0.577944944972
123.026572943
0.502822473951
73.4132288284
209.6250776
437.080957063
536.192842626
795.206330788
65.8319548655
1366.21674637
0.910957178279
1154.66120983
1324.54256876
1023.35493647
610.467756849
316.94770166
259.470791468
301.548980958
235.080410701
0.268452117732
0.545544195312
177.308783396
495.857791214
529.609159607
495.359572924
117.790300452
296.00151632
349.62292994
315.113301038
289.023928644
285.548206125
170.310585937
156.076764622
142.040627026
135.810216144
128.864377288
101.310432318
311.021249333
95.9646006909
1464.69126662
628.372107274
183.668896472
0.378778605931
0.429539826809
3849.54682242
0.474091275516
0.871742894187
338.802337867
365.072694299
704.825410551
562.220429787
239.293288536
327.524394215
185.35561604
1.12001821852
178.138323832
146.39803931
192.266285642
87.0749657896
98.2194398475
84.8831857217
0.371008881081
0.383925598207
1684.95991273
0.378184689056
1122.30103517
1100.3083501
2676.9305591
3736.27384531
2613.66757502
130.666049328
335.904929235
364.421146194
394.485973179
376.920125527
325.836233753
274.984405503
245.557076082
219.693466482
216.049891685
215.282647876
196.560865015
203.978184098
197.646723856
203.440239653
125.516112722
113.241246403
109.030653037
114.670425187
93.2746323277
0.714925463265
0.664681456671
0.792446959995
687.375757219
1.62821876926
1.09200611846
0.948025439593
0.919400526259
360.157982926
386.551392927
376.866541763
362.696252314
344.543520525
369.095637531
382.465362362
332.923165712
259.470349716
205.721980215
182.700319533
105.247233961
107.080451707
106.242500908
94.0207982154
472.155051075
418.158551623
0.680058501467
53.9532345337
2540.98934131
3538.2681123
1577.36566574
1171.47232058
1628.26741749
1451.19325066
854.131800179
98.9816186366
122.125958258
1.5919780924
1.44748703104
250.304448922
900.744676971
788.883175133
155.263048297
312.861548112
149.579505614
321.855008494
0.998881432545
1.65756374576
458.460735406
370.505545148
211.111098003
61.1492480423
137.897177793
211.016783344
1.48432939705
1.25090367977
4349.73637784
2.30914890165
1.40398981468
1.25671033397
110.356388941
103.619547365
0.663905811208
74.8584172957
331.978262641
100.439576407
147.725198066
91.45180616
208.143412797
76.0461928498
167.027925063
1.01867659731
106.837691428
1.11491505929
1.91050172348
155.595081099
1.46294852098
0.784337474335
63.064957833
1.03682050674
236.046583692
1.64324671338
113.224890523
1.88439225577
76.8999148645
72.3628819667
0.537089001789
248.431512464
2743.05764903
1588.51235592
1254.01219029
1493.48835612
1.14087929402
349.640534643
327.701379911
248.080208541
297.362907365
176.594404754
279.275632492
659.67179186
396.407683726
96.1602372424
65.173012475
0.801256591236
284.335224405
1627.18174604
632.656590624
723.08158218
492.589964631
1360.14430799
781.546846206
0.993522522172
1.77428229763
1.92034606626
2.50244111442
2.56019342622
3.38687717973
3.2241531338
462.629825899
778.734535389
790.6521696
1424.56516054
1961.49707016
848.008099868
364.780271812
0.529871405512
227.305697229
301.049598264
1.80944058726
1.63182742768
2.72986481362
3.08027042532
3.24892456967
6.40396198865
2.43639484962
2.5134846555
1.36989752096
2.22017745334
6.8796007558
6.70155126358
1.28989312569
7.1050600496
7.01547136243
1.6621994193
6.76347291455
6.81665128655
2.00922265439
6.95812613913
7.81958871703
7.7723048242
1.10294796613
308.581106538
3.14308202292
7.78941101402
8.47385780682
8.51144339573
9.016403148
9.32695547586
2.03592378742
8.9135408762
9.44651742508
8.04466867124
9.80765533117
9.091054437
8.99711139284
4.74794615464
9.3123060505
9.01980818778
8.83589401738
4.02619874519
4.31536338296
63.1529762163
1083.91035997
400.266083105
1.68670153565
241.863999605
919.730056779
80.4521187611
78.0138564801
466.480330215
91.2090098928
336.385579496
146.087237885
3.10384327426
352.26491041
174.536638164
78.8891887053
3.19913275855
206.742483486
1.60061795487
1.26259678611
80.3419146999
0.743938757347
350.700339656
253.492742528
227.927860234
338.376824851
0.574560710697
229.718794778
176.635739373
213.713778858
280.809291634
166.5397114
60.9922896051
142.557531569
337.044299612
523.873493273
231.858446781
62.3053104259
57.1443479446
172.575393662
72.770843723
0.351229964295
493.592871341
435.505321953
114.97519213
2585.48643712
1054.09360987
1262.27846671
1032.18731175
1.76968221046
378.502918444
3.17038948714
236.411764345
405.702003569
386.865356951
365.854510749
752.842590919
2.91952014373
352.761761347
97.4271742492
2.84989093484
66.1036612064
594.251871571
404.168985328
119.997761466
493.370980653
1008.22333633
2015.32665539
2107.29225765
2060.92612829
1487.88057736
1754.58637065
1671.13287383
1320.67103744
1.91440013909
887.49048361
667.641624153
200.847364425
2061.40028836
582.612473852
430.255384054
597.950007545
105.276088524
422.198405797
181.851488182
233.856513974
231.777969155
399.680058493
1.21638092257
454.175840453
235.081189438
240.397374723
5.26035703547
3.81439292791
2.990965546
6.83877851984
12.0649506578
3.63976297034
195.066735859
2.15093228606
115.182998459
357.023533302
1.85773136845
1893.53846477
272.578503044
107.038094775
255.211607535
105.623675947
297.770064646
510.595016547
505.068034296
459.4002441
664.89080507
567.408664555
398.384492928
488.981441545
725.000780937
230.606211607
627.776558825
554.550484448
136.784787066
387.213187519
384.069823331
118.47437553
335.73945059
78.2946919581
81.7415514107
69.4875809497
0.807327164031
1555.73756431
3855.63035836
0.967252136762
961.568433896
494.854166953
2.69339751328
3.81073235161
215.750471465
141.061724795
197.042295817
3.02887239587
161.376164648
574.818825429
4.97472843235
4.52500765488
225.668510241
109.304802937
279.491697357
102.79335372
327.785596016
442.702040951
265.189168608
67.1863889607
699.378367937
75.56392931
2.92064155618
2.98840743855
6.75556022701
3.04304435791
98.0030419565
92.6598412217
488.663417999
735.996686459
305.713277729
70.8537033967
202.463606346
366.089732471
334.696106277
196.955012164
3.16640814905
250.574661708
1.60403901361
707.316109729
1.41156886046
150.433973647
2.75164970694
3.40007352357
140.542206886
150.718904812
4.44477147237
5.21105032583
868.222365119
854.812517447
69.4916822917
72.1622712369
730.622349808
542.233756669
61.8380751353
2.12018412342
523.54170323
2.1414308633
1.56269874981
1.07331785552
56.0039405532
1.15069020255
3.69455446761
3.05340936041
3.63542946472
3.7766743667
70.1538553656
3.08298363933
3.58131443681
72.9558645457
80.2924963527
67.4941913394
2.05388562128
2.63901835561
2.49868800429
223.301304128
3.69244642287
4.16546166068
360.477257093
3.76499637427
3.5816511698
885.93954257
7770.01056502
1532.97590873
1.7486244991
2.09708264986
6354.94298878
5157.77599583
3404.93281486
2442.65669624
3124.90202223
596.568092923
272.225962142
5.86284378049
320.555513263
4.31839399167
3.54380912927
3.61450761667
3.88804743786
133.980697234
2.53297915563
63.5329513039
1280.60352759
1435.69464797
4.87405414573
1082.88588405
805.613405732
1030.73869203
1475.2332607
0.634230629927
481.238768559
1.0858034472
434.87877617
782.025565609
797.560886916
612.730788995
614.570201197
212.064685942
369.947749441
61.1511988177
1.35923685898
175.113428351
525.360910105
729.076089577
790.075465564
2.3241168196
3.01443328116
3.32165160611
486.895033143
2.20881400481
3.30283456637
2.93323403909
169.801074289
327.857545926
3.62546400238
237.906074188
114.397706669
257.901110089
384.790294425
2350.30354147
486.424349818
213.853579218
384.35482294
543.349700436
767.833560182
416.503506887
270.944385528
324.79598269
429.733353019
86.6408142783
231.25530583
207.670054467
482.132913064
360.801092972
141.85234478
370.651714286
99.0341947761
209.902766495
80.3054180361
80.5986096632
65.5708974377
179.857485685
93.5579070738
247.371304636
1.68391885115
5208.74940042
346.585626319
3.61776945929
6530.76727655
8874.74492721
4333.72640533
3053.83266974
3056.77415976
3674.50356979
898.030291801
262.443014499
710.178668628
2.75737301236
304.603973647
2.80691751279
338.21413615
139.68784231
212.272674812
454.664882282
2.82699761338
909.374485297
239.229688351
527.90969692
504.832921769
650.537561963
4.32846927741
246.855916531
4.59979409642
334.780574297
219.765695433
548.45593339
3.04969397465
159.44230878
1.07483845615
1.39272565507
345.38486252
2.94522104774
144.81622361
357.563609012
61.0547885609
183.302192628
3.98508193545
547.975304617
5.32028462762
5.26346193625
4.20612848746
5.61415264406
3.80016867994
4.70227049586
101.573256483
10.1258191223
86.6840087494
3.80124287678
7.72008913708
120.901809234
481.366750553
62.0965467213
60.468616171
545.009805368
1116.44726402
6.48472816676
6.99960299913
248.101125097
432.942497973
7.96154392578
6.00833166835
95.2061470372
116.602693426
8.78315303007
79.7818120141
88.0522324391
7.58756901645
69.6440488984
7.49768229716
6.8896056393
6.23586483433
5.97453232115
5.50845264542
84.2178626781
4.07659165519
87.9788137885
70.7331709169
187.778058455
292.310238662
3.85589324376
2.38577142328
2.21367837792
1.82235060528
244.859964354
2.63366674213
2.22870184656
92.871532557
83.2840705322
86.2199165592
64.3113740692
58.4551307653
92.4773677165
74.386316895
117.173389946
89.4712797886
0.790750572395
0.798840001419
96.9085042934
0.797549379193
74.8977640646
118.975134226
0.742669864439
79.0896930371
0.82050642801
0.84463935561
90.0886354555
70.7237710772
414.082706167
874.688032963
638.636792376
61.4642259281
0.842289883265
0.789116741167
2254.19413035
0.77002956159
0.748181882649
1265.98934696
652.649776733
384.194159662
684.190232187
599.010456652
1134.55948275
536.932463635
1056.79196344
1880.29466404
1996.78477039
1550.87438914
599.142129303
53.3109189289
553.910011746
504.875192136
463.937246112
420.409306732
395.626661234
380.718391069
345.156635194
193.575443161
306.086893722
142.538032487
249.50309305
114.854906625
138.917072733
80.9726559385
97.4825328674
1.02525737283
0.997956632259
101.099734255
220.007023075
54.8243473681
338.784525881
0.687344871155
3863.45589808
0.887739881733
690.304826838
1368.82814595
2048.99199882
316.007751961
711.643908703
556.912235432
668.225494918
286.739692051
58.3115303464
355.718437553
571.640238461
503.883237723
346.20984723
2.01843682913
621.158668417
778.926578359
3.21140238025
330.797540778
488.896809183
2.09785329898
2.52912195204
2.43496391152
1.66831075291
2.19982615645
238.84889708
133.604617803
1.53456168001
1.66440771994
1.41548498241
1.52513018068
65.3896313195
659.675916335
1.922048439
1580.55976429
1908.06467409
1952.40723097
1220.54142426
516.751035112
344.289761068
713.350015642
1041.50103638
684.279121489
753.773333002
603.78673024
435.215449496
253.842528533
1.26606788128
0.875623191852
1.59913697642
3.4627058798
3.57880001107
1.03959339213
257.368815872
364.761662636
2.1797974192
5.07787009785
3.31173593687
433.228228976
4.29465835382
3.97295058294
1698.55568419
2.05264176712
6.21368140627
4.23415859937
3.85008166674
3.80820759918
3.36624086387
3.88072686381
3.33155829292
3.49747851252
946.89887213
983.344746998
989.252356555
833.071618753
243.428989315
299.90482846
830.004277747
1181.03480737
843.116965376
1152.20166951
362.319712794
414.614711021
9.35520489787
397.63005334
8.25032409021
916.691254805
357.03156918
2815.82456139
276.456595782
8.29786227831
8.5247438313
627.39235493
242.449762673
6.92969580609
491.719908917
494.304177699
525.009904774
294.625697707
5.49848659121
4.90359447021
3.82266732944
242.804746025
2.48859839779
849.8350097
559.523718541
657.805029361
423.032252179
248.893027572
345.691394361
4.00040137113
4.1052320599
1425.55141003
1484.96347737
1333.61531971
1657.07798108
1.95272692826
1.94247030993
748.817919641
747.453244826
453.026288134
1.35377985383
1763.04018448
1.99701066589
378.723268495
1118.87369689
2299.31650206
1711.11171044
3248.9487821
732.974739508
1071.84841402
966.690202523
4.26401625143
314.346472438
3.47312612812
500.293322429
482.323211255
3.0270459644
3.16478871979
2.37097233441
3.24434458114
4.30026473541
289.093884758
634.930440347
506.322062037
2.70880112427
2.20600824858
1076.60482624
4.1643549382
3.28800975527
1490.33437597
4.63891832927
3.05744684282
4.64867652855
4.31091934755
300.456253761
3.83032400742
3.75192060025
1091.11842443
1124.14488791
1000.89622851
953.250635212
245.969321948
2.03183052228
1.57060899212
2759.59380601
2339.6012418
938.536149588
423.048851669
2095.41689644
2632.27634858
400.021638605
512.584506016
489.349268513
474.101119204
467.682036056
1.32977518972
1.40687463439
1.20254022197
1.59660418708
286.131437304
251.276500792
2.1585552631
2.22480964117
338.323909794
254.579556816
1.88844056935
275.190683561
2.03461220265
2.07492885983
272.421689086
2402.69085883
578.319008114
340.629909691
509.30195381
299.188174755
396.638767152
304.69010163
323.953509049
0.808584820729
1.0528349959
1.0603367145
388.018646492
379.572694702
0.869174028383
0.659520180816
431.603045431
419.902512549
0.839909129292
239.636763521
0.937632057041
0.804870784257
1947.05233282
2481.8334661
379.594802642
481.845807352
448.216965692
440.674611089
5306.98959038
2514.45787633
1507.00104599
928.80290447
2488.58579208
1196.77856473
2.25786067846
282.750254653
1366.40681232
3.14238857071
2.19614799648
489.900369539
1.76188335799
443.596900742
1.4250585336
2.43252727995
2.26613306352
1564.26207798
3.33241980386
1255.65086737
790.631856768
257.288422074
246.686753526
445.976674252
5.75338243026
442.482047996
438.635132978
4.26611204559
4.03394456727
1842.28343776
467.991211167
2.49778500303
304.61072363
457.49928561
768.906686313
317.997493609
265.188104945
3.56229717778
334.581495321
253.605924185
2.9036579211
3.54583882382
3.04269845363
6.55607152527
5.51495364092
3.69144769323
429.672923553
6.90578504285
3.05427683295
2.64026924535
1173.12057098
487.125209059
263.265886855
258.866138284
491.346651847
385.035715304
3.85656288333
366.448982545
3.97858065262
774.133204341
958.455675646
285.864417032
4.77209034009
4.57632251827
4.23774675921
1056.97793932
1042.22522823
1199.60789614
1075.3802873
431.548327002
4.22811035736
4.86861391443
4.54220376383
1323.96337558
340.019202631
4.56201557883
4.82406293896
396.739714788
1330.43090102
1747.39117238
2167.75040914
3199.77510686
310.894649239
6.20813930278
7.49652001414
6.28078581527
4.34063385866
480.338746037
4.11858220801
289.942849287
428.567867938
2.78118069023
329.581357876
3.0439146127
3.95213119853
333.966518364
717.256210376
2.27504739737
1624.53140913
6.78342075899
275.429954555
454.523194984
774.833082245
330.770431045
852.417098472
528.328335351
899.136428848
868.939454861
834.379052512
550.700240238
944.120814807
944.566627846
9.72501484421
8.45918353332
844.313239344
9.29011335604
1194.33219961
8.10104533709
359.670025107
417.740184653
323.988669851
2138.0172901
1538.56005553
376.124928683
906.58861216
278.06903486
6.15699113752
819.921778037
247.187333344
241.444610291
6.6587664299
6.47291779439
4656.90470136
2204.32658151
1539.88843808
1492.23855551
5.02527662415
5.5763843235
5.22539442261
1008.08815815
248.873680141
1000.49281788
1467.2731042
1317.69870474
2193.15714127
1252.73984648
2.9077897611
346.407345157
1.69907911277
413.17963139
1.42750222659
0.885988335104
845.182617374
407.568383659
1.35349938284
377.447181849
425.369979208
1.41830227853
1.30403146194
1082.32337516
511.995884843
395.009086318
1.37352105001
1.66512127813
235.554617668
442.746816893
1.75000937488
2901.38938875
1626.15426253
1929.85997657
2177.36553908
2357.63483708
2348.00249642
4.54473717656
4.05823159536
3.99461163531
5.35955686515
4.88203993592
356.134655336
521.037377148
6.28938517938
503.453030714
714.66728911
1764.47766656
890.911137662
1204.69771095
3.48294776699
6.26458162479
7.09873692505
525.892923015
6.69940519902
4.14379227319
6.28341880803
273.369850647
3.06678307847
403.999061885
469.897765484
1.91550451078
4.40146702944
5.86146349182
276.412073706
251.656403391
448.883362612
511.109440721
6.08671016542
6.31826119501
5.72448912951
2.94017991186
889.863555792
1224.74037485
680.09873117
6.67403201616
2139.59204033
4.52592262727
686.253582187
1.8639518595
2.30107708676
5.80696416008
6.2060881436
665.671456845
622.29541476
774.296101255
310.36296393
5.4278837757
238.456672484
399.071459888
1078.4823082
253.296649117
2.05674171808
2.35980219485
296.358602167
334.601592016
537.437818902
889.9271532
4.1461190178
4.83012907547
5.56063217649
6.3803982005
5.33878977519
4.57416624927
336.705117946
481.113443719
4.15794609371
6.89016568372
7.37185823938
7.0121479908
6.82142658535
346.065289339
5.99822478691
5.8283198412
1374.49563185
980.336462823
1306.11000539
2115.82462939
2213.40359869
1526.12956452
314.664411075
1064.71922447
652.784823457
2.76178745071
443.149020131
361.961699986
840.752954057
4.49840104224
1185.92245388
700.377332082
329.842934821
1.93881414345
3.84791958581
380.46810475
800.199219636
393.96780509
7.67878544162
251.845594827
273.607992889
849.30125408
4.99039957435
466.918167368
573.080547059
698.904818985
239.429460245
5.8006189852
435.553656009
401.675379773
6.20006769645
5227.00243572
267.145196328
479.539792696
3.75241533966
3.10991561876
265.651343168
3.38291861742
776.135316943
3.62113179969
351.609432073
427.374085807
2.92405154879
326.232142535
3.52922125838
286.653703961
401.420457968
270.439207575
254.850226024
1.36701933091
1.58435131581
1.15592027182
1.99965356964
2.16472806416
2.35629629974
479.00250096
246.641709641
524.949333487
0.689903751872
238.874284489
549.67425233
625.023480389
429.985621257
489.965050714
411.413300346
427.835508724
353.017281666
2.21222314388
2.15567519454
2.16395241212
2.09551686663
448.839222785
249.393714436
2.321964544
849.341443548
844.676919473
758.456352717
357.554159341
328.034217688
312.690628254
1206.86341517
694.210405769
523.312227241
486.154399586
491.870926216
3.98143756791
2312.44924982
2338.9290355
1712.93600927
1398.33046375
1087.04776454
3.97098591425
2.55120163849
792.4324943
262.041711399
242.720876544
2178.37435486
682.661419873
1599.96668237
2036.16056772
1718.10008387
1216.4670603
9.99968489982
8.05742004391
8.91181699723
8.87767796141
534.82576023
8.3769266344
9.34118748653
8.94227182233
759.30775173
306.491653762
454.758191365
447.661490789
5.04357071705
4.71577875476
1087.3860791
4.13366460699
4.70017836746
5.17437928565
1327.27374358
5.79011919496
6.19766772634
1091.71259943
1648.4667878
2066.2999859
1223.22434636
267.976068322
851.600615385
9.32702361765
1767.72240224
10.3753433562
11.2671612293
11.4287095453
11.947903358
13.6510574873
1361.58977395
10.2056556447
10.7691625613
337.767031843
237.467456086
5.10216818647
6.74733423282
543.146571413
1069.58827971
534.622381668
3.24312278177
4.42497994056
4.73667441881
4.98966773453
396.996309206
818.300924366
949.071657258
732.065569497
3.58801251131
11.5952342502
422.044996204
11.225641983
10.9941621829
10.9964592655
2.55861752074
1.55049933553
239.462843905
638.586484771
5.70447627039
239.329405551
8.76156913128
9.2606299978
7.68280851408
765.078354431
6.33235078541
5.9431601703
6.01095378682
356.281378767
398.457177038
997.188010102
914.938105495
417.637561061
539.450772034
7.69638746937
396.154253552
8.57415470222
2184.24726696
1967.80953003
7.14214245688
7.87809383539
7.67122111318
10.2484088272
10.4040380565
9.37268174391
11.3999107619
286.986215631
11.5092614111
12.3713051121
12.2615572609
11.9696695437
443.323407649
489.99834147
863.132052507
774.913801394
931.427867786
8.85259223347
954.445136416
928.345786285
1133.39573029
11.4870088183
1256.52180884
11.2533409126
1380.17577276
1415.12533959
1415.72970158
1439.08085501
1505.44516622
1552.0225361
8.21047147504
1452.26036257
1494.42251195
1224.59271395
10.4824358597
6.85563878437
1202.74939393
543.256669425
1053.85995605
6.57799873135
477.541047364
8.11558313456
1219.69553212
312.516440157
13.0976843619
14.4456427477
12.1956222756
6.89957304743
7.89562997103
10.0935732938
250.109085913
267.991233804
268.000042292
268.10678
245.540370992
252.766055609
8.35418629028
7.72740307883
8.20861374336
7.15966852884
7.82211514042
7.33675295938
7.66588060229
8.11191596736
462.709799523
10.2505797471
11.3375644741
278.088375125
6.75847839437
295.543151294
6.25483533518
403.53337535
492.777342536
6.51209710439
946.328130261
431.672603998
6.86428488473
369.181096909
357.919112811
2.00215163688
2.22946991524
394.200743897
3.78536491575
371.705273872
371.482530894
521.915557016
3.23251846495
555.377813041
6101.63298329
4659.0221392
4852.87494183
2538.61832069
5.83286239294
4.79120213032
9.92073083812
666.157431701
3141.30189399
10.0324989431
12.5831308585
13.1125086232
13.7802845067
12.714995078
2917.08827925
484.090410739
10.9158904054
11.5089445543
729.059179059
11.3981824326
282.608940174
665.122725143
11.505519161
711.833539004
510.591857528
615.162778282
874.704268093
490.942536462
1012.45690724
370.700315632
911.880429551
493.124688433
420.399926813
7.22640063812
394.268470933
3.492906436
508.048696133
401.358539892
983.417689217
2070.40879229
2547.89763527
945.475044547
260.478694936
2588.4965676
2409.29173629
2369.9516972
2293.95968869
1866.37692794
2037.12793474
3090.5548364
3299.23432688
2823.17568767
2309.48152304
4520.67694921
3782.95068683
3801.56652069
2989.63309228
12.09475872
4076.02315458
2973.67496798
2290.04467857
1711.25612412
1083.44621046
9.53114099113
728.983144778
469.700464544
1180.71727276
371.315196611
442.067997471
889.34877838
449.405269884
475.789835038
868.627832379
529.286585334
783.088960958
3.11648439979
767.204874427
247.813437898
367.028147507
2.55473812037
1103.87410778
3.41021084291
337.751879037
8435.53217718
7892.90653253
7112.11921518
6276.70240614
5.64395442243
8.46605867174
8.73947727303
355.333095202
321.25171805
6.51987494024
7.35228038312
4.13701079214
4.41633648932
836.559710464
289.140592814
294.624018747
1413.39053748
405.062326531
691.34900223
1295.42331272
712.048731831
5.72954049991
2962.91669109
381.863254956
7.11803300244
2858.73531001
1082.27603223
727.920873496
7.50109035242
7.06400807113
7.09592978015
365.228746342
5.49175499431
318.796382109
7.83668937483
4.86239525907
2234.04009541
258.65095967
1160.91927768
1865.2879752
2305.96294552
20396.9699902
5.16662356193
9.29373233918
10.0508326101
12.6933061094
658.533870768
6.85603174233
3807.35963179
341.428033689
6.28432053129
6.18370990252
9.26054184682
357.595730144
316.676012693
6.71131917743
6.23774585284
1148.57043032
5.308231152
4.90256749457
309.993313911
390.967823332
5.92593107097
415.799729339
7.27554202236
573.61144028
4.75029351295
5.8715514957
284.744106475
986.185023083
1114.74410306
449.99191561
454.840262128
291.078745262
451.181647531
303.618127037
282.892880741
574.544606355
397.432967692
372.473733026
11.2200780162
361.631557539
260.527022002
8.25153507216
7.31205970057
10.2063008902
642.984142952
567.213581811
2475.74741372
1805.27131687
2274.54524077
1881.83169687
1413.83222068
499.880045228
479.406338284
280.474068275
17.2404117183
15.1282721346
9.66664688985
356.719233333
390.222063539
12.1728398023
12.9491201913
13.2926794819
803.347733228
575.45603944
1240.46017001
1215.76502776
721.396691881
886.010126225
935.920144374
319.805713228
10.255429595
9.69651962281
436.134670757
7.26878607775
1594.90164842
10.6431334348
2065.82770345
2136.72348478
1151.2901212
1591.42016769
1805.78944944
1641.87739933
1675.95322688
1723.96040804
4.96371838375
263.524201939
295.966542274
10193.5688427
4.32462071709
7.03328052492
1154.75105125
2207.16057613
248.020111602
1754.98322031
1552.76005261
1675.96618042
336.892715405
6.95774495418
9.09071240501
254.87448555
310.544185058
6.26269307686
766.720606842
1185.9960575
1215.79851705
1048.46213331
6.81897504641
241.068908594
365.841202587
288.367337854
784.039279593
709.437147749
442.044866689
5.32789038571
5.45255135555
341.363705848
272.808382458
414.62904729
277.934462952
284.572779088
3.35373120171
524.735495363
1475.77055863
2198.68542175
2.6945282604
612.016318842
7.07257036683
258.109282247
2997.91624018
2333.15282568
2429.0950303
2449.3585746
1501.26895389
2056.40016361
2824.42201621
1951.55519
6.5609900922
269.250399917
6.39800553841
480.23869851
353.79577184
633.576694957
1582.2125229
349.312099728
2681.09268866
276.44425613
6.33772167247
921.538131503
6.83154412566
1170.88188993
418.563233209
2520.0607051
853.496680959
6.7480970094
8.21240376963
6.8117314693
965.939647516
6.21697752367
7885.27194463
5513.79519175
2556.20450017
1004.98191201
348.823144083
1843.97595328
3046.1168677
238.438381584
4466.8285235
295.315650048
12.6229326891
241.451731068
5.1964851053
6.87147591346
5.85954798683
8.94761839231
1182.61759123
8.3699037612
397.404169123
610.432926044
317.3206869
8.51522932376
1942.66128557
2036.18961429
334.324626253
358.237230476
1133.92359653
302.966632301
622.795553838
8.1126822834
10.9460155198
500.455954402
803.98638362
843.438661203
832.650920833
820.583353342
794.839295702
738.530421348
491.477299251
462.178721763
461.338490376
6.95725304282
440.72042662
274.452181518
247.008465483
8.41467057596
283.900965009
3.30070393545
2811.61950658
4991.23886854
5034.80839865
6057.27695768
1057.94706747
1118.23328518
787.977315786
4.90097523264
963.009375463
1800.99433061
4.7572141394
1097.07086555
297.894277551
10.3769346699
5.22189755854
4.81125509945
6.58182210993
6.55519140776
288.992858343
6.72321793168
6.91760751303
6.26714926497
6.9827931435
866.286978313
15.5209051662
502.077753873
949.092565755
545.256521144
488.861379348
616.522460971
1051.49779349
9.94428123082
320.092620377
14.4201759069
522.083267813
462.516725967
253.892738772
760.181291298
4.59949806818
330.30697403
1246.54280506
1783.47107378
2427.26302594
1382.74565618
292.338716506
2672.72222926
2708.68902524
2472.54362934
274.021000081
284.511159276
316.927488278
271.521926647
3437.2767307
3981.06841821
4720.38971225
288.166715888
3785.17617069
3789.51612938
2602.34625599
3151.31190343
3767.76013151
1083.47064345
16.8320956205
462.454866956
883.022203636
665.641987218
556.244998082
949.93564116
569.111548402
475.01476865
483.235430799
355.767289707
1379.71993872
803.569027483
12.4024531538
7.87300444088
335.58776522
3.37964688179
2.39622079378
634.07715708
2.69074833088
1380.65964118
322.974011783
272.144337072
2.92763310107
5614.71648227
8921.03544774
1834.74693284
7.02041636413
1475.76679652
8.65388165147
6.80966599016
2841.38158893
9.06666074195
8.72343449871
365.694434266
275.831113664
336.121645583
7.68741392033
1794.12461203
7.08675496098
8.64523436516
8.58917107923
4299.34604969
2624.1867782
10.040468714
10.0026984052
3154.64488468
3891.44782704
462.05444562
271.105403468
8.50798588328
290.6748474
440.539367325
328.37067616
5.28198800704
339.680197094
362.811817847
311.299459959
2334.97447598
12303.7488425
1102.7620467
2449.7475421
2547.19392295
305.183144255
6.5999727232
7.96883062615
10.5270984766
662.10029548
479.24667168
5.98149345855
4.70818656197
1641.3200892
5.77284238638
7.64565713524
805.466153983
736.896804439
5.47751119116
6.43952528573
244.962188718
738.009885105
529.6520794
919.383307386
6.22063762638
6.38650030546
1230.41809581
412.748229658
916.513912856
243.920957418
329.092101223
272.069354052
10.8194475335
370.693926725
602.198969023
417.968577671
474.431238369
1051.99788507
7.38520383099
7.53508581882
320.812843196
408.107761777
403.78633951
1028.57389975
5.86467237806
403.451209178
398.496551395
4013.10470451
697.342517267
979.047527968
627.559810057
5324.30181276
1144.70084427
1725.36278459
2180.97456496
2901.94515941
1834.31281977
684.596540088
2536.75886298
8.79361151225
6.08299002009
2271.12821921
7.88133074613
7.74744465974
1284.78005868
12.0050599085
6.79133368086
784.203018178
686.545861842
937.467220382
463.306736103
548.703704434
389.458344676
406.162807712
8.14148094544
1209.11353389
916.752891299
389.437023796
4.53739971535
636.998491447
4.04395112338
333.649808239
435.633528294
247.148431982
2674.56953025
2350.6043304
279.609381478
296.278856444
388.059422303
8.49714146134
8.20461428364
1760.87091959
8.23152997236
8.79280770254
6.711665033
6.96343846096
6.3656743668
1435.30021065
1990.93118475
10.1525203437
4.94674907146
2571.19244087
298.13045222
1789.45498719
2405.30715515
562.774655811
5.39426597916
424.996749952
9.02998915006
9.56148022807
522.579381918
407.243807464
425.552491495
1216.19592673
468.0275123
241.688626405
1008.26712695
1005.87815427
10.6765862423
592.482120539
802.277155824
246.668530088
4.26448986487
2030.32950149
538.114160075
906.634167626
2.69226369145
3.57050794185
2556.45785021
358.856210309
2788.89502248
5.28225067336
3784.79810505
1717.38666435
2198.41329765
2092.46854981
280.074544346
11.403959895
12.1678521746
11.424672532
929.585697341
8.44300110125
377.955149054
364.236869086
8.75406331276
7.67826157472
1.97615356223
1494.4470589
2515.87450747
353.715190551
1193.70390687
6.59483184611
426.413575486
5.08120363664
4.10147838832
4.54938839039
482.771983614
1434.83732899
6.34024774085
387.996478236
706.347054262
432.973066174
663.304886973
622.661271503
4.85057499394
464.766227964
3.60596393067
4.14625083856
358.956371405
686.184979252
1314.50641475
4.99612406039
6.91619006139
6.6969523421
2112.22321228
4440.11639415
3283.20981889
2231.18207841
2569.25031092
1746.17032976
3377.85124312
5.99342109774
6.35069926143
1942.72650002
585.461883218
1518.29065713
400.332486297
415.163042835
10.8721609292
10.6142805864
7.07955345899
7.68336015498
462.917716567
877.655145117
8.04910260721
1207.65806188
734.773808762
1955.32691146
1062.06403526
1859.62772125
2451.83839623
1406.22803419
4472.07455438
3328.31493925
2875.97636086
3624.59715151
8.92517173312
8.24711923765
1446.21679634
2094.29477906
3091.75053826
4519.87577767
12.4721148371
4408.21901566
7.24329315587
5.9755436283
6111.33688303
3747.51306818
14.128889348
14.303414036
13.5515845243
13.5362501323
13.8468770131
381.916211522
12.5601845505
13.2911029623
13.605017317
15.3963833769
1520.20172453
10.5400968017
1265.81143648
7.8938747098
988.216925763
14.5928588445
3310.95832425
1137.28165507
1871.97989666
456.93953969
364.200443851
2653.73560572
540.399864235
504.887047239
376.033828772
9.54972112352
689.971073566
3.97168701016
3.24907832949
1620.23887244
354.095323459
7.78124434339
4.14920968942
3.9039601601
866.077478709
425.578209602
8.70279433353
7.46906457818
441.146745971
4.97057461037
560.154810509
369.726619468
5.76362982132
6.54094355792
9.45341065945
545.291052415
975.606286266
9.45000590793
891.283765275
833.967714193
663.572012987
2019.94963879
13.3277191014
15.7785251601
14.7177826229
587.00748807
17.0953524018
18.4099050292
430.14515832
23.0279046245
20.9993917819
374.775755788
3575.28500945
973.806263999
357.508612109
374.912698436
435.961042705
461.498423339
502.119615501
609.749051832
425.818306558
17.1847193099
16.7357587344
607.705131455
15.4499385172
14.9075141544
15.0505963014
573.128651707
363.389999432
586.159557952
15.9076305617
647.160543434
607.224455131
494.331563227
1222.22292131
22.0564674361
5568.77477468
359.070893353
16.2428870686
15.3270660171
13.3449220476
1317.35486912
15.4534813651
563.204220412
435.569333371
379.112060861
435.543343977
1116.98538091
27.7367494539
28.1934668141
28.203048923
26.5968519899
24.8795881815
18.7908699135
1237.6156954
13.1152640791
1679.24213552
595.386537617
457.580520824
17.5180916475
696.0972063
415.369171262
405.182992778
8.11373120092
8.48881489321
8.29201240399
1461.10349418
10.9058181972
1050.82296759
439.002018821
10.7018498505
380.631430079
7.86301633242
1502.17110589
9.75062362876
10.0067105
11.4647105381
7.83304765611
1832.43999303
14.5338947547
411.699134315
1200.02603928
11.4025091359
456.59982627
654.571971073
14.1399422743
4289.59499807
10.1498552734
1081.16295198
650.017858773
621.475975177
8.0474126641
648.883770046
497.010791309
488.889699194
11.836245187
11.8789778459
9.3120838595
10.3168438377
12.1030504818
11.7773552657
2670.951552
9.87166923902
1263.1307876
359.609493065
450.99575483
16.7334358312
452.010035101
2282.37046175
24.4899423722
25.0036136302
513.466656245
392.663824071
16.193521682
12.8629158835
28.7415192156
27.1870687489
1521.49248964
698.165727373
24.5250747951
776.837909519
495.18143191
1638.76418488
33.788951951
13.128861087
9.29087832962
34.3617422257
1275.03586417
860.505381331
10.5752605329
11.5804244823
11.5980895873
1427.04620324
398.744967779
1337.99913951
11.848051723
1490.13110233
480.533198583
1029.5197719
638.26256829
7.55033912927
5.90093540521
9.85534674912
506.213432838
358.45322474
5.90998182034
7.95797314087
3350.42473857
1110.40578988
9.91230191495
604.951753567
12.3158153152
3.12803102167
4.6042471502
5.83220495122
7.08343718978
1590.31353666
601.788191516
6.93131360053
682.767797221
1444.79292135
6.73914655209
6.69495325048
9.63962127065
6.28021054153
10.2448995522
4972.70475489
436.855776672
568.922431344
9.25929546642
7.51417358966
779.388255532
7.74377135353
424.156370637
8.65323133945
8.7340679243
423.487554316
10.3330304499
7.92404010401
7.6500905719
7.98837231308
375.669879896
474.434708317
10.7199556587
9.97003601529
10.4441683204
9.28354888725
8.03378172201
3160.9667122
7.98935078557
9.51901861318
474.17702935
3140.01524884
12.4615388084
5056.14200533
10.0944336075
13.6027579125
13.678324435
2264.18987209
15.5650574537
10.8038270266
12.5002524101
1127.11379749
474.268258626
9.43275489667
8.11162275109
388.392574884
1157.71611106
10.1974358359
2341.82422455
11.135652
12.4435277397
5.75832903001
700.478820212
8.4890560151
358.52136457
16.9749944815
15.2276512616
1571.80904773
2133.45079813
2504.00682261
397.92577081
441.33112828
427.564310307
1614.3005267
2006.53438691
1503.1410803
32.1935559596
31.9299465912
2465.45021159
3560.33446914
3751.88937179
2782.75376586
3367.47670976
3478.97996057
3201.62466122
3448.97756941
2973.46150688
2845.61074679
2267.72281032
737.327100389
409.47905992
974.702391595
19.432213879
19.0420245218
997.822750543
20.4003628116
20.7077364557
3212.55141198
2267.25673327
369.197296605
748.777635821
1538.7013543
22.1672329582
2119.60238761
3117.81717786
20.0914434624
20.7944035521
1566.54723398
2681.53063956
3228.41885867
430.064017981
470.001379176
1326.71983909
499.96590161
3544.72110778
3981.25629655
3817.20353408
30.8308755738
29.6120942266
30.8261655225
3582.0011139
2691.26642778
4261.45829595
2724.69995921
3943.62411169
2130.53957041
2417.3944418
2955.28461362
1253.00130458
392.887636748
381.704868629
3432.20874449
839.761589367
24.1213868784
1334.09825208
652.796787167
499.00528705
1459.12736224
410.983480443
662.485800837
470.788522744
584.119153447
666.292463283
414.345473811
559.905207431
825.632478844
8.3959391406
567.191738213
1602.7967256
7.27956629677
597.552209602
680.498336526
6.88317256406
7.18144501207
498.130180111
8.39198405752
8.64981755976
8.053780554
516.564568076
12851.3014868
7.12146724881
564.340783985
11844.4633712
7.13752472657
6.46470110417
627.824482872
4.4759940556
4.90795222565
384.457101472
4.77758529023
5.24789619802
1894.65045045
6.74029102815
443.748975544
363.291981498
2.64817630105
3945.57589456
3257.66095059
2.57104194666
5408.23153716
1919.87655103
1437.73605872
688.933559342
1763.28296105
1540.81109347
2690.19212327
1767.2265756
439.320875246
437.713807271
2.08464860439
2.24821597471
601.325840241
4989.59890443
491.768234801
1.89738411105
2.9886174111
436.888217257
491.773975372
1550.26096543
367.579803252
1013.74091464
2.39179025774
2584.35663591
353.1337921
348.76597907
3.35656196818
3.10154075315
1541.2337483
705.412150817
1182.8261583
712.380207126
548.220769083
2.45902246089
2.35963804912
2.07858880008
2.10152295055
0.948132161648
0.955775007123
2503.80383242
3253.29328653
3463.93617514
2751.00814057
2507.55374922
2938.56724328
2817.42704706
1972.88252656
1932.79838626
2232.50934864
1974.76231564
1179.79571516
2030.1077377
2573.9322091
2638.92200562
2845.65686427
395.115132417
1.92511227123
3.42697465961
4.17684882955
1488.24668721
14507.6296699
9782.15338343
9181.90014876
6855.19366894
1935.52950896
780.989498227
662.85017393
5.39727144546
770.982917743
5.33620732683
1348.22737074
390.616402748
2024.77472429
522.186761464
3.21206756658
3.01653233853
477.005701102
1716.75618943
2755.95777847
3838.88200891
2279.44844132
3.76203117199
4.18598524997
1496.42605586
2069.65840998
1570.66407574
2171.85237464
1155.00087825
2122.19232413
1429.14671404
5372.9921547
1373.58626729
3576.33217816
6.4173554173
3.59730984144
364.527612598
575.12151809
547.871783303
518.017167667
3.1794197008
572.04379318
603.412296083
616.70945034
618.102031203
546.204802464
572.128714957
4.38607625327
4.09855612382
3.59914996334
586.319591226
580.665251408
3.24615226896
542.053775035
3.33429958995
522.463274046
2.46269370897
494.140588118
475.4423643
2.30826272922
2.2777543462
2.28760745045
2.2992093447
2.15370028965
2.02677249539
2.2315148733
2.42115484801
2.29832803317
2.25398291875
2.47759780129
2.54542664735
2.44412495939
1.32044107769
2.85380058559
2.66231407805
3.29758372876
5997.12762991
7518.23997711
2.10277341173
3492.94864885
7668.7088941
3691.34720736
2776.37153017
2255.49067537
1371.37444411
3.48795164971
3.33450940659
423.13025245
872.260552892
3.98447084131
3.54018866856
2.59001085013
3.10677344728
762.49658181
1837.57653131
2407.19261496
2845.41261942
3000.14593897
2280.52575258
1107.63494055
2310.79957863
1.71388382181
1490.99889778
665.920155953
2.03761504664
1.89610076975
2.00408844014
2959.84092313
2316.34852986
9635.04860271
7214.56619346
434.942792542
3772.471811
2751.76889831
2323.87793431
951.403056633
417.068897005
2814.17550721
3290.45172217
3.84706193625
637.721759953
2564.61706196
3194.6892942
4.11014066688
469.325118525
495.506290481
1199.85748098
1728.28053493
826.09332863
1739.22696268
2088.17967057
1552.34950043
831.378002608
1209.41035982
2.26083264441
1181.01079036
463.861506483
2.49234975493
2.71537537034
2.53523681315
1.98714119972
377.351209064
1.84440071313
2.64683231563
785.926412069
629.546617705
1.50030001929
601.444239745
1.6610295656
1.38668267523
521.541213966
1.58882685304
1502.48138247
393.628146817
2.36491260966
1378.2513276
6471.36227162
3115.2126362
3656.21806938
6848.20430324
3983.96535679
3176.23559704
2567.85891783
1946.84740758
8.40988546558
780.575122504
8.08055251061
1281.21004724
9.37514070784
1329.6221953
859.237319596
8.51014892118
350.528971505
8.45064769445
1147.03742612
7.98761115489
8.08263498062
6.61973879128
442.508406109
5.45447523958
5.74092016304
1482.18238272
4.43840836945
4.71218262029
4.90938183223
472.146657782
4.42975177984
4.41058155073
5846.61751403
5.02183996262
6.26342279365
5.82773824675
9795.61139797
4978.7207163
351.313657702
385.071795088
1043.81919134
2203.33628092
3914.29829739
6395.52294684
5521.46552483
10.8150753234
417.072940272
12.4099420277
3783.7149082
4735.65378792
1090.08567313
15.7198253649
2933.65438414
491.690221128
11.409840906
17.1164529243
11.0445099044
2804.50712079
1517.89719514
1168.41503759
454.387151247
1675.18364018
1413.67074858
11.1901349424
2130.28877742
1141.79227502
507.557736198
13.8153333608
1350.92699471
1314.1189739
370.673048033
11.9560047351
984.61830484
495.164003955
10.7159559314
359.03893565
12.8777840516
1899.72644393
2052.01697845
4009.6808696
7188.83514673
17.3093817226
7507.68869846
9.29335845638
13.4833841733
1626.04965999
11.1912338929
12.4578293966
1279.91671881
16.2083842299
17.9977900021
2155.50358861
431.226648348
10.705824874
1162.67806485
12.2230897401
12.5029109798
13.4800643252
10.0658348083
503.25589238
12.6947347398
365.896887166
598.306234882
5024.47437422
869.264913249
1461.94262169
17.3145153765
19.9187355467
373.906748926
480.700722922
652.461876421
462.520849335
31.1690163759
29.3776677779
578.02256894
1284.52090957
359.940977929
574.719365576
2230.54062941
1981.79662644
594.267565974
2882.17921745
7.60951173474
7.47600354663
6.35484441071
1890.53550856
2369.60557097
2971.11585767
3.20871689678
2265.45857783
2397.67770102
2459.17645197
2244.41174628
3978.78134742
3808.06031496
5547.86784566
10.9271773324
9.01414267939
9.84589897904
1834.36933227
440.471111966
1369.72743424
426.046764943
13.9755609198
1197.38093988
1416.50169191
494.278235834
14.8374791271
812.044470511
751.137509189
1779.73634395
376.834166047
6.15939986654
519.834663058
586.0867698
983.097471412
1152.78501571
1831.84350184
406.120767089
716.708526232
3057.17834163
4028.70679804
7.08622378996
5506.99240627
1929.53070251
12.2464716711
11.0094718161
12.2226771698
12.4146000402
905.824738632
648.822076518
393.890166266
2131.59983391
2093.48096881
882.188416421
1757.11845536
1832.32557284
2181.55756043
1943.07613894
751.173370271
2436.60252694
10.6971891273
375.170454053
2475.15228007
439.161223891
11.4654530202
13.3327167452
875.332989764
632.440722551
15.3002066975
15.6917238558
14.1024376039
16.4255613841
810.161947479
13.1596184672
6.27589807978
7.0218665243
5.02109961303
5.70848931285
8.33714961657
8.77540916558
7.27209940712
7.29331520277
9.22190044628
3830.44125687
352.098551054
450.930464666
928.117337143
8.77507405524
8.63631270449
8.05008795055
9.98162234247
3020.1890846
8.85588962124
7.3151620864
1693.43446574
11.9392402814
387.384352608
1188.95986154
8.64476094359
8.02579364033
1290.35236841
552.379290913
5.11354017243
11.8077963846
11.4414468876
13.9408979292
638.361182312
1092.35253763
410.938711533
21.7273818208
1126.19053641
1092.31650976
520.463655313
7.80129629779
537.027077202
1082.24285661
10.4028030332
10.0403967345
9.71288979756
12.8025278875
1579.3428974
2320.78953587
4526.54582122
4552.4343258
5913.6712735
1561.60367474
9.44490755203
573.733764557
3311.99172761
812.784215246
487.63604264
10.8498834076
387.097687759
1540.98143627
482.904493074
12.6624128458
1687.3657938
1284.52895795
1579.91983553
485.500886614
1393.16256193
1572.11251384
658.983739936
12.9004835884
1013.75096557
518.141765418
428.915506598
614.177774442
444.629721249
1216.41157864
1318.02397812
668.911042687
7.91938727979
11.6410298944
11.1370735215
15241.5818688
19101.6476554
10.1061552994
10.3075162909
5.36714737953
4.01761183384
4.95317728908
366.175045971
1539.87509919
5.68643143608
6.49070566591
2211.08304895
10.3509496566
9.44787585427
382.817790001
7.71526565239
422.211825247
410.750586706
1333.59424547
489.837406331
375.749799322
24.0119488605
24.0415190474
20.1388642933
19.9429979573
1425.33209911
1238.24482813
1453.12504382
1519.72412421
14.832146203
1179.31214983
1116.30739143
31.1633557808
456.184621748
31.5221744788
22.6998901095
668.006493707
22.7122807705
18.0103604818
441.788057613
366.049281894
404.197040448
5.52061446753
1759.51079567
12.7237256604
16.0203910906
1080.94502631
506.374007435
608.187829298
16.5384723895
4630.55973313
4328.97121631
2211.29488012
1237.49425881
2761.38249425
2486.19462998
464.63960501
1225.05233293
3468.27568521
3745.35090854
4117.53527436
1012.26028578
707.392362507
415.375747244
883.819079483
1297.62990214
403.113874621
1200.48117695
3009.21143045
2922.87786164
428.13053881
1656.52488356
520.121865012
23.7938119507
22.1373933826
21.6082143536
459.207506569
23.0482327399
22.9958400178
23.0700004235
2703.45596726
2537.1921822
601.496067173
1334.93991519
891.785764026
1892.6085003
3197.62387364
2835.17412288
18.1450269127
886.036230724
19.5986591569
740.346628435
11.2131075099
509.590000394
7.01467834178
9.35197324969
485.732167476
2536.33068647
18.6885467537
1579.63200212
467.209466323
370.450760868
894.83828028
13.9277279609
14.9214930039
426.101890325
10.4247542144
11.3933601109
963.406616221
366.284102757
444.186156493
1560.45355045
18.4737895238
19.1400116285
1494.18139638
1930.70162805
535.223376963
389.609747058
1688.85622539
562.415107639
1380.41684835
608.87605425
1697.06415125
494.571132636
684.626978822
5.6315858583
782.936924315
2624.73715647
2250.60554731
6.44232726856
5.99779189782
8.10281697227
7.3143206979
8.75418135401
5.79016554469
6.50492269085
5711.91776379
9563.76769825
9.82176209956
5.89220023026
8.54198313265
8.47473974931
7.12192404216
3.84120955595
3.84316904996
4.9241279126
4.65635724541
4.20299192844
3.84807466519
3.86954297939
3.62229313932
866.862122544
8830.85233278
8289.45709889
4.74986166826
2619.87173327
8381.02670101
7355.14770685
3.78606607312
3136.1701946
3426.50882711
5909.56375077
4711.64965365
4671.62977422
4077.56209396
3851.61020879
4165.60339145
3831.06564938
368.657622154
4556.38300153
4908.15624493
4127.78208967
3698.73753239
4570.4373897
2496.70925277
2835.49157656
2916.92489956
688.114575903
7.5063572623
6.83585552491
2054.07154405
589.700957334
1156.09085829
411.562469557
514.42028242
780.776908302
7.58902995356
3.87812993753
3.9919545598
3.74371171363
657.153213963
3.29000075133
2.99413804063
2.50963881035
2.3790037706
1296.77899657
2.06210829713
1133.92854931
1130.68423812
7.41658205698
6.96943118754
404.157503996
6.47534307095
364.916737029
395.360377124
374.72583906
2.66422798172
2.33117153704
3.48251073145
2901.16246224
8.42583862943
4.96638952329
2114.39159812
5.46279788667
7.55091173369
8.45536535909
6.98034657935
2649.47213646
804.606626544
14.2528518988
20.4684560581
16.0706005686
1073.94461147
1194.44335652
1359.24757111
9.77313221291
1574.17766976
10.3116134132
551.317607057
983.451118781
1861.0516354
2124.75331571
2205.3582099
1939.37828606
10.291749826
1082.7254971
1381.35883968
12.1727907014
13.8704419611
13.4106532997
1262.57545554
12.0852103102
13.2759429671
352.228774628
354.243129673
4084.52859843
564.984691624
2137.20187588
3730.54876937
602.821345063
10.368574081
16.2226542506
512.164023338
370.249235861
473.820326502
3.87523757014
3459.59425399
4.18550853516
1217.41292502
3.3111257148
1477.74554051
4.69088314254
4.33641841505
965.388713552
344.457503567
2.29702091009
552.678409194
403.5307205
3.47221711416
354.204005366
760.803371037
4.9170262232
4.76629724852
4.47200185409
4.21474461791
3.84875290808
376.6269757
3.7784764319
1587.78678462
769.365145544
507.064207275
1824.04436816
1790.97687736
484.135426291
2.20132555943
433.786789071
486.516347938
2.75451662013
839.80282858
1053.75210085
2.31834814997
4.58263856141
6652.33374788
3312.76034202
3.55370772558
5788.90028972
2702.00821014
1208.5666871
1768.42059269
787.184206214
661.294819447
524.190514452
574.037616554
2361.28986907
2465.00337692
2242.70508174
2170.24858763
412.726832976
2.38132014974
2.96685508818
2.30267813133
2235.28433201
2610.04189934
2414.03267677
2465.99426512
1877.77797021
382.701844669
1.86168020609
1.59314132057
1.19807621187
419.358629307
502.955739636
1.23983837368
1.29091146596
1367.22936188
1.5063298942
1.79645982089
1.55418496552
2751.63629461
7741.97211461
4851.08235976
3463.45796795
3019.74885457
364.426618663
2177.24157311
2729.51839776
2743.33788168
2641.2823302
4.31519794258
4.17465060188
3329.25466691
1963.83237722
6.18592291989
5.79831307992
857.143628224
777.844033286
1286.5859571
4.1997124504
1921.53650415
1281.34541891
44.0382599874
16.3117807562
13.9286625386
1.90101332427
45.5064914388
21.2936135675
51.6306862772
21.2749680135
23.673704539
48.98191338
32.5146829837
21.5926412278
1.68732025271
3.42386255208
20.6921422466
16.2748790826
22.3830007836
19.1808062699
3.64293775303
2.45878263142
3.20379827396
14.7338987531
2.2178330822
20.4190027102
648.577500779
3.80442416728
385.740369283
15.916007141
473.159752826
83.0070505001
3.01618247118
4.94755555019
7.10529707283
6.29006086339
6.04697124078
5.48515659197
5.89166579998
5.0472940224
5.27248507002
6.96757964206
6.49962092064
4.81842000509
3.62886253373
18.9903522258
3.05390187731
4.51425661885
3.86136987293
4.66807466821
23.3476349609
20.646795258
3.86487454664
142.400378948
81.4182829946
3.54013343366
43.620868472
27.110299798
23.9213740296
16.5523240373
24.3592648192
178.868320939
153.579483364
4.30491173813
69.2156463662
53.23420678
36.5472964823
3.6615073691
3.71406469675
9.03665990785
86.3352597617
57.8851631279
5.95346046425
81.799486636
48.8524501835
19.7056418081
39.621940311
278.912296819
79.9476014954
21.1160721382
24.9521732786
22.0924906247
631.245478284
280.71983581
193.096950737
183.794753991
170.966435391
165.826406611
57.6445506962
37.7207511421
67.256465415
7.79689707775
23.4421813789
22.4073670115
19.7699841253
3.711831669
26.1191250128
27.0599125897
16.2438819254
27.4128072411
16.6919043184
20.3605430827
27.2890995457
50.7360790046
12.8118198131
31.0434608449
32.609181509
63.7967609416
18.5948921726
76.4028851878
53.682271539
27.0258736605
36.4006147242
3.68429745289
14.8974875411
15.0152324816
762.060570322
776.863697702
440.86184823
473.539900103
316.057304151
75.6902116736
198.573246159
392.033771217
3.97784188348
5.48977530505
225.305829688
203.778000111
230.638707663
265.22830886
238.835780594
327.793398678
5.01870106176
268.885873607
287.100400206
4.61387988754
305.255977094
232.805851999
4.25139361387
267.177911105
3.46927317627
264.113556343
2.81243187571
5.04402441222
274.552852791
3.72326821397
3.55769437222
228.941545455
4.54121819883
192.393647241
228.750852163
180.06517298
219.090694913
122.048685853
141.98483559
109.739991277
77.981766854
124.162487014
107.101735323
115.402745093
72.5017539725
36.918165936
77.1727419768
83.2602067431
69.5391775066
1.88716352944
22.0976871493
20.5435116463
30.2663620679
1.88839303409
14.7814695785
1.8252585164
1.98318322262
1.05164690474
38.2093618321
