0.0
0.0
0.0
0.0
0.0
0.0
0.0
0.0
0.0
0.0
0.0
35.3696683061
69.6386044525
80.9459194961
66.7539463625
27.6403748628
34.1562378447
51.8494943776
63.2275506461
39.3750509399
18.7309428658
7.00322481826
41.6991931091
64.8523878772
64.1994750542
33.5854441519
0.0
48.8284673181
62.0074878573
56.9395438366
29.5970731997
0.0
20.1484522398
53.1404402611
70.865495462
47.2967944143
28.0769423099
0.0
0.0
0.0
0.0
24.0572512097
27.9483064376
28.5108135243
26.8335040625
0.0
58.3220001445
78.4523385916
72.9420168599
45.2443321277
0.0
0.0
16.704796298
29.2092370731
0.0
0.0
0.0
0.0
0.0
19.0517593719
30.0506013119
29.0090674543
7.84558784059
0.0
16.4346165364
29.3035351586
35.3086221291
37.217846011
6.50855291548
41.5262526919
74.6262247885
88.3334534585
74.0087825067
32.0206649443
0.0
24.8051698887
36.6110306681
38.1930401924
28.4694573159
0.0
18.0721189446
27.8346143345
39.2805686485
8.16559175642
69.0951779402
72.2720375725
43.9791230555
9.37471231815
35.94951279
60.1012998419
73.2633142678
65.7428485502
32.282156457
0.0
39.8542413186
64.0869753577
72.160636985
58.9076614226
33.8493153237
0.0
0.0
41.2779926446
33.2836625772
26.9695868858
24.9294208322
50.4591835268
0.0
36.6984951807
51.2694099652
37.0977206089
36.5888252621
16.5892711644
0.00686235034132
24.2825340907
24.4914924303
6.93796191285
25.721035423
6.85127413747
53.5406810794
52.4304213515
23.6217529009
7.96263244591
0.0
54.1212329042
60.3281336677
58.2094981738
34.5900464414
35.0750470348
16.0822821222
44.4537390808
30.9864178624
26.9247523871
54.3266052626
0.0
39.8242013939
43.4202986465
28.8743165582
27.7532014665
54.8483607754
27.7194600281
75.0640203356
42.8580665901
0.0
0.0
42.4054665145
71.223467414
0.0
56.2270365526
23.2419779976
0.0
32.1002786436
29.0407028665
41.041275434
20.5795752094
32.0678452629
9.01050747313
37.1162797894
14.5029489756
0.0
0.0
0.0
7.09831538612
0.0
100.072841358
26.6821761257
14.8831685444
40.8301157894
51.0934272851
46.3100967671
0.00196625037247
0.00472967006417
6.57654126791
0.00614785399885
0.0198046747132
7.53958475878
0.0426138210821
0.0425673426732
0.00877704601785
0.0316930434913
0.0275176633016
0.0329119832454
0.0325309099879
7.19861797212
0.0240741199377
0.0146452352472
0.00660180546114
0.01242957162
10.6844567132
0.031272936161
0.0317694987684
29.7416412091
21.5760786199
7.0057062959
7.01359862128
8.83703096347
8.74881539782
0.0164297139148
15.762087579
24.6176250192
34.5048389329
25.0225142218
20.4196086417
0.0159679261314
6.8496883494
7.97150272842
9.48897403865
8.7235954756
7.81648323683
29.6456430236
7.57711826468
0.029882739553
0.0389700665209
8.82749354363
49.3245406339
14.9577213151
15.6496400211
14.8799571463
8.82666904586
22.8027117946
0.0369351305107
16.4940921958
0.0458253685184
36.3306503969
37.550967053
16.743552829
7.7881172003
13.9988518056
25.5833089653
25.2667260204
21.4837721814
18.2782895135
9.70347173512
8.63257528573
0.0461165331169
42.3522028168
7.28559254846
7.23914254597
0.0132569144986
13.6328837625
0.0144797909707
51.3615768229
24.8241875455
27.125521424
8.68668753103
30.3057302244
0.0472339717179
1329.46569529
7.06817397364
76.5778723028
8.95478875037
0.0659223455674
34.4115052938
0.0746593059187
0.0728217768334
23.6786578733
21.1174985619
8.73263706063
6.98226023141
23.350773937
22.9167701126
21.953211675
36.7770528034
25.4267299496
28.8769239115
10.1772342807
15.5487892819
23.971757294
17.6729516421
55.0793943864
0.0549120257038
0.058901847964
6.80330607483
51.8972707277
0.028682233402
9.84490765831
6.73011425467
7.72940913545
0.027926081946
12.9291812159
36.3042656913
0.0395428458011
25.9738656478
28.7675177214
0.068354484666
8.90148302656
45.7661050873
58.2233097106
15.5050586254
0.018584949228
0.0256761738379
18.3264031
9.66363142655
87.8423437661
39.6826916288
42.1396552739
82.2971478813
86.0521177176
41.3981482219
19.9068631128
0.0677598264897
49.9401081188
51.9190717845
35.1917961963
52.426412095
18.8242754352
9.62242651568
8.6714794277
0.15063091048
15.7132335998
6.73042665649
55.4837459112
50.7054333405
0.0058952279876
0.0221556545633
0.0309110722629
8.05846478163
34.0433901262
0.0328919490116
15.9467708183
23.3448416857
12.2388597888
21.4165504927
0.0465482671995
35.8484528645
44.6609720585
28.5181221341
30.7880561382
7.26058973008
6.75075943399
7.70971241453
16.3987866375
34.1512971371
7.10868636203
7.45934916802
23.2537038848
0.0421778684143
10.633976671
6.57469706697
30.3697079395
12.8437463196
35.0213854992
0.0918425766092
24.04104282
16.7594436261
7.04953042504
0.110214385597
0.101307125053
0.118263853047
17.0701447985
22.8988701052
10.0004628563
9.4962239998
7.03322443392
0.132055990694
0.118655645424
0.0449320202757
0.0329715793388
0.127177540712
7.69720737082
8.31807689935
0.0413186987555
10.7912363974
7.05771727511
38.0738822489
8.73134775637
10.0763014627
9.1735240094
0.0260372065725
16.9649429648
26.6242986617
32.9865775976
21.3279836591
17.4272640513
0.0428125812324
0.047178895139
7.72394289069
8.89884956328
8.15815332263
0.0852239928019
0.089475933702
0.0890661402475
32.6467067493
7.61119227173
41.1103253798
45.6505791517
7.22300732439
21.5315203751
0.110067422846
15.3666296034
0.14855056024
80.5252939089
216.925059142
0.0708153783777
0.089553326387
47.9012051618
11.0688547279
8.71303537521
11.2559203245
0.0131958629438
6.85884085051
9.12836592622
14.9636070202
55.3369533258
71.0460156033
7.32419750938
29.4943103595
44.3651117937
34.715042956
0.0882455064525
13.3091106726
21.4618157865
55.8610335788
25.5822660206
26.0718121086
7.71779823013
25.4229273746
1215.19400355
0.0868454335414
0.0873277283941
0.0919727634277
8.21836624648
0.0930180928255
37.8593750386
0.120794933995
6.58912259061
8.25294949373
0.140423777913
8.36029851189
49.2302472143
0.109535919714
0.127041156695
91.3099828127
7.17912823364
0.0962021994698
6.94255231748
0.0535304153947
52.275440105
10.3325770987
11.3744793048
14.0160551548
0.106206391639
57.361190811
41.7334614609
21.329768643
9.59700593131
10.7304794198
49.8432332464
0.0147170528834
32.9158343209
32.0371820653
8.17241273981
109.128325019
20.6722155268
7.97328291752
7.50055732847
12.6016026917
11.4540142121
0.0183300553817
28.8321716948
31.9371540852
62.7686579286
56.5357987191
38.3976837771
20.3035564033
36.6100597664
29.3064875304
6.99106502108
26.5241286752
0.0330378605421
0.0485668125617
10.1751858427
0.0586972647936
16.9796374451
0.0525493879415
34.7146979504
0.0503565260995
0.0781704648694
0.0955077818521
45.4838340125
36.1604457161
0.0399514490622
7.31565694126
24.1404611277
36.783278209
6.64254457896
10.6788953517
11.6548081624
89.6082355103
7.86460778962
8.62294755709
0.0314361733296
16.516296182
14.7352788849
0.0292078794269
6.89398830124
0.0488527983227
7.15928793448
0.0436720451649
8.4846911667
46.7361028006
44.869416789
7.12389708919
0.0205345699838
0.0172153950298
0.0211499808989
0.0201023571386
8.3108061542
18.7899322321
7.77971680454
106.068240263
62.3825844818
102.87500565
128.024482438
7.75687052746
6.46684949333
0.0545588770155
8.47937028796
42.3648427867
15.9326841556
18.9805718009
0.0720604154147
0.0708397121334
0.157606411829
29.5607774913
70.0514523507
0.0686355857704
0.0219154335478
0.0228942525087
7.85049115467
0.0304308013674
39.2793241828
8.79292625668
23.2425692824
0.0582995293457
0.079862532004
14.6019699016
0.0383071263823
36.0657849561
0.0208495542812
63.8742068966
21.6572398697
17.8197822726
7.11753772088
22.6457230131
0.0229763347854
0.0226436272599
0.0323478997432
44.2250555352
24.2827865845
18.1627055977
14.4613711371
0.0521569735211
128.602645024
0.0539893739992
42.8525812082
68.0674266601
49.4803223607
49.2042564415
0.0245561284061
8.12192158455
0.0380838102361
30.4671951394
18.8057101934
28.8407059609
26.1749109637
15.3495941733
23.7229781501
68.2114861469
7.14213444364
0.046546055699
9.83488660002
28.1688762125
12.089107807
79.4068108502
32.3033679072
30.6611784711
7.29944726205
0.0284191057946
110.147553933
0.0592306379654
0.0568661349823
117.19955686
13.6434129827
6.7463066511
12.381553234
14.9261490907
33.0548100919
23.5042894872
10.0529038428
0.0557681431639
0.056196668113
0.055948254045
0.0609059332313
9.72745409058
9.11306903108
8.74959038996
6.90113875832
17.8872008422
6.58593391674
0.0876006944345
7.70880249144
43.8062892894
19.5979737841
37.0066834774
21.7211134398
16.1811093174
0.0318347903141
45.3179917525
34.7618365815
32.4269078251
15.7571832566
26.9675621074
21.0652659095
10.3986006357
15.3999741252
16.70224071
75.1604406679
82.5244542561
70.1310757155
45.4682681107
32.655510191
42.7127513541
33.7846349838
64.0539327457
50.8704999725
25.2054637864
22.4809010643
17.578448408
11.3171343548
7.10861586902
0.00280354355181
6.53016829906
55.9300061802
40.6714521658
37.4809639043
27.9795881255
0.0211553918251
6.51098148331
6.6544900183
8.14864471974
18.1838420381
45.7899583746
50.7711333596
0.020460353863
54.6026671252
8.92945810889
0.0628612640871
133.722164437
0.0445230692745
46.5153525091
46.7680747681
8.82313481315
8.22968054854
59.3325160903
60.3456453868
36.1844401361
67.9729185944
0.0216092756392
37.5111409867
0.0318977396337
40.4305314572
6.89334484481
22.5324373359
40.6163141465
0.0198390087113
0.0163029849292
38.2575637755
22.8275619142
172.506179167
123.328424195
0.0291831660249
10.2578006792
28.8215505822
0.0300394675917
23.7090924643
23.986240719
25.1552309435
19.7372780329
0.0336604915226
35.2966480315
10.2945187933
7.08948007726
139.50942024
150.161638769
9.93209325342
53.0377163802
32.4829894023
102.502929192
43.6931761793
15.5190948141
7.99736316493
7.35693360566
0.0819997918788
30.9626440095
35.1145071307
6.71536469914
14.5705253558
0.0589472998671
0.0499443414944
0.0479765168991
10.0649362364
0.0756413802909
27.5284938936
44.0796944784
0.0400094212297
41.5902241492
38.987739266
0.0232169468752
42.7809787231
50.1441358927
7.9051314969
55.703620318
51.7018791437
611.264213176
26.0512569043
971.935935754
8.45577077112
15.7949826326
31.1033981054
38.7172112882
28.4190577382
7.84646319536
7.72333308361
6.72814676298
0.0111400193372
41.0521588782
52.8601933039
44.6432883647
22.1239767785
17.5774806672
0.0432747742064
0.0170428613231
0.0217460610483
27.86042327
21.3913108439
0.0234095781526
15.5162101193
8.8820654298
23.4726370363
0.0132557130162
260.452642915
51.6985950857
14.1352647941
18.9603886909
19.2866443335
30.2171903105
0.00220405401372
29.6255763344
238.048727324
59.9094115348
0.0
7.60326768177
6.6006895451
0.0200874233204
9.08792583586
23.8816459307
25.4973826493
25.3026026476
59.4827102297
30.9190650241
14.3808178145
0.0167869776911
0.0162310147152
0.0172498753008
0.0221419816985
0.0334910660673
0.0388607668149
8.37052989327
6.94931121225
0.0385910304606
62.0020290847
7.82529040026
48.9338196964
47.6025311455
12.8834231615
11.4609261696
13.08365104
0.0535717726071
9.50426767108
72.0652439999
36.1886680287
24.7180805362
30.1558064995
0.0317458060732
395.630820899
29.1340325698
21.3548509031
22.6735757896
270.346690668
31.1471231883
74.8552457546
28.583483836
71.1548354925
82.3749367211
56.0315659278
48.3292891875
45.7405489426
42.673073353
44.7109276738
38.6469813328
32.8484987552
35.7163757921
25.7420443413
42.5065340019
26.1227883778
6.76525492195
16.7585369012
7.43586475939
0.00158654323459
290.743393448
7.00770847406
8.56129484399
0.0142024231196
0.0192956744357
0.0309340648138
0.0318910104854
0.07554033198
16.125843876
0.0911063870145
21.4590345467
19.464565621
19.6596642145
29.5768429167
0.0392507134614
19.6435207275
0.0175651413545
23.4692731593
24.1528530744
37.2504757146
61.0001589584
65.0512329033
32.9813193858
0.00217500886193
0.0022018088108
12.9493021868
103.216494764
0.0
16.3860432343
79.4546545927
11.1661156378
20.8181182272
26.5311712762
0.0
0.0
0.0
0.0
0.0
7.98544676362
9.27383943544
17.641833128
0.0
0.0
15.1906121902
27.4160884446
6.75790134107
8.16208786942
0.0
0.0
0.0
25.5338151514
20.8012148038
19.5851392351
0.00363310009612
77.1369992077
72.7964621078
48.6531814066
27.6783238768
24.3297123072
0.00242788099219
0.00238140250391
35.6047483003
24.1725079306
19.9752764173
19.1475289588
35.7613323254
31.2831153738
31.3621715549
22.4617875451
15.5650969055
26.5773571862
30.6885849062
17.5712072947
0.0124918520566
6.64452831627
0.00834328638408
0.0190965329705
0.0157087895142
93.3878970015
21.3352762993
26.0641289805
7.14573789848
17.8687489122
0.0202211339823
0.0248051519377
0.0449601104184
0.0346020533686
10.7122510268
0.0338604696658
0.0128565155935
1293.33415866
1203.24805394
0.0102548936678
6.87464815823
0.0235454577016
0.0303894089145
0.0312586322914
37.6284989716
37.1977080007
6.85713096039
13.4477592999
18.9363200523
0.0372982991561
0.0394304484443
0.0533031038454
58.2020935834
32.9496440844
21.3555969569
28.8752564112
28.0196520154
27.5145033593
12.4712372725
8.05764971669
18.9276377813
0.0666143676075
0.0730126501789
0.103350260128
0.110707126008
0.0996041640794
0.075640437497
0.0188506338353
0.0171791558001
11.2687761749
7.9330834271
0.0243885450483
10.7735505522
7.30407071109
0.0640898417056
7.56862087551
0.0546264321027
0.0568868587059
0.0351332506017
0.0668554012245
0.0440866664554
0.043538551187
0.0618135745608
0.0493745280899
0.0436309014006
0.0746030261772
0.0544173367939
0.0449014689543
0.0448993541628
32.6187405362
10.5213696625
15.8302173074
21.108857937
15.2709056027
13.9186708302
16.3155159781
25.866750281
0.0877333198764
0.0642083283743
0.0663400024406
24.3838076082
13.6111967469
15.04253325
6.93628940084
0.0566779497978
63.0365995916
57.128001483
43.0348002941
28.051718816
0.15421497963
0.155551458146
8.314044534
6.75910830321
0.0296367282614
7.63324981432
0.0763719598369
10.133570264
0.116186565818
8.71711015761
0.0900756902783
8.05098281504
39.6590753196
10.9180346907
0.0596645493915
43.0256297501
64.6808574663
115.437083515
29.7168242813
0.0876016227749
14.0338109774
25.1623931012
15.1622196575
21.9894789731
19.7853842763
25.0781718043
26.7000214272
15.9547987708
12.5568167712
19.4708913779
9.43125412261
15.8681459847
0.141015707577
8.23850542479
9.3760582241
8.45655586599
0.312251026868
7.79565484059
10.457451848
57.4542352856
139.52959495
0.177612291026
0.128797588191
1193.49961699
0.102353391162
7.35961985148
0.183785134285
23.7747066137
0.183801536101
16.0168803833
30.9030433944
45.638609959
0.220500093591
28.4373242013
0.170478823425
28.6799014811
7.67578075512
9.75191042899
22.3729649396
35.2362630146
39.7306274335
0.12506811785
45.2810104348
45.653464008
42.564325595
57.8507326673
39.4725960012
8.52434544738
0.15003291123
9.61641378764
22.7353885113
9.36649352345
23.7724707047
0.107985679194
0.0826863974
0.0771290552884
0.040805890503
0.0435890703211
1298.97511248
8.58737550523
6.90514261263
7.51336633326
13.5152588293
0.050669048619
50.214616445
7.11960074538
7.47563224184
28.939239032
17.4838226552
7.12436256275
38.4171263104
0.0214338245328
11.1927849935
8.51833287789
10.9447096128
0.0296412955191
11.530327837
18.2067605916
0.00245713189205
22.0739631833
0.0492688265677
0.0503768047878
0.0404397587157
58.4428802202
56.8506083959
0.0303418395961
55.286120837
76.3426433799
18.2520964292
0.0262702827184
7.06516067316
9.09849995708
14.5395115065
0.0533584826242
36.2005440812
9.23294134509
0.0752765294344
38.6135808609
66.8606526615
47.4479758023
25.7477208234
30.6150388118
15.5977694543
0.0354307539398
0.0420977572249
0.0863479671249
7.26027271446
34.4007286426
0.140362417887
51.4503729583
9.87048900502
22.0589675579
47.8955541541
7.65840427307
17.294753424
10.0107375367
28.3926833736
18.3135016904
17.6667305188
19.6705344472
17.3534190983
6.86911020794
6.54043790548
0.0346182818033
18.3567489263
23.332684118
9.82376480849
30.3085021873
6.97274327607
17.7093585136
0.0219021252801
0.0252567388029
0.024630352625
7.94318461574
6.76155540183
6.603311501
0.0243371107784
0.0657777601294
7.13721525035
6.97724907408
14.3337453461
12.1667361358
9.6467779543
0.0342536297749
0.0261763538643
0.0311773063111
13.2638894124
12.9392412869
0.104497127671
9.64689412408
0.091642750367
0.0698530691233
0.0764753945516
8.82247793788
7.97525992122
10.6178111326
19.4143392003
9.15218420416
0.0967577767438
0.103311305572
0.0611853324032
25.8333317736
0.0889400212486
0.0904034862842
17.6131545204
0.0489387001146
0.0544395882841
0.0518625900088
0.0146713945478
0.0140351943145
0.0164819683808
0.02004197066
0.030506043584
0.021380708527
0.041317541927
0.0349723397554
0.0350340539684
0.0315737856457
0.0224674456507
0.0570031380947
0.0456291511433
0.0369492074849
0.0339421960701
0.0267966933544
0.0166576816554
10.8107553403
10.8904310546
0.00169384293058
0.00356937344503
10.938674349
0.00380319446307
40.7721823507
58.3804499463
0.00403554553358
47.6544319556
0.0
0.0
50.5708532502
35.2629448763
11.1322676138
95.5604949809
8.32647137391
0.0145282508654
18.9252683743
7.23009688831
42.5564631909
20.1216778395
23.2934002026
15.6388135096
0.0
33.9463105528
9.28540219384
31.9748020784
14.7112450861
74.5023251088
35.4728113031
0.0237253566757
26.2586201287
9.13133750291
0.00197208443581
0.012204126565
7.97416674416
36.0935012111
32.5195530338
6.51360274475
6.71925039884
8.99644884908
247.212531588
0.0540670999421
0.0523512428847
0.0530098824786
0.060579101038
20.8295825188
46.2967331063
19.0470482196
19.9087112277
0.023817676473
7.03604784974
7.76237236017
7.18127681913
0.0416297366945
0.0391569325817
10.8110697476
0.00476296579633
0.0164159992768
0.0099141464343
38.5287963265
8.01424607911
29.3870845262
10.0782643538
47.223342841
18.112252431
39.5197745604
0.0623434226718
27.8100087819
51.0047012433
30.9499309376
20.4761742322
31.3006830352
32.0678744481
0.0607806137497
0.0399214083012
0.0324198766568
0.0585917452107
6.95250896508
23.2241407366
6.93464227072
0.0456767253009
0.0412183444904
201.583659126
54.0070102484
0.0526556958225
0.0513228534725
0.0528149754427
16.5504632313
18.0861564784
44.2546261059
36.1978021915
26.9836384275
933.719053889
41.729377323
36.0173247596
33.9926924472
64.246979715
28.4324180631
25.2074627516
68.3031436255
0.0873259133712
6.7479623881
41.9588237311
7.31806436608
21.4983302932
22.2089796554
0.0812686434487
25.9156685169
31.9170925036
7.16937148675
0.0755861071879
0.0695316741786
7.49551451195
35.2255357123
19.5310079476
0.0185750516811
114.975523384
0.0327219996918
0.280531168374
50.0683490828
38.8269997747
21.8414118341
14.0678206146
0.0778597690149
14.5050574979
0.187829284244
14.3061987205
53.5778638829
46.0485177968
73.1359258259
48.3669687109
35.851455082
92.4938671893
0.356657759033
0.101663930395
102.40901297
13.8730499914
39.5773311609
78.5505250929
0.355328827755
33.7110887357
284.994352142
417.976690307
59.6412876283
53.2723138477
32.9026144191
61.400949281
0.10364286465
0.196681698146
14.3730304013
0.978740857197
18.2486390939
21.5978954396
47.4052992269
49.2934100229
122.269630663
43.7104260022
70.2381776735
58.9151310069
64.731200875
58.571617758
75.4408292528
33.9723583365
113.060133151
41.8405900173
1.56424571338
54.3819082386
109.551438374
85.85733086
0.478178796762
74.103641585
6.03158963264
37.2261394777
14.8265177624
20.5385513951
74.4113743241
0.273876800072
0.90482360424
0.460418414753
1.73683843931
34.3441879064
76.5517084541
15.2219054575
1.72982032929
1.99783577702
56.1034776122
2.70478306261
18.0830709213
13.2703598829
17.7299177423
39.9516218573
67.2138987895
62.0968013022
53.5401418606
0.7953468798
59.0947992229
0.767270527159
58.7857855262
14.0816188628
73.7613770313
57.7136303203
14.1517135796
153.806693206
0.715571162333
56.0154747558
58.5331184708
44.1475775796
2.09652902255
2.04468759179
0.852306018575
31.3641568819
255.627612151
263.761748271
271.331818537
13.8040449725
56.9918422004
0.943828174739
64.2751672355
2.03151913348
13.6595753442
20.6107107914
16.0467965827
17.4716502786
61.7287466863
60.8458263938
42.4795799893
2.48000785993
1756.30867939
15.1944456989
3.04963777768
20.2488345047
39.7622353793
4.195099576
13.1846709082
237.059250399
14.2511406377
16.7869516065
42.0210891054
77.3542799995
15.2793774064
48.8065637016
83.0529934873
60.705851065
0.472050185598
1.04479665312
9.51567126997
3.74511388367
89.2070050473
41.5728524184
62.2669035123
20.8088266585
1.70410747641
1.97911910241
2.03876357044
3.7093853673
47.9432433391
17.2500644878
2.45699278272
1.44427513101
27.2174828643
68.5873274426
58.3865458401
1.74833060371
1.7306770173
0.622613982185
67.6853427999
57.3041554765
16.5832403735
44.5889154977
1278.90243104
27.8664172053
26.6416780443
85.9240732871
79.8380496849
60.493214413
19.176258087
18.4577270227
14.5561938046
14.5732762922
25.7903479108
44.7797779779
50.519771572
47.2822891279
77.1391367327
0.793863615736
61.4737890837
0.806200576661
52.6618456169
1.0178673425
14.5872079791
60.0949470281
20.225627531
32.4752658607
72.3321558393
2.03856123177
18.9313515287
1.65510186349
1.8965402597
52.5077219486
37.5603250181
61.0412961362
15.7679619903
37.8346783394
18.6280515276
2.35880542095
3.00223805955
1.92384991947
13.7674393774
15.1452433841
33.4348319118
74.4518122432
3.83742679024
2.54147733064
15.040405253
105.694779296
41.8288019033
35.5997648567
98.1279447658
2.81328765649
119.248104169
206.75312945
0.955764370332
1.01159733707
1.22777653156
20.5919018998
2.79419808998
69.2316052092
55.276414701
63.2932632307
47.8079102023
64.7018754392
2.34597134698
8.68129065389
3.92437992768
33.8019051983
3.43687281536
95.4625593945
13.889813506
23.8204202019
43.5996396673
25.4464800761
42.7498486406
137.963607605
31.5041818425
1.21117371209
2.77650868323
6.76874490686
67.244000819
95.7910857712
1.80023701311
124.074057836
66.2905168525
29.5179289976
4.43830070629
40.9958849655
14.9037801104
3.31431113939
23.4084808509
5.25629798984
28.7076467858
3.56727804901
66.7191836711
2.51443174799
30.1514340433
2.34565155983
9.31935252365
41.8741036341
13.7618322645
0.509951030443
36.0040752559
45.2242055819
36.57600557
0.952881184289
25.2826405901
1.32026280795
17.5067662075
68.5709341407
47.9091720719
6.28303868103
52.5712757136
18.4116073319
17.8719382934
12.8741684601
70.5201466226
116.390523333
45.3482954756
24.1113881004
21.2719123461
20.7104458115
5.53960099301
3.13974676466
15.2169398014
152.172718324
59.2006863922
108.090651801
99.1773607874
80.9257733446
59.6040336256
17.4038854559
82.5743536323
71.2330590763
11.1984136455
41.2982678983
66.2035496131
57.541808053
44.0582008806
50.8877524675
74.1966242252
2.03151888972
38.2058172224
1.6990373338
20.6905552293
40.302822294
58.3282851146
2.86646786038
4.0117533283
32.6218376719
48.5414566311
6.21445198213
61.2544219145
5.97553813642
15.1608809508
8.67654384354
7.16581922846
8.9007184303
9.7861270182
16.6936842638
18.259125456
56.1178997847
38.7930562935
16.2618753303
41.2601347002
46.053964125
3.09784001044
5.25352639743
5.75809498396
7.52757049414
58.9839185714
3.9674401119
3.38646400268
1094.79091216
26.1350223473
38.627227248
59.2892461022
164.725528001
134.221070615
105.041965095
93.1159181648
25.0898933992
62.4915444262
45.8189342237
15.0188024585
13.3680780462
14.3449738335
1.6403625592
16.7730199298
66.6855151387
15.808875712
34.1387334158
19.600100531
3.58241493111
49.3391961448
13.7043519181
70.1718862655
28.6577773239
19.3709937081
5.71392240994
5.22107622022
139.891125663
57.9776397984
55.0014484079
45.3026478404
41.9819170871
40.7513865828
73.386801219
1.32586687387
32.9173058217
107.425017761
123.420322983
89.4199168757
101.645269033
56.982163613
33.8525388491
19.8974526468
72.6323403072
47.3606878909
106.697394764
113.213051276
45.8194397982
41.4933683027
66.8779597877
21.132414213
3.90157283661
164.72165188
38.1114303046
2.63695534048
66.1986410243
7.74713802894
62.7771460193
46.6145984593
2.32497176389
6.70977705654
5.7721031499
16.075419181
43.9380011171
20.1062229493
39.9629770557
38.1327274525
61.3315076724
6.89743819183
17.8376978774
25.9251229804
46.0941436257
38.8753694054
43.6693229064
15.1218555196
29.7123948439
69.9934298486
28.8849750341
81.7825976472
48.1545620377
4.64959075424
53.5042216953
49.5507726166
4.18102306406
34.6123992842
29.9628433949
42.9799012563
34.2825939434
13.8724018945
119.873767702
56.7724538896
7.49660824681
42.9218133306
20.0142828923
21.3872737575
34.7486524853
47.1561537016
22.2944310426
15.7247242562
42.6497801288
64.6551571187
30.5126651286
38.2582219048
40.3817939526
63.4460849032
5.31083610274
3.26120772444
42.8788189676
7.02293714994
15.4640530004
19.3798775051
420.026805537
339.546223639
98.7554355803
13.411895205
24.6844098974
16.1898069197
42.8493076888
25.5621300188
18.0513538505
38.3735025328
43.2664549948
1.67650932425
16.0322533729
17.9948314146
38.3331806469
45.9611600852
26.6382159036
31.7177635122
46.813673021
11.2542261298
37.5202111179
37.1531196759
4.98491148411
43.2228431449
6.20939973158
109.351471941
58.8794267857
54.0428014696
29.5576208121
16.0630353991
49.7278729443
3.03429909283
53.0924803071
44.9949834578
50.1497031997
59.5816652253
37.4410157612
77.656718279
102.730824843
39.0922453251
57.9186792579
71.8872704555
17.5019737072
8.19325026337
15.3624347933
26.3494575743
7.75281947023
5.66555574168
41.6712889164
39.8637769272
58.1397355766
5.41027746046
14.075543352
3.17363296078
4.39907066753
21.5608991992
47.6759374117
15.4306691573
40.5584731148
1053.12224343
1164.95548427
110.137753177
27.4033739643
45.9122300244
49.0451387972
46.3866176042
27.6899868868
41.0670587899
14.0793823879
83.2481777324
19.6416609273
16.2932389482
32.9367192689
2.7018820356
26.2179790835
39.5399574938
25.9891709918
6.70018861527
10.4546494097
9.93679180942
59.1358875161
23.6915735286
39.8492540419
108.461952787
3.91509408485
6.29845633563
15.4252660624
40.964083966
59.4271160418
55.407572213
49.4419193745
44.0771846432
9.26442377302
22.9330690786
12.1707641087
10.4963679614
9.16309771451
14.0100295801
82.5159601552
87.8264937214
66.1850555918
5.78312692828
2.07115013382
165.5610194
24.0899462923
20.0710119838
120.201966593
35.7030310116
25.8680876346
28.3782332286
10.2005203549
26.2206189376
14.1128899719
2.7541826902
26.5236881045
57.8420634749
23.5172169814
53.2340503751
38.8248899487
21.3669407647
4.99583064816
3.33507197008
119.635433562
17.2205309722
29.1159453069
39.8418762171
17.1144032497
19.0543923891
151.940388471
3.64440950181
60.5633884632
3.32108511949
43.8993950209
14.948921742
30.996635117
18.3619885058
28.9658019277
7.99227975798
10.4098996226
12.7936996442
32.603296366
49.5026673307
35.3354229205
29.074126625
6.26376918262
78.1076893281
42.6882528003
7.47226136438
8.27379786793
8.74187420729
6.54975506963
5.8302583414
15.2602193508
7.38007344524
11.7071172907
5.15287346612
5.76169721155
7.44399106196
12.212855064
12.8365114585
4.80406601426
3.60327028295
38.5301186277
12.846655193
16.614639971
81.0298448561
9.83256421673
134.68244592
176.557391711
101.871269155
77.3490619707
105.493158921
52.0123271287
25.5955774379
66.1505506404
26.7784758983
16.9639400432
3.32173874216
19.6856159495
5.94020181089
98.1653479231
47.90332612
31.2367225434
30.7894215404
56.3494407804
5.1109008605
44.1364205083
158.028485153
89.8127852146
44.8767975002
79.7148107747
67.7705379223
6.46168048876
7.89676266724
75.7177683947
92.769554987
4.28059481158
14.9053087741
21.2315827599
65.5998705793
12.0028961656
3.45386679616
2.4706900131
31.1844802835
18.3599297685
33.7876219818
8.54891032099
64.2645009028
155.563628514
199.897058781
1353.66976704
144.504618167
100.091531352
99.9068227523
53.6497801368
67.2569330152
61.4473834535
59.4550967105
32.7654789929
71.7363204944
11.7264884214
35.1485857887
4.72787516108
15.6490361323
10.4910923565
13.8029789155
47.0443968406
44.645980287
32.2539134944
61.65979708
24.9354342262
1201.1833507
54.6587642944
97.2922792693
123.544683888
20.9812891342
33.1317830754
8.16976585033
6.20131220594
41.5473177589
19.9090423149
19.3777673953
42.4064706304
9.5087911328
32.9376946745
45.9958954101
91.2507036687
28.7018716152
4.69214367726
10.8067571822
6.59729694256
42.2494083118
13.9402000065
125.209921204
41.6017961049
50.4052713763
9.24857561999
45.7525836934
20.6975190431
61.4847301237
48.7694983468
100.921797191
35.7384155436
51.3862925503
34.8668190593
45.7412277683
7.26636731243
6.36072781464
51.5754308985
16.3136470607
56.9393610403
30.9010344609
168.724126919
356.870503524
60.7495985288
50.6130974262
58.9916206749
11.5042844448
33.2175674096
41.1379479753
45.8947190905
36.1364903974
41.3210677495
9.8715067097
37.8591472884
18.1777075377
25.902136628
42.8047958647
20.6386925987
11.9310424898
12.4779630052
26.1435609812
17.1474499512
16.1690152232
54.1636365321
49.1340321607
45.1271781148
11.7997871362
44.2277512055
14.9402558806
7.43794913023
24.9364565971
112.451819031
51.9654242267
44.663176704
7.4441242087
14.4933458537
25.5163282287
62.5863598551
72.6184544166
26.8781407877
70.4117809531
85.7929698055
62.9079631875
24.098428445
67.356723869
62.3110213608
28.8925141143
38.1560449424
73.9891725573
14.6280480724
14.5931946951
37.6340840958
48.5732131253
9.29336143431
116.003753631
17.2142190725
9.53312858336
32.3616513548
5.8934767979
20.6487188747
27.9884261403
22.056470922
26.5804106687
9.84419894721
11.9220760748
17.9405178362
8.66912100666
63.5048081789
7.65329169092
14.7420981262
15.5178627356
98.2932916873
26.5573020564
16.1232131012
38.6546502435
4.8075113397
5.23409766495
182.463231474
18.052863779
20.7808904807
56.7509204377
8.57736826591
4.76253882969
52.6279708216
22.0855612487
17.8550342905
94.2817006398
43.7245953832
17.679828041
27.2420572922
121.458206211
16.4226213014
81.0418188165
44.856256281
20.195365981
17.186604
8.70782787243
47.6395208885
45.6822167362
28.1775739555
47.729032994
21.2380163765
15.5056980271
28.34568808
6.30840980593
173.618432734
161.381914013
12.1738538905
83.9938511391
183.523397417
61.4809225388
33.3623668181
43.9647309253
54.8697139406
36.1689004934
60.8633230671
24.1449156092
58.621542716
27.4242936796
36.2915317662
49.1404510572
54.8245896745
31.2784545572
107.197876019
21.1087954029
68.1362618156
47.4474972272
48.696296201
141.339629604
80.9161856462
24.8194522986
35.0870487366
37.2130799674
76.5959737744
15.1333300714
43.0076931473
19.9539707861
31.8643358483
34.9040782283
8.52368989702
11.7085518816
11.9229240601
53.2132152328
77.0616681405
4.76154381792
24.3603070204
51.9020496233
65.5397140178
53.3041781393
32.3716962179
14.4402238692
36.8795451024
122.075228847
39.8196315635
20.2143350662
13.9646050383
54.3092795607
75.0606095215
13.648848203
17.147025349
18.2328441651
51.7000898694
68.8322928129
76.8235867937
50.0444481014
56.5632365905
49.904354538
25.7671880958
10.3736821847
15.1858946142
66.3344150739
71.0620074454
36.3815033218
2.5644015755
74.4284089502
2.10147934767
1.30065028063
0.0
0.0
6.78462812047
0.0
0.0
0.0
4.89128212569
60.9707517663
68.1762144384
16.0970075719
13.7025218679
68.8783716126
23.9880887155
31.2835468053
18.3993237528
20.375221152
109.486511829
8.51548344052
19.822783181
52.0685326889
31.1691327577
31.1186486558
20.6974352136
16.4309683999
26.9708793602
7.01966851841
25.5622640223
20.5296771241
6.18056615639
23.4775409854
38.8472652641
4.20656497212
21.1359593937
5.01661564262
47.2462761425
9.51457160686
51.5813444307
20.653090376
28.2718798632
90.4053384388
55.1202405565
39.1038562717
33.2687839005
11.0570714315
3.60834724733
11.1316274408
33.2103347774
38.5330467082
31.3156178987
16.9318399002
46.5958009039
13.2197561425
9.68733864956
43.0936708747
5.1169918
3.10133311498
11.5248490691
17.5407253272
20.1429157621
5.2767313061
26.9882581811
51.5505520991
11.5812488042
24.3343156636
17.7175266315
19.8611389634
30.7834613502
9.34136033785
13.4357598174
16.98960007
43.8314910154
56.2219535955
8.81227382569
26.2146212322
17.2387716634
82.6801870485
13.7961227949
48.9000922719
26.9513809956
32.7493531955
154.106680189
138.187153223
181.445775864
60.0161934798
153.295602248
35.030252437
89.8474191539
18.5359308907
9.78490109122
7.50424613477
91.6980174958
13.3638213576
40.3621355631
19.3186392217
68.9709961869
31.4337133227
23.7390220625
28.7187978263
84.1000501865
36.8648042621
40.2919398382
44.6520548332
25.4385925694
97.7507854285
35.8397933919
15.4262211884
39.5605389383
31.310050572
46.8213892142
38.4629439712
45.1467560868
72.2274907396
15.6836403242
13.1828011571
16.4959290831
38.5172651004
52.8236279998
35.431903647
13.6015470985
23.6753981428
90.7201265644
21.3143598565
125.032801109
35.0220429996
175.220571172
48.3351933473
29.1294453415
13.2533841141
10.3144439724
18.0327642687
13.6597535697
20.3673318828
21.4392045025
24.2937516223
21.2227667561
9.09156356136
24.1282807641
19.0072616496
40.9366913437
21.8652292378
29.9130366962
16.8540664268
34.3008349872
85.14695558
43.2844372608
35.2310107492
47.0953408824
29.9691473727
11.8624059607
65.4074461546
18.8813720009
21.1600077308
12.1963204113
16.6583610621
73.1266887702
49.5240119652
38.1703831972
52.0141335152
102.635049237
75.1496835153
45.9407391221
56.4302227436
42.4103841759
94.3154765805
60.1869438244
178.131448983
66.6725958248
57.7430654218
12.4586654931
23.5973843167
49.9714976181
547.890800681
48.9487065868
35.1891713915
61.2028623269
27.7601458061
23.2587284231
26.06526584
23.4378722944
23.4514971203
50.0859369232
33.9009278818
15.9020088115
10.9220335365
109.962689921
14.9541996734
163.449372907
80.8380604255
32.8603731614
210.179811293
56.0889244608
21.373292347
47.2622532712
38.1799326521
47.774221082
31.7457134998
81.467693532
13.3011220584
56.9617873527
45.8406633522
35.60610573
25.5445468823
26.595290922
9.67590817367
16.7876838687
63.2615579229
5.10154573538
105.05566068
7.08474564842
0.0
0.0
16.8406799427
36.069700581
15.2818429561
53.089695699
26.698599137
16.0065801735
134.068195986
27.8551901028
32.573290121
68.8156519949
44.8201396754
109.737987044
11.6351563515
33.3718090657
374.302549475
1.15942546795
15.07824415
37.1604624896
32.3072033318
130.652220057
56.2021542024
42.3292215054
82.440057697
44.2394872924
62.6910265044
66.4699481064
70.270618879
44.2843129018
52.3463030217
230.826949086
41.9014597679
57.3659399437
117.418432136
68.9929109463
53.7495983534
107.935931255
61.0116407925
70.6223338767
23.1433111793
40.350732936
11.9784744782
156.811881811
41.7835900154
41.3025376028
7.31427827533
90.5317965075
27.4719678555
13.6308600226
19.1924790096
20.3842699426
109.021668809
7.7730155012
49.4098523516
35.1178155331
52.2661661345
46.8271061385
62.558399782
99.555046474
16.0050984095
45.8257648147
47.8384102647
11.7418170345
72.81030158
54.8845049768
68.4642220079
26.4632513001
49.1900753123
20.1671453226
13.8392189702
63.8156685458
38.3720649755
43.7137637699
42.2100602942
42.5509996017
94.2555254263
32.2110067979
33.9043340257
32.0568741255
25.3395202276
33.4396321463
8.67614015581
24.2328684986
40.3408089637
53.9037348245
25.5418273547
21.2032521629
24.9902757288
87.1419271359
22.5452155111
73.6372434299
30.4863732898
34.1936272045
33.8319988173
23.9941567891
26.1120669475
13.4809123948
71.5713451056
122.938602695
36.774818238
62.1707395026
24.7526232198
16.0870769441
14.9888690385
12.0894514027
15.3960198604
12.1010285212
17.3377125854
40.3523751283
34.0774573659
21.6247239833
28.7521937802
14.9410517557
14.3698672598
28.3245771662
15.1715767479
30.5194489671
40.4017801722
17.7131104623
32.6604961913
35.2876339296
40.0880486026
23.7703180509
47.3444163235
20.0686526718
19.9196444622
55.9469601051
30.1022367177
61.0042311027
65.2223823572
33.8628833425
34.5308428194
52.7139461141
26.3006098349
10.4440654815
23.637501207
25.7998618152
43.3928419161
41.9319417447
28.0485820376
174.367650167
78.2608317041
53.3872297946
200.854696625
73.889806722
151.233654254
22.3112801427
18.7824099161
63.4539177706
153.479800745
37.7087793005
21.8232172497
19.6066381819
160.45108524
24.1074567944
129.251734567
18.4560016805
31.3200866838
18.2982515621
64.8354225574
118.326088256
88.4091693064
90.8734984883
58.0965538587
72.0716244901
63.1745766021
33.2892093974
38.2023858383
37.3983916804
22.2839391324
18.7948681476
50.8480353153
21.8215639224
39.7480029031
35.3578453779
32.9144740315
50.4365218539
51.4233834522
37.3601821441
78.0093476619
61.6158759762
67.8923499384
49.0728557608
45.2911841063
44.161330988
72.7691305722
20.9575945706
25.2214484803
22.6010508463
34.5341365319
42.2271780743
36.6193131648
49.2132323622
65.6247228043
59.0056167585
26.1810212354
39.846562045
49.8402387614
15.497440496
55.7198244013
17.9572398357
0.0258938724485
0.0243227646825
11.0274390093
0.0140811749626
0.0189098852421
8.902296097
27.4237808881
0.0148933284163
9.54676610199
0.00884261882861
0.00353612937628
27.8363635321
14.3564805679
22.2178203299
0.0468334671386
47.1521731622
0.0826939494464
62.8677649148
21.8384440574
0.0468170499954
75.4568799801
9.72504146569
10.245944984
46.9034437794
70.193132961
15.2304995679
40.2692757661
44.7743327304
21.7776686667
38.1461928851
14.1407049962
0.087420613232
0.0826786635315
0.0123602644272
0.00650362588378
0.00877555593193
40.0019285072
60.8501383403
0.0735346644744
0.0576429157104
8.87732443087
9.84893805484
12.0406789125
9.40200335362
33.3358939476
20.1507559147
9.9133129481
17.4869891053
26.2924129954
12.8262287017
0.0816384453267
77.5522352172
41.4948018731
28.3158288245
34.4348571959
44.3207866464
0.0271253688086
0.0427581111284
0.0493785723018
10.5395119623
24.5768441532
48.0470891356
21.8662059591
9.71965761097
40.5271402648
43.5319593515
9.04517830292
43.8563782746
10.8569484608
22.9107177893
11.4308448314
0.068312381309
63.0398575224
11.8644311789
10.0303506559
9.99173160827
0.0732233523546
10.5667144518
27.6103720408
55.1510219424
28.170960679
29.0341617946
27.5685232957
12.4056334567
0.101483879905
30.40792021
58.843469552
14.1843340284
13.9422566156
0.285043855184
17.5110086934
0.372285314226
9.26757791639
0.298841248815
0.290298133083
0.289177969362
0.342141451957
0.324826045018
8.92744485514
8.9107156624
18.3689851617
0.315944335035
15.1259873912
11.3114387794
0.333928873194
10.1014495473
0.343028801536
9.5162345686
0.334951754637
13.2359932817
0.318761859733
52.2663799129
9.23310783024
0.344304705925
0.328873322674
0.338508906069
14.7934879963
0.189753057525
0.244610357079
0.237434212194
0.265668206172
0.344829506471
0.291294214895
0.301645562994
10.2955776566
31.690363515
10.0127302344
11.8582908212
0.287392084744
25.9039924532
0.106639084995
0.080132549391
0.0470748193573
0.0167757601206
0.0147513209645
0.0103024791226
0.00828681001596
0.00328625830879
0.0
0.0
14.5462183806
0.0
0.0
0.0
0.0
0.0
0.0
0.0
0.0
0.0
144.192851391
8.91697509121
63.3095368892
8.89605777074
9.2978938716
0.0132975631659
34.5620596071
0.0152081332637
65.9008186987
0.0202341668297
28.7201664582
10.6521377154
12.6872039804
12.4263640686
0.0664915065929
25.695787435
0.0728149804016
11.6879172618
0.0793048977815
35.7647234269
36.7857911397
0.0145380972526
0.00374643220936
11.7092966184
9.59471945175
29.590933925
48.4715317897
0.0286027537004
0.0449398870239
9.15565674566
259.257366018
0.0456480636915
9.39585616122
0.0462964914888
0.0488142752323
0.0614069748593
46.9863743375
37.5031783204
26.9404682204
1101.72358405
0.0241946488692
8.80410231325
544.429510128
259.487861505
0.0357762290602
24.913151986
0.0333915870198
105.099334532
104.486852182
38.8939599832
52.3564158819
13.3584609053
13.6146670699
55.2936689079
11.6865511272
47.6377315543
0.0627122411658
87.4684351935
0.0686610254343
34.026882821
35.6755974417
35.491095941
39.6647570395
0.0296673902681
0.0219294260279
0.0353134731754
0.0423686254474
0.042936449616
0.0471146913266
9.31516145221
0.0643820648422
0.0543645100259
29.9696080275
49.7664930209
0.0427594253529
19.7811855894
0.056493167319
0.0482749899571
65.3783694186
42.9014614998
0.0667504773296
39.8962556712
1027.67919282
0.0425155099968
8.92182145659
35.1968619898
46.7121795953
17.9997744219
16.4263497107
11.2013461365
0.0695817818116
0.070168421621
33.9604940245
33.452863391
71.4855113433
20.8110121952
0.0671548848214
12.7191666843
42.5367000138
32.3220594548
85.0421813246
110.630704214
66.7667715555
47.8570871147
0.089640197731
47.0305938746
0.0866872425939
10.7577296848
22.6701312795
8.74847031736
35.7910687496
50.8069344892
0.0870413424758
35.3927845069
73.4006262221
43.6139390908
0.0331484369818
0.0844836448493
0.112239789494
10.2629797329
10.0920580772
24.2807169709
55.4750827206
10.4746778495
28.4647604078
11.5618233389
96.1426593419
48.8829106326
35.0444635731
50.0767934066
33.1153480409
18.2577919662
0.202878667995
0.187059873839
44.1458583531
64.9218903879
39.1189015006
24.0010439286
23.4705746195
89.5917035688
50.1412533818
39.6368568398
52.5082445833
14.0571508838
20.4275569675
25.8392538459
10.0756266301
0.172582796083
36.1928336695
42.0144139869
0.113425336088
9.22437533775
0.10911580698
12.172586071
9.48666664719
26.7601601048
0.104576907154
0.100874283857
47.7404718566
0.098265453336
0.0970017090989
0.246433957555
0.24195971265
14.1254535483
41.6817812519
43.9188794229
29.269111236
0.0453589831382
8.95374104685
730.449326511
0.263016609601
10.2153973562
9.96208389374
20.7061840116
114.254031192
163.004935281
79.4238883479
32.1954683548
8.66292081502
32.3911783835
31.1768045927
67.3356542523
14.9605035156
52.3834998904
15.6725335341
54.7769722936
12.6538053071
16.022935281
27.3117658164
50.7729455094
11.3231543018
34.2382605164
64.180593217
38.2403677838
0.00639782643134
186.568214831
192.044989405
197.804583311
21.9405669552
58.1490900984
9.65536597503
47.0953713799
0.0052736698249
9.55358061533
9.02532237215
0.0126338615473
22.6353454468
50.0682586315
25.6460294761
24.8672631673
26.3370644808
1320.29448354
8.97039883149
8.60683746496
252.152933265
0.0284865410768
11.1172423922
0.0299085513618
0.0149693597847
0.0131877775892
22.3565759809
0.0352469924247
20.5871949333
0.0420621158748
0.0362238117014
0.0363018394165
49.7051503079
13.3073844629
25.1793932408
0.0577223141046
0.0835157829565
15.7028623807
38.2449496172
13.258836811
0.0594951071383
49.3517230817
0.0725241654007
0.061345789071
9.62342682416
30.0344289951
0.0732821408922
0.0904929751389
0.0824732980088
42.4995605133
52.2393248919
8.67199514904
0.0939863209892
0.109298693779
0.0482474607798
9.47114006388
57.4653428147
11.0384499858
29.7792668416
989.893485649
1120.304786
8.85465160605
0.0602245578549
27.25856373
13.8981618072
9.58853688891
33.6577335548
0.0650706213451
0.0671155954154
51.7319438988
0.0595622994149
10.1543633749
8.92080105823
10.1222072312
11.9678799394
39.1057207291
0.121154570651
14.8403448158
15.1125465234
0.0566147588429
43.4014172248
0.0764735810143
14.4094946207
23.9276200452
22.7867601706
59.3420072939
11.0532954677
0.0520331454009
47.0900708251
0.0623078745974
24.4538042316
24.6029294809
28.2191747032
0.0164353163832
0.0173681644373
0.0155935006664
9.81075307552
0.0792113932312
0.0232875447246
33.7967936994
13.6969909109
12.1631131753
0.0186452621619
51.0240224539
0.0125161171341
44.2636435676
62.5139791963
8.90866109496
36.0604112291
122.342615147
36.3474108218
61.6671218686
42.0903727879
14.9021815639
40.5530010375
38.2586818909
23.6514290758
49.7183261539
25.3937743527
19.3723425701
22.6563101616
33.4095798552
13.7638715562
10.3339517703
12.9812103596
0.0682591848285
0.0379634540925
9.15759258379
0.0453981234043
0.00945198048444
36.0320291202
38.1023794646
8.89479500149
17.2235676194
28.5570066184
0.030694981918
0.0354819034818
36.1016621589
0.044015074756
89.628663741
147.031164377
0.0328220781375
19.1434313474
0.0115060562327
0.0192208354333
39.1787109866
0.00947684154981
12.026025592
65.8351867934
0.0139640824666
8.64435797553
0.0219042715252
10.1573470879
0.0363055822757
31.5956134695
0.0773491905808
0.0683377116726
13.1315934194
0.0660611620353
0.0914106293067
56.5207493555
38.2445530605
0.0894327635907
13.382154116
0.0970013971418
32.3385545205
22.9255567857
19.2243589221
0.0282716611202
0.0226494509161
0.0317121636964
20.6653485701
8.86500227077
60.8492786517
51.46943103
74.5979248564
64.1462108642
77.1684174926
0.0409690764554
0.0446057980992
0.0519567515238
60.4857972531
29.9345951921
12.0103601555
94.8591040871
58.1414019328
10.085364829
0.0632016396198
0.0325601384511
32.6027979135
33.6889578825
29.0077932689
32.666337778
51.3342964014
34.9858252265
12.1434683818
29.2302278268
61.0519183197
55.1711082602
11.0108404873
17.2482362841
14.2765695295
21.6193851646
41.7391450465
27.087706405
13.1016581301
0.0589971080072
0.0581815144048
0.0655496727427
8.67921454878
19.6745563002
9.07040980183
0.0508512984352
0.0434581126332
0.040053278073
9.83626962212
14.6805246298
0.0565674144139
80.2044490153
25.2442171448
18.4192456687
18.2356859439
0.0377784813639
0.0404621807982
13.5477961785
44.7834796736
24.1064503753
48.4832151319
22.2889371655
22.7629509793
1023.41623227
1131.70014969
60.0371587611
24.9847859578
38.3047437441
0.0381349987047
84.7073507287
0.0560259554858
72.6283762517
0.078382806843
23.8336000772
0.0904192836724
60.1474409004
9.82083510564
0.13357082961
22.9114385812
20.5755303464
9.59906789016
0.120774387671
0.119561584129
18.2105059461
58.394344517
9.97246830389
0.119392641088
0.112047931662
18.5187863321
0.127500894645
30.257650877
12.9797977958
46.6906544052
0.0917239841944
9.22472314863
33.1539764109
0.0699494475406
0.0580736430789
0.0524053054987
10.9428555796
9.48818168301
10.145836918
84.53101662
11.5377261417
11.0774057075
74.5916245622
55.8544990916
8.88367171114
22.93389416
32.460189331
41.1912907539
32.8442294567
37.7624033148
41.9795487722
8.87999693315
18.4731526925
12.3047730685
14.5004642287
12.7647177914
0.0664918937623
26.2625828833
61.2562294503
15.8251344369
0.131734980838
0.13203510314
0.178244554552
0.184921888329
10.4242985078
19.9920179452
28.8221230088
13.7860817405
0.126129941362
32.0285580271
13.4586613883
19.9858010023
15.7492721716
35.3240787851
16.5032804696
14.2050135792
9.71175966232
56.3321987907
9.91682466477
66.4327475038
37.7753672157
35.449537864
50.5361439872
23.6919172644
22.8954924067
37.9382021949
18.8382635579
38.6846460736
36.9338317565
29.2124597278
41.2034940083
50.3445026553
11.8985600834
10.3072437067
14.0589414538
15.6840072121
30.9044380482
30.9924414507
27.8548823121
69.2245619477
9.94920241863
61.9308312461
21.4394845217
43.5086378505
24.6068763929
27.0641075626
34.1964212933
0.223905603767
32.863728006
0.190116250643
43.4740624182
11.2192754352
381.553867086
308.214167764
22.1743347272
65.1128412202
0.110684007182
46.6356059711
41.8427451409
0.130093370899
15.498769061
17.8835008446
9.06135400172
0.103906579797
0.131459340457
47.3389754268
0.080270415823
0.0516466731299
0.0127465736429
32.2667796454
10.1824901086
9.14550533462
201.339433746
92.7111152365
10.8369564592
0.057432017998
107.566212087
0.0815341205109
44.9226479294
0.102462759515
24.2832097095
71.78290565
69.099735009
29.3726786535
40.1574637609
22.3852290747
27.086132809
0.149124117949
10.2237720479
46.1665083736
38.6182763668
11.9368743276
0.189478106381
36.9775521599
0.210789829224
0.190042221957
12.1389227683
9.22210578899
0.161332390327
0.182882132995
0.175142019381
45.3448453958
42.286557432
0.159170651413
0.157940747832
9.43708478176
11.9080014768
61.1295022772
70.1995272192
21.2065564669
0.15933811776
8.70121302338
0.223353543655
8.94372490626
0.139235918876
29.4839443457
44.4150900667
0.136347737766
0.136034426607
27.2522524082
26.8350419594
37.5207832501
0.163172994706
26.2500865149
0.12321877355
10.1425978937
32.8890323798
26.774062184
38.8566766849
13.0067707603
0.131844896044
27.2801069089
36.6243037407
0.0822150400659
0.0347576242819
0.027383800654
39.8197782542
120.989045002
0.0163690492616
26.6427091758
42.9620462811
18.39320551
15.0798176561
11.2658114435
9.96544633259
0.0369805119013
0.0324510641219
38.7745444897
0.0241578429025
24.0555842
44.7141825335
31.7412784558
32.2949305903
8.90678799264
9.36694112014
30.4520703687
34.1958346842
32.0011944864
16.3615134387
38.7615507899
19.3804182007
22.5603057578
0.0337681021326
58.8162147846
14.2286012576
8.69046050206
0.044856616082
0.0470586533626
0.0341711599709
47.806649387
0.0506299793204
26.3419930738
0.0731584118129
0.0671228087428
37.0672561697
11.6592096651
17.2204048339
10.1245350765
0.0259309093402
156.046881001
0.00826631232097
0.0133974141144
13.2333252293
30.6400327381
60.3439011445
35.2571713667
9.68755744106
34.7363400112
0.0398598671213
0.0387612212988
10.4436278969
11.5913592776
0.0471448151595
55.1123036034
0.0448649249195
22.1614909798
0.044690267909
96.0732316641
0.0416785119129
0.040737962727
0.0453312825979
0.0379716140761
13.4645778777
0.0315187362007
12.5067989799
11.7543745874
15.4669730095
64.8204833852
53.6359281685
53.3254742994
15.3047030694
11.1915014655
0.0648731068035
0.0747704223759
71.4396642598
0.0590244218866
0.0671791814525
0.0
0.0
0.0
45.5963423013
0.0
10.036598467
38.2264341175
8.70039508959
23.6357933413
13.7365161502
70.6597449839
35.0027242638
0.00452496191779
1466.01503341
0.00266449917947
0.00261524483942
9.03829804089
9.18498004913
9.82424835438
86.1848254377
51.5881242362
128.458821985
43.7463694964
8.65567812332
25.9674507832
61.2996373149
48.2283579484
989.425786657
65.8762310936
9.68001358091
0.0219968321847
0.0212953305003
8.92984534892
1296.81042757
9.2482186427
20.9286292861
0.00241147685716
10.6934060619
0.00937209247404
50.9205007831
24.2450625516
30.1687169736
83.0282617453
11.4123813247
0.00234751818191
0.00229446727752
8.50019510075
8.83719719003
25.5434446992
57.0556520363
12.0348611334
15.7005854388
11.0469586343
60.1232852587
92.4827357108
1452.42773107
1470.08473045
0.00444006310113
44.0593589913
0.00697160611862
0.00984682729144
9.19821561401
79.0118886057
26.5729749721
0.0417235349771
10.3063063962
8.50156859651
38.3643723223
0.0139253275508
26.1132941651
927.461563989
9.93613386565
9.08698125043
0.026640828556
748.950238862
1164.72125803
31.8750794127
8.62355351765
0.0
54.7446608007
74.4709404131
878.461840676
60.0839253338
0.0182301137337
0.0267987834897
10.7937300513
29.3702485531
64.4934509313
0.0133800283844
42.1345317168
82.6386073705
10.0797878984
105.121706196
130.68020881
0.0379019884651
31.3248175198
56.764286162
0.0194726603146
45.9702823605
0.00250571462031
9.09935469476
65.183396575
11.2112568684
29.4035145404
60.947590586
13.8126681607
0.0613338272164
0.0558733542968
0.0362786942736
0.0296651690568
16.4928994052
11.2402312645
0.00651673991701
0.0304205497031
0.047256276405
0.032291669987
9.0291265073
42.3467347096
82.9435687408
14.2014254273
8.45659137323
0.00724202033272
20.0240436488
0.00522534902311
10.0108075511
54.57526557
9.33698589264
0.0363585526879
23.5274006027
26.5761439032
30.3654218047
86.484526406
53.6983599735
11.5684423617
0.0118097763118
22.6808873951
10.1428265958
9.92022559971
10.3873849187
77.4332875257
28.5385675171
0.00509245361464
0.00542492666419
9.48358286668
34.3580315134
0.00845283385851
8.89158544998
0.0375070163655
101.381854677
0.0477868951184
0.0341786103694
1268.43901311
21.6963631415
29.3842360421
10.9606747251
14.9520427018
0.0163291642191
95.1257011275
0.0501603750043
51.69262203
71.731714052
26.2288190073
0.0115605921571
0.0111390499472
12.3996649295
8.94773983474
0.0126204049729
0.0269067435806
55.0746924142
0.412212344564
721.53041998
9.32902322073
54.9439595397
0.00239134867773
41.475206466
0.00299635519057
0.00179551595711
1115.91170202
0.0
27.4507938691
99.0782609357
12.5916157735
898.542176609
1006.73508909
1032.28828429
9.24853893488
0.0178404395434
413.051420083
0.0160478729088
58.5896314984
84.4587792029
10.1627439134
0.0142281802931
9.43491214604
0.00396354261333
0.00273221616085
10.1309264694
19.9266472373
0.010903847377
0.0108541919089
16.5570641158
0.0285728797674
0.0311110437882
0.0204675157235
0.0178566572765
11.2530783061
0.0130671433399
0.0103408102543
55.1051624696
46.5370314951
28.0126328452
49.4314419957
0.0320411955295
0.0346847093619
10.4440220692
0.0557530169076
11.4296473212
65.0646494623
10.1873368377
8.79521293265
11.2120310131
30.1237220147
111.870378847
38.5093773967
10.3366875464
0.0444328973129
107.897685901
0.00339310985972
0.00448104627325
39.9751699727
12.2626652836
22.8779753561
0.0369975207531
12.5192037824
0.043946901886
54.7126634961
51.0222213079
0.00717411601568
0.00469683991023
9.28850211957
22.7737471929
24.9513416081
20.2712647828
32.8668819931
23.9125884774
25.6114253736
29.6426785618
18.9454362305
20.5047365273
0.026383451091
20.2111742744
72.1423308506
11.833503293
0.0317447943013
0.0359818283609
10.7015904882
38.9346512669
18.8281505264
8.60624062602
0.0
8.78571784533
19.7432162293
0.00128821767618
34.7682117278
0.0503291569475
21.1155694784
0.0359824754427
11.8849145706
31.4703940387
50.5543313769
14.3923529516
11.4616080949
45.0419883074
13.7281747748
0.0279408433364
9.97520285095
50.8070706751
0.0487188495561
0.0439458072681
9.03903404163
9.34163519333
8.51966663669
9.67993367126
8.70366140802
13.0206553012
54.5290509279
11.1944412385
0.0245928536167
10.0670095644
41.3169245924
0.00502285852087
19.3494546561
0.00471202334508
39.8472924394
10.5832255101
10.1197472955
46.2230373198
10.0738349387
0.00730968209074
10.4346368483
8.86408594046
0.0
0.0
0.0
0.0
0.0
41.6466362535
27.1703209957
0.0
0.0
0.0
0.0
23.9340889705
9.44740346822
0.0
0.0
13.2345677178
0.0
0.0
0.0
0.0
0.0
0.0
0.0
10.2921294112
9.23966015902
10.7435456916
25.7985150574
32.5364836637
44.0194222571
30.3074506667
0.0243616563817
20.0227754304
58.5379163372
29.2248543884
13.1904946395
0.0
22.9248802616
102.432427923
156.451950229
121.073688476
63.3416321047
68.3210014233
10.9964733857
9.05517090116
0.00212532809347
12.3643691911
0.00142705107481
0.00317860531979
26.5140478127
51.0462928998
27.9872185639
0.0598361196205
9.11737059665
48.9111032848
0.0677008128485
0.0746126349215
0.0784260788964
0.0665219002424
10.949371497
45.7583509051
38.736560143
28.5884888131
0.0591739067622
1303.42860678
9.12633328111
9.37116357056
0.0498637667434
127.952452327
13.8280514123
0.0432368195245
0.0435531927894
103.806469563
39.4163526683
53.6865937037
29.8612760745
0.053312534954
0.0584369603072
33.0567357656
47.9244826661
0.0568630264265
16.1604971158
0.0633397596581
0.0757169494502
68.8168924531
44.7224611142
52.7296432375
44.6628655924
412.714197559
0.0337233617431
0.0357414153695
0.0612445571859
0.0648826753066
0.0626073371405
0.0580847634985
0.0382253164579
19.1568733267
48.6086798797
40.1560373046
0.0865837683065
27.325014417
0.0403214315421
82.3989738821
45.2118214966
0.0772999908406
42.6559102125
8.70353319985
0.0566367785528
10.1318070794
10.3514848251
55.7281795061
15.4183790831
0.0584777803017
32.6107763249
54.5968132034
0.0867185346334
39.8240314404
32.6214198559
0.080348213954
24.10939413
13.7286262816
21.2278446927
42.897419905
10.0539190964
0.0880670036204
10.9845245918
50.1898573571
44.6911327061
0.0906331351728
0.0688579689037
0.0819094710826
8.87655041179
49.8787593895
0.0800040338177
37.2580846872
12.8294877999
10.9123593534
0.107028231274
13.941341766
10.1037897869
16.5678682518
0.0154320799428
14.1868696343
19.4580802618
21.5178387646
20.0407343965
222.350206214
0.0147576436931
0.0197840157331
0.0198844578844
6.89843309355
16.3539251024
36.2427729041
30.9759650768
28.5526218099
39.7628763654
6.88805363442
32.1371491121
37.2782855899
0.0112769952552
0.0118450748627
29.095618976
0.00967083729541
0.0149745353282
14.5514587687
34.1277063405
10.8650197119
11.3095543794
15.8241615711
16.7877817344
8.87459971797
43.9320582872
0.0429325219387
30.921608869
0.0676090912493
0.0993564615972
35.7735955275
10.3548616717
26.2304968073
0.0370896199048
9.78363270618
22.2192749454
0.0419339013839
7.40684549048
6.6836979825
12.0249482593
12.0593093588
19.6568793651
0.0627427595281
49.6620186616
0.0277584946823
6.34788073793
0.0737245838
7.54087077556
25.5928579328
43.9071624733
11.7192416305
19.4870996984
6.83550209664
0.0932130480494
0.162209770513
19.2372599224
7.78694859513
26.5532140587
47.4030479623
6.36377393506
0.180727221565
0.166969360117
68.7888552785
0.175350168421
40.8908206013
9.7836366801
7.93829099296
20.8052635162
43.5265392227
0.207399092126
106.112416485
39.6653259909
43.9924384666
41.203402349
11.6871865603
42.7937950715
7.37746389566
51.015282509
27.0227665451
146.50224563
150.459298835
154.735510001
6.2087138575
27.9620837803
0.00941061050266
32.4917497834
0.0102948093604
6.7197653829
0.00812587344298
0.0169519102508
0.035223927017
18.4337723368
42.8876759108
9.08442532753
15.2805414675
1005.75153165
6.56873269447
7.12423121319
0.0299855434837
0.0300134257215
75.4822947431
6.99831867708
0.00447961248904
0.0085230369008
0.0093137373376
21.003126743
0.0262222267651
57.2413937188
9.86477157471
30.4445814448
27.352942851
30.736903456
12.3797206178
20.8163238426
0.118887147373
0.122814717719
68.1199688547
36.9519608304
13.6816458666
0.127125500974
16.1083662307
0.148006406131
0.127551693934
9.4883356117
8.57849656658
0.115715141499
0.11701665855
7.16136250271
38.115376329
52.1506517031
6.97323988695
0.059167145723
0.0362395583465
11.043180185
23.0720508297
32.1138806615
7.04491206878
16.54554605
879.402359443
0.017627163155
22.1828995756
38.6870971134
14.3054953123
17.8297121886
23.375040063
18.2954671969
8.18515919543
12.2437554432
38.6965586135
0.0293223061263
29.2086661977
48.6743257172
0.0227828850876
31.2070358643
18.8271509265
13.5705659429
0.0616152079528
21.9939360369
24.4724588914
29.5947924744
16.4363718716
18.3965726806
18.1615116674
46.9360574453
61.3229691535
0.0310922673587
21.7097329333
32.445159954
7.82328339415
0.0250964430232
19.1172863975
7.35539098721
0.0219060292877
0.0239966225203
6.49805396415
0.0187695304577
9.14451839286
0.0400465789913
21.0415564849
9.53443375507
10.9872337291
0.0158448299951
68.8208216704
0.0149678305051
22.5262203412
83.2177221386
36.0987850391
71.138483175
55.2891560532
0.0319599591192
0.0299973773298
0.0296948608502
36.020191524
0.0384676502631
6.34675323608
19.178315619
41.717316027
0.0761241766311
12.0624173968
7.92998173643
10.6601134129
0.0242546327956
6.9503348144
0.0261659551006
10.2900934744
0.0106335809238
11.517994462
25.043599186
6.85043450256
8.23343527016
7.52256027087
9.10181546019
0.0330246832289
0.0477734543025
0.0410460611424
20.5910268256
20.8963903936
0.0252134187924
37.9420012534
18.8134862377
41.2810825151
7.06792294243
0.0138093547025
0.0192006080026
0.024957905591
0.0119102825629
17.5846843879
0.0127597187021
7.64279843888
0.035260873663
0.0419611292837
6.8063634612
0.0522671302932
17.9437790771
0.0402923152317
0.0469912058241
0.0661119913688
7.04946491308
27.1123751127
30.3499265075
0.0837990408666
17.353707631
0.116700515696
23.6361243287
28.8478488612
35.2381835658
0.0631252718369
0.0445911405475
16.3911709238
15.0709170029
0.0136659245091
43.2769521728
45.5672072841
84.1948399834
42.2643845368
67.4636199337
59.2550196902
0.0429953213611
0.0382329810444
6.28328609252
42.5229728071
12.0294356883
60.9166748112
17.3072935397
27.2578751788
0.0300995430277
10.4657791065
24.6807998895
50.4423287676
0.0426582606732
22.9497750208
27.0516871738
38.6526793237
26.2612506686
21.613724088
72.6088180204
48.483487859
11.3967287376
6.47985792945
0.0787138454095
7.82939274787
33.8000092205
22.4424121947
0.0794856722703
10.0721036364
0.0443177665976
8.98663191018
6.61727217328
7.80943569503
14.6938297955
6.29798323039
36.8733296049
0.0445741057215
0.0476761682917
6.30342369818
12.0922410413
0.0493083708786
8.09018529197
0.0553359821308
20.1890340081
0.0292927124649
7.68436501944
0.0327835766175
38.6413476611
61.6163082667
34.6705737178
24.2923931727
51.0136524502
0.0518995514589
877.078342325
48.9601352217
23.4152066499
61.5700283438
58.4509485725
35.6867844182
63.4490431321
34.9874566674
53.511679682
20.4691404822
21.5940719992
55.725905161
29.1871213428
0.0654400677135
0.073670210821
40.2578267831
9.98607407466
0.0579394299499
0.0662258985549
9.44918432013
43.7380648311
32.5404465611
8.28851106349
0.057666990283
0.0607053528878
13.185572786
0.0687116588048
48.8447038665
30.3195391497
33.0446886305
7.2398415826
10.2397883794
20.5349865519
0.0412024291905
0.0333868037962
0.0283547449436
0.0297636717595
0.0626825565452
48.3432854822
52.705556453
38.8094501597
0.0610285621565
36.9130991344
55.8847541237
0.0356147931508
42.4162765601
49.3331676898
14.1833796499
29.2111830749
34.3783955596
11.1665401943
30.3993132585
7.10131810685
0.0545075817635
10.9684289001
11.5613642862
0.108645045535
26.959449249
47.932277762
0.163915129925
0.173901674437
11.4750452577
6.58365161915
12.8641316634
19.148550626
10.0497876446
0.182663663236
43.7183365377
8.55058829707
9.12214268385
13.8727304709
34.2934847515
11.9199444441
32.8985959832
10.598479872
0.0998149908464
0.121235892313
0.131709030599
55.0858893552
35.8996814169
12.5345351625
17.7583948852
34.7334003559
0.0339723154742
0.0392800635086
27.4565509063
27.1352341743
40.9202111733
8.7412020369
68.2403947067
31.6025959363
0.198773976986
12.4123001619
9.47725691419
8.85464299553
6.85979945703
22.7633719464
0.20819476135
15.3803189785
33.6789485512
69.2689011524
20.7782120161
19.4009794452
26.0735944139
68.3853222283
0.18821998823
7.96542872862
32.3437422014
10.2383627097
16.9436796168
17.1964196791
0.113383273843
283.467139691
32.0811501487
48.3823537812
55.541388604
48.2538458924
34.6303202495
0.0110022322584
0.0127066119818
6.56495021217
8.76067552954
27.5666197361
26.6292744982
0.0366012366121
30.2008588639
8.19254448682
0.0168511683814
0.016771924293
7.35243610372
0.0269220456052
15.0788277104
0.0410422171746
0.0389110454168
0.0345347461151
141.01612892
106.168607013
17.812095775
0.0271350606711
23.2480572251
52.048289015
49.6928220523
54.0495911595
36.5194136973
10.9366796078
16.7030428366
8.57906253132
0.0365484412346
19.0375414411
36.7573703583
13.9750257898
7.01666537686
0.0344903880108
0.0520597515761
0.0582358961932
0.0504466532508
20.7519163539
0.0376770027203
0.052142391202
0.0564405938136
0.0591261246346
48.8766787933
43.2934407239
7.62420945448
0.037754412193
0.0247053099031
0.0869584596487
51.6277170664
0.102214442322
0.114458439967
0.0788062976895
923.976864319
0.0364344040614
381.040411419
35.5619658412
35.1748665127
29.0240125452
7.8722920237
7.80497329921
23.2682807111
78.2147518143
32.4638472149
11.3378026561
19.5622102194
6.3811694171
71.0611241296
34.1727121863
0.0635225744674
7.34392869552
0.140296639075
35.7776022646
30.9321085829
6.53679990306
0.0812570457004
0.0446055771745
0.0365036080973
51.4594430819
122.223202118
8.03345112551
33.9689054125
8.46198190224
12.0786962205
9.0561425051
15.2857789302
0.0209740981951
0.0203771443372
0.0180837056286
10.3672023391
0.0242616462156
0.0214293633328
41.8531913991
0.013028086408
46.5179149232
14.8807933086
0.0161427597676
8.09673488188
26.643352653
38.3256440523
23.643165885
28.8449599816
11.544628629
0.0173307874428
7.20869564359
0.0186338935398
8.95625826036
10.3714007367
30.4239222869
0.0143348736202
33.8431780655
34.7793121636
23.5414516603
0.0741793107152
0.0633302236215
8.48561384068
0.0377770695575
0.0404806251301
14.7071960498
0.00728033271546
81.0845174439
16.1291137921
7.44179338331
22.8686245316
0.013334025041
0.00910919465333
38.5337357287
7.75779620837
14.2869262962
0.0325702393221
0.0313114851466
0.0254669922149
0.0117545215967
0.0327170760127
24.5303993775
37.6348374246
7.54809658333
14.8353624493
19.2611497726
14.3347214073
11.8724778196
65.5164958085
53.2186360627
30.509637399
27.0949884896
30.0873811695
51.2090195876
0.0182809571356
65.7470105383
39.1409203531
22.7845227179
32.6506716922
0.0667435119052
29.951158447
36.5360261035
6.28358348309
0.0481856503651
10.2477141441
77.5397808149
42.5032119215
58.6746755571
8.00932216261
0.0131935510633
0.00770138796398
0.00616979483665
6.70557125694
20.1868866393
12.6501998535
12.3763936516
23.0865695214
9.22233107257
7.05855590061
0.0511841285475
6.42905407022
80.3044848911
0.0238426136694
15.9581263322
0.0987658267799
27.5831737949
22.1271928479
0.0217957920637
1069.78159108
7.03389607627
6.91779017356
6.32269190351
20.2287501145
0.0477911808577
0.0469599781584
92.1002792882
94.0572284652
39.1156468759
0.0281347369096
39.0062663524
53.3565043065
0.0387375815363
0.0522930555366
20.3416134635
9.80084645824
0.0805510535096
6.59133018514
13.2506362612
71.1572313175
68.8743754445
32.2304527072
7.56801410202
14.6232618226
0.0376493389652
0.0474444422931
32.2939932626
17.435040197
8.19799488279
0.0646758531186
0.073076405867
30.7694033739
49.5717159131
42.3717163197
7.76618757072
0.0456550614506
0.0360911302141
21.3464210446
25.0801493122
9.34772561428
46.981005541
937.926582984
0.0397510046739
0.0447645236223
0.00688790001935
1235.84658232
0.0150056922164
7.52046447697
48.345455304
0.0246383707165
8.24335293356
15.8462423109
0.0451080166512
73.5672580345
26.8624682448
27.4498192193
21.3239042438
33.3368884519
29.806867076
14.0481844728
17.2292358111
15.8000958875
11.809474454
20.6268473611
59.490386934
0.0324145644134
23.8990645483
6.62636312854
8.56801071403
33.9643230478
28.3195949984
27.8819690024
0.0448023142015
0.041339127735
199.308297322
0.0163457178296
0.0185284138622
6.67076164395
6.6905402359
6.65140448065
28.2826611905
31.9341127817
8.55273767439
15.6938762833
42.3229503885
77.672776287
0.0581713106973
6.8870476461
7.17437951875
8.89054898452
27.3655376594
0.0593566326094
0.0554877135122
18.6782945489
6.51262271391
8.02970988163
24.5461994237
0.0503224816779
18.9976414169
18.2711075475
0.0753868587334
0.110451333309
8.56512147647
6.46031994936
15.335872457
14.8816179384
15.0551479493
44.0603843872
6.60957764713
0.0415223062858
0.0444900510617
17.7234046204
24.9446247463
0.0454890668912
22.9897062918
6.39945033671
0.05950600233
205.600559127
0.0540689111158
0.0446638136079
0.0364261292815
0.127381014898
11.4642236609
31.2457653872
29.041779176
6.90369544523
0.0360125377
548.832320812
6.50379887357
0.150636355996
6.89652189801
0.126786281235
0.100392654418
0.0965009018163
0.105271171532
6.29330323613
28.6049907958
7.38532201193
25.2482037772
306.430915538
0.303662940341
31.6771914434
21.207991367
19.825259465
0.389037365941
6.69976652579
21.0113144131
6.61578190009
0.27979614558
0.285099023307
0.131281133934
16.0706557816
15.6650849297
0.128085820052
28.964514793
12.2380071797
0.246220215457
6.5710089478
0.205752003375
21.61439168
0.20937424918
6.47788173257
7.67191882293
7.29231992566
6.95799378838
18.4056811735
30.3918631547
25.3535599837
20.356050487
0.184284314749
1109.95384906
7.23176730672
6.54602899299
0.13975776434
6.59049915844
0.00723659200886
0.00642969063806
0.00928470315724
0.0239829070243
36.7442640416
0.0288295113531
7.62279650515
54.0366404103
0.0342913235701
7.76624704482
22.449256307
9.09998959005
34.3152544483
0.0792298032852
21.8163269678
0.101480009206
77.2656272909
15.7547444537
35.0355539312
0.0178665069626
0.0262103210291
0.0426452236602
50.9772047245
0.0467330994584
0.0581903710774
0.0561639174196
0.0666743251605
33.2783866125
40.7595344733
0.0875633627834
7.50834866974
0.0313045943362
0.0548225992791
21.5815152257
25.3018548779
8.57967606016
42.0146733169
1002.28594002
7.16214430354
7.98961514788
0.00216502484737
6.60423739144
0.0123430944837
8.72711060864
0.0156954576406
49.345480267
8.56871613877
0.0472114658953
0.0533301273122
63.9439855725
23.3504519733
13.274674893
0.036542722838
32.0398871418
24.9406606091
21.8762937331
0.0347725828822
6.76057056883
20.9262897916
19.014828296
56.8992372483
0.0342133846753
16.8337289592
0.0315889325551
14.4344766588
21.7415300885
0.031208119799
25.2299688596
27.2245292181
0.0147295767644
44.9391696436
0.0252260117035
0.0395085163801
6.50969777973
0.0453626018894
6.71995675351
28.8989698294
30.1666009828
7.29441755114
17.0094254685
101.608280595
137.751442031
0.00885377196707
6.70800045831
0.0166135522666
824.459993844
59.3622014034
0.0131506410977
52.8731027407
31.0640719704
0.0207968072503
43.5333722364
14.4151919621
43.8503986445
33.5167711785
18.5806454214
21.9006362194
56.2190421264
6.74886554622
25.8165718833
16.8684607592
14.2559827527
0.0415804193428
39.7646287472
13.0202546242
0.0222084128158
0.0199830751279
27.2607829408
25.4575667453
30.3896909867
22.2057630502
18.5511424481
9.94927946232
40.8884919742
0.0202090001975
0.0315060720796
0.031179684828
0.0190282091207
18.0939451573
30.8180786622
26.4284913009
0.0311261746752
0.0262015028741
7.27426458442
22.4335766336
25.9603095092
42.8585156467
32.524435199
44.1316629138
82.4684050477
0.0449313160119
0.0502814646773
40.7440858943
95.5650001598
66.44045389
19.785496385
31.4619389202
16.5049319346
32.7326257672
29.5421825049
9.94352053774
0.148666950573
22.6037046122
26.7758405472
16.310363578
36.8860133763
23.9481990212
8.0727206325
63.8000466582
47.4262058428
0.0
6.97956044491
0.0
0.0
23.8421948331
7.2245910407
0.0
0.0
0.0
0.0
0.0
0.0
0.0
0.0
0.0
0.0
0.0
0.0
0.0
0.0
0.0
0.0
0.0
0.0
0.0
0.0
0.0
0.0
0.0
0.0
0.0
0.0
0.0
0.0
0.0
0.0
0.0
0.0
0.0
0.0
0.0
0.0
0.0
0.0
0.0
0.0
0.0
0.0
0.0
0.0
0.0
0.0
0.0
0.0
0.0
0.0
0.0
0.0
0.0
0.0
0.0
0.0
0.0
0.0
0.0
0.0
0.0
0.0
0.0
0.0
0.0
0.0
