0.0
0.0
0.0
0.0
0.0
0.0
0.0
0.0
0.0
0.0
0.0
0.0
0.0
0.0
0.0
0.0
155.938644765
46.8622041844
78.9771708345
98.2225274067
93.7775643633
72.8252744263
41.5049392874
30.4350300477
0.254009135303
83.9332938589
69.5264580632
73.1798252427
64.0297879674
38.5579991444
33.6962207718
0.0890557591629
0.07532000516
0.0682380053161
121.81400017
108.130385372
97.0072288221
44.4187127748
36.5712460832
26.6792337736
27.7766909957
21.3401959257
23.8044104893
20.2498274084
0.225809205107
0.196207981093
0.16390054509
0.126563238731
0.105471693082
0.107876175063
170.843917063
152.266412061
0.0788191189051
0.0742668677536
0.0680428458625
224.582342391
169.069462393
60.0416662685
107.884533664
123.476976442
125.757406645
104.488126644
77.7003656498
41.8714491128
34.130709236
0.228936915632
0.435335460637
21.2164619327
107.178706319
101.225028027
85.6505371519
75.6592247818
68.0978380914
64.1112236821
67.1775227076
65.5272114174
36.96442722
0.195970558935
0.126231010717
0.157935608017
0.165100374048
0.166346494205
0.162708856928
0.150500246488
0.136625396116
0.0993344342723
0.0894779897628
0.0582128517406
0.0583436907972
181.801027462
181.988643038
0.0522330680955
0.0489750168118
145.285573796
114.18341293
175.898663026
166.470207181
145.458916159
119.943582104
116.515177623
105.715863511
89.372693726
80.5315353419
74.2503511882
109.817444932
157.990711276
134.048772578
137.66944811
134.522291433
131.290441841
122.25254723
104.276806616
87.0738399778
74.3442724371
68.4786067412
19.2065282146
30.1306873635
0.164763524763
0.179155669038
0.125290835198
0.118279397628
129.023581607
0.101314710962
105.456026096
91.4725827637
78.8369164956
70.0515360089
70.5080926965
69.0387252618
44.0743651242
41.292043421
39.5831387762
38.4552568214
36.4106618246
0.0496744380164
0.0477286673412
0.0477471583559
0.045848222792
0.0371617402042
0.0297121594563
0.0119453582204
0.0121874626495
0.0080395321118
0.00846132296422
0.00955251055962
0.00921037675736
0.00799800041983
0.0128868846529
0.0173805999711
0.031963744108
0.051765422703
0.054214220366
50.3594422587
43.0709439399
39.5095230988
0.287519428668
266.612414529
272.876965145
238.064056702
234.818778559
234.352319643
213.680241319
202.216952758
186.64098215
175.658681999
173.424538245
158.610612404
144.405591893
132.401899407
113.459035823
103.870213442
157.14956582
70.4859600644
46.7874787833
45.8166481987
45.8627964231
44.8388423874
65.7688266286
30.7467453803
0.192247928295
0.142440426435
0.139692824331
0.142562578684
34.1726268449
76.977473877
95.1661021764
105.822318277
106.845301147
114.468185912
117.47756277
123.140129222
50.7390168679
0.229144768717
65.8906296885
0.600446114949
0.705019920117
0.731844393779
0.516700271786
0.479951149824
0.52952909876
0.507458530284
0.59129000599
0.496943252554
37.4087847378
38.6799962349
0.653849033439
29.3462856703
0.363995219764
0.295826625175
22.0277831442
0.426577851497
68.6222427863
73.669774834
33.9181163721
65.7852343338
32.3808241487
0.863135420606
0.890665536972
0.902328619546
22.528636375
144.155611631
0.333576838413
23.4427507524
0.50416215003
27.076330935
0.268203464728
27.4071623626
0.215625155525
0.210658480456
0.198209275611
26.051215951
0.142697342114
0.156107028077
0.149647665297
0.206860853222
0.210132341864
0.201429075033
0.201431170519
0.193208347441
0.245133770328
0.231089686158
0.210951400623
0.188537599971
0.158978076704
0.136641916967
0.122381496506
0.123105768641
19.0449807526
58.1691387731
52.3721633402
55.4650475617
53.8266562638
44.2951440323
35.6377554359
41.8472489013
39.8647687739
22.5503484587
0.16856688065
41.1480736988
54.8804956572
114.298921411
36.1833391987
40.4460687747
53.7213106868
46.1099657112
32.6996988932
37.8906545143
121.169738676
0.443816514379
79.1690744689
63.6576178656
76.6893600791
25.9411365185
0.650613426022
84.663285381
0.450889714252
34.7413051706
68.0343820418
0.408674051618
0.341344864745
0.319235722816
0.311899847062
0.266176967811
19.2136901245
0.165839341647
0.222016110774
0.22998730948
0.229380725373
0.216856971765
0.198067177954
0.18010938477
0.160270787012
0.175429730378
0.182066920659
0.159184530547
0.14532851654
0.128054528454
28.1644876558
26.7071271509
0.109852975908
0.100604341635
0.0948238702049
0.0870989049942
0.0779677340452
0.0678882100911
0.0566897477963
0.0326487161387
0.0315113625274
0.0408483977806
19.7533656269
0.0450828335047
0.0473891826006
0.0463338888062
0.0420116261362
0.0361057255367
0.0299704494994
0.0266559572209
18.9229695165
19.7618331455
60.884888691
0.16112305325
37.3743636192
0.181706464904
0.0667667819163
24.6193715818
510.914784545
97.2616348523
160.494598818
56.6098495356
120.707392005
82.0098087558
0.254118739608
0.0299936848232
102.321359676
74.4890541404
0.0237169831606
23.2153858606
0.0134256631453
0.0028787344308
0.00571599695106
0.0132102657322
0.0113983008539
285.873643903
201.214608161
53.9472450454
34.0525247734
29.3999115377
70.208011064
0.14212526918
87.8277008044
30.2916585897
101.65446936
73.2706287068
62.264001686
103.879628739
101.613458364
72.5898005542
37.7393092687
35.549312653
57.2402471906
61.2220675368
0.0668621889846
57.0856774285
21.0492326377
30.3880257023
30.9292113067
32.2279608816
23.5841086017
82.7032061128
83.852513023
82.6838083936
146.76294383
66.2673683158
116.09748507
91.7228097535
0.222804418587
70.4314089692
35.018706848
0.212629051024
0.221601420271
0.526273907938
23.9184015739
19.189201605
33.6217858098
301.417227387
540.190723338
77.1938668784
0.89899577549
0.966802395775
136.197825589
0.296003532713
21.0878537179
25.5420494645
0.255401076247
27.6870269428
28.9840040383
20.7656820879
0.306863348088
0.265343225997
24.1127703379
0.0527637844025
0.266163098053
0.296350569287
142.2950428
0.255591502298
147.350770475
87.7850446508
113.061434882
134.171112587
39.56547826
110.916355034
84.4234802026
138.755108271
0.328362930075
34.9556879742
22.880212389
21.9195892459
39.9021451922
21.7569566771
20.4059623428
20.311969292
89.7940224395
424.558224147
548.077900936
331.963196356
0.318740023849
37.5683043348
0.449526358793
24.5229433733
138.802379575
139.751079734
0.318807182312
116.414334106
28.0958132038
0.258196470558
122.294974794
125.717250637
121.812779119
88.8631536263
86.3594785404
91.1030131668
88.7482718533
45.2720029455
48.3424745809
71.5693251965
92.9821574506
58.0091263146
90.5373107747
46.8233590148
42.2011004419
40.72767428
30.6821490424
64.322664694
36.9604549843
36.7167219488
34.6478037531
0.345670160098
0.36537384099
19.8975747729
98.9637359184
0.0722579538484
29.4444734973
23.9123201536
0.303447054962
0.274351751654
0.284533318964
0.255682067538
0.199535007266
0.249252945336
0.21048884582
20.0014899649
0.201918654613
0.199978678052
0.148983533316
0.189300515683
0.12128070122
0.185788674563
21.0380355423
0.112150842044
29.5198664848
30.8666960621
31.4300941021
39.9780305181
76.0206772875
40.1178646777
0.144308597928
75.3941335108
81.9396297146
130.86066831
73.4212174135
53.6166504021
0.28709711558
0.275470217773
23.7048133838
0.26302298498
20.6322623579
50.1806144199
62.5661826438
21.9449090919
73.927063167
906.548203747
37.3338705024
31.9109937951
571.593711015
178.659210519
29.5881202744
0.741338516487
20.2514465222
0.58753961293
0.827385264037
58.7645769882
20.7540446848
202.887279207
23.9958599156
0.546038062927
19.6018990964
169.914333571
0.800009830258
0.657102019208
93.8511394268
23.7644770695
74.1988172983
0.478664372543
74.7280826616
109.116145369
24.6339026478
21.4391353503
0.754725521462
0.972739012716
24.8047447439
21.4793433833
0.499410705367
0.408433600536
64.2661786135
27.5281647435
0.229045979186
20.5853429287
0.260313306968
81.0917593138
26.2517712548
156.187473389
93.2284772688
185.612299649
144.045426627
27.5104433855
26.297742418
68.5004591845
1.70864152092
20.928367992
35.1807085323
64.9083274383
20.1032002361
20.4297172974
1.0679348882
55.6056586921
53.8320780032
0.177843864378
20.954170587
34.2359980994
30.6767355704
24.8536158817
36.4889722851
22.3085405183
129.1453886
165.508459235
144.171274555
194.309873403
201.86331563
28.9085905437
109.408486306
21.4406704115
95.4990020599
33.1677501766
70.464272557
58.4154152703
0.134568782309
67.194263433
0.391515322191
20.6008723262
0.672481703954
38.7512374165
39.1082747158
97.0244105888
0.183682173258
0.257822523356
19.3018398676
0.222452959842
0.319526170696
22.6901215378
115.715476893
145.145194639
165.608879445
70.8793038489
0.233022785979
63.8404419204
46.5434505224
0.316179660268
22.4689114716
0.579047297864
19.4986541382
20.5727373153
24.8741528109
0.282450383037
35.4252028701
54.8676773398
24.4546322271
0.501059636885
34.6520116508
31.4650896077
32.0077797411
29.5545547033
29.0764353536
27.7057515753
0.448413674609
21.0797982543
21.7085141896
22.1251355067
77.2649655121
66.239940683
0.404947981844
19.4389742337
0.375277254418
0.34928891271
0.329109179552
20.2637426138
33.9793212286
74.0613223766
64.4013361195
0.146553119204
0.169356939167
0.182299175456
0.147869570848
0.194939730714
0.44347777646
0.220051031681
38.0149963841
0.414567464346
0.649408481648
0.534234620099
42.0069189193
96.2403612644
112.409481045
115.922338842
117.504301223
103.570192881
94.0065816165
49.9596055202
69.0161577448
36.0158330657
32.9249891746
39.5107389765
0.335606282615
37.2170823364
66.6993575559
105.393907692
111.118467626
100.550369171
95.2827566956
68.1900546176
80.6444370337
0.416668394753
86.9005344495
93.9374171316
88.4337755928
55.4556396545
31.7016954881
75.6704287955
101.25526893
64.8160232039
80.359021514
0.205202619124
0.440402592949
49.982468601
27.1318921981
25.978547561
0.357543872978
87.9520965246
0.400686732046
117.721224081
43.0014372365
112.047734548
120.456374002
25.2805197126
79.8247327135
0.356707029872
56.080935703
19.3287229283
67.7014932509
20.4949376013
153.807672234
312.442526146
337.194815844
71.8235477234
26.2439844689
983.798929146
970.514264474
629.858390193
671.951777719
652.934890528
554.12612864
481.034700995
142.242503727
112.835732788
46.6483202047
105.305319459
67.8722859696
0.12214205281
0.116347747608
25.3141607986
25.8377853946
44.9832885639
148.108553587
39.9320767124
115.153765873
0.692244269513
31.538797845
30.0065398793
0.545276324522
80.7541521243
28.6835553247
60.4721197758
72.8673852328
65.5068268644
22.9280399784
92.7966114519
40.0743961095
101.23866201
0.255684723262
0.316787764485
38.3694969184
19.9476973163
0.36148009959
0.310567184963
62.0327529844
32.5697354927
0.371291254605
0.342730449258
170.989814221
0.272066947002
144.238679258
173.899324973
138.395176785
128.349719059
126.451481553
129.9620236
284.309317946
253.128019387
173.687887935
133.737464631
0.251550117436
0.350601548901
0.46101713925
0.530503510816
34.7948779656
65.7055519986
70.6312878198
41.5620112307
35.4616457116
165.552890767
73.9441917285
0.421744641389
259.324015654
130.440568327
431.837262431
418.394756064
321.575100149
242.942859567
546.147299781
0.171605866989
79.0759849863
28.3530092403
24.1602097433
74.698828621
0.750403406042
40.326641698
0.433559504576
191.254473078
0.357212330621
0.556027081081
0.422566208064
49.9886545849
0.468214459581
0.484351020457
0.449943473268
40.9927172798
68.6616642688
39.6710571286
68.6113235938
53.9745950983
29.3771556554
37.3731889527
63.7952695424
31.8181783618
29.2135040894
60.4005693523
28.5315748602
0.633276791418
0.446208374419
61.7844180355
0.695275170417
0.701511513065
20.004343262
0.631043778132
0.440298023236
0.40488813099
0.440189126058
23.3252960438
19.5228545115
0.615567765461
67.505133527
0.426162857037
127.919640237
558.199630873
219.466156287
93.5189171325
32.8073866447
0.409210088663
50.321182484
97.9262492614
238.084980559
0.657570564608
20.1673670499
140.640423971
580.65359144
71.2666519855
0.36363382524
0.346566214137
72.8709330159
82.3690095299
652.926916463
101.512718115
261.487870642
92.9812901962
79.4751076051
0.558131626146
82.9993691128
26.0312423439
177.752198108
103.700909879
75.3800312014
22.9071230687
0.372645710144
22.1877721832
149.32765491
265.024602966
22.5607834819
174.748908759
92.664427616
155.160000585
148.204120162
90.0008002492
0.136583465765
71.295148567
150.190566483
154.694910645
210.144781274
153.258994438
74.5832507639
207.349808459
0.372878723779
143.929561249
127.800589586
0.289127632768
25.9232977768
28.7490596803
0.518820505142
66.6882947328
130.531918026
121.151975288
51.6232951557
142.256909449
67.8805486632
91.3144866556
35.3235673037
0.291361300161
317.644372004
214.899247709
260.114324297
245.357642053
230.71290619
92.9995547643
26.8669488212
92.181177535
30.97321073
19.3348627314
200.738391835
130.173182809
22.0874335899
0.254263407297
0.347619462107
432.373288155
0.478643471597
377.881526337
394.792880039
81.3628305486
29.6526705407
93.8552382548
44.7351472875
43.9018940151
0.163979140633
39.4621458971
68.382055546
0.211397913592
21.5087759299
71.6112896759
0.318146115237
44.001776755
0.271024036655
0.163816169194
0.27044693217
21.1921642655
25.8674981243
25.4611087449
22.1851551753
22.5829294472
19.8393564099
0.476346149803
75.2478841613
59.4648406061
54.3212928589
0.355703338884
420.506732274
374.765512914
397.164908247
287.392543171
295.744596224
0.428156283677
0.433182004973
213.801447829
151.09702942
363.858942716
0.283591073048
479.532037134
481.681319345
535.663754938
614.051779774
1021.89621446
236.880676511
78.5689334017
89.2917851837
135.752543741
165.251496987
25.5200404962
110.95074176
263.133487444
1.01349849232
74.7217053483
0.895808845499
22.5026458381
120.491326768
117.603856077
102.105336751
97.0491736779
77.0729972075
44.9974647843
42.3629246366
0.41365916994
0.518454901693
41.065711507
45.1123299416
47.4259548465
52.2137335316
0.246363190206
196.247137151
91.0623558923
143.463656806
224.53319493
49.8747185937
25.2313780836
1.27864667805
39.3329914024
74.5066483024
95.1655526034
22.1467511026
23.7895020305
0.755602171781
72.278178953
20.263611771
154.49000277
24.0314292721
0.262424516535
100.229216453
268.70503
275.500797538
102.896933015
118.557899034
196.469697149
26.6038869974
36.5924717199
72.4502047408
1.3330055901
121.435164165
30.1174160702
87.6260369467
84.3356821057
26.3236176695
84.3901146673
224.064905397
60.0143886117
68.7310492385
67.88329919
145.920392051
1.3267461968
98.5480175263
39.5059768592
32.4295516429
31.0081910953
32.5416534504
95.63988937
23.4292401758
715.469676896
810.165819641
376.692257317
446.736525652
0.25319185353
116.721992952
53.5109790774
98.7165496799
76.7889980084
145.642246539
103.657697642
252.3777097
242.656102875
677.628812964
144.75138874
96.2975664651
131.149003339
49.8252176351
159.432591771
68.0023854329
96.6703866548
122.895369602
1.18786084478
90.4769656259
0.69062083033
89.1741815557
154.869433998
74.9840066577
242.316832428
32.9431079551
0.340702782195
0.398456495636
0.456847857457
0.458407411579
0.421211975303
117.325015546
0.538081609532
0.473728107039
0.422516609033
32.0995602994
114.189227283
0.338169601946
138.466638527
0.236925274442
0.219382529494
35.1377460123
0.294751461862
29.0712434268
216.739680832
92.8281400159
85.9269539504
46.0940901536
51.5462441306
90.4142610886
90.9211694838
85.2055369507
92.2404554444
51.038673621
146.028263176
34.7006571379
90.7892235391
76.1702117809
43.1095022869
454.928288176
330.498726296
392.436563404
563.048602577
738.995493747
70.8493208742
65.5720427272
54.4924695472
0.596913447293
355.118509809
450.654193446
86.1252859084
119.979690289
22.7772427883
112.363553093
41.7739437077
0.224870515843
24.944330235
0.218858177903
0.191757009422
21.8496950139
0.25630662277
0.245709007296
0.11678449645
68.8289715954
58.9174318813
84.3788210103
53.3347312146
83.3170116558
95.0363748263
54.9481403241
78.8163104932
32.6185676705
0.348817345224
47.8889732746
52.3072118458
142.991736089
55.3474212836
48.9479444343
40.4035568565
44.0245299738
51.9495164757
42.4016918797
19.3316222143
127.054098261
84.4003222402
94.7814163089
0.860905476019
173.291515034
128.572328578
143.498464233
205.096975422
82.1805406087
65.1003945994
33.9902637309
38.8784127658
30.702112694
68.7651394258
56.9125483515
34.4553696157
0.729971684205
180.269891567
0.637073443423
0.7027179185
31.3810709015
22.884545154
67.9024453897
80.0031115142
25.2653749284
78.0479487887
39.7067986675
25.3419425091
66.3285832501
612.347334205
689.784812588
575.536043605
451.19058414
570.258252284
750.362101226
1153.67231805
0.735667146201
21.767338308
160.281513634
87.0243763322
75.6717147372
209.112749639
28.6241768757
147.635283409
90.5423605771
101.463804763
47.8379827839
170.432803426
135.451255813
0.72746316559
143.64997166
224.339015429
65.6866486203
213.522621868
80.8507438729
0.453056259803
141.317239233
533.98321194
246.581694378
129.104468096
53.990868333
146.664571543
62.1676873798
193.160098707
74.9398057168
124.133313392
165.168673323
250.829622098
506.75991929
633.28295634
101.89312045
156.656159989
172.453849113
143.061958148
37.9900046121
91.1044873062
99.5783869169
48.7315846273
57.0538056281
123.47819485
52.7723823689
62.2987865642
195.699552416
174.00179674
259.005428371
61.0898767726
122.515512482
99.7517582387
28.7675590177
70.8730376793
20.2168957274
28.5033780283
135.652463919
1.13082654696
137.462797217
31.3249132773
82.1712109864
0.303374309509
95.1626160685
74.739872885
50.8559660785
109.317058606
31.3251970301
79.1538296705
58.2172196006
76.7536107303
103.651272683
24.5198574716
101.470630369
207.853323181
207.433448933
43.1079891657
73.4097161938
0.390413339318
73.1823213032
92.0486779967
76.6951891673
69.1326298416
48.3817906716
72.2926766072
73.5515102841
0.400358220131
32.357988304
35.2652098005
0.349127213485
543.520937403
758.626554734
22.233314408
976.361170921
0.465596525864
31.1540093147
31.3484800666
28.2503021991
86.3637763042
97.2377439046
0.417839921871
64.0611978682
0.647224021867
406.406027968
370.833084696
0.718056410428
225.674511848
168.668810061
170.99577033
182.607352993
200.788390266
155.887598012
127.278206817
122.673042287
0.766425745897
0.843107122798
0.52381399253
93.2625784544
277.195859345
799.179141107
222.154361881
405.853882314
87.5272426952
194.567137505
95.3244992281
158.622670232
99.9556128104
86.2904851371
161.820953502
0.260462554322
274.950028229
218.158875545
164.515160114
196.828632137
27.1714201426
234.685571057
53.3488428071
26.2652074321
198.725706862
146.419405834
68.9041872583
1074.74997841
150.528779231
65.8979523841
310.521973624
277.840621407
156.881357486
209.413041863
123.14360919
0.300717864911
77.3589526499
40.359130183
240.004358373
109.331657915
78.0359194854
152.459456745
163.241638675
111.83752897
184.821080033
38.1025137001
0.348936433381
0.304204076931
0.257188553873
117.576676215
0.178682736743
127.86182086
0.134275870628
37.4953557665
0.113821917259
0.116314366863
0.124877696349
0.275765994851
281.590318225
0.374384781272
144.528786003
0.615798473418
129.721082976
101.812318201
61.4558793681
113.333984039
0.346428921851
132.230348058
52.2071987023
57.1300911042
114.433011515
321.657324041
38.2963196951
266.189937001
0.270505852084
0.341331841069
85.6510640822
123.062966843
228.178422871
0.726608439773
61.510072516
42.6759091105
530.339851744
137.695049183
133.711102699
144.411890874
210.446761064
0.295853749589
35.2574210846
126.707966174
0.603324782523
124.211141695
146.498064374
0.498382290217
34.6778239194
1442.8088372
0.642949485244
625.600650879
510.520952395
597.222938082
2404.75481355
1717.03515695
1822.47580038
636.800655792
352.531895899
467.672330998
1266.41697745
169.342166787
0.861591197088
95.0731295319
113.112096459
1284.77546717
0.584884211546
1177.29114824
0.765069456187
238.1689564
100.472109197
70.1894846387
73.5329456032
69.7044754293
52.0641054251
54.348902674
955.636304678
214.355927388
247.731700389
389.57870984
3521.65467283
3176.92485574
1.03368905971
2392.49365927
0.765010355292
2101.27901711
2076.04543495
36.2394804335
0.655868490835
1992.11932106
0.934955997342
38.0800668292
0.868898878
1687.7444237
2179.23513942
2073.93303717
0.648074549394
0.724646347695
0.750240734573
0.737678470486
0.611379229662
0.597404748501
528.353103607
0.528279520745
588.027598069
385.901138017
440.844253984
321.311154124
54.6937069418
0.781828860335
346.772076632
1.18760513939
1.14494754353
41.2186830947
1.07643061018
1.05071076045
0.995474594155
2.2140581817
0.932205386127
130.85488986
46.3044230113
2.42280838113
2.16760395552
107.951638502
141.884734509
117.438056961
89.0168512293
88.859896912
164.740844809
134.386997424
74.4984374927
64.0454700614
221.726042109
104.301611764
112.541881701
161.882014855
0.290528624734
120.567520123
177.429732248
32.7889286098
38.2373582259
38.0035002948
0.227916188059
38.0295433039
109.274434536
0.336645418247
132.097424507
42.1524061199
127.299055
99.5157221949
54.8866835501
110.314684364
37.4560163756
100.097600502
0.62275209579
0.670073772714
367.362405561
604.926042093
38.8942202689
1472.43441979
981.21405806
453.407974381
215.077001016
514.524886218
1075.3104628
773.512944325
69.4220251067
60.1791900813
57.2736352858
149.225430942
0.420483294106
0.460636728047
0.656532353525
0.734277001903
42.6818450863
0.634856257401
0.415805836487
64.5821500587
58.0845412781
714.065044886
0.25062120936
55.0977453637
0.148556830769
0.0728316518
48.3114264985
237.516903263
0.390719675752
184.609378466
51.0023446753
144.657128469
0.619469872534
170.571572303
41.7147865452
126.239230428
124.376237345
42.4373916016
202.48461519
51.0478974095
147.754910236
133.598267791
33.5605308128
33.8575295437
0.62362194166
39.7315632748
113.785884636
110.614559421
97.4271432082
138.726491328
41.9456535048
38.9232806485
56.0931335851
38.8904978491
94.0853595718
89.5565714167
230.453063761
167.722584
646.647749426
553.6530084
337.662319236
519.467822012
116.228170942
92.2666856674
104.628515104
105.979015176
0.33312433966
0.684088440681
176.670437239
0.635285788829
128.86760701
67.900140747
0.661052567968
0.701184289851
0.320236375889
132.609143166
0.44320214741
364.139648114
0.599408522376
58.649413771
226.30724279
138.572278247
0.813528585849
1.17162236193
0.486595339798
123.914484811
0.567479710319
48.8685732365
60.6567144887
131.935201971
0.524955531679
0.455939797619
139.688475799
62.1946984784
102.619818779
49.9495569864
159.151355915
240.553049218
240.73545831
253.098182387
0.0583756875005
156.90908333
128.842052213
0.0
71.6809838937
177.891186183
205.980133191
218.936786604
238.581734683
194.687969767
86.1468668996
132.622795926
82.7995945768
0.0
1248.42152356
1342.96504799
1672.50229159
1690.62262314
1503.4985789
0.0773017857656
124.488863878
261.583608579
695.913307328
865.264136405
579.242242108
33.1412266157
201.830691713
56.9410340865
205.756463885
0.726875001252
52.6387781348
126.054083342
92.2846765862
1.31872795821
46.2391591614
42.8947784059
1.44602169137
36.9333284023
1.15022493074
35.0044886368
37.2801969542
39.3268517214
46.1052831739
62.0879514044
175.478426136
149.728190015
63.8842392447
216.935338808
0.499130998481
173.006846211
50.0138636664
52.5215067557
67.9192622683
45.3518803861
58.7810995221
44.8583273508
47.6383085002
39.381630326
37.3085417096
41.5482526729
48.0852200448
39.4732126771
189.919049602
1.45700178516
124.706815126
1.76234295861
125.593526717
1.20951698202
1.12808730321
38.2205103627
678.550261547
0.860155881393
0.669691357488
0.494797662051
0.710794840159
0.612284188093
0.626325808905
1734.02832597
1969.85372488
1272.50780731
1036.94925638
142.362482817
88.2120252203
176.061610544
181.705875345
112.031423845
203.071606725
0.537805971351
183.015359773
44.1556380366
54.9637510745
54.4691310083
426.842854369
588.398112074
558.212582217
359.538948754
427.530876557
35.7258570342
71.4096765982
115.10671935
0.602941731126
1141.36283957
1282.33023405
550.921020606
61.663202955
1.10917539397
1118.66070575
555.408989473
0.798749262159
64.1929894988
41.4615230559
111.633292217
215.651444111
129.991555694
135.405968426
167.728032648
2.35196975658
2.4779014103
1.56911799934
1.64751145017
53.1406164466
1.23141703968
43.5548221386
53.6092734929
0.939015306732
97.6616285055
44.9348681268
52.4776962685
1.16546437928
126.124504988
46.7146782493
46.4203443088
44.9272601192
1.83972247032
37.1274377004
1.5134887757
44.008342605
1263.01337001
0.756491636512
0.692866083779
0.575992694004
0.629090707333
251.031160182
0.455852750176
0.616453592966
35.9698543054
0.441987476812
93.5017131652
53.3353715416
275.513260675
295.661196839
698.930711416
1024.03521673
423.550101483
421.407706774
450.529578942
934.632529664
594.565338048
654.332826535
911.852552299
730.787073724
0.921149506366
129.12001825
0.875485937619
33.3500216677
34.3869939467
0.608619617516
62.2339038758
176.941504841
55.105717635
71.7589643047
194.559243692
49.5918997261
66.3213339254
56.2422100479
35.2456254035
58.2006225956
305.385308864
425.360342194
127.529646178
205.283627501
250.490385219
57.7340027024
2.61974643792
340.614006589
72.3951265127
58.7936858285
52.972424594
60.1748643758
2.0545381613
52.7454859159
38.0004868489
37.1648440339
2918.12509825
1.55803955039
1.40694801441
2925.56538133
110.328478537
188.338347991
56.7035045335
152.605179959
156.300226
40.7603614566
188.670766735
0.990881359899
61.7754590024
46.6633830694
39.9741443276
47.8603497323
48.3965584976
57.8202961093
0.72006240313
153.355546396
99.2045480121
125.057912996
1.27829413942
0.896313622219
1.15477798857
2.03396298478
200.289384432
133.726359611
0.765392124734
71.8349903078
35.5018911968
163.241408546
54.8771907636
144.462246348
60.456755527
46.4346164596
48.8279807885
0.688028189405
0.932815169615
1.21230547091
0.687977026273
39.385152906
98.7718004602
109.798180875
1.0197572656
1.61807093712
179.732525223
257.726839057
1.20485220987
295.06603331
86.4776378762
158.673032488
114.221588373
0.900016976203
38.2586612957
754.121335888
242.083840527
40.5686806052
39.5348548957
43.1307255295
45.3337577179
48.5308999092
1098.09296998
1335.92010892
1151.11099989
1.03539606869
45.2383616499
0.703723529532
116.595669362
159.200587218
216.08286272
227.532303325
0.609563929621
34.7360708479
43.5349079376
0.619374910446
35.5264754146
39.6326886896
0.839535605061
2447.09999393
2776.16489561
2148.92539517
1712.76044431
739.485265694
89.3034483985
416.103135618
406.547876708
1156.96129721
1519.69337902
2116.20594221
0.708861311728
0.686517542481
0.781880618356
2.36505614063
0.602557547065
81.4671704587
0.690961490531
0.692781435622
44.6009231392
48.9707486923
54.1910971911
50.578347646
45.5309609573
44.7334554176
415.801489329
0.506205624489
0.491759308031
0.520797033393
0.507906796973
191.767136236
39.2981027661
813.697246348
771.908391459
292.618668076
34.7771473814
0.482103107945
0.530276844671
0.588754111297
0.743020776485
255.89447626
0.993894687247
0.810171783519
0.79243559593
72.275119626
1.0691460066
334.169359429
440.949875682
0.658882238629
91.1770964488
0.707530862311
0.745283535476
39.7533011034
1.28506029809
68.2668036142
53.5340147377
40.746031048
61.5613480518
0.734784701927
0.787501871112
0.36944951102
244.755545241
1.44751377661
220.110067967
118.853228244
142.420261873
167.52211387
0.90175346194
155.739518344
36.520312126
439.244066754
611.863733127
535.757095788
675.576472506
43.8501760274
40.6319056432
215.860549461
0.335299759414
49.4314869139
393.029025972
227.594529436
0.781931000342
239.237595995
89.8134286658
221.521947717
0.518157465267
0.530475968047
154.023021689
0.389916555224
76.8747447264
646.432440638
1284.66640728
191.100230097
0.748613291252
151.391239781
54.5409552299
0.656199463133
0.961192881654
1446.6850345
45.1608225978
0.934323169476
296.696737632
222.450253894
265.351641105
0.798837659947
0.789598131784
0.781499988505
87.1057935047
206.281548611
82.0866310887
0.76070836597
0.245611392287
115.434183313
0.382303232991
0.501896774887
0.778957101525
49.9629872713
0.303549822734
1139.4203171
51.6924766427
0.509235033371
628.089942595
481.471065062
504.697223679
0.470888015235
0.501882767544
1.18856009937
1713.86096045
1067.16210885
2466.20497462
0.659800932865
129.400281703
0.923950969352
0.536172690107
48.8125930039
0.448702870479
191.352638285
0.418875845628
206.068442049
0.682180949032
60.9062140109
0.899995596582
3212.87609766
2731.82190408
2945.23122665
2780.59620981
2492.44766099
0.972401585043
2073.57279332
2841.58006683
1508.07627312
502.031732006
1012.27297435
2311.47409464
1.43384189503
0.821007069422
91.5837898347
127.179352399
34.2781260142
74.8414237934
72.0531260368
1.01353843175
2.23698952437
69.0964374499
1.32873390056
3259.92256629
1653.07408048
1914.4334837
3098.69709126
34.2116386255
1.89407713379
144.380457793
199.771177498
42.1507367937
101.211348474
444.806567475
413.942564571
0.55462117289
62.2742709359
0.99558499964
210.803231939
0.248582515194
42.4513613625
1.07231134024
57.8069696801
179.670314605
1.08440731163
32.9565767385
34.1971153433
40.4686493516
88.261180789
810.847920964
507.82205279
593.746806332
479.867239103
967.306455182
0.652678755127
1.28684647168
288.484561109
2.50529599741
99.9050403313
142.601420133
110.570070469
1.35303093786
1.18086699688
598.703690531
1252.95518004
1169.40557379
1320.52494443
1331.25226604
261.416587611
2.31662974515
137.035871962
154.878252847
403.763536729
277.073159651
82.0234582183
276.010324371
49.983741595
189.100637556
201.444889151
96.1563587428
147.52239796
51.0032571092
164.378522394
2710.36856631
34.525170571
39.5827183065
106.177169575
0.728820283415
35.2562813612
34.0124752459
232.946660332
760.194036492
150.006663888
285.368948601
77.7577787698
199.06068366
176.015800057
142.140284973
186.086992591
1.26921648551
217.454593421
278.230866656
147.308832605
1.45355686109
248.907325099
142.990110271
60.4005524835
1.17542822225
133.118401089
75.2563484922
0.716770749241
56.4913409649
78.5854193275
52.0416548733
369.415747456
51.0574818211
61.0142003131
46.1438486018
1338.80654446
1984.97656008
43.4889724916
2724.3010561
1738.39063221
1566.57797682
1896.09534201
927.264348531
634.773588516
631.354678283
763.539304601
544.717654979
460.3080897
33.2766961072
72.2269082793
129.003352915
167.625917737
1.02414923048
0.441924749023
66.0218866243
63.8026926173
187.341793482
212.781851818
52.2388035913
61.4673406863
0.66467206406
72.556954992
0.746626061892
43.1216971741
0.325985443894
40.3231800947
151.283635851
0.552876746819
1887.37904864
2192.30633036
1523.4853421
1013.13270573
1050.10613396
1200.76962518
1114.1982015
1033.39850803
0.509688451664
0.399937355379
0.841294996375
738.251631408
0.380199689952
0.618852038448
0.617702422644
35.4140172448
629.676920928
0.415411256054
87.0905822339
0.436923354028
0.584529771579
0.677750266275
0.626610187168
0.642923689796
36.2223284075
3678.4689836
2188.85285327
0.384526192704
0.443705419672
1656.19167041
1.45532009586
0.829797719478
1.11278781342
1.06395435064
56.0249326038
1.37139358195
0.624395688914
230.499611537
0.53355273346
144.852038219
0.618806129017
0.400246941285
178.22499208
0.221985212221
0.0770801460832
61.9283502627
62.6894716929
0.032121503059
35.0545875213
0.12130732014
74.3563365284
37.5650687726
153.830037362
73.1090972784
0.130035982788
69.2533088919
40.2935408068
0.181934602271
104.500896333
117.393120708
122.455404072
115.457807003
66.6376294249
151.451194286
205.902554347
32.9924507812
0.162989590348
100.036524404
0.398947543584
55.3050658789
42.3212536254
260.555265689
33.0581217777
441.537210662
270.794408287
610.697399754
400.397692488
503.910255763
168.461477933
141.427035015
128.765303668
0.854810794309
0.643670334294
0.521749348347
48.8291233945
53.417388625
41.203635754
1368.19211518
1714.39512018
1188.27918174
1599.87166848
2090.19078863
1890.21394683
1707.23931338
41.3887141481
160.726697445
156.609308492
1.14387956479
67.4996533411
125.259302469
125.074856661
73.4828895417
58.4985746689
0.781474913798
0.496814494383
0.906040851766
164.624363644
39.605914927
1.37747232637
1.20566409973
1611.79614344
1890.43869454
1865.76669914
1863.97195564
2073.70594369
1886.10883265
1924.53986415
1680.96841151
1570.55566896
1527.89755999
1361.88633619
1419.68222245
1543.2999907
1366.16000516
745.659502795
585.056962564
383.341084866
208.922625687
266.276477572
153.794763591
127.841410661
69.2909040386
123.65183156
268.241004998
155.348380714
184.236487453
252.553023923
156.723501267
153.394597884
180.599733079
152.10275483
146.100724559
169.877755035
55.3254673739
155.491464017
153.476136537
190.814075118
168.256516118
157.513205065
161.37207195
134.910916177
114.216506621
138.664190283
126.302724903
0.25761767438
0.205347453076
0.178096223804
53.6795013369
0.179825073233
0.187417033824
109.936908566
68.8316403016
36.4111343042
106.326731741
0.162706298164
0.139195594595
0.132196909801
0.121509180949
0.103497754993
0.0958495109611
0.0994134321289
61.6527212897
62.1461829663
63.9468735793
58.8303196696
0.0853900017022
0.0876509353171
0.0840553427924
64.8712175243
98.5862605186
97.7766972756
63.172428393
0.0740117694879
0.0748609351372
0.0730610636333
0.0742355021266
55.9587497818
58.3381858296
56.238776444
0.0646918369401
0.0689930340963
0.0725295271058
0.0867823431038
0.0959270134882
0.101401281915
0.107117766169
60.4233743913
125.334647229
138.261802477
126.719349658
80.3265714667
0.198835850363
0.182553616166
55.5776562584
63.6474349972
0.270699038297
0.297644162573
82.9895364769
0.415340969162
99.9583662378
0.294000586372
136.878339922
0.361475855342
45.4398187916
41.0855654435
36.7739806069
176.57547105
277.000138179
130.758213477
145.208482341
119.565141411
52.0990244141
51.3778402717
42.9987394708
0.0
151.22899857
362.32315303
591.990422129
0.0
109.340454966
140.185566175
52.3809715317
0.273872343356
35.9753855061
105.461188365
0.321930982396
0.308870110088
0.270037806459
36.5324777566
0.233203962118
0.219378085061
0.144100122079
0.165756872409
0.149386453738
0.160395791528
0.195238141413
0.162141123804
0.208387499678
46.4665165198
37.4142679248
183.498616124
35.1295171226
136.936360954
41.583671858
36.725255389
41.7028940725
101.745675653
0.463272207926
60.1190271995
120.003856608
36.0773715342
0.236102772688
108.114963628
0.361592346521
100.368725306
61.1300760425
0.251281282584
91.7669584513
0.18617464007
163.601614091
121.292411158
41.4147330313
50.4637467941
105.683499022
45.6630681558
237.495783532
0.430532937815
119.824741294
0.367906610161
49.6213267206
0.428232919907
294.557405063
39.0471330576
0.344715171262
38.7821200284
0.209470963284
101.959725541
0.389871411793
166.879220826
35.4345940619
494.931544308
468.150047663
295.029003723
150.432383504
1.15866374361
44.5028930417
50.668684302
34.3237020732
0.600497300326
34.4892112331
33.73993598
0.234208740678
0.207265290563
0.159099581955
56.2017484718
0.11839705412
0.269723477057
662.160283538
369.858200603
273.46509517
329.4957632
69.6124652812
126.393211206
83.4887435907
71.9385243333
59.2608089761
51.4995666557
54.6376609525
0.502088040473
51.2238722306
0.788362362186
0.757494861051
0.68023601562
0.652009539996
216.105260508
0.352771917451
155.335819463
195.527499127
151.980187954
136.434770702
164.284768803
152.738490576
183.351563698
146.180987371
0.696122656975
124.648651693
68.858350416
72.5068703507
61.8712359092
56.0162307399
0.611990083461
61.002701106
0.472679302969
49.200801337
116.509805789
208.695014877
58.2340802519
99.5021576252
0.555627038035
0.735117732709
0.85971320403
0.803905412249
0.720893553565
0.643327895688
0.574270677355
0.491177957219
0.424551406482
0.338431379007
0.465158196706
33.759624504
0.755388321748
207.372187654
46.6920696938
33.6781778297
337.448665625
147.898355965
168.596330383
163.126981564
96.8694753215
114.753664293
68.5209324275
107.640609638
161.299771472
0.689575972932
1.35818721094
44.3185019105
0.9404384974
36.9311204567
1.33996162635
0.93977094757
0.991650597112
39.9719303311
54.7868654048
46.9823343889
0.38858649843
171.560109733
65.5848673818
175.425985591
1140.83251189
642.118187669
572.661517324
412.683116939
317.491924747
455.084951631
87.2237381807
0.51846977702
0.448610633424
41.2409012178
46.2763035969
109.137784129
34.5173743205
0.3702487491
0.274187808802
0.351834792128
241.759471804
122.282384948
178.080312803
181.030878713
53.5677103191
206.929062142
52.8178944429
128.690504495
163.419159863
41.5464002376
42.5093993398
71.9934270013
53.0324194762
55.4814082132
0.228676786917
63.8397294588
136.870233959
277.380550362
103.179074107
848.95414904
554.84907294
534.429563485
404.773592865
71.9103656102
675.838980124
48.6363028292
60.2283717441
0.414953974825
141.081243172
57.5320124661
39.9557312408
43.3294355347
40.4998018677
50.2155037277
35.0427730873
38.1458048903
46.2363596642
341.447139774
0.616461905666
169.197462111
45.732155563
159.060772212
157.592217476
115.761318154
238.803230824
82.9891536492
42.2745147978
0.0255331393303
51.5332567019
70.7212803634
0.131339096556
49.7993150556
332.001184415
0.40268478983
182.222435555
0.618961123234
171.391451384
169.850921304
82.9693428579
257.062187861
53.2609395926
157.730150628
460.82782584
294.602407923
154.193077718
85.4934490426
53.1911628426
0.586317188581
0.794911402361
51.4884838515
44.6214002871
76.5169522487
1.05320463305
222.233421887
217.735391476
76.4012688955
0.682268558634
179.627475497
85.7617542391
200.639462357
179.938773522
171.972090937
178.028944566
174.514682393
182.71962689
216.069342515
160.747506293
0.526283606378
0.651083154554
45.8152087031
63.3235614671
53.2633794675
66.5921400624
52.6151997147
174.981284902
90.5969977989
152.356836394
48.1673222816
0.645530956001
68.7817003141
0.637001554592
136.788425093
68.9208175608
76.9819677666
75.9179303287
74.8853642614
82.4777327769
70.6926706365
79.4844326788
55.9228632978
51.4233468286
57.0727180266
0.365436131435
45.0649313737
0.259473277083
55.6128442802
0.509045672047
46.0207319106
198.845613102
92.1268370746
226.055827251
170.016023236
316.289858469
234.349253258
0.64217516835
243.613651515
230.452709405
149.820927583
0.17384936307
174.759726973
0.293714355904
88.7323267125
97.7634593955
94.7282095495
82.3443441581
0.787028937447
48.5457128176
222.625027224
214.248585454
179.832231761
186.247147303
95.833562701
106.792728579
160.111463668
83.9910204673
0.586551234946
88.4046932174
80.7334451278
69.4833620105
259.891835739
95.970548632
220.359577958
70.09748939
69.7702408254
169.436504167
69.6451379968
195.278957035
0.699460196806
181.808158746
62.2259263501
131.296332385
0.446669564139
0.42596130592
0.341515146727
0.258009000834
0.337299890088
0.297742265356
0.457917515461
164.322781184
234.166079045
108.02858455
178.601433423
482.863223024
278.659045621
86.6162575455
328.354294355
469.382301041
130.640804276
193.341279128
142.380963805
0.361544602571
84.5412483036
54.5176771673
43.6845167119
138.304552762
0.26974894136
0.238396935089
44.7311012598
97.7486907515
258.673448011
61.8509306421
172.205722245
146.851893722
80.4319638864
224.999227648
71.7112252743
208.89721171
0.425898061447
198.103347922
0.618854006016
0.398605850968
173.729496212
0.29950081922
133.258055389
86.8214492381
0.269429317253
0.383153228593
0.459029945336
275.670599421
71.0610817871
180.356071073
65.5889150129
51.4889578723
169.534296302
360.944615744
459.481491071
0.496555154166
47.3611036867
191.833373876
491.254895264
259.005214393
97.0410893347
165.506443746
0.64777749872
48.6293212313
0.664351040866
75.7596251286
255.010591403
302.247898749
93.9682183304
176.948792784
91.9575465912
0.741460031236
87.1636011095
62.3615691817
0.873885487001
68.5492533881
68.6370313214
0.778206464724
1.10031683372
0.828378387822
173.641395692
79.7191596516
126.271728037
176.309592484
146.956237709
267.548694621
94.8716245607
88.3296189683
72.7435193324
154.971977255
0.852642958762
0.808266315385
0.762690841925
0.439188274651
613.314795743
0.636998870561
79.9984106028
0.250634387111
54.2084624813
299.172416704
253.216470568
249.973337666
367.225632671
935.738211403
127.12081631
209.470398293
95.535881368
77.0596374385
125.611591009
98.6639696375
0.448009366555
0.458878739062
0.626813865592
0.48088025681
164.636270585
0.426732594973
70.0053613128
51.9176348687
45.3048918341
76.4392721122
50.5981436007
0.563418992277
53.20187423
486.163923948
73.1505711874
79.5595566589
64.2604781522
79.2707374064
137.699287038
61.7211575488
0.556384933186
0.166366178614
0.281953660393
0.275699553005
44.3888746366
193.095902019
166.147806517
157.768717744
161.626450173
0.447733714534
183.828803867
163.351295059
0.750611638232
0.396181696246
223.47348528
0.79891807475
149.355122002
192.948521549
310.182879379
328.319068002
94.9899922177
216.384846796
56.7087387883
125.282924572
217.096974413
0.601576789135
0.503623968275
0.40319662014
44.4113726428
468.294377951
915.405260136
200.726726821
163.787509579
1.05143421037
137.169777224
1.16722850188
144.352903632
52.7884261122
175.152514777
570.001913662
133.019770566
205.317051738
88.5109642915
79.4950117289
0.477060065401
135.454558954
0.332481755626
0.304275664744
43.7190681737
47.7865962172
483.372631791
56.6112118441
197.988335953
149.658951872
0.840394535564
57.5165587716
0.439287455598
47.3872901857
97.5618678664
75.2901047563
49.8713308632
269.711146967
309.878327038
412.089964027
232.689879072
80.4859043485
189.229012161
138.584393076
0.191122065881
49.9519028869
190.482716754
59.9020811674
69.5378628765
0.29910875033
183.379149057
536.764770225
183.131677925
0.177061982142
56.5694035089
157.922738692
478.924655214
102.304035886
71.3625740651
420.950180555
173.909491607
62.9403098023
1.12921513761
81.0610308204
54.216602576
0.846842210826
81.3567436591
215.620672827
240.345664435
1.25974842875
48.9808129682
74.5678399482
147.378335491
328.241001973
0.937445304302
0.700195521921
318.594071586
0.649661113646
69.0581399688
0.598332002633
0.491509557151
264.762331601
556.451148355
61.9327252687
52.1827843734
50.0826800383
68.4672886028
0.554345464695
71.9630971799
47.3063574406
0.501652783552
49.3574499912
0.615962943326
0.60286620039
60.5736033292
200.442919955
1.39674179852
182.591159322
56.1033124762
256.961385236
170.355104633
56.4645582382
251.003858833
111.812912409
203.100530187
217.920195029
0.31507904709
153.802934454
164.228954137
0.393874521664
79.0030467403
52.1344909236
0.352888295079
90.1907215463
0.510770088094
837.449737317
0.489240213844
211.527288736
71.6078994732
71.8181311054
0.272435449511
0.437518730935
175.410106509
56.5521581409
73.3541399723
81.0603966366
76.4105314162
253.949260406
0.883011082709
0.916445651177
176.315426963
202.715407004
152.430134546
82.927860315
95.5442944037
89.9810912093
81.7593043125
0.904814812604
85.2097462736
76.980289363
1.18090674646
0.914342338005
305.388207914
161.298638377
181.273621367
70.0238124538
192.126170442
48.5289259526
246.946580135
0.955103854535
186.409003766
1.02977068426
147.031565681
313.696934391
94.5347365161
45.430977478
58.6654429613
278.8366525
194.932652405
1.13058098402
1.00084859855
113.282851438
99.9276532175
329.20386424
218.995095986
284.303644666
147.616088333
266.065285654
62.8778579391
266.809448519
218.731482145
139.618464078
285.238598737
1.45058075047
221.753194158
60.6102247886
45.4581040336
64.558558171
0.953018475884
1.67189951104
46.4489586916
1.29323264888
194.86316722
72.5411535314
54.9697393915
273.3988641
70.529649905
202.235533502
146.227253244
49.1398131657
45.4476980098
0.700702295058
574.598805295
663.422315691
119.998752288
0.388475702305
0.57211724781
0.577489860129
534.325471199
0.589637958431
0.504389039841
279.238976076
1.03185167248
215.167028191
143.64813532
54.6309653838
70.5933324006
62.49406446
0.931351444515
289.648922027
63.0712345632
46.9357497563
0.700144849114
57.5507419508
0.590108839314
163.542594248
44.9260788518
841.017349043
1815.92828606
52.632415138
172.739005608
170.288099664
96.159105314
81.5581166723
82.6049933054
1.97984396182
1.83307716933
1.80446577899
1.52672025652
1968.8809091
1760.87534472
0.74346916367
0.948006869536
0.610160595972
0.551796372943
0.595834994175
0.583685703794
69.5630164385
178.381211196
265.213613722
155.285382701
135.912162685
85.5587483635
62.1268851999
1.7998648205
2507.10089201
2692.79961495
1880.27407862
2.10510094334
3012.9891243
2.07729981934
2.10336515808
1.67530112002
1.46173867314
68.1940260125
0.447912372798
0.580452223238
1.05376680231
0.863278875479
147.184134017
1941.22719233
0.736629605478
1051.10142475
1292.283953
1498.34112633
808.060549107
765.819066034
2395.04994823
259.772216538
0.895107000815
87.5716710752
59.8643047918
204.377322219
225.166884104
74.7524119826
74.5650426589
1.11472637364
1.33086691011
274.657009753
183.532913343
185.001864075
135.294494769
229.634703489
201.352425
250.148517598
206.409241699
98.4626689721
156.228192289
1.88319219183
1.8695949223
72.3716697214
1.45367201048
0.82588401514
0.994289530154
44.5707101652
0.934620822507
157.624277795
254.926571944
51.6293417678
217.567205872
47.3388155439
1098.78387337
468.369158695
457.543965033
411.084011779
0.602578381846
172.770166889
0.873450858096
1.07501389752
0.775132219699
57.6350305649
96.5374978755
0.553200679136
0.629847108065
337.049627696
206.292814516
47.0665285006
195.641561309
1.40263875494
75.261581927
67.6790303905
74.4058653146
1.11551990501
54.8207445563
0.927749532415
0.856500360962
53.887128571
824.644422129
46.1990561633
0.46202147198
710.793974977
543.436159004
0.492192054261
192.364668841
856.154805658
0.556556909639
188.029765801
155.666631786
79.3400233486
185.605162363
0.412989743685
0.394811972742
0.340106425723
157.64003302
0.443431436098
0.471534852365
46.050444697
0.315406998699
0.361540786818
69.0420980454
0.365756235207
0.332851433274
0.320062307025
0.291345803299
46.6282455514
149.177377859
157.450393262
108.753305559
234.765137294
59.8016110314
320.491811887
197.853854768
78.8413902192
184.42898149
168.636599178
153.937899934
147.998736594
70.419850585
245.384543758
70.3109545356
172.935356633
142.791525128
0.169447576973
0.177588823667
0.204620121485
0.215395924166
43.7539804049
144.494300421
0.181439637561
44.7425373082
60.9561576197
0.0817111273442
0.0328718143686
5631.83570251
235.532410065
236.846483687
661.598264613
556.856448163
399.587216671
442.236492098
142.043635479
0.302180805353
0.25408397432
0.263662946398
0.46975154938
0.942518691922
250.081395214
73.5776307776
1.13822510906
1.09741445395
0.779833016265
0.603906233663
0.558595924445
0.364449206138
0.731207470876
52.8853441607
1.98079285573
194.569340107
1.26979118715
1.08368818602
1.31946890491
1.32890089747
0.807087379047
0.764551386367
1.5943319587
1.52540161568
72.1142874372
1.44340175784
1.39023379323
1.83087118914
53.6836479924
68.2098144465
124.755697593
0.164382574222
155.49659972
247.281549917
272.906745307
301.389013988
0.123666005496
186.747838219
152.90794879
4169.41554639
46.7350652233
84.4053320464
231.321894046
250.954368911
266.181067548
211.081869233
98.3449842381
142.057621898
0.105931082904
0.0352800555232
1341.80177701
1463.89836532
1861.75501911
1870.95573932
1416.26649126
0.0
143.51585322
315.532578461
955.944686802
941.863276037
444.910799151
1.06000424535
63.7772956465
55.2921856008
88.2169025908
0.721616549325
76.2728036843
0.591605989531
87.7692259951
47.1169665731
70.8839920112
56.7626473227
0.51763756969
44.3083768146
0.318632169891
0.314990438309
3736.95169238
0.588329691025
0.871603724235
55.996599041
214.342356278
48.624485516
0.694578452605
52.1231605396
0.700273506809
187.29296275
2254.52307371
164.843140268
51.3016836731
58.1417909736
52.4867830068
2.28435752476
56.5885683713
54.4495404948
2698.10989466
50.561934802
4007.48913222
3112.51372612
1.01741508463
1.5883271072
125.485961015
1.39587125198
0.688829790237
74.833071115
135.448117359
0.86464944921
0.736344175866
57.5139286006
55.4351797419
0.306575698321
161.02542471
0.387524215075
59.832502336
63.3384586069
0.322319500524
0.6316704943
92.5008416445
147.372446464
335.793931717
88.1629158972
259.657882426
93.0814064966
194.053616483
239.29430782
66.9770111443
223.935700249
0.973947010834
85.4343706314
53.3271264039
572.139760891
59.0454276564
333.511911367
47.7977878363
46.1868148275
0.509617639446
0.471865718049
0.351429709469
1358.02218927
1211.60254713
486.656751831
45.4993420836
49.5801047503
44.063811503
0.828564033309
48.6742836916
64.7683101249
70.0165878213
142.81016369
226.907287134
1.23902314673
115.44142039
199.058863768
75.1569959004
1.34364696089
66.1953055276
71.3264470469
143.055041778
57.2959748635
74.8446537001
71.9258576435
0.659628655071
0.683116468803
45.7540254141
1.36215904179
1.10310305835
255.403612913
2.47636024956
62.7721691298
2.94131407953
3.04921220742
55.9784534364
55.9222402112
239.546781361
1242.7857389
1213.81070461
91.7030088528
2.36007430187
2.37194249743
280.529748295
0.844655371896
2.22598572164
2.50909492652
57.6358535636
1.15970740656
47.3733520284
53.5267041645
60.1623555229
80.2174788436
54.6183066805
0.902566180683
57.0942253968
65.9045926722
0.342162931015
607.489602491
542.487188794
1055.30592426
54.0065021541
79.9695626786
74.9777351356
149.805837133
91.8704618554
87.2114355557
70.2671220431
0.399286176029
0.500600197569
266.591738941
77.9157467765
77.8738935858
220.61030081
1.55123754667
173.209948789
250.708929247
213.370419078
400.225174423
348.144532829
1.20759650096
177.544747038
184.835997492
1.7695646617
195.585896015
226.482580151
0.618986866892
1.00570066937
0.637637046068
0.791466683797
0.627276062438
0.725176784033
0.550738725889
47.1045668468
0.401549547548
4159.32488412
0.421687845362
103.119520107
51.51475994
58.8339574419
1680.41659976
153.630062693
1998.60945781
155.71134047
1.31370820823
1.49350500981
1.31084203273
60.1311390251
44.175736647
3074.2304047
2166.99183538
0.853466281091
100.298719327
76.6934419833
71.4456897647
2.08814850665
68.7121827568
1.91388514129
76.7360844309
59.0002875663
250.462974207
1.347934956
208.985113264
124.243298907
190.335770714
69.5525595836
128.923620979
86.2082846833
0.726132140576
0.532113969366
0.50690927655
58.065176667
0.363732571577
50.3703034436
0.635956099886
0.859992498354
447.056901208
1.00244717186
257.161057218
65.9251740249
191.520941919
173.688354812
157.004762063
199.900143641
0.96553463536
185.364229839
2022.96715507
1.30560545691
0.931617372066
850.718830194
123.241412248
192.292211492
0.858810012594
310.146835058
0.850690715095
57.9352537504
1076.34351563
1210.44695845
1098.88034118
73.0864792232
59.9143888311
0.372956328803
65.459274464
0.252094123806
0.301907025904
166.914489084
0.690735471318
0.743595018529
64.411929542
0.742880995995
0.782587742107
82.168228192
186.673592224
186.468536127
150.255436775
84.377387907
91.8794524501
152.578720591
96.1053743472
87.1157331567
0.550033517385
83.9800117988
137.516979357
0.848073784323
48.2004493694
43.8248524651
53.2155854775
1.51742961816
1.30690641638
1.51348191463
1.32662138676
52.3924505207
45.7202923453
1.75719767784
1.6935026811
1.54322831812
1.68758917143
1.29492597897
50.2421253401
57.9211539435
44.4072857886
60.798896426
157.541746953
305.899774873
0.798168377976
915.598688015
714.234335118
300.563917602
45.8063054278
0.747670384245
0.97344618661
0.575796219467
0.637410973957
0.753522049841
49.0756055583
1.54907285255
1.23962361618
2.14032539982
2.12552001618
107.661739498
218.251235197
1.21674806782
47.3160907669
1.57108669695
219.477020301
120.872014086
2.10184640636
45.2192230151
135.530099468
44.7651360396
102.232699582
0.464709284304
153.534654895
0.536169603989
54.2292829914
214.29831888
1.04167424094
251.56401817
0.826427391219
76.2340030224
55.265221102
62.1038355371
58.940717081
262.768675382
600.057379438
596.879305445
696.001332353
469.1451557
186.113798317
49.9558154693
0.592431007128
0.490628056873
379.776001819
85.4872517867
57.3387689425
0.926753994325
62.2202952287
100.151137394
287.255768034
88.214058047
0.930237332444
1.59562667685
1.47608778899
678.581758509
1305.50195327
52.7174202024
169.042300917
53.6982645561
0.950260769916
1.47263268277
719.436022649
277.776179751
282.384257264
224.190004714
226.942426774
247.976166407
208.01653415
1.29609665798
242.993797007
60.046200521
62.106461019
135.734556739
61.1721096287
61.6368969247
0.602527746729
0.418293205671
0.70235932467
0.435916157158
122.539167305
0.833123801017
0.910216107775
1443.81400794
1437.36448668
1599.10093767
581.559407732
537.393578925
227.223292339
774.866217534
1570.13995683
1469.30289638
1803.34143103
1135.89499799
2844.43890553
186.083764033
143.483424293
2.0080430756
160.131507434
1.38910987139
1.14494007594
58.0998119901
2.22570391732
207.189430307
1.26213679427
90.5008775486
67.05349132
2.55255366712
71.938050474
2.51896719162
2.00996200512
2504.70783303
1.12264878548
67.7371353413
1.30136102995
1551.70954254
541.906727625
1306.63718477
2172.49087522
2337.59708037
2394.06042742
1793.07762404
86.0385154812
0.954756752974
79.9594899881
83.7807100111
1.04617635012
523.923135673
1329.84174895
0.554943784399
3452.96322684
1852.49055215
1573.12760071
3314.02005149
3351.94120853
1.82694662396
1.43553404508
1.17767501408
0.875796582215
1.10151955498
305.912900769
60.7039938672
0.405017542202
0.227080042937
0.627860113375
0.585289862082
91.1325590584
87.2047570853
63.4173347466
0.866164981452
0.802540082506
0.730253675436
0.835911427408
73.6594081013
0.631140696563
0.620058859833
980.376449187
645.111545034
738.318461057
534.643097459
408.170059139
1.01883271619
1.21321254286
285.126625656
0.988299524061
0.930903715895
0.945786125526
118.93327307
111.64656821
0.684770232956
439.567345682
0.786769690716
1564.85946969
1.52011251212
1441.68963559
178.644897733
1.34976098218
62.1651077223
55.7043307184
69.1684971585
141.265294367
1.64793491499
159.116112828
51.7724297884
248.493904029
62.913132802
188.880411092
59.3032660333
1.18334707792
0.92814786366
0.752137962004
69.0966872287
0.92852537466
2754.12670011
0.667789426929
89.8703141701
91.9832869598
65.0331391004
297.041712049
152.822514604
194.693441296
701.998204433
52.0257873592
56.0456899674
0.730689172041
57.4601549556
0.329023758669
175.634737297
84.8059583594
88.2003929124
178.99565661
86.3083872925
90.7025844674
104.86514131
83.643704076
1.08113790964
148.838302862
79.3416250519
0.654199263361
0.56194800082
81.5780594357
55.8877351214
332.768570963
452.899775618
62.1571728757
1651.41249089
2199.41310069
2284.56262498
0.627034838587
0.615377498824
1950.42802149
2070.65182164
1283.65398874
725.814308613
970.240796162
1175.31575239
662.378890326
51.0756191159
193.429852852
237.936093731
66.3806138505
685.924535526
201.994784755
204.189036004
227.571513884
177.747325736
184.214562796
182.478689825
164.145045521
100.642175551
85.0784436167
82.297591153
78.79725507
0.372646044206
0.477816489341
0.380362553627
116.819079568
67.3283118053
108.280565957
2497.54545776
1487.58801629
915.285005803
1063.594805
928.241702055
1039.83899227
913.562755503
63.7260371996
0.57505546525
0.586174179853
0.745635413264
1.23364847541
0.391437500999
0.710266011013
199.97520319
221.706251554
142.382282372
0.993861739348
1.28155945045
1.32808813415
1.00589866629
0.816308764681
0.730903064584
0.719397661799
3891.57074881
65.1323571761
2377.82152259
2434.16403805
1242.40319572
1031.53327657
53.5468665976
0.254811776896
0.0687796373279
0.518893900903
0.564357518847
0.687928911505
0.671479755505
0.838549605554
0.678048486168
68.8956471028
1725.44336146
2558.35093594
1570.90620782
0.929633013206
86.9256127409
222.546413914
300.895390623
78.0270728151
1259.15077574
2862.63963014
34.9276131455
122.967986044
2.28606992372
130.236266175
79.3584106806
117.656084954
324.588691561
315.114713799
83.6290575067
292.258818811
0.0562872205373
0.153055710233
124.783340699
246.173850191
34.9237593914
124.302753835
223.134616858
63.9490716708
245.603268038
241.42131121
553.275559264
0.585468147648
202.353289636
105.770673988
0.979344683448
164.863516274
52.173718172
288.256503091
57.7909828543
0.677537728159
42.9913469049
49.7969215704
0.717308869842
0.56972752853
83.8038373209
0.996163095402
0.990175073891
110.138616703
928.852400328
711.687516847
556.895297692
380.587784526
84.0507430218
43.2426405822
79.2670138998
77.0346067554
113.800289796
50.3860885815
40.4862845498
44.5907331576
39.7861353811
43.1322839015
42.0353465697
41.067797842
39.1178880411
1.93098882697
40.3405248633
1.10426441624
65.1293878762
156.769397637
74.0634121099
72.7068033929
63.4736806827
62.1302682348
61.6960221416
63.5260467851
1.2601556715
1.23626803694
41.6196946245
41.7682879051
34.5832981492
40.0069727106
38.9767395264
47.4645607579
1.01580796656
0.685553788583
0.799057843578
59.8605051707
132.076035837
1.15093063407
0.98620660351
36.5488041597
107.257674257
112.335465963
66.8307896096
49.0423319396
1.16412843301
2.13248235664
36.0029750456
2.16623947343
61.2044390217
176.563041097
44.5273319101
1.03352526564
118.864318909
82.6713838207
1.14339149019
34.5550256444
1.7643453176
1.37796603011
1.58266221757
63.8239101935
1.46762227547
129.775695917
1.59040907699
90.9546070581
36.6632602566
2.92564262144
722.590413935
39.4544829036
1.68112961697
173.564295375
67.0139361088
53.5845298005
61.4879355066
171.060472295
42.2779352106
1.27912087809
2.10031170036
35.9048744257
40.6301339984
2213.85809991
491.360444542
55.0266365043
440.8706171
1472.87602686
282.241443523
1.29571299799
1084.72548006
347.395940846
53.7135283394
588.815555915
527.139023711
121.231230161
149.556622096
104.670350474
125.211166154
36.1575050794
1.22715245058
63.7881404274
0.84209294457
0.958673985099
46.7844080127
3366.66885575
3608.1952371
35.4006504891
2935.82082425
0.725264510872
0.70524605312
182.507170395
165.559442631
87.77656063
2.08707101583
1.68683504101
2.6593313326
1.7628434153
1.54547950721
1.39750367943
1.39678718265
0.87786867401
0.579457411231
1.06237920828
41.3783618836
0.904464881748
1.10566730506
60.3185527959
0.481471503483
0.566959136652
39.1127661387
0.328395337712
213.072951734
0.596064454004
0.595385724299
91.0479396386
294.852040234
48.5652241372
48.476103316
0.140490598585
0.0798306746733
0.182004946658
0.276054946366
171.024135735
197.278319364
0.577336978921
208.610985945
170.223095873
56.9910751536
225.41979067
0.48735340055
60.8860475018
138.908443911
45.9710154123
60.6747413615
233.868322234
209.412938561
208.096667208
59.1890959915
59.8187247331
182.379718963
59.8447340865
42.8213322461
57.8123712161
61.8396969491
59.6993236342
1.28171566801
1.1713128648
51.7738179243
36.3167416952
1.46413548391
575.988193224
655.052264934
108.617422484
75.531821305
589.464247065
79.8403040681
61.3710479815
737.743361912
76.9390906186
64.5337952258
484.855064001
278.04814559
330.583009009
62.0451151966
1.26957085267
58.2849697274
98.4296807696
68.1771245633
175.941279195
46.2925263402
60.8198060366
192.788226417
0.670753429703
68.276203919
66.5206853664
63.5506729207
63.6097460488
72.1793426938
1.15963080004
0.853408912088
39.6974640319
0.830277544569
0.805169972141
0.749397652488
0.717950095647
0.678053160181
251.867139285
91.9400074568
36.8098553192
745.083845913
266.987430363
41.3178362122
452.02995141
88.3625785587
78.0995508573
70.307533661
1.79297190545
905.179474774
916.085720206
319.500568213
404.54888531
71.9010254145
60.8288824348
58.1852739599
57.0337094512
42.6213860201
36.0336803733
35.2008121909
41.7252149831
32.8625990895
48.3398921022
0.225640644272
0.163234357866
190.622296219
155.477347532
268.374479409
131.031866539
262.670875254
202.113481112
175.729108518
160.846883371
897.886091251
109.094658436
1.01397383962
1.54737758444
39.8851757655
1.18963016677
193.355406181
1.37788488893
45.6948055395
1.11268831918
0.966281827337
0.892144552503
0.980646463809
0.635376181307
1.0855176092
0.905123222087
1.05899561193
0.753808273027
0.792621991116
0.579737476503
1920.66796048
686.813905124
45.9088689733
194.39072907
35.8085570178
0.723807992782
286.28722758
0.725343053321
1464.54392555
34.1981268082
37.0334350363
1932.58367955
0.822363607
0.798461391899
61.9288164256
87.4452641866
222.929711226
1.7376960563
1.60453076946
148.577569675
227.362435801
91.1488078562
135.523673609
57.9556610083
74.8060579895
57.1413294306
38.2870150935
43.3456082035
1.45578192155
148.545685534
174.054198235
196.435368445
184.721748645
133.189534652
43.401446584
42.2251341269
1.69356018843
1.69427069675
1.9043448574
1.93800937259
1.98092271937
1.78010533027
1.77704572337
1.3552585546
0.75076732627
60.4179863297
0.997985926314
718.142601655
118.784111338
104.027547783
1.06678181793
94.5381474302
168.441471527
1.5314896079
633.726465753
1.09551412201
67.9501430596
129.861391567
127.586446791
65.2590218672
73.7016413331
3130.01550464
168.436319904
387.688302688
150.888976946
116.878273646
1043.92288221
102.056839519
114.231289614
136.032579677
1436.57550793
174.751844092
158.795403512
1.67286029221
97.9218975093
34.2709530741
49.0236309563
73.300181698
1.5822761744
1.61317297475
1.73112082152
1.56666149713
1.35636423102
41.7617197483
39.4802034168
1.42407487843
2.53739189697
1.40637454392
1.44605918118
1.40901879924
2.87376143441
2.25031350215
2.58846256807
1.38278106629
1.4072672449
1.29192901408
1.81775939331
1.81763843013
1.85828362055
1861.99961447
2195.48183344
2384.55745184
1902.22555915
2270.08728497
1676.39100078
2461.81458586
1776.85721925
2240.20246792
2337.8315156
2302.57985731
1135.29703295
2162.08119382
1909.1507243
1754.83936411
1429.84274495
1359.34282742
1160.48195296
386.882029543
322.782604728
227.009938284
213.685556186
320.176610829
62.0090110189
54.1709275374
1.46893327392
40.2245684429
54.6865847004
123.358277677
42.4494140854
1.43375399524
45.3435458603
1.37351575414
40.2646108332
98.3548649046
139.32466948
1.2542666675
42.1082536525
1.24618254556
1.2310947408
1.20939352555
38.0951543543
1.13130396575
1.11765577347
1.13523653789
50.3616220169
1.09533219064
35.4606319289
1.01825933385
48.8315747048
0.99118489902
0.950757631354
0.936718480981
0.922704720978
0.909071883355
0.896352418189
0.921211465211
96.0161222219
0.912776285002
0.907678441619
0.88533500213
38.1360448721
59.2412637935
0.905726006007
0.907869232309
0.910997688131
35.1758839323
0.919487790905
36.8682123487
0.925768766409
44.5476252098
45.1149012593
45.7203847823
0.948355800837
0.957254203314
0.914037542704
103.026662499
85.5096863909
139.785301814
126.61364357
81.4280085476
0.949518817202
45.0416596497
235.463690467
46.0496515028
43.4439791256
162.976115595
170.094675935
166.225538426
201.112826704
194.649470467
37.6998600401
0.828111489741
137.763457014
0.724964559436
0.729466347982
587.994108714
922.425540683
824.826388704
7942.48463451
44.886379731
36.9080341445
193.98455855
172.860900336
199.180248427
169.980880082
110.863085009
0.612228109999
66.3049494783
0.424754564168
365.039612558
972.255164319
1234.12484598
1252.87387906
1319.59565671
1522.77159704
1669.80214398
2228.34331498
2002.73268349
2212.98909813
2518.05971938
2396.01192438
2134.28393099
2721.61678163
2024.33560474
2309.90746299
1875.27852341
2162.84534447
1924.35879776
1524.66521913
1599.37877569
996.785652011
763.427749088
522.222373776
194.037985428
0.118243768844
0.113977034071
126.38425143
50.3267020243
0.115528462789
71.4731345
40.1054365709
0.611561464785
80.1692479326
0.712290111139
0.665954960519
0.627135145353
0.588941140269
0.547593233914
0.507437209689
0.459026445751
0.407948471928
0.357707086103
233.520983844
68.2873890705
0.289807116253
369.452619229
697.643841986
544.378267887
466.20806697
0.434386612881
681.676008157
1356.02827532
1174.74830536
282.047101157
62.0699355192
0.0227673466314
0.0263162948014
36.4939572979
166.798126999
240.747059564
369.434984537
317.64444726
461.78902138
356.216005531
275.528322345
121.085743531
103.806816662
62.8889520833
232.731666556
50.1113166986
0.186424490395
54.5833460336
101.169792503
311.973517228
261.491188999
43.9720237447
1166.94666292
744.045087978
271.660407944
0.0513840512154
0.0503268129282
0.0430094142919
0.0346642330804
116.294092319
45.9340096496
134.083516606
129.939785895
56.2449776009
0.309231455893
0.327550987689
0.376643428768
38.9820396059
0.0756761212098
0.0109344285969
0.0648127838957
149.091784673
83.7530615766
180.881010153
34.6170884368
0.0472337199919
0.0225494931012
118.706203632
441.195794102
820.950165062
0.26058744377
577.935474264
677.810013201
501.911274346
506.486318806
693.454760774
0.261228151755
120.520731327
42.9584978947
0.0548172129173
0.0402412955137
36.685688006
0.114548818775
38.4567322746
0.318097073764
42.0202941789
147.611779942
223.700232783
226.149202542
316.239881518
316.354783201
460.967662257
819.850526227
0.205659836445
0.237350993734
615.069610319
225.881843081
0.126203378332
0.0937041163345
0.0464613166994
0.0372511251005
49.5901956915
1816.60616118
151.058586221
538.555564967
518.421936711
214.232337402
147.378117131
0.145128094338
0.0803875313272
0.10147338885
0.199283477736
255.313899256
231.538579834
341.700568689
212.111571144
87.9095216226
34.6311132887
0.490322021859
130.458576805
38.1725886166
111.405627387
0.845760117821
0.693452467358
0.755681139175
3131.20697197
0.985190533298
1977.00219631
0.850537754155
3471.66776838
0.321757381176
3319.2185165
33.7020897662
39.4186322046
2742.05008534
0.592759800882
2847.51184498
3070.04869836
2719.70155531
2842.03610075
3057.64897176
2916.19588302
2877.53909081
2998.13221357
2523.87913844
3550.11652371
0.535980576921
0.607874194917
0.734590800185
44.9093901743
403.92358367
0.690726697202
0.803230090176
134.505898216
103.645913724
0.795488337843
0.677880995885
202.525854717
34.7278129088
108.497304091
138.464100388
41.3954169477
49.8064800065
0.381290517289
0.67581802266
40.1578868892
0.418339908323
0.631882309102
0.648707115269
56.506488216
274.547845438
0.854577169572
1.88949620241
110.615691005
163.550625819
186.699397086
128.613716025
205.415747072
0.918144253746
248.229567644
0.498827424743
356.939871958
143.038504903
356.025864782
122.505296922
252.259408629
107.066152243
89.6901195267
76.0343617661
77.0819499833
501.98940807
39.5698061624
140.355712797
0.231534342151
125.836365743
0.166445767367
128.422446683
0.0996240163801
0.186773717577
0.201353203346
0.459031630699
1248.01457098
1051.64070483
0.322046730711
0.30271254261
0.35851453518
0.422383569838
0.587399711869
0.646958419244
217.544437986
1.17076267813
304.629523769
430.91470302
510.019354521
53.6113343056
45.6341591548
55.3748661366
58.0968444434
0.633828629654
152.031220541
224.196064571
1.65061925431
121.368316604
0.817142323586
82.772970718
0.813776390409
105.067131705
0.636827728447
299.103624939
0.729888040302
1.06421345135
1.40859942686
186.749823175
493.668232376
0.788984362225
387.089547542
53.3526589048
33.6814606083
41.080423977
415.415043827
695.898398923
760.021741289
541.74766665
343.274236455
203.568360573
42.8529599788
194.757360891
46.5974900944
163.12440764
453.811475006
517.194233225
948.888749164
757.257253572
379.547398947
221.405733294
0.0615234712094
0.032894506049
268.520718769
1470.72623695
2290.892536
1897.082211
3233.76095573
0.0
325.357913116
134.778615305
156.672298498
79.0597410935
443.75925032
145.447033527
53.8068076164
192.277043813
1.48987243108
202.499170772
135.818119774
146.847626058
222.442596643
433.873133595
1542.09411613
1172.81546653
1238.33298663
1443.50686041
0.679597330246
717.136449797
168.629367827
38.6398671992
133.630328335
1.49334167898
154.746543716
222.794517222
42.8365403532
256.273840465
1.09553360898
241.747859599
119.558867341
1.88191865834
65.9683954197
70.364895213
156.06388542
474.871169415
482.222026775
474.033774687
44.2294227066
47.1052226772
59.6787162357
42.3900452693
973.18668903
47.6530701999
204.914604415
1.05136913509
187.4896455
249.259416235
0.679096935329
287.417051579
1.12050681451
0.78991171467
197.374432103
310.313189172
452.374153976
587.555551715
1013.47619013
0.69906795067
185.374111902
55.9459975135
0.285593772718
0.665585926997
154.745108733
48.5005493569
2801.82594797
1693.86321146
1458.83572749
1691.78387819
655.281149838
0.401072794637
2120.5855829
890.756694995
986.482537191
2820.62234393
50.4095780585
0.378206816345
91.7862900001
0.503580292982
0.320226997442
192.657120321
49.3794492036
48.2568578224
108.719168414
116.188680914
82.6792606265
147.21082774
161.185118065
123.875224615
122.870229067
97.0292845546
0.670021784698
222.466374099
130.021188305
51.1420817974
0.637932729643
57.5458174181
0.633200140929
1131.10580188
2224.01460064
0.898109714065
0.602747532459
109.338593898
147.639621447
75.5021641511
1.63760043504
119.821263568
68.5909592704
62.5865994725
830.996059591
50.9722884901
61.1411328775
1.04018343689
134.359166525
48.9155480304
37.6869653653
161.755849452
579.874323373
109.273919573
1.31267625271
1.20881268677
110.43267969
0.65051802413
288.262133301
327.71349587
220.939380643
70.3969718595
229.550207566
215.241962381
179.089458577
63.4272589235
35.6939796497
58.4365197536
1.05324144248
178.161301584
98.1254480003
125.023072518
39.0595410348
36.8796198552
36.8815989874
271.078076156
0.469886331735
179.494517361
1.56705159937
730.568859813
1.64622025553
526.26002388
60.6308900295
42.4779227472
36.413533401
126.524290751
844.213425725
1246.33946295
1513.75957432
1574.02908479
948.717420238
0.81925436799
228.535541966
179.616452661
428.253344822
264.099110153
0.754111299351
60.8297541731
0.993468253245
229.151638663
158.613990102
163.971564265
192.243301291
92.8199184726
72.974230327
35.981319858
119.68299272
37.8307501168
93.8479039875
38.3394032673
0.597078208879
2914.50069837
1.20390188548
289.493090776
3200.84462351
0.869935507418
183.988165284
169.348193387
1.60172004662
75.3938441058
214.515282989
130.260035318
278.567478076
41.9671870939
331.207573038
2.14350850604
215.25316145
238.63282786
64.0981198535
111.084778077
806.733041908
79.6136640869
255.619670731
0.902633375829
0.958697980112
60.6123094928
50.036350941
732.637644689
895.750054613
44.4847307036
2422.79357786
2050.57194325
2142.97062989
42.8759655804
38.9915274228
2138.17508419
2529.19186642
43.2910035598
39.0808383717
1246.85609921
1919.73518358
37.455071508
920.953865
314.707406407
0.598466541203
463.661267967
393.812030313
425.987594669
38.2943424045
131.739022485
1.03818058069
64.2380212105
60.7049832555
61.7118140559
63.7817402482
0.642792937276
0.56866792488
55.4287378961
60.7298928479
0.836564210293
209.885491798
1392.10796511
164.584017271
99.7267900654
1.84256284055
1330.56821168
1026.26814884
991.284234614
838.502778377
493.475444594
46.316007072
0.797764091011
1.23935066792
1.14561492703
0.503721361771
0.583454666803
0.489534009804
162.902439536
941.683927717
182.199041889
0.88717088419
111.419819256
138.38749401
153.483190347
167.892626523
152.768168318
2885.9277296
73.5815319762
183.348997499
0.381236497946
301.579687429
1.00693814707
301.234141296
173.330663061
315.692784215
1.03831984593
1.2427383929
1.36178334573
54.375648596
264.296768154
0.497532198745
354.17544106
1.07554580667
1.34941189103
1.14278516952
0.85327122755
0.543614276941
0.301504168894
161.994943228
0.0739200958804
0.0735995118959
57.3861728673
110.863788541
0.0438229263703
44.7392335155
39.7117622814
33.1280141463
50.889612998
0.188923846382
0.101280206171
56.5251800367
76.9247117443
354.247751473
407.597357355
750.800401548
727.450895272
364.194285786
108.75231159
112.686856649
39.6011136282
179.667443957
351.727405898
383.579675969
296.873779451
207.782636973
35.3568684815
37.9436528087
374.563000019
1568.75145451
2062.20300945
2081.3993129
1653.33268755
1557.19829037
1959.60770681
2153.03706856
2487.98688945
2032.61115028
2259.50474427
1667.0714167
1293.47669687
1013.55646048
650.406138549
212.748469612
80.5551372229
204.994226145
188.481304346
280.293015021
1443.96965275
1114.9412115
835.443790627
459.061211038
358.35048507
216.468475757
101.622600401
91.2346851967
64.9690644534
93.3734523369
146.842755592
184.879487497
531.931069562
635.892850967
734.069680889
887.855598046
694.297843947
635.398258443
758.221978321
739.776635878
431.537204586
507.092237991
464.768613086
171.585983324
118.138215824
0.279130999318
0.27963249968
0.160351345854
0.0985501267433
0.0701377322335
0.057675543133
0.031311491505
0.0150386965009
0.0100775061198
123.989346999
108.864193171
457.503254882
847.451507748
737.700403748
45.5384432489
116.456579925
1373.82565352
529.488855636
433.241303199
340.939706723
244.363564673
157.958246039
58.103926015
55.7652971876
283.993116234
168.181273242
174.150456197
0.440477730346
175.459301446
134.347584217
0.497439813816
1202.47544735
0.511609827421
61.7604639624
67.7786333065
0.518282559193
0.555388472013
0.440686795534
1429.2610498
1581.17860319
1585.79483821
1400.26189457
86.0154719087
1541.10744684
1135.47859261
1210.44586835
1127.55734044
1119.35511964
1042.74073063
791.2158062
638.227768481
638.643211283
334.707856604
490.102346806
341.487838752
222.550332671
252.572029986
191.421121675
169.96558641
257.222360004
227.056615434
0.0220413086918
60.9533572496
564.668506227
376.754340202
201.844091471
135.147851226
155.838493456
221.897310812
192.414057534
163.64946364
147.742434767
172.386317333
59.8449060905
60.9542912928
58.3057927724
0.264101720881
0.234690531238
0.203978666594
149.838684186
123.940174973
62.4391362449
60.9882087515
60.8136759109
46.9726009265
0.0743319527737
0.0634475212474
133.830244755
82.502983212
127.113682151
139.836192005
150.008578384
149.675841669
141.116527699
145.919775512
144.214553133
143.265321364
129.590458797
38.1110656263
33.8049065064
0.0106069621089
0.0103968704291
0.0101994044365
55.3248054331
0.0
0.0
0.0
0.0
0.0
0.00316307191535
0.0073975560664
0.0126899514649
2.73396009296
3.21552878849
3.23179110805
3.24430297698
3.09838720988
2.73855090849
2.1568941522
1.19743294362
0.0288032578587
0.0259617005975
0.034940468654
0.0301342678997
0.0246180831995
9.813343545
0.879022503108
0.019951134777
1.07355365087
0.0668469816342
0.0578028635739
0.077872394266
0.106029474928
0.977196534324
0.1247942579
0.0823850927953
1.0379225774
0.175093977924
0.140167470819
0.0696400171283
0.136323338931
2.38475745947
1.51783691703
1.19621209099
40.1285676009
38.7749341587
32.1739936479
30.1120791573
27.3819181314
26.8066272393
25.9783087521
20.8532028377
10.896448884
6.99513957427
7.13341209739
6.33178044054
4.41505907295
3.55159339543
2.72844206531
1.26038362267
1.33443603142
1.20912806253
2.64225612832
2.60138367043
2650.01635175
35.74378346
26.8388295845
22.5208654192
15.9179371485
17.8417038197
21.0830754929
17.6398136855
13.8528411813
11.0618978219
44.9643519977
11.2228797246
10.5970170143
10.011943935
9.27378341171
7.52325722332
4.80938163648
3.48605522834
2.8529991272
2.32504482963
23.1704665035
28.3004685056
14.656822638
11.7129730729
18.0711266852
18.8265869836
18.9704171127
9.59664753377
7.59208674716
5.96472915539
7.15611898752
6.73162346254
98.0489938626
72.6863124277
1.66348588419
0.210567209082
1.2896896001
0.251970381904
1.070981461
1.2705974674
1.2076561319
0.195346506489
0.212379533351
14.9019192151
14.8129390142
10.4425522679
10.6531507117
11.8338056094
14.2782549264
13.1321312284
9.81330492128
10.5418185389
12.124204067
14.0599391644
11.6628174572
0.0899140725793
10.7528052324
11.3325210995
10.312579271
8.69362574689
7.47893970805
2.86694909929
2.99767908581
1.86179923859
0.102304476818
2.21684867898
2.61889327386
2.20638786788
0.678555426715
1.70453517705
0.66716643636
5.75459944748
0.930092386105
0.913798974247
1.71052127694
1.12369122842
1.21521921763
1.37977265384
1.38649291266
2.07071157728
1.21733274113
0.969945938589
0.0349658731588
0.0338822381842
0.0234255960142
5.99667146905
7.34209494846
7.06697867068
0.0625159717308
0.0513620590564
0.0694979428415
1.17958193502
1.29938979408
1.41457966226
2.07209275118
2.24747672134
2.20958602659
2.10418243054
1.42050153792
1.36769311514
1.35136954847
1.33679788155
0.056154940727
0.0523585852468
1.39318245991
1.36709145274
1.37415341363
1501.35207867
2.65315982397
1.83716817532
1.53221235139
12.1498352215
6.78260748076
5.44589972523
6.95604708624
4.36764617308
0.808801570025
0.223599291133
4.41764120977
11.8162244437
7.98491191838
5.67520089719
6.36710307494
7.25444330166
4.75637315835
5.48702249494
5.98031750636
0.246639023069
7.88374717111
7.06045455038
0.160468054971
0.157540641565
0.278122077512
2.43880959045
3.27797983422
0.130551031122
0.228327618397
0.255703755159
0.255045297906
0.849737321603
0.829858572886
0.793004161887
0.851358823421
3.6642772215
0.923042190917
0.919938051208
3.93496892236
4.39648134615
2.42923618351
2.59637024376
4.82079395109
4.3794700435
2.36538013286
2.51344663316
0.160693728782
0.154800483646
0.149038160669
0.14430890508
0.139655654744
0.138902445953
0.133078600939
0.0915752289574
0.0821446830871
0.0739777225593
0.0760581206631
0.0707546862748
0.0674234171997
0.0648598361147
1.09259528218
0.0529937503353
0.0523476672069
0.052608245746
0.0591109024532
0.0597790370608
0.0616339398537
0.0615531690392
0.054203822961
0.0948385651803
0.0950544987391
0.0976020459069
0.100344652111
0.102622563084
0.104011138737
0.105152619217
0.105920249173
0.105004040983
0.102476161922
3.22811305182
3.42032842917
3.4490699552
3.38486340932
3.36100957183
3.33153179052
3.06587055395
2.80279208456
2.59416417398
2.4677609146
2.24695034926
2.11278935426
1.90663150747
0.663185233183
0.0533290547807
0.0509260395172
0.048238760065
0.0450996099344
0.0441635066064
0.0409191849709
0.0395179869697
0.0383939013632
0.0378944989976
0.0373626792415
0.0380904812614
1.10108976278
1.07026386641
0.75729530273
0.0369883498683
6.69629147133
0.726523154525
0.858972276418
0.0404754937844
0.0413922670902
0.0420524584972
0.673650418157
0.0426710262507
8.3573664309
8.24871874042
0.0419737899983
0.69177717592
0.0290155888915
0.0280840142127
0.0271475007842
0.0260287655319
0.02507494824
0.023844340622
0.0226060445565
0.0211571422027
0.020313340275
0.786601935425
0.861873482192
0.964995874778
0.0181395111721
0.637887194728
2.92619112995
2.92240652124
3.13063835453
0.0160516764143
3.6076492491
0.683755201825
0.66462541156
4.12628384582
4.14941495352
4.2846969467
0.0135919607098
0.013497072102
4.43791926815
4.14025540271
3.79833527673
0.0129744871063
0.0129827233447
2.54712105314
2.11508144486
0.0127125917347
0.652286334798
0.0128724958157
0.0130157011077
0.0131408164082
0.615362447354
0.625411944934
0.013099274493
0.0128876571761
0.0126724131804
0.0124339638489
0.636730111979
0.0117852234429
1.9524842978
2.12254597657
2.20283028367
2.36250011503
2.39435985199
2.35731294097
2.37429285868
2.36872855463
2.32420429904
2.28592860966
2.1941317056
0.732352793495
0.669932995575
0.00671879872961
0.00666409612243
0.00658647950735
0.006487085339
0.00616261166746
0.00607731536724
0.00600374288297
0.00594867217084
0.00591348038218
0.00589058489538
0.00586852291577
0.00583736864158
0.00578865468556
0.00571474236179
0.0
0.0
0.0
0.0
0.0
0.0
0.0
0.0
0.0
0.0
0.0
0.0
0.0
