0.0
0.0
0.0
0.0
0.0
0.0
0.0
0.0
0.0
37.2795547085
145.453884289
139.976760875
143.396543627
74.5246565376
70.0043926633
0.105838027412
0.0418147207852
0.0346196880864
0.0411194484748
1255.9686637
1041.20293591
121.245321681
0.0307049822098
805.526889083
69.1857987525
60.9767213733
57.8585192982
1402.18183201
2588.11308316
49.8616499694
1963.20111671
602.621498151
0.0213836289631
53.4380676807
577.402826435
477.246225778
510.544747346
481.676424818
521.0692273
490.956625061
469.78415528
2547.27435529
0.0503687304429
2079.64987926
39.489778301
54.9429138878
46.0902470902
49.775203295
0.0739467365606
0.0463659665146
40.3796361343
0.0971984647824
191.945215573
58.3135846841
0.107678171957
419.098655541
278.917682204
229.004414233
179.677130244
74.8039919729
236.246153653
224.816984728
0.118881168277
0.117464612609
50.9259402107
57.1737199316
69.1470398307
68.8188653918
62.2739456728
52.2957670693
0.0761305478038
0.341569970248
0.0951192131198
0.164180811916
117.45257562
133.660142032
296.81390985
261.523586846
163.530247909
392.149939568
1131.31072481
1107.88008935
1148.45547279
0.0
2052.58323321
164.851222892
67.3482457509
163.937988286
169.652311838
139.707387785
44.4742656744
430.867493449
467.032172134
279.869110652
0.166436853688
84.685411497
80.5204020136
70.1123906375
66.5003143757
0.0855561148363
0.0890038004688
0.0742146068328
0.0714338526415
0.0904201594872
0.108634802529
4082.45773994
63.0742497417
37.3844300126
0.011709247123
1342.83138083
1461.15799817
1311.98474438
1427.96840722
1196.95360351
1349.46357423
1132.47625389
1223.00449378
1032.65409726
1148.06465503
1191.8927948
1076.05915287
1055.16225316
1090.96119746
1563.16953467
2012.7162341
1356.90958365
0.0195491901356
1383.24942933
1123.13415042
1244.58864469
1088.12927402
0.0748607201291
211.983196956
70.6447471761
0.0642827218896
470.326289414
1978.18074787
1172.06971431
914.957939598
1006.56392954
573.847754316
469.188001433
726.368378847
1158.3853173
375.962967015
295.443338153
0.0779380579248
102.923657217
0.0785462952733
0.0649316018967
0.0549910263851
308.745870271
253.011843968
0.0169329907557
138.796562024
74.2645659104
57.4671478043
0.0
0.0
0.0
0.0
0.0
0.0
0.0
0.0
0.0
0.0
0.0
0.0
0.0
38.8172902846
201.923322985
0.0207159489644
0.0818363013429
0.0688294674146
0.0639194470898
44.8627180282
0.138559645754
0.107499571518
0.0942330578135
608.571277777
0.0727819629354
0.114322306519
54.1140334139
0.0696589733415
0.118723152274
55.566308516
74.3945120115
124.714866156
59.9038636139
46.1859345883
2267.44621481
52.602074063
1039.57715883
0.0488445552206
39.5638440088
786.385287191
511.585538903
472.719567867
362.734006635
648.503428018
787.837327251
265.607202018
42.2601785367
1071.94613842
0.0366983648805
129.624309869
85.4022318507
757.737333385
0.0287657532966
90.3448590325
316.511549438
300.122071318
0.0661298918079
39.592213305
69.2753387758
64.2422028215
137.32622247
46.8951106012
0.0581334022372
0.0393027459964
0.0413588479921
1250.51418041
93.553958151
869.474150978
406.117640754
44.0804033565
0.00461294748563
0.00450335377066
0.00440430105121
0.0187137583553
529.571497318
342.190466201
284.611706872
256.128472318
2106.24190177
63.3768922622
51.0738905135
920.531220517
0.0
0.0
1530.49702785
1366.51188374
172.614557507
289.672056802
0.0
0.0
0.0
0.0
0.0
0.0
0.0
0.00456583460653
0.00951744150565
50.4969097753
38.6969325152
0.131831965887
0.118207252907
37.5382148362
59.0681623016
0.168525138708
0.194758207969
0.189543460145
0.104604453007
0.131668366088
0.134997478298
0.1161721745
0.128933744775
1224.75486187
1425.12539923
1242.91684668
1423.68666477
1387.12619423
1125.2685131
1360.63795924
1234.26554907
1359.95900531
1960.80712069
1674.66539582
1517.55899804
1763.54845901
51.1199833221
2297.77830767
37.4504747568
0.077493852978
51.7394163126
1964.04862572
1557.07136682
0.0544200871443
0.0405494124492
2084.99349602
0.0226467399873
0.122137998895
0.0742322211523
56.2442823665
0.135549174402
55.2706017073
61.5386271734
0.13461560634
0.11746211768
0.133903352754
0.162697333517
0.157131307042
0.143321873001
0.134891780124
208.990012752
204.876479666
0.116051358581
0.111690390357
49.6242384469
0.106514363441
0.09717840789
0.075236097237
0.0723259067549
0.0561566610954
0.0432177731215
0.020200688642
0.0201075705273
0.0212112614622
0.0
0.01301472485
0.0
0.0
0.0
116.793609382
92.2995687917
519.018497272
210.477413178
0.011197107164
60.7399253591
39.9267484196
0.0
0.0
0.00933297236643
43.544128257
0.0320787336528
37.7024455902
233.162202529
184.530256789
83.160909232
53.6809805954
0.0344283406171
56.1332123949
37.0688788262
182.158464845
120.634654999
48.2807444804
0.0
0.0
0.0
288.367227105
157.053443174
378.640950866
235.966998688
233.087675734
181.988192958
103.139859314
0.0582919088383
0.0437752924435
0.0310551516968
0.0242185423767
345.081276778
349.784510836
80.0627151638
1337.84980377
124.460060523
339.766340392
0.037846108377
42.7875409513
118.851006844
37.5031144667
142.039046976
374.262927995
45.7450999815
54.9429138692
60.8402773807
43.7210926291
0.14189519646
198.321724396
170.669548571
77.7402857779
41.9531688013
110.300980422
0.121567878678
342.645409456
247.9045924
62.0681070728
37.7381858269
0.0
0.0
348.34029175
91.6361579652
149.614165434
277.623546493
271.043012745
208.499933009
149.30378312
51.2224518205
43.5970166448
62.3363463899
0.0333413908782
0.0254008589049
0.0180644755634
119.141903669
59.4834349514
663.057181105
1016.29040289
1047.83930818
718.31484626
184.371172797
0.0
0.0
0.0
45.6195055699
106.715095979
0.0296927892316
44.2058102299
51.8154823056
230.889053262
209.34361362
173.681207659
57.732682224
43.5097355527
0.0526256326398
462.012487254
338.018378922
232.246473695
125.311183159
42.235139621
0.0
0.00881717804215
0.0177235220951
198.506867638
160.214984951
0.018721143519
216.756577849
142.43874463
61.8232592523
43.0945682535
0.0870995350066
38.4819764352
0.05095203622
134.425277434
63.0152511775
165.84391813
0.0200725479488
514.759601328
80.8442015006
38.5510288214
285.73881994
115.483156166
138.977996766
312.855622878
96.1525807331
50.8392962497
70.7643393125
73.9955553367
54.8539420806
0.20367514612
207.959104963
92.8803322095
59.5548717476
0.233420411604
0.186576898036
0.14853015102
273.202182185
194.5951618
106.329660926
0.0
0.0
0.0
0.0
0.0
0.0
0.0
0.0
0.0
0.0
0.0
0.0
0.0
0.0
0.0
0.0
38.9902841957
0.0
0.0
0.0
0.0
0.0
0.0
203.472781704
905.055802602
1768.56801182
1080.10041823
119.086769372
120.805415833
65.4346921714
294.262258569
336.310046549
245.213031128
322.925023251
174.346848306
970.80595577
45.6812217401
0.223610951722
104.080981656
46.2799293335
506.459687061
143.843028141
249.154930808
0.0959125515911
335.909575361
288.425983834
410.264851229
0.164362443657
0.134346313252
0.13669953224
0.0875422938636
936.597225914
948.197395043
0.0964826771518
42.620495702
416.669066557
62.1084001624
0.0336124154647
0.0715625960575
79.9699948069
0.0268840331922
918.289146483
531.912940757
492.738999807
500.764291001
2172.22406616
37.1366795361
619.64722676
150.947762301
0.252165304867
51.4753227718
0.319248919056
216.216322866
186.367077084
59.7674002648
41.3034052163
39.839470506
41.8351072298
295.130198791
0.158458602926
50.1272611224
168.024900209
0.0627824373511
200.837102427
127.505009091
126.554503202
205.293145676
280.293316177
212.307691767
0.0591307449075
195.412402891
0.292093903172
0.268412895798
0.254360595778
0.190632276571
0.112608795533
254.908608928
201.941718541
1786.1941314
912.098639517
0.0553554647828
1846.01299869
1119.75778435
318.477230089
44.6887503617
45.8585285169
90.9452738735
596.218779848
345.361749805
222.810287139
738.907110498
268.43726705
0.333879220853
0.322720033901
37.3123717208
547.928535599
561.66263041
394.72079887
342.073891814
364.13894269
363.883990532
502.607091865
2812.57843338
2775.50823137
1213.19597545
92.8467415145
115.439329668
201.397196112
202.81700794
142.970303298
0.16180437593
51.4159972526
0.1192340904
0.0888554459014
0.054324439739
0.0323043168282
0.0178378337386
0.0125243978273
0.0245994101275
0.0227391951096
1806.01498059
2089.24794565
1606.77730783
718.585109727
0.0448343240931
542.004524012
2468.15912247
908.21819418
668.369734931
489.875402231
0.150365152697
0.207306012095
0.300509735327
0.496266236212
124.544816453
285.205897887
39.5137660093
0.369851158664
0.348100260837
107.892677447
49.2786645223
0.123964063975
2377.60499925
188.279392473
90.2517349033
143.61492369
2463.51128271
422.984007642
515.84697782
516.637308589
223.717996849
1543.26604436
0.0132177334082
216.338061716
197.056920612
99.5269699073
64.3501249928
262.390959918
228.698489596
870.444807382
406.983380366
989.956408316
748.716565149
332.405631316
175.127286552
0.117024530678
43.9341156266
152.950469064
423.837091784
220.784137338
386.164111485
153.857524056
0.0296978899645
159.571576466
89.705865214
42.5934966931
57.4508195743
820.164352972
137.071004032
0.19130462903
103.127167355
523.076359393
58.8741555131
109.416117347
0.118704326317
59.3870287317
0.177450234
44.6734387712
43.8407963495
0.223988853418
0.211368915388
47.6876231922
306.886528334
555.805333487
0.129341793554
37.3651382191
99.6712145568
50.9748112818
53.1847298518
0.0276697713501
0.0082019246818
1532.50845891
1508.62227812
37.3586026742
251.05417849
593.564370213
908.178814306
937.898295252
121.263335744
0.17965478847
216.037716299
808.379442478
297.480311589
0.216976553412
0.229192222682
131.152922985
37.3261972367
0.29808377118
58.5024491522
392.726643183
332.449036652
43.4912160675
260.32713025
145.460426953
56.3345215274
147.33626358
1952.21368177
1676.62411632
137.772660846
0.17893330623
0.270726759524
1459.11228958
0.183211878463
551.161900008
0.146110191681
0.133652270931
0.105936519437
684.307590316
41.0622898185
82.747528604
790.366564762
0.0466048501299
600.875880875
39.689104272
480.557210509
0.0
579.569665679
38.990319511
154.62903982
0.0
120.157755082
2253.2519559
101.415013438
871.280034818
737.011300108
0.32983023906
0.325384628983
0.403808118028
38.6944866867
132.004095531
196.193872729
0.538249687768
0.525193357948
107.825799719
184.976220768
150.244959706
185.467129461
198.548998244
435.151309368
0.565593644701
0.446459781271
192.480978526
0.334823831815
928.189864174
173.257702912
0.352049864717
55.3681862657
41.7127586697
49.2319940883
354.666293507
49.6843857903
51.2975031242
154.639749917
73.4637718756
52.2561984435
0.353730789346
2167.63295731
53.5207124043
453.610472124
0.270929148981
209.764388223
150.118511556
362.07766558
253.130947301
166.874217034
93.7563163139
0.201165723022
0.194233621057
969.703375338
400.550821776
0.0254954351051
136.796706067
42.284128052
0.127667199491
41.6198630626
0.136935373351
50.1997888857
0.0685044277819
0.0355146727177
0.0288677517528
0.0504963511968
90.1635505097
101.269299338
165.103329997
40.3761710101
0.37664699872
0.288690330847
0.24027733349
297.630308797
131.551944299
0.0997487766986
186.192248668
158.645672089
0.189140800909
0.252541211067
127.611524452
42.3756793993
0.376558594616
0.293823610411
50.0553458742
0.295494612091
0.358520310324
418.312248915
157.524593874
269.668450722
163.241278406
219.579709814
98.2845366247
0.398911776444
58.4128755525
0.64595928161
0.820144294092
80.6101678214
0.559146682915
342.012090032
294.096777408
47.0499453885
0.452350337989
50.8842494655
52.8787259898
50.9620589359
0.751603526945
0.761887617816
62.4176024809
110.68618913
129.158228596
0.50374863031
0.595652237185
0.461915499694
1064.66134521
485.246072692
287.506240342
264.223229594
65.8779939257
0.575785610637
136.660037054
0.180181659056
0.258380682948
68.4973634457
0.628624601451
0.619917708444
156.39905634
0.585931491527
0.725703022982
63.1539347138
0.588119663852
0.642559340042
0.601783256145
99.3476714545
229.952718756
0.838840746799
753.342666833
249.42959002
227.61851651
318.291921643
0.136461572643
140.531024439
0.230374506278
185.184204798
0.130030447332
0.234224431856
0.392464562846
42.5325748706
46.9628207564
0.664845538466
0.564451911093
0.311783328472
0.398900257072
0.584101144064
163.434132528
338.637874072
0.37724757291
42.3526274296
105.86506493
0.925709792478
0.334182986478
68.7163091227
61.2575998019
0.993145045091
37.793804243
0.995703999291
512.962944604
362.887979146
102.362459428
0.825536117363
45.5533627535
0.833359051435
118.121562437
103.44949254
200.207169032
55.9291834369
0.648534970572
117.927432774
65.9167667661
591.887809597
263.000612487
38.7774147009
640.566332378
0.433389739679
603.565433296
195.391650895
116.578566439
114.875677895
0.842942871921
73.088024944
307.392774006
156.95099247
115.505845179
129.992635493
64.8404980248
97.6811695483
0.117710407273
0.0628274087562
0.100852401451
0.102401385547
0.118041675766
0.214581062686
0.0818254566805
0.299730433786
62.4445810538
208.530460914
0.535963779289
304.689997058
0.612949051124
0.723878561579
55.0493956415
0.961442952418
119.084018393
41.5061077888
54.2961156458
0.406419227188
0.304165349313
0.279305224988
151.330462899
706.383922437
0.142403201633
0.187955691052
0.200258857384
67.572871446
977.219504349
147.273225299
53.3475188649
0.469321039188
0.687049627433
0.243413262786
44.886635701
45.9307507587
1174.3931048
1072.37857619
778.713655181
370.361380497
673.440203297
0.267555368444
145.476662284
0.187443191817
1138.58532686
0.491014698331
503.627766655
76.714720149
0.492226376752
43.887950713
228.408506671
66.0920343965
190.328986124
0.490134621842
37.2365590353
0.438126483486
0.696257030698
0.469361395402
0.922846308406
0.569277701758
0.784983715349
60.193237975
0.407120149271
0.421713293668
0.44958228805
0.584079642521
181.553254121
70.0767901334
112.452909643
203.232686213
0.331860889818
88.2035559686
0.402856484636
128.43289016
0.276101289873
40.5246680215
508.654417115
433.904822039
71.5088313803
0.277481981887
89.9037014499
0.156284823406
0.145158279217
0.233526110874
46.9280049547
0.195743247731
106.642970197
49.9099210569
53.3158209376
0.537110825458
80.0153530536
2137.9707372
380.942323183
171.699929677
39.8323973641
49.8306848314
0.32653860319
0.311952368687
243.767358177
457.976862832
1306.32250285
892.978367162
730.896047735
418.773474919
46.5862811417
42.9898259919
0.0
0.0
0.0
0.0
550.317505974
0.0
0.0
0.0
0.0091105941258
45.4971477537
0.0
0.0
43.4910867139
464.400244691
0.100391792182
1135.25194364
51.6654412707
0.152952360025
0.276773956698
0.274549080047
48.3339981953
0.17180495399
0.182418428518
44.250786348
0.303455887256
0.286449123224
39.0626191981
46.1690894521
107.305397208
103.670673627
1172.41164229
1627.56591591
1061.9454857
1153.47635577
41.2714610846
0.375745755691
82.533357178
58.5335064273
526.060048729
478.375910519
385.62291806
171.102208609
78.2045413147
254.994510779
0.0788318557907
40.2489159898
0.287253140666
0.330327040352
0.156550017858
0.463127545826
0.260229591192
0.177952118913
0.246560675672
798.203967789
1146.67024521
0.2715690951
0.328335750381
0.311651280909
0.190193484885
0.552151475254
0.531921153976
0.0879082299929
0.231629129862
0.228668556643
227.766149364
1558.26674044
0.287999015772
911.104234416
105.985562376
0.302873778653
0.521712971372
1054.87708349
977.818569603
506.441961023
519.928145764
48.2020108081
106.347574532
0.600672493517
0.539492951926
794.195349146
0.600677813854
48.645719323
0.568522341101
52.0726137689
117.055157297
53.0884424519
0.842629356477
67.271709657
0.884679264253
47.8283820998
385.053391203
333.302490825
255.584992887
128.793502882
180.714720965
67.0335359928
103.3268652
64.3828586764
625.975312304
725.013182287
508.982573935
397.866886186
361.73936569
320.382287008
219.226128689
856.657748476
1703.64997429
0.606903737365
285.718515531
40.339306117
0.69651143567
43.9504553619
0.719736488328
1172.17287321
49.6504748692
1067.97898256
0.46829718216
0.672771670296
1591.7859679
1489.90682733
968.937798505
65.6693786597
64.2828574116
1274.21822176
0.258144331454
0.177488451754
203.304225532
0.439639103522
163.347829464
46.2698805572
40.4066376052
0.944060426048
0.921563832236
0.881778461806
0.509377558192
0.35584789488
180.982304671
0.555684663148
0.811498509667
207.526983406
0.673336330671
143.177725728
90.2305526325
81.2498987872
97.6921112794
242.385500761
623.43344722
0.869671917978
0.708460034344
0.614642210018
0.757260903211
0.554187966204
0.704982784526
0.767913725411
0.875596230693
0.689003734394
1.07475079299
1.05730657131
1.01103625046
41.637762318
0.848852188394
1.21092324047
0.969849506145
131.673295364
1.04856614472
83.1652089053
273.279765864
185.433093647
0.490029323143
49.7759718021
57.4394957074
41.3933254757
600.703184223
554.266089536
123.364973447
91.7578880868
0.240290280203
57.433378528
0.474192257002
0.6686658716
60.0066084707
0.797581463403
127.502244282
109.98097346
43.468144875
0.792562746625
626.005950712
162.61598097
157.773054112
558.715544961
0.521153437571
0.366965242792
0.309924334654
0.189912992145
63.2102903787
256.270416256
55.9144057685
304.259252903
42.6032421263
0.537601185181
41.7874318336
61.6981793531
59.375016971
45.3844382361
142.659100465
96.5418572074
0.397318836922
49.1973711999
461.846333643
0.562969159006
158.907928518
0.498942280299
55.2457199972
0.383718901823
78.0690830149
79.5602152405
0.363301465809
246.071692566
0.447891475325
82.1276227124
134.70035693
428.406055011
382.127117013
279.908903367
85.3364099854
118.766005061
141.716265035
243.479020201
406.115667238
400.103467707
280.460834274
776.940978992
454.411290312
380.227126195
411.011794357
537.489195574
207.322583883
1.09002990893
391.982881106
101.993989335
324.473081428
708.984578243
375.187056571
257.865516394
241.667668372
258.378183182
97.9278158775
149.961993298
0.431209411077
0.45714191768
40.5061118707
447.522433055
0.551174876321
232.227121494
136.523881567
201.755019208
0.591642569051
281.515924194
0.245259909578
454.307339075
158.632233351
211.914723071
0.600409285383
209.993830478
179.96470956
147.53449332
1728.66174669
187.795682471
518.885600043
379.650273098
188.343923365
193.198580845
0.637808936689
1752.91373225
0.74311086736
0.590277897946
0.638859588802
141.438998147
158.957421493
112.420591856
441.211250807
95.6733242449
143.363763724
111.757671426
648.674062846
1.26718556261
172.063431145
126.742693049
317.885584615
282.02454893
290.434958892
393.69356791
197.599982525
1.04333038456
1.14423278314
345.454949752
786.399167914
276.127454918
302.246183746
744.621568537
653.966549234
0.321700667811
0.350832619088
0.357116933659
0.304634212991
0.450844532722
0.556235155435
170.198187113
0.718949661775
407.305582102
1102.86970831
1.05297624816
0.695955422291
110.756202299
247.787529018
124.908606293
1.05851223279
1.06269450731
196.359065219
241.585951302
1411.7129151
1300.29183843
1551.14474507
0.594954159508
2249.26854562
143.856495224
593.252882551
455.883761091
633.913445386
524.081559184
103.559521704
135.298364809
332.797049702
755.898860985
1087.81263224
1267.57324435
691.735558693
315.682249488
399.390402829
977.120229145
773.533317016
1354.22818874
1.06275611934
579.15862901
315.437886923
786.606923936
1664.81687045
296.501227139
0.820284892314
166.679014774
1.03500708525
0.672454315666
0.808628945538
1.00476831449
270.120684971
350.197181615
1.35441167738
1.4590765748
1.32093900087
708.706314854
932.492767666
822.84314177
936.330547555
106.888333321
0.985781282722
110.758362699
109.973002898
186.985729943
186.509456707
442.811562212
426.027148227
225.432731426
497.716558931
1.63717180394
1180.10943682
2455.46485579
2579.92688159
1581.01998343
99.7749724383
0.690709546876
115.903277405
0.289958118936
114.79363468
0.386230149312
664.870289543
547.333474765
526.962814179
1.54079961659
234.670146993
908.846618785
1.126896644
0.784036212937
116.960454447
0.525057056612
117.959235535
250.753656782
593.041487152
290.557478086
318.062403184
828.152406863
695.597622811
932.824870496
1379.43666419
1146.17521965
1387.50583247
1578.39835614
931.97868198
1.45069321168
644.682419297
754.295217099
655.848051717
797.922734948
665.470866162
0.569617009077
123.685759372
0.62780205589
0.367904727889
0.267220491871
259.008035964
111.762265695
309.554032145
407.463272474
341.680788794
443.493582335
363.044498756
95.3981176985
335.861312763
162.183583495
149.355580711
0.377406045699
151.641459753
0.185553273507
0.147625367514
1084.52218847
0.146298695229
0.161356874874
0.0281497078748
894.602210343
1517.19345776
0.100017166529
0.112389688862
815.20964685
0.493440686835
649.859628552
214.359857706
120.892705582
146.580699112
0.674202463305
350.012755085
236.682675966
121.570721836
1.05793246621
1.24297542874
1.45441409478
97.5149813114
264.35952011
1.18993044549
472.60288796
382.322864645
2099.05745621
625.391260063
131.505183619
0.733012621052
101.386725736
1322.31512096
1.22579182424
366.694775384
104.110531051
118.228427871
141.326148576
559.329460529
1112.29062402
2559.74310316
122.197869187
1017.32067977
224.591065621
1.00801318489
1.39313412037
113.266771832
914.911884467
1118.0038273
312.6685396
0.626809205512
0.808239944051
1210.16013
123.479246834
648.297993247
0.835919207016
0.898478727138
0.673573319863
186.957712196
143.049213557
137.416955446
138.76717637
1.03752544818
341.927165293
211.030399695
1.24772757908
1.16006471993
805.652984006
196.622365723
439.175664206
105.633063372
127.610214728
0.435411361828
429.762867999
2559.19318313
2142.72441255
953.117224299
1.6929084393
1.12719921023
189.97525463
188.185778238
209.337453484
389.22128985
933.886967438
0.635660930645
0.640215141986
0.958227841578
1.16092871787
214.851448057
206.565568796
107.958954906
96.8199524061
0.864653031426
0.866208293723
0.732655181623
0.589832588781
0.840065163356
0.730433451507
206.337130713
1.01041384122
146.776256051
1.0258805103
165.667668188
159.40635856
109.124947852
394.937594669
0.977669875626
2007.18335526
3044.94962653
652.566362465
403.851522615
104.252137929
1214.92021966
107.80739029
288.224580892
301.494795761
1843.08838148
1252.90070664
987.500058048
108.572663172
412.242867441
146.969061681
151.475002676
369.186003519
318.992765217
202.014190265
393.787316447
143.956817343
98.8104590882
133.700600474
1472.78098552
1524.25029768
0.232272349093
0.239650614882
523.992457198
0.299502995881
637.723744464
0.362662406626
447.992359634
0.539624883442
0.428177264064
0.440599233795
0.31899876792
95.8857154588
0.568038711094
557.748898569
748.058630151
498.417432766
856.104509249
331.337107734
752.248237349
995.355269052
679.354042263
836.095491895
842.432717785
0.959974105889
0.909476883768
119.433491636
1.38286335402
1.22420181905
96.5301939952
151.740056961
248.44098568
262.093452933
392.854981355
449.554140148
128.040272923
1.5158602698
513.688129176
274.883009396
446.266776249
448.186000637
107.770078431
139.215420867
606.346379463
1.45522938722
149.854858298
140.20801008
0.270573774125
680.339236687
0.524122070665
109.155261858
0.88037161884
1.11957614487
390.228653998
0.809956772312
1.39969895688
1.64501337252
247.107387401
2286.98457927
1822.67131926
462.89461666
186.350876868
179.030160093
2099.61501878
0.583883466238
0.718476320669
336.801499652
0.734844239753
1625.99804388
0.69868631632
2118.39192124
0.746464795241
3045.65035941
100.494819777
0.50301297099
0.604199022831
0.661209833756
101.132199617
0.817815754195
219.843587178
126.672119178
125.5728056
1.07457526416
1447.84521486
720.734182677
0.998557144716
0.967748570394
0.706229650226
141.615923953
127.554001221
165.720883085
1.58331499875
1.20090630916
248.561048376
137.45917964
0.730256980649
0.77252776505
0.755654137398
331.071113118
1495.66361734
914.244014241
354.721645455
175.889514469
1899.29261527
141.301257718
596.767738587
1.02357780039
273.621612084
141.980038677
351.266945621
419.451423777
402.107024692
309.88918776
1048.59271351
419.185241868
163.016755241
0.304112066673
0.389515879758
181.365398757
0.817100654726
0.767936858338
166.130173134
0.579885562012
232.503724489
448.864326344
0.561163703146
635.565363483
141.527108115
1.13943876793
0.946649562754
102.296414082
379.641242217
349.135378309
0.416076630595
0.63362289797
0.872655619967
167.075119435
185.914284335
0.631955787573
251.229883894
118.749293197
395.380993619
396.457128669
150.461327513
1061.63970197
117.274774117
201.431339774
134.193822704
1.24959932246
173.417878865
1.15774113514
0.778236434612
143.762097641
122.708848715
1.2662558264
375.611325738
296.668817839
386.10588854
147.590378903
0.791481819028
1304.68907516
1.76041531275
1671.02449489
181.38101751
0.456809560417
636.093734696
340.841571308
287.55389123
0.577579009033
1658.14781025
2046.27520556
441.021174645
1604.9187376
841.522492419
0.628953875226
187.147558042
0.619684850646
0.541965409932
522.890888656
400.418934888
1011.41301376
139.604957856
384.733828322
1001.1961909
807.297172321
860.193803009
858.054174312
708.611756487
108.990658628
142.067342139
106.528476448
280.807190714
184.817811269
1.32773333339
212.055425508
461.655022383
474.424378123
101.41152815
470.971655336
447.494128719
1.19512952396
1.09355292038
577.989300969
138.601937244
1.87281926336
529.336184027
309.897607651
124.012606003
189.500418863
2.64281243977
2.29428300022
2.29482230387
290.849083636
1237.31549395
3449.15547099
3059.29442758
844.804565471
0.953732029575
1.03785184166
395.907946649
1.24558849247
806.92606986
817.416497784
482.07616359
484.470462424
450.985711141
202.629057011
103.476487897
116.356867924
0.878567442284
404.309960903
0.984193746636
380.787136298
431.055764168
449.923975833
0.882714255481
1.18139750385
1.03698452257
254.111481193
165.200101453
953.29803535
606.757097304
277.026372875
232.647195011
1.37264318281
172.714248052
237.889211292
2071.97192518
1260.98357146
1155.86505878
97.6860207761
104.095517599
103.655434567
98.8309491168
255.166434963
870.506319516
171.239631284
0.578445699458
0.916344852926
100.152933562
0.909196062302
264.888892255
115.020718328
115.724287456
173.352267596
0.776510961882
1046.96486619
861.017499773
315.092355025
1282.14604487
103.194174622
1.05119976678
361.87339059
0.588720104663
0.913290695914
2334.30383043
1330.42919747
395.716020746
0.662150717192
131.929381672
0.622890460537
179.795923414
374.434445163
0.690437559114
0.569545303766
0.826555030823
0.597077491718
108.165982986
124.294079865
101.016957074
1.09842626332
111.10734258
0.863042585705
471.071379053
1.11015088448
0.771692842096
144.646523005
152.659894387
226.983154434
1965.02449904
257.737814226
121.538002222
0.998571870204
1375.4535577
0.825420799463
139.464581173
1.52711031653
2575.14068023
330.377918481
128.084195037
0.699938853564
658.368028695
313.799534558
102.92256204
638.703473006
119.37280428
1474.99949364
1593.61494438
1273.93679611
3.05121029006
149.241281673
126.853427319
1703.96340206
824.660215543
2.31415555366
2.1767258704
1.60574331332
129.846767385
1.22624210752
2049.70526902
1292.46338139
96.2220212886
478.350410052
1408.54281372
2347.47373478
1.81218775066
1.64175557602
1349.16917935
1816.42217951
170.365133422
157.663312735
122.59247991
1986.00550666
108.761608306
949.64662738
1412.62066286
1612.48530548
720.457964782
137.788356688
294.21776141
0.120423716079
129.495001197
0.0581025026195
0.067444642724
109.37097321
111.826732951
0.129977501194
104.628863052
0.0970448213821
99.8636694834
99.1780334209
123.280625575
0.126026914873
574.211058359
940.653719902
590.185979275
0.0992278950816
330.58081271
177.168228261
177.34951072
210.465375995
319.702114251
298.806514994
252.227587101
419.175248311
128.682595969
0.117491724183
244.521265531
119.913272057
265.05811036
296.407788701
110.627837118
166.115330806
0.0249292296286
166.245372982
114.012052169
688.740373509
314.64964728
149.636878016
98.9375533087
0.0
0.0
0.0
0.0
316.718133599
97.7099088307
553.530649964
275.195260226
290.839631945
147.992895935
0.0
107.335133621
730.664712483
581.643139828
180.376393549
130.295874806
0.0
0.0
0.0
0.0
0.0
0.0
0.0
0.0
435.002431118
762.383477162
410.943855747
112.44158044
0.0497002641225
0.0734564234019
0.107778965348
112.309270436
0.136476238335
0.12351404578
0.119216933085
0.0974039468178
380.233676553
305.426790869
144.986255368
100.112141026
0.0
0.0
0.0
0.0
0.0
529.571843096
217.928622134
220.076430626
300.919379866
189.828160958
160.866829135
0.0
128.427190198
314.816345755
148.204362286
101.357587322
0.0
0.0
0.0
0.0
312.76334396
334.168042491
0.0
0.0
0.0
0.0
0.0
0.0
125.228166676
691.325844992
915.519974379
226.032923743
164.40298998
0.0093358324102
95.2859619457
96.4217396873
0.0
515.504270378
140.703785404
0.0
0.0
0.0
0.0
0.0
0.0
383.358063851
219.395851045
0.0
299.158263478
195.900448331
168.475197833
141.22463113
0.0
113.370767371
330.278649853
159.280192231
109.573314645
0.0
0.0
0.0
0.0
0.0
0.0
0.0
0.0
416.545455918
97.1475128014
429.435635009
100.122544253
0.0690657440377
0.0881162601373
0.0826245731444
289.131601781
170.456729455
0.129002840571
99.0133006949
123.861466045
690.569322786
546.249678034
155.872363616
105.563520352
0.0
0.0
0.0
0.0
0.0
0.0
0.0
0.0
0.0
0.0
0.0
0.0
0.0
0.0
0.0
0.0
0.0
0.0
0.0
0.0
201.629155003
816.540993822
1494.13672541
2179.34216974
2920.50881792
3896.49459649
4722.42234987
5431.59624874
1418.25297574
2581.50829948
460.804544666
103.649889816
316.598169015
472.471523499
442.122805627
111.688947029
729.735447129
221.727913144
0.143430864825
377.831882876
238.99327918
0.356793021595
0.254525205543
307.520523827
377.070604585
372.347145674
282.456969869
173.591230886
223.521737248
162.267782563
180.210338078
208.788851905
113.166173896
150.952346508
0.345123996313
0.326970331117
283.120883472
0.350195941716
149.737772912
0.2324889916
0.13299297137
0.110329054687
0.0973174647148
0.092240679446
0.0925093822558
117.305060529
2174.98127874
0.316601897221
0.514027710995
0.46383062742
739.500982237
0.507869434148
201.069543198
163.596455829
107.4584213
0.472930238343
543.93949665
2139.38925126
121.893363098
461.154974048
417.821291258
0.694422655874
0.542511449612
651.94034143
0.412486982439
0.404332311484
0.353094976242
105.868445877
296.337893548
122.583496599
138.410092758
0.577669044851
117.167415464
589.091542892
0.54645651749
0.604699350192
0.915059971322
210.945997261
277.730634686
1618.56133573
771.537172971
1.44184406974
114.955994826
1.24061132862
1.14512692791
1.09733379447
1.04020563688
211.339159211
888.936510507
341.297265331
1.23780141026
1.21454921184
300.138827109
181.029576979
1.15911173784
0.849466031899
608.396218177
0.746009675717
230.172551791
482.595775424
533.295179146
554.188934828
517.74234727
967.295296304
263.011533137
102.739260663
104.510740259
188.766286859
177.074144249
1.09603090273
1.10911766394
1.10437537582
0.581684838184
0.619025922102
0.606919000142
0.652836527954
0.680549276493
0.529777659667
109.061251802
0.994354915437
1.36901105377
1.4102792908
1.5560115289
1.62968048275
1.36684672092
1.80710268555
1.74090641142
1.58656341643
125.804393647
128.497352462
477.970521457
288.380499211
1306.04701021
1.20407792241
161.272495374
115.414870428
122.620636287
0.418373119098
276.763054019
0.553853785597
0.466344575142
0.47459496162
3485.0982372
3748.60928253
95.9495104024
130.45974861
115.69613418
1013.41350654
362.768066703
110.334158908
348.917440396
0.0855197702298
822.571098
795.655492527
0.093315141977
223.080408509
1169.5521586
0.159069036591
184.940166535
161.022901491
223.457812714
134.024710984
1798.68530436
593.389940397
0.0767124707868
0.0781882524792
0.101560251226
0.0944755655763
1218.45704732
500.437829349
288.529682662
136.232472354
3100.13483821
0.611781890426
104.65915997
1229.94802381
1010.52012378
859.573718662
282.87526409
155.586392351
0.324978093226
352.661708875
0.303119643807
0.364960654288
102.548299118
0.426225733413
0.554252117925
0.373075131687
1117.03190691
1221.03969078
293.083083136
424.878926921
100.125027424
1426.91488874
0.43095670852
0.294873186176
807.645192199
574.270104933
0.855261074388
103.707882498
0.718058778487
0.291354166251
0.216341966836
0.365902897317
0.420332287679
0.663541378626
0.629357688674
0.493049178298
1378.34909142
859.866307642
551.634125746
687.798043211
333.278857485
0.40791677249
522.149301847
561.677490163
0.229506322449
0.165863840921
115.710131014
474.012321183
99.037940345
0.456460629204
0.448256779538
324.400967241
573.324741343
153.889587241
0.25790051283
1491.99348524
406.996639943
579.170102067
0.610131164929
0.623537184204
0.699930800066
322.539384437
95.6255760944
98.0775074139
0.244624877397
0.276291681853
490.519902325
334.09792245
1459.71354001
0.60612392944
1603.58817817
0.582212789948
280.196522711
102.404117864
95.5140195699
0.507368480139
0.60846945206
0.596640348912
0.199656023109
0.273807105512
367.998136052
3175.12198372
188.645399051
252.153718692
1.4601625564
988.159086619
1.42180449787
663.788657251
1244.24700006
822.554734712
733.618048074
591.301223759
1145.75738105
1143.94463058
1230.60236006
1633.59772606
2141.02087191
0.724534438527
191.962320486
613.295429619
508.88933877
1120.43173753
0.454957632439
0.427341066813
0.482097136153
502.56647872
896.000424802
1680.62156713
814.5174161
0.73022098267
1394.48097134
1000.39140942
0.290469404437
0.360460506311
659.025888987
0.460512714121
1609.78281532
755.166966941
768.956270703
766.000066124
1310.03718465
0.692330597444
868.211759128
612.140768778
627.734884873
1264.37157608
837.398814651
632.917466333
101.008323309
261.55386718
622.604267931
247.943646982
268.366253898
131.174074204
0.584278109854
114.553346779
0.384404271438
0.241503146919
436.328544407
127.664532413
236.488360061
0.0
161.042184552
0.0455486002092
111.960989899
0.0410197532729
0.0374187075684
0.0150854783227
0.0
0.0
0.0
0.00967730248786
1657.43878663
0.227823972729
0.219429807102
0.3212864919
132.644842844
424.964658345
0.0528791039027
217.011086566
0.184370580591
225.747908482
473.785273024
0.719899949149
95.2011624587
612.121665631
0.473681260939
375.704669322
0.434050590329
0.475388927028
0.333102633971
123.890374441
109.223226003
345.064948041
1.01522303351
134.694274067
1139.93128169
116.485325863
312.841121836
0.776108192565
0.598603449629
0.629921134614
1626.84646979
1078.12444429
1784.99090691
217.899647666
123.426244843
416.096357256
532.285442858
0.0360463695327
0.0395617394182
0.0403690983631
0.0629746017657
1356.280662
112.822336852
0.0296485778361
0.0160886906527
0.0260533848819
0.119518358269
0.181826574003
98.171442469
0.526987046386
418.029087553
0.808978149099
2461.98799145
1082.86430128
1947.67714891
812.242659121
1076.6276698
0.457428616641
0.181742920891
111.539273521
855.004924014
0.0933022503534
469.583299327
1631.35520208
992.765373969
0.280189489935
113.530475169
0.320562507279
0.384936133814
0.345224400202
0.245288174322
373.948811979
115.663712916
0.359841678033
1879.3059806
2458.78962265
0.0
483.769118829
98.400690729
125.064289205
321.84205785
637.569187897
732.975078545
0.0
0.0
0.0147116686499
528.115880853
436.017663131
177.225190948
115.727011518
0.46986882587
0.520573121084
0.461422106101
654.133486974
133.284204767
265.632150855
118.441028037
317.804953973
173.545301929
108.606590529
970.332038734
112.161995394
143.301411227
180.033526583
703.092401169
0.594857321268
223.304144669
0.420942944409
0.682909216922
169.811043454
116.474978182
1156.7698754
251.512883646
0.129467630339
185.684110839
175.644876802
0.073497101071
267.378674521
325.416762806
248.881986401
0.0723985819357
0.0836374426235
0.0759835825149
116.606226745
116.615462437
0.0321927968823
0.0747834365734
98.0467503814
398.635324916
102.42506376
0.467694818617
458.209372253
285.615174447
0.768239800231
0.396824637995
0.451691787372
261.716402323
215.050034724
1588.92980044
448.84868254
0.553241954565
268.265969254
245.681081203
1278.61263536
482.06011387
497.160472483
0.0724218183985
0.300686588164
186.135457868
219.94785935
0.0910348799557
0.137217532017
0.200145745834
1.98703784025
201.828373758
303.220909869
564.530489824
204.305390939
588.656649197
225.506855811
1.26381973742
199.490609388
213.81391486
231.066144356
256.278157682
2.68200820891
0.768588013663
2.72956887467
538.936005475
266.457987833
557.579826335
2.59682262167
1887.42383147
0.945741209112
1755.66552339
2.70732130586
195.000154754
1.25731660384
1625.93454847
1.32245062277
0.542673618149
497.749166563
489.557839353
0.0
1515.82039287
1.25370152788
16.5212121122
921.181468949
708.74636233
688.286803231
1.21572081855
1.17084458941
0.816176748968
1.82669885635
7.19737267374
11.3500166749
12.3585068136
244.36232951
4.07424672926
680.985249797
231.939547109
3.13636080041
466.484221041
285.516056289
263.525793429
809.795551868
474.774391319
3.89725302424
204.825991364
906.872357412
224.524257841
1047.80376988
603.648609858
573.43426925
250.284339365
12.049344144
494.030826602
8.68419159729
493.813746053
1302.7789202
727.483589851
832.041020716
215.893376287
2026.01736941
203.853100899
190.349859781
703.680989618
0.0
207.503187049
4.41706448231
690.310918534
493.545779954
2237.13935595
6.33860606926
4.40293829383
211.595364093
5.68288197285
405.353222037
1289.23056467
8.23362031536
236.262837136
215.595770556
6.33057423929
269.34992051
872.186645493
1466.15372047
533.047964848
948.540551475
193.684321467
185.978855384
0.0
0.0
0.0
0.0
1371.93574577
222.129802507
6.23098815835
3.414731366
0.862717041888
1.18945057486
2.23416544503
1.3154562498
1.35683914169
1.5195249855
1.36815440324
0.970427333407
0.0
1.97667058654
781.402209805
6.22469005467
4253.3336567
7.33871185126
8.85433133061
191.02645533
5.04585610889
9.02582169615
6.95120837995
32.3269956371
10.68636174
413.023642225
34.7127416204
11.8431951566
727.461594558
349.902818068
31.0826368622
205.753246476
2.65904016207
5.23808140054
279.041183176
5.69198802937
233.660060051
6.5811756934
9.5115328035
1914.99483222
240.44849876
201.098622609
9.31220299118
208.726333545
11.4438907294
6.74036876457
1966.17443588
11.9858324593
220.127767467
237.290600914
701.099260299
7.13088890897
5.78446851745
196.392509352
226.74845448
7.82664930071
603.19533143
0.27880071795
8.0240317366
2.71351680745
5.74124011688
992.657829497
298.151689177
748.584500073
312.802041262
738.030277662
433.873210262
749.81174842
540.570245827
717.156956881
34.7500640617
561.845747361
4.91621606488
6.15809793128
7.8176503504
1146.45153624
644.721724928
239.693125172
3.75212749422
8.92858468671
4.27636777272
741.263942278
6.74101236934
206.317174281
10.8512309593
13.4120831989
3987.34293362
2854.1616109
2655.26604535
2096.12101658
2.66523325064
2355.4609024
9.4008919666
77.1301402327
187.521639225
706.631266224
258.572680412
7.28813759675
15.9496607059
577.616323514
6421.61677468
3.8488702059
713.753803636
236.205798851
193.614556342
446.335460366
12.8619359336
43.2456012264
209.507889392
12.7975067772
17.5769365034
521.433896574
1234.71487831
1438.95514741
472.786241248
6.69558127258
468.871982439
1330.58857295
6.64096459429
12.5966340333
192.34423118
16.5731157239
37.7510502824
89.5771114592
260.603371266
59.4393226273
528.115216343
16.6157263567
543.832824925
280.49552404
295.68467585
13.4077240042
12.6281968298
11.8225831259
8.35978924439
9.40511140476
9.94743965903
7.81799791618
5.34940803514
7.90246132578
19.4419198747
11.6862325541
232.065081265
42.0617897817
472.060414164
309.712115336
100.631929315
240.807731306
289.484356944
310.52025468
1538.11080827
323.405302341
32.8695594413
12.1680248212
22.6911949013
222.30200179
16.1468980799
232.331845473
287.720760668
192.000746886
197.396234235
64.017367833
241.278792017
226.630874862
212.514715045
97.0536503555
128.91956854
504.794304964
562.179483199
556.597012933
301.451269382
8.24547276778
14.8901907104
15.0542591108
26.1140919721
40.1939980188
15.5380514209
17.5796406785
17.9821581981
35.7388701475
26.4399609805
297.742082697
18.9081810118
20.2118671657
360.89185535
355.206363976
289.115848477
808.060954539
678.027793087
26.6488729391
978.400650556
1357.43505783
16.2625611967
14.1313278885
299.12273558
219.752696507
22.7445800403
227.70241627
232.771650686
584.920765091
410.143884847
76.2213551612
605.024294989
652.797209012
239.815260919
261.156087441
238.688601331
33.4803454239
25.5041456328
19.7463898113
20.2327830182
360.414387493
261.606843172
257.735455377
750.947429461
14.3266031394
239.16162966
10.4523868041
592.721354755
5.30619118352
4.6599157824
5.49863570278
245.744304483
211.656872561
589.805287575
603.885687832
241.081140653
59.6328002562
519.095031117
271.443404445
318.079834509
1414.30288243
375.525944846
427.784673009
790.548805278
653.439155808
9.78632364644
533.40306292
11.3034844546
406.33951534
8.9964383718
204.790100775
690.058816461
242.017333056
23.5438467466
80.6361007398
209.660451915
507.876988337
29.7633919888
50.7879814104
520.965680167
683.037586692
233.506639947
326.588100853
577.467723113
235.249025551
251.691898606
33.22054484
27.8147442831
27.1331033283
10.0656388069
11.077006654
12.4469151141
285.079236984
641.517899324
293.065844204
113.413116367
214.889947982
825.890498263
1895.63200262
3136.10964902
3030.59551073
630.324366328
235.455728186
510.389967096
36.7011036052
206.103628499
12.9399191483
915.163064793
349.80360649
951.072088366
66.4611925314
641.476977859
98.0363658388
178.980312201
269.853324514
1216.98998031
1040.05112615
259.177680549
1545.49443183
1794.04089187
343.738950532
26.8063726354
51.18987096
217.511212325
407.748689272
1041.77821838
588.540734761
809.895664391
925.793538254
415.139490331
87.9912725388
12.219232319
868.776843617
30.5534718427
292.72239603
33.8883844957
407.321368455
768.182255617
63.4822745569
228.683996741
24.8647261138
355.651410275
216.975432229
644.041616076
4.08634124594
2.52713979421
8.45294493692
759.897927367
15.6462583513
715.496891718
196.232818511
15.8710179893
216.93717956
22.6598388093
131.028965434
828.695914567
71.0725433407
38.5379192832
209.42196766
28.3460465352
68.1776984346
247.46236027
259.470755748
450.995328806
1708.59288206
819.535319986
258.880774777
640.33691741
2481.63259778
806.570182022
1517.6199326
193.835226256
199.267623206
38.6731030581
146.532152484
55.5904683324
489.848978523
294.07647514
1898.54978926
239.990261844
645.939920847
598.910911871
124.200896289
577.222619836
1394.59225893
15.4802265203
325.369732674
9.23664674152
1954.41591728
619.880233689
1748.55511088
148.021315168
348.441209894
37.9304555374
86.8777122454
399.341747324
306.276465138
25.6447278697
289.874059094
132.482790818
13.3030756947
7.46866219421
0.0
14.4614660863
785.35645431
32.8500289427
1173.83797294
1603.65744685
823.996568202
196.846805986
527.139101343
36.1338090739
16.4416692104
655.010832755
57.4256982268
36.2033856259
348.832471084
79.4158716932
299.655105751
584.917369952
222.767091555
33.6586288614
266.624165958
16.6043810385
14.6090203873
51.814338267
411.955640639
966.142169532
43.2126048044
1926.86274221
1246.7632166
25.946127415
923.202947678
903.59020538
270.90166949
869.782422146
749.164973238
63.8315657891
224.470444778
227.003725603
227.218596971
264.665149214
16.0808449687
25.2188227004
171.669879726
928.189731748
874.316863608
627.188116861
593.337542056
244.047267393
301.544027556
403.830420815
488.258023621
65.1325926995
1520.20363174
2073.38167425
812.739424893
419.402076002
1241.59067613
1247.09564675
1378.69592323
1721.33466723
1135.07986271
312.908538715
1033.34667705
1555.36756515
274.469232819
27.9390067477
1347.14746367
1274.91799355
1566.31880165
379.439323256
276.105924026
98.8499174652
1119.87113934
61.6843632695
307.63179667
77.7501436536
100.378212504
46.578243395
437.54251682
786.527786388
813.16456906
91.6674969614
99.8196729468
169.155804753
47.2124949866
48.56226321
419.184209921
245.317501609
229.01525609
225.830574927
43.9221091889
213.142354219
531.68605209
1609.55107593
77.1493658066
294.72213911
614.935461093
955.115498063
977.981203953
310.781810028
324.673183092
62.4299894355
45.5943900343
43.3576554801
744.513479415
538.272898219
52.8548648102
353.029857439
13.9563880713
201.068405879
765.711606495
926.062598349
289.355130947
860.125253124
357.809145509
96.0676861234
279.044795783
404.427238268
398.048643127
727.18782662
83.9452627339
201.69979268
184.2452574
350.896513627
1567.29021056
919.808188483
580.432237332
104.482494683
353.100266785
239.527116513
58.9304087875
332.358115264
424.256085969
250.572613884
260.386025339
781.503406606
145.551445474
1489.86350165
89.0045632836
1351.76831007
416.807515636
537.986863655
561.168514518
261.570253158
58.4288954783
772.605326177
647.193035133
470.548561662
101.121922441
449.996468522
614.888180277
944.581189418
1745.990432
1171.18861404
709.953776069
706.897450105
92.0976523351
92.856467734
1737.89925636
901.954035924
196.442551749
341.100758726
1192.61219697
60.4268021201
48.5769689211
30.3413165312
198.26236285
1136.65604804
287.442491643
278.593895077
63.6799745209
266.298217354
71.1291227526
78.5009164618
1758.64302805
2210.52118876
800.07631264
144.24005562
1025.23775227
560.883037437
243.718124025
362.807514137
256.628529428
504.808547799
323.839145835
133.592016593
2068.05232998
347.377994352
250.485985239
61.8679519183
365.496471565
67.0776754182
398.946099006
239.772665231
1221.2580193
645.502249868
280.881949496
366.813430825
275.747773936
87.3837815982
347.481048872
556.145034164
84.8416762148
112.796571479
1065.58767051
117.893881317
481.265042857
130.332662546
1060.77602381
84.615681264
629.607523112
237.975642454
237.334321122
88.5090278104
207.174023174
506.928855551
274.176342716
1050.50685307
255.879012117
635.763942439
833.818960881
106.677445144
43.3078363796
48.6138803962
63.1823816881
63.7616865142
576.009064755
225.678821817
125.76201187
543.125341875
245.732155563
807.885806766
409.024912175
342.735357291
116.264111375
907.058093013
565.097899817
155.968446708
434.493113163
249.03692463
138.87739803
439.323580648
321.760725829
156.494692208
55.8213260273
255.309242918
498.071673971
506.364534344
712.826753734
242.765062344
76.7705180815
247.453022178
76.5231953323
766.071495395
1792.66719334
857.280176769
1021.86979203
745.88699574
692.011123423
816.044758319
1103.34171428
1636.51501765
378.585410745
84.8139083795
58.4847145856
919.366397173
299.005753921
215.69434536
272.871252542
575.585451312
57.2015492939
390.086554825
617.264020383
1030.78116204
383.125257286
234.274898741
278.213711671
275.690996816
219.759781943
529.990271693
548.08045376
69.0544226889
772.264082201
868.07532363
1359.1199892
845.454930893
984.39294573
112.26448517
1171.62001015
592.263630442
377.006722172
105.743972805
438.893482053
353.477868286
1505.40993742
2041.03007584
2606.51868219
1479.26658663
478.112616243
117.750565102
635.575671938
351.913952389
194.984789478
219.549754022
703.816438306
1261.107618
834.148784381
279.256654296
99.9426402751
620.308250372
813.171520266
81.8666801183
1026.62194531
315.149441995
1194.92565249
569.905027014
1086.66755626
203.102515787
788.091135785
863.806658685
506.210859993
762.773461427
1827.52721136
1296.24483347
1039.23492956
1677.34900948
681.613527943
1460.30919961
725.284529307
711.246235988
533.36505641
991.200321889
1108.1445516
1159.47295608
1947.62410909
261.252361089
1502.18058057
1316.80267326
310.8345582
419.883706231
83.1585780037
100.838775746
445.364786978
317.215445142
1758.66837499
185.889424046
305.132918363
199.063997912
183.004600219
84.4614394191
90.1520208325
52.1768263543
95.0421786687
642.107722555
229.808082629
43.0021300801
655.946888031
942.048931627
1320.01988076
72.612440576
75.9611819522
821.079777962
780.411741717
748.573361681
155.376496562
938.258069372
1405.84204693
302.732284005
800.472256327
709.597758909
113.230127784
441.988089221
91.6375649528
703.378345986
105.962696703
381.902000946
163.477134887
1051.59029291
997.998329257
1567.33615412
1589.16290614
168.037227903
832.035698153
180.303426771
1430.55702715
652.8346508
169.356595715
707.240205834
156.235168536
725.180982013
1028.46917736
1680.88987165
2310.74799485
865.305093056
381.914198277
2417.50083106
1037.2451451
572.070130624
645.618798132
905.316173764
1465.62360922
270.612029041
245.065747316
1945.06852433
1164.47858206
221.610573919
344.011994155
1257.11847446
53.0133557348
103.980594382
249.223023173
261.487749441
234.40566437
96.6804190783
80.3122264831
234.135807039
461.496006886
145.74693641
122.423866986
865.788228281
739.88509449
598.638402492
229.594224491
168.89708286
44.4194975858
815.519591979
2561.89037552
1857.26271552
479.751753955
210.181460398
353.719932861
308.006035645
631.189412188
500.283858335
1099.92715722
1061.36322955
829.943230925
444.126551578
583.010663569
210.175775277
581.246476535
328.824001442
95.3697791207
1169.13797759
740.344517742
1163.47951139
135.41803479
145.936850715
664.80347454
98.8782899607
311.659203446
220.763928614
670.512555221
97.4028979308
157.503441055
299.566915258
924.645611599
874.872192696
188.758762188
1952.10361599
2086.32705943
487.248045064
328.017640711
174.98804969
658.476786994
646.423932814
48.5410830102
78.7788183262
1448.43637842
919.982954431
909.200333992
164.910778802
394.781319549
707.193523737
539.867905255
3195.94371179
492.349985473
440.748971106
1478.52048303
1467.22371884
1040.38549501
205.176473288
892.931082733
1676.3687887
188.224373966
115.783279985
571.863844896
163.30299035
193.840205662
584.176040849
281.213731794
216.688214238
191.446476363
650.996626681
98.9634591562
356.749183917
1412.14356077
1205.77906391
1457.04975603
588.388978161
701.462394128
692.00651713
695.012968918
949.053551196
1296.11958571
920.698912217
758.458414056
391.310757526
121.075234375
97.9043603678
97.5015852709
243.707399935
292.306163042
396.747859032
419.228457653
1541.42998091
2718.27795354
811.396868274
183.166658813
1352.73915677
1056.9573564
126.731795715
544.878393139
271.412758959
378.407571089
175.483976859
311.647217502
1094.17028208
861.531606565
1801.53439907
1570.76167632
1773.90011167
309.337637043
256.994448136
415.143741544
328.220613593
531.265470719
1046.9978089
1594.24756572
368.545554787
575.207216925
553.38166305
1815.27948305
621.934907906
794.627830098
264.271881898
99.0882423772
913.636653257
720.192248614
660.384925981
1132.92120306
1220.0742002
141.838624648
1613.5750007
687.432892808
2571.21289784
1395.79433951
1409.4947819
135.975596871
118.393941354
238.783215385
1083.21609863
345.094198279
364.033615224
164.106841286
230.937748186
271.517995267
412.464577487
128.176656524
339.019106248
202.28292526
564.593867267
150.024859775
289.034686084
161.353371029
155.012080747
268.749835631
227.04255937
386.618667949
350.570165308
773.202586589
360.184074865
1525.70306986
676.772752158
632.845215671
285.351072236
1509.16370561
145.843994281
524.559274905
536.271158741
231.561502247
255.205725638
353.8486947
401.629252724
235.460092284
280.565168341
402.732359953
784.756693489
866.670187648
160.561355628
277.311258842
1782.44473903
256.513659403
86.943578584
224.196363869
308.057079367
1127.4659531
1019.81472649
929.646136089
958.337222402
291.927125544
1343.64438283
131.890076845
194.426558967
317.881764746
233.091263585
304.217083522
120.567109428
867.751573064
175.798977061
227.65316131
1764.90511436
1567.65667814
346.763157433
351.268738099
297.610430881
941.96631619
708.503225041
92.0784080771
412.197524281
328.824397181
93.7195089204
174.423509839
277.080630519
1296.45140415
304.27929556
959.410144959
1963.18335003
577.194842134
615.224564912
421.094464325
452.2243326
838.940097069
881.560828546
1023.83758208
1166.01652048
390.530382661
275.369664216
401.949207684
211.784427599
163.726452189
203.321874857
1039.86992395
1382.72768553
1230.99815666
1642.62322459
610.408583145
103.862932578
646.691451388
883.008106973
631.181428547
571.607704865
540.536394136
180.197437862
352.139480957
398.255482582
708.616009678
540.670077913
265.66812041
1214.37297044
507.467429385
213.963400328
191.898965564
200.812678131
221.80199559
124.466525557
1151.56495865
158.075733131
550.603290093
1518.87169171
388.693916275
177.110301129
242.017964634
214.730953049
129.419673919
1012.87885549
142.172014172
214.771593713
994.398337371
619.758640584
1653.68950637
235.359075145
3790.92049992
164.832929358
547.308791464
178.146009999
133.536810004
195.611061897
181.074903744
301.859092231
828.231266375
897.882067594
341.352138864
2068.56243914
663.624932383
1533.41979185
342.457906597
203.651617166
163.014041353
285.460292606
194.773644256
322.448140125
377.605448913
553.927431327
705.398490578
310.599242781
295.040828426
284.263566401
70.5253750283
76.2095692351
361.091780963
152.192039308
577.037290806
559.769068357
1360.79927677
338.970472685
183.438936028
418.934446579
259.696840807
172.088534471
591.155732402
373.654298186
140.130064918
537.40757145
278.600169174
827.610460036
562.663914473
1490.04864368
641.711091612
207.03185167
310.194586926
250.126131976
299.90114413
930.419891927
310.708300006
569.464091559
587.999622977
326.307052733
751.015942197
284.544752463
309.766324305
435.087246528
399.40867746
282.14391283
369.718567711
276.696455642
271.523516668
990.673814459
1061.91387304
364.659406693
275.695879059
172.134398467
220.813891181
479.320034641
257.576185295
253.963491935
317.033363766
299.749771478
526.543054508
1149.86106368
235.775105444
473.463422323
396.893267967
886.772353931
569.547159711
338.443311103
953.250710064
284.404090868
353.763078485
239.582673349
178.254894308
163.083264337
172.072590995
190.471995541
229.196747206
602.630024636
728.52450393
178.571214986
239.98242755
220.999651678
1144.22112538
521.093679964
268.03290896
96.4527584849
198.910575155
83.8292406733
203.486099445
617.487339631
0.0
0.0
0.0
0.0
0.214577885356
0.233439496359
6.27508522938
7.50257230575
8.30718993149
7.97257071466
8.26255395127
7.56322885777
20.4194005395
7.34775322294
0.557410884357
6.85527219351
70.3846967111
21.5483659457
167.760870258
0.914046415171
0.687990075686
0.97241538132
32.2277536924
51.7107669106
42.5652295279
13.7175909035
1.14836324382
1.12809157046
5.8959244098
29.2117958255
10.4547717633
24.871311342
18.8908306547
17.2000470592
0.846290328272
0.763549337134
0.976576786972
6.6303836239
17.0251218235
14.3444435482
0.644202978711
22.794487456
0.625137223636
0.794063937214
0.72051151261
0.897661372801
8.45571445906
36.1628766329
13.0618419799
7.27256230445
1.14755342807
21.843276295
0.998804740885
0.414386190476
0.638200028224
24.6173470614
6.48936544582
40.3976784302
38.1507435725
0.836573580036
8.5772368928
188.364075845
0.283621869212
0.500909707274
0.282296808903
0.197237729181
0.26690521159
11.2297955591
0.492251186694
0.454266425117
0.290374168496
30.2496093596
0.277905998319
0.449016318146
24.548126851
0.291817072826
5.88957696794
100.426102446
0.243489222613
150.16558619
22.873769044
0.37787705109
32.8386335193
33.3766672868
59.4657178072
39.3306645056
45.3886041954
0.166559649214
55.4886783316
68.3517985046
142.188139633
150.662970288
89.8080701053
22.8607732623
96.1959460799
7.645204866
0.116437469931
7.25842331162
0.0857629239728
0.0824689186962
7.81272065704
0.0358708599135
0.0250705789436
24.3879107499
15.5817729269
14.4621958633
0.0
0.0
40.7637606267
19.5270437477
54.1302763393
46.8142849347
52.3844263126
0.0404879308754
22.5309136613
6.88667413015
7.69523369852
8.29014393018
0.0546989659349
0.0394634429936
34.109579065
0.0126619139385
0.00832000297881
0.0
76.1981756777
108.705524719
86.9708475347
33.3912149612
0.0
11.3494150251
52.5672089408
15.0837389576
8.46946833105
10.2236737183
7.85508158259
0.149984495139
37.6478620681
33.9784030007
25.0989900856
10.3476871096
6.72368863804
0.108457889173
0.0572330547662
48.9699053769
34.0309849385
17.7012728117
0.0
0.00710897818517
48.4243816474
5.62466022727
12.1573383284
31.5041668057
7.81140549031
0.043603759852
29.7209367796
17.9209527518
0.192785621622
6.43778497416
8.29682589699
0.0730189031672
52.660974557
37.4342716106
8.13073213086
26.4846178355
120.928233595
155.383750347
139.423282495
70.8410710359
5.46635199706
0.0
0.0
8.15761426489
17.4050550525
0.0
0.0201039579806
0.0304194562351
74.5294458537
