0.0
0.0
0.0
0.0
0.0
23.3222899048
122.755020308
13.500793904
17.9482779672
11.3110746885
17.4899968215
43.8087119721
21.883884201
0.00427039741422
19.587121505
18.1936286999
17.616912793
0.0222075910297
0.0199147821956
0.0188201454875
10.5598380825
0.00428843835123
0.00431025942874
12.7396356403
0.00393977813995
92.6669542976
15.690853261
11.5470399626
0.00472177278377
0.00286161234622
0.00141440554369
0.0
0.0
0.0
0.0
0.0
0.0
0.0
0.0
0.0
0.0
0.0
0.00217510181146
0.00201764412006
0.0
10.4901412804
235.842163434
201.907036462
0.0
83.1571106635
19.6955827736
11.4581780513
27.7436982873
10.1570262762
10.3024113083
32.169816125
47.2240183662
80.075626448
140.544940215
105.601111613
101.889056249
100.474449959
99.3029788543
97.5695473759
13.9107975966
12.2535258438
11.0728829802
0.00801352141423
0.007372369219
20.1547168844
0.00837871077292
0.00492417513311
150.478247762
105.870361041
68.6848023215
122.921565429
268.833211018
0.00429690188367
0.00953461730037
12.0119009644
0.0132073743825
0.0130303414322
21.7336515416
22.0902266566
22.5525361047
23.2282634318
23.7781356394
23.9327661491
23.8288329837
23.5958515213
23.1576088069
22.367501793
0.00897787739157
0.0085641604301
0.00758752488338
14.1777811463
30.0951150339
0.0
77.9605398668
67.4177096331
30.7431846375
0.0
26.8967270466
50.8555193443
59.2565326965
0.0
0.0
0.0
31.0385048822
0.0
0.00996716546287
0.00746469780873
0.00483591085281
0.0170553060131
0.0218185139429
35.5823204001
22.9453635929
19.3896316399
17.7305967516
0.0210077957633
15.9158362109
0.0172494091354
37.1628854301
0.0
0.0
0.0
0.0
11.0959045164
35.2494411193
13.98817566
35.710470939
0.0171648305497
0.0175157885379
29.8206608637
115.916414755
43.9709551241
48.339926032
46.9942959252
12.4227608611
101.729459375
40.8502139938
40.3312421553
23.2976982263
22.8712572076
22.7794846508
31.1842055399
11.3297235135
120.095500117
14.2169657251
12.1675958944
12.3824448308
11.5593100113
69.746548584
32.5633691216
42.2940786759
37.8490443698
36.4268706754
23.2714432422
21.2319566643
20.1548921803
18.8607009431
17.0867469459
15.7294192223
14.7325211896
0.0
18.794571701
20.261504834
20.791283268
20.9397756847
20.7430737666
19.8064892207
13.7829984088
54.6878459008
13.578524665
51.884085385
47.9736347862
0.00419512128971
36.588525738
32.7586599362
0.0176661289649
48.9610873388
48.7437550605
50.4380665139
52.6553041135
52.7671532313
51.0720868639
0.0106112832064
49.8616460447
0.0305901962217
46.2547104069
0.0320484898555
0.0294788056801
0.0460971584562
196.356588665
453.398366954
147.942745459
118.431095945
168.031449554
85.0561100031
123.375074364
66.7738148279
77.4151886516
113.896207562
139.9163055
42.3661063532
0.0629888348131
0.101357419638
0.122662875206
246.38098784
11.0419868217
161.66753481
0.0553021831633
0.0533737246545
100.814348918
55.191600959
17.6294442458
31.5469876188
58.9632424684
86.5821098482
88.1527284216
52.1670393984
20.9059916633
56.0111328083
41.6103309816
38.8378264682
39.5349151761
38.9312001202
12.9049805518
34.5241554653
33.2887953826
15.8053214744
0.0556081724706
0.035000496529
10.8811872316
0.0247042420523
0.0973516907991
0.0933608307071
0.0924254853223
0.0887964820251
0.0870441571277
262.970434685
0.0786108303507
0.0994684973709
36.0044357855
122.196467371
36.410538393
12.6792931952
116.271070902
109.627398978
129.243263302
122.300486258
150.04003328
118.237514004
185.95007198
213.642010045
165.532401741
163.523496811
161.24372255
173.749450232
0.0172595188148
0.0267305443442
35.4459079707
10.4199983706
111.208118972
77.3952132757
35.168950018
0.0176452235892
10.2063297752
54.2932596254
0.0467140426441
57.6056790164
42.4485697043
84.5567206109
0.0375935213033
0.0319214622777
103.292478294
250.650409784
43.7652069165
101.082841698
56.0743356816
31.4720897904
0.0182789797742
42.3426440541
0.0226072165583
0.0213195593603
11.3984212789
0.0488134999939
59.3093597348
10.7885397589
84.9302893541
42.7289287517
117.565968118
14.9762765941
16.6173616676
0.0603473941765
0.0673832058941
13.7013063801
14.4251144359
0.053998725315
16.2484457461
18.3079949031
19.2328012677
16.1736840163
41.2553516529
293.7795854
188.011648657
12.0190856485
12.2872543738
42.2158218456
10.7050856239
240.320042822
0.00448650420838
0.00762922963883
0.0464168844516
233.376242559
0.0489405711735
43.0829192625
25.9013393415
11.2603608638
24.4433907795
104.014492636
86.9863365122
120.182226602
136.916502659
151.378973771
76.7823249341
140.831565492
147.210248975
62.0765689371
123.022314896
74.9746525787
0.0492654804538
38.9845559406
26.7087651421
11.877218672
29.9363178597
17.6891547309
131.452542795
0.0214241124409
48.0854362509
35.3587477407
10.9223293187
164.256320642
32.2119235848
0.0283748909807
23.295031377
32.5862364749
82.4680700262
0.0750393341488
10.5054593135
168.983708715
229.366107805
115.695050694
219.764495266
30.6745566242
98.1009170108
117.596497592
220.110642445
55.180394623
35.1083159017
22.6494575787
21.2269296904
0.100070279556
10.7974188221
60.8907196874
0.0684391136067
0.0603901728669
13.2111111018
0.0785652122201
0.0632908125285
46.8052850803
0.0533759628818
0.0569504358947
0.0440921779207
102.729164444
36.6152414907
0.0545001380117
35.4805325816
0.069306326625
0.0458913462295
415.864904149
121.667087442
170.617088844
0.0920709004214
92.4107654373
31.2092558176
0.0276661918614
11.7067623663
36.1683855122
75.4357503356
93.1088560035
67.4644567388
72.1248709824
33.9703519362
45.4105887775
27.5659534971
0.0470765138178
11.3199397026
103.404986962
38.5053377901
22.3297215641
37.3529784507
48.2958204077
38.0374538268
31.5069473026
0.0251828941985
51.5884233891
74.555085455
19.8967880831
80.7671451403
133.441718885
11.1488761698
0.0138450488872
132.222250079
257.83263402
113.86904834
88.1194210579
0.0201368014475
10.688290313
0.0278973409732
66.5220924547
109.066872805
14.7553714396
107.410784149
99.9115231555
74.7674111419
15.1773833712
44.2989454008
39.9164417999
25.1223122037
13.9443696763
22.793841411
29.1949256637
12.2893775378
0.0407101368924
0.0319598309541
0.0300116572282
0.043180595197
43.505704498
45.5354196805
50.6343766673
53.1138932304
57.2773285588
59.0474124192
61.0020111008
62.6131880057
63.2823786862
63.2304655903
62.4447038464
49.8615536383
13.1064517491
15.7733988342
0.0
0.0
0.0
0.0
55.1889813639
0.0
96.3156420359
63.0100183541
52.7681009784
176.376045701
207.600452923
29.018116551
15.8124616248
0.0156891659004
69.6549726869
66.3034009935
10.2447201061
66.1142190751
0.0224910657745
39.4753197987
51.6944437456
0.0757343482557
48.0043765845
98.4290108872
29.0884146098
0.0289016346535
0.0365330711224
0.0365626320183
0.0343786235675
0.0235866540399
60.3044475943
0.0429216697238
0.0634103639615
0.0653590524127
17.9612760897
16.0819826617
10.2620633031
32.6481900764
25.2415447463
31.3945470173
80.8427837238
0.0704188231502
41.25466479
0.120493034179
19.8302909587
0.113373111279
196.945496307
162.952196459
189.70427484
0.0689382654662
14.3268643511
13.7196466455
17.6585357839
0.0603381702559
16.2487634194
99.020252003
108.671552284
0.0267757785672
0.0314092763603
0.0426279099018
106.430561043
0.0353247933454
0.0289416393889
17.7690248652
0.098830068935
10.6095985575
286.120288575
187.931961776
240.232694976
261.204282529
188.592001899
153.245393469
0.0259175056604
168.377473561
124.790367774
78.17905968
64.0785855761
28.6682993214
0.022676899455
0.0254948341708
0.0197478432622
0.0307929482487
30.4558338207
0.0104037378541
19.7464890825
0.00829093656677
0.0105292900026
146.063114277
10.5724115407
0.0
0.0
13.3864197322
254.093908056
11.9069812243
10.6388013353
0.020210320052
0.0295331631734
0.0454749067884
0.0935538857266
0.0812622250942
0.0302510822428
159.328967817
98.0135703712
116.976471721
0.0251393969808
42.1351941773
14.1628509011
37.7261646808
38.0771867122
54.3752905357
13.9905123639
96.646725517
333.904683407
284.33704248
238.076475594
220.577277212
12.446480773
147.237578143
182.136728444
10.242492947
115.709768455
63.2119088528
0.0820067209061
0.0773004892726
63.7852210767
0.0642623098823
0.0571354063917
20.4391517749
73.9301443452
0.0
70.772474056
13.2729759013
12.3165625909
0.0510682279106
0.0484923785699
0.0489409958849
0.0447328623922
0.0223629289653
45.8834753397
103.799902661
75.1533801183
82.4183457654
83.2977531905
66.8479782973
66.4738785394
33.4465091375
43.4130934096
35.8367048098
22.6419426382
19.8674459012
11.6115262149
83.3975119722
182.47474289
112.825540161
120.232886184
95.9397306606
39.4313826029
142.108695814
80.1261984303
104.581560771
0.030842964909
0.0330729690405
72.2483532197
15.3930732295
56.9463716772
44.6995994629
0.0759984359271
0.00662197108352
24.6546619023
42.8996774699
74.6073538763
93.9753389225
21.14400468
20.5148391548
0.0487152885616
83.0852174231
118.813127081
164.678423507
106.551641829
82.0877124871
104.066097872
92.4670989925
173.78501177
0.13607557299
0.0771953642742
0.0733620886383
0.0558928895529
0.0495522957406
0.0306215277085
17.5339111136
34.5158762708
23.0377287832
21.0485579982
20.6707945806
0.0755349917672
0.10923082211
0.0762709710836
0.0620199765111
0.0357489407302
0.0296361149827
0.0252808217163
10.4723383204
33.0475140752
2663.66493381
177.914715657
74.6761935503
18.0281195105
11.1777499462
27.1055785257
12.3721312701
10.2567568374
2198.50290389
0.0
0.00679810023517
39.0268913219
0.0123888750575
11.5846733658
0.0330762804392
0.0495386836045
0.0601760195056
13.8579483258
0.187774439914
99.6741675947
13.7580208147
0.0289660114341
0.0427288629561
0.0392979411129
33.0069489163
23.6935124447
0.0512277445801
24.6330248567
11.1351777355
0.0730954760856
0.0893068563949
0.0481815727428
48.4266077894
12.9552191747
11.1154224575
0.05950249817
37.6935508286
13.2044737193
93.1927892745
50.8907518904
12.7813916491
29.2351487413
10.6355844315
0.087314992235
0.0649304110135
52.9623032079
0.086001684833
10.6471125224
155.771452442
48.2731437781
11.1550439407
0.0347029703115
0.0470457533334
63.5781658162
0.0217197664286
79.3128169619
0.0757889368387
58.8487566563
16.6098907329
75.9063857526
0.0441509593876
48.4453917952
0.0523404128449
0.0782915859257
104.293144893
17.2773816545
212.534841633
0.111164511951
29.345794541
105.05876795
140.418580084
69.3682383789
78.6932176957
114.546033649
45.0088341411
68.8804314843
120.67095294
43.8073558245
37.7370284819
47.2286504359
89.0597801189
0.0949297380735
0.0794919417389
14.1829009051
36.6600970732
0.0608143917616
0.0734606659145
0.0609182503287
101.579576788
13.0298318507
0.00623169716223
0.00296161085223
88.7095052598
30.0329335191
39.5379549738
22.8648158962
22.5759726612
22.4171757746
17.8501852963
0.0180207716996
10.2620542358
11.1928338835
14.6139502034
10.4166885884
0.0049181781285
123.056173432
0.0901000465782
12.5453610527
30.8715324326
24.3050484171
32.6049787872
10.2802829224
129.931640909
303.864889061
260.070123159
198.685531189
95.1200347736
85.7129229519
99.5575270082
0.0638511481539
45.7846838362
50.5730139818
0.0660107475022
0.0317686403679
100.207147478
80.721767945
86.5551170758
162.876230168
58.6418694787
30.681918191
64.1375248172
83.1152737851
71.7178798168
58.7208583613
20.1830579831
0.0733670087125
640.978329715
14.1606359487
10.1805621719
134.712791374
111.340279375
12.5970911367
27.2623214334
12.3942677488
0.0617056496034
35.1766025919
10.637630513
70.2613341469
109.899159274
153.85166342
55.6976893388
85.4045092228
69.8972521681
78.6099602723
63.7616348009
39.8138677655
51.8800958765
98.4768528387
63.4064356247
12.8104887997
40.3268119483
19.0938901096
51.0380032484
16.4913452091
37.3804120896
14.019877834
55.8930908918
22.9702513389
31.6658014912
11.9722763541
0.138248197409
0.0709212179299
0.052038181438
0.0314683824715
21.6648091444
103.713698256
126.994983887
110.454233447
92.1944785816
111.95181605
120.745094253
236.290995566
165.489787235
0.0685812082412
205.34610382
165.90051732
90.7233158998
79.2634222271
183.305892968
94.5163018098
82.212155056
123.374341767
98.9613934822
101.714459229
91.8033840536
80.681624413
145.512794135
43.0944417835
98.5394810704
0.0371397025367
24.9759923692
12.052953443
2957.69991895
0.00284965951213
0.0
34.378046852
47.5500521772
0.0418888554428
55.8139272766
33.1823214625
190.501907551
137.385177231
163.334622445
103.511202524
113.488408306
12.417851356
43.2079636479
27.5326841522
46.8160962542
32.2071813815
20.6812266511
61.9672348814
0.0596778867095
97.2177404092
87.2672014789
71.3775104886
11.396474016
0.00871591262376
72.4110325542
2058.71620719
0.00339770022062
171.365056784
127.471116425
0.0362714658494
75.7061663453
0.0262108517442
0.0271847567771
20.2816442165
0.0291639236043
52.9754463746
109.045041554
125.75721776
115.753145776
197.815368198
47.3292266477
119.936717783
118.407913918
70.0714072739
76.1097474389
59.1838094668
43.2834420374
0.0925689648814
0.0610621844255
0.0465376621966
24.1110471472
0.0136828022068
10.0576601597
14.7474149729
10.4062858022
0.0763684650909
17.5153540166
23.4304036075
459.734720827
25.0711237627
20.0121704699
0.0157380051244
0.0199523535374
0.0156546379765
0.0163934298995
0.0503894505152
21.8589623018
0.0688277966849
11.621484213
0.0246673991574
0.0399149325389
0.0184213504531
53.8119532129
52.6101126428
0.00962486295943
0.00647718471106
0.0112500953215
0.0148227943862
10.5622375968
0.0636155330811
48.8381435207
10.8718390376
0.0613452301049
39.9891504405
0.0395123140025
0.0372655413864
0.0412520294659
71.0915493852
29.1333875185
14.0938722748
10.1263509952
17.2566407345
10.7566701007
0.16841860454
0.169539710524
0.0721815848864
14.6206078632
12.0546173741
44.9531406503
180.312916043
71.2944806864
11.6928687151
0.00649036577207
329.792360623
149.571568787
0.0587800216406
11.815045884
0.141593677376
13.9696399652
10.0930096807
13.2517963315
97.8513308627
0.0478199597946
0.0758481185403
10.7198705165
0.0209010930633
148.942093317
0.0693903234549
0.108545085264
14.6000873701
77.4781497556
77.6787475407
99.8338831695
21.6020984153
13.9891430651
0.00306859197945
0.0
0.00353820066824
12.8575651065
207.117752808
35.5473067291
41.8668930057
37.8197101685
25.5783686857
0.0297909336691
23.5254199646
0.0272194723807
0.0250250088948
35.4313199191
10.6509547521
13.4588870229
103.940616842
48.4947287431
0.118230906894
83.0973273199
29.6294876479
56.2029549045
0.0315430221546
30.282185264
10.8653494001
235.036223803
0.0052971165503
34.1443323625
34.8688218468
53.4024294389
240.036949187
0.0194065017165
100.399309343
135.674816343
0.0090769519839
0.0129135191892
13.8732046155
15.1257900626
0.00287520518689
0.0446086076832
124.381127628
136.411307772
101.67142805
138.593761868
172.870739516
90.9336977225
53.0920174775
38.3942124793
18.3376083893
0.129476179207
149.649214818
219.907220411
182.83004312
13.1791389126
12.0145704136
0.0719682876722
0.0961516027144
17.3863048592
0.0517357709963
0.0331957096117
0.0485649306517
0.0327316484522
48.0010554464
26.0351673147
111.617077586
63.0181856022
111.493968688
146.995115628
116.415132654
75.4876290519
47.4860294246
10.8089130114
18.8411290363
22.3586532811
0.0236600839757
0.0280677983592
14.2490768701
12.8299170842
0.011100316375
0.0329988323097
0.0636818161473
0.0592179053133
12.0184627202
0.0889342175613
0.0632667863033
0.069237500913
0.048479745584
18.9978850521
84.5251011219
73.8614425477
0.0688734582513
0.0829720731326
0.0787527118284
0.0775888465377
0.130585096482
0.112390074548
140.949713101
50.7673051894
0.15682799582
0.0851607180927
12.0527888176
181.141627233
0.123354852848
0.0663517843955
0.0444921910757
185.714125882
0.087304543992
0.179999914508
59.5010759422
17.893395592
29.6514555163
0.0592396946484
56.4544474158
21.5180026323
18.0352492465
83.2237774268
0.0472718568506
0.0670166967548
0.122621486435
19.196211724
0.124715396874
16.2991225213
0.0749358832541
20.2400233522
15.1796865274
0.0122622411653
0.0337187315854
10.7144378205
0.00851836293889
26.869316298
0.0308015704171
62.3773904062
15.0843838361
0.061174709369
19.0151672358
18.3515434534
38.7462742251
0.0778581536903
19.6475359229
0.0584023410204
19.4622632509
36.6251381311
0.0567391254513
0.0723792259122
22.2445951155
0.19903439188
34.1456414032
0.0427104487043
31.7505180375
36.8021128832
11.9004764068
0.115669599849
67.8717302465
75.7884899836
108.631462223
66.7397561977
83.6836847678
0.117255460023
0.0758376129551
39.2862058866
0.070409083085
41.7851960955
24.732093021
0.0295548386272
0.10096647211
52.5613380881
62.9951155243
69.7858734991
69.8925424237
102.108044772
84.8931818813
17.3601803839
17.0334551728
0.0511888242678
20.7251207914
15.8564625323
204.559600102
17.0655525778
86.3008461489
0.0103309694097
0.0172172958579
0.0696091606841
52.8249005681
13.4966204821
15.9710196463
0.0335725809005
0.0461466481698
0.0710607039211
31.0769036493
62.345888787
11.9050911317
0.0908783109534
0.0811239566572
0.105901759149
0.0633201423434
21.2308532575
0.0685076548479
0.0712232750309
101.427596965
163.155301757
121.430153614
0.0662902628778
0.0339765069223
68.7676062694
10.9607158741
0.0108491670798
0.0230211116021
0.0616052147053
138.660106955
0.0635935778644
192.851706233
0.0742034925085
99.4287108506
0.0190970392618
0.0301501091328
41.9060314488
0.0556218342521
0.0165459310047
23.2934226386
17.887008462
0.117709447696
10.5649642564
19.5320252141
19.6551361137
0.106069560083
35.5765189558
108.156981376
0.0266366310754
0.0201941670285
0.0274408280195
17.0700443481
0.0140148072153
0.0413868527771
12.8910655871
0.0421832612977
71.5587470439
0.0317696163574
0.0156384156922
109.577190059
0.0374188343751
78.0604821798
186.075030898
98.3580937018
113.646879039
15.787787154
0.0859624936356
16.1464930553
103.83155154
16.1243682723
17.0241595255
15.9973701801
0.0535157022304
61.9506002419
0.0683646235409
0.0672058435443
0.0918757543928
0.0847205511926
100.49832348
0.0658680337597
33.8633216877
0.0647616173016
0.0360840380018
0.0538863216324
0.0
29.7511252592
42.0477237956
66.680362728
0.164715933354
0.00837212978137
20.267208092
13.6064808715
19.3089004628
22.5152535674
16.8836868477
17.8087751534
18.7028264561
0.0950787097763
0.10612504254
0.0804279065488
21.6011194949
17.0478504456
16.8839451589
0.050969969549
0.0721550249318
19.5746388621
0.0299113688694
0.0369571507392
0.0838442470011
0.0822733921823
15.1601749898
17.2936432041
26.8539579871
69.7483028235
0.0853773558376
0.0943715052723
0.160448795065
0.207423650248
0.207759043786
0.0596503859479
16.7675522706
95.6963031349
36.4372957699
57.472626571
0.11476560055
0.110570807743
0.104664338958
37.5803271566
0.0608676431962
76.4458193036
63.1466746452
0.0217404189141
0.0601552634084
0.0388423252732
0.0434362056106
0.0991592718286
0.0628874631952
20.0596561912
0.0758028227664
22.6561197786
47.0385535163
22.0056309295
0.0085935185736
0.00838406121146
0.0273492365257
0.0462690136938
20.8248588731
0.127740628594
0.0741219649938
173.835478026
0.0488799431413
0.0718703208629
60.8074486865
26.0704500877
104.94788851
40.8308790764
0.0445340845501
0.0739250213779
17.3010471263
16.3030719987
0.0764771009499
0.0471959798859
18.5050596279
70.6189857422
135.81385105
123.079600367
0.0471260771965
0.0580185538601
0.0578735625365
14.9402182857
113.073792976
77.2418474088
102.464557201
98.3533810562
92.0734654212
73.8615843008
42.597121202
76.6776362663
74.7849162593
21.2684138129
18.7750893622
0.11837169429
0.100389078734
15.7076481572
144.411240232
71.9398052868
0.128680034323
26.0248734421
0.0567531724746
0.0830331165334
28.8778480965
49.7441576802
0.0323984002749
0.0498935523115
0.0721798254279
19.7288176736
0.06168704772
0.0644368614681
0.117612031618
0.0474106903452
14.8785192201
0.0964139701089
16.9352870013
0.0420828514947
17.0063017992
66.2466841267
142.506205217
0.0613497924158
0.0647294738658
0.0908120928911
27.1259532354
46.3699263642
55.1575217223
56.7588422557
59.24050832
0.0751890149653
0.0741749130371
0.0652752170674
0.0476829220967
0.0516735589831
0.0605403194552
46.788484448
47.3118793116
45.0153524874
0.0275647078089
0.0324837144208
0.0326415367926
27.8559725073
25.9829625848
0.0358951590171
0.0300061763473
0.0253862721646
0.0212614615382
0.028705496391
0.0361073522661
0.0480231501914
0.040756831933
0.0220387154509
0.0242821481112
0.0355169795677
18.0982033335
138.129393065
62.1039382934
229.090235915
264.715154844
170.698185493
32.2410330446
0.107057862966
0.0675142517986
107.224126893
61.3804349443
62.6240086811
74.4184970166
0.0830417695367
16.1512112579
77.0521724659
44.3802304747
432.3622289
18.6932463542
0.0452823106393
0.0692786963597
17.3724823387
51.2021056634
82.1129570939
39.1064272593
74.7927214454
63.0576477344
14.4495280841
71.0878753337
1915.68348897
19.3844312008
56.4196010042
0.0519785086588
41.030446534
39.6279510184
54.0315504824
23.9219760055
22.9782124304
33.6612699118
17.2109725919
54.2774560406
0.004963841719
155.052131197
0.00445948635443
209.007513188
0.0390020375194
25.787699596
26.9247574274
159.202906316
28.6293376388
67.7097065876
24.8054275311
0.0577484613767
0.0223862767272
0.0475417429574
0.0657541931145
0.0427770349735
0.0426201139877
0.0459750340863
14.57775205
0.0393201457961
0.0801173298876
15.5412552832
0.0292037508144
16.3251542582
15.9507822708
0.0130896767326
16.1163828196
42.5119582398
25.9223057145
32.9371017777
0.0521744904503
0.0592247122479
178.620460244
216.841712941
97.264770801
36.8210836522
72.1877283068
69.066173107
192.093641617
72.1256395927
119.086390457
101.638084939
144.391831406
158.009286381
93.7678508199
0.0642852920738
27.6019520925
0.0759533474052
192.001714068
112.119235162
146.202749014
160.911235296
184.754475232
174.724242073
182.633183457
0.0627566010075
0.0580244733033
15.7156510177
0.0519416117785
0.0553923037715
0.0474952753414
0.0657770644666
0.0815423771233
0.0986059586168
0.103949384282
0.0878409135686
0.0528865448206
0.0783151794602
0.0528822928506
0.0592039313396
164.753537894
21.0707377239
94.9093752263
0.0
110.84839039
0.103440067278
61.3106445724
54.1219587323
50.539847906
36.0422919019
41.4169342916
0.0980812160117
0.106304639595
0.0977221386255
0.120698185198
0.115906200165
63.255079131
0.159298738063
21.0713371768
24.4645289606
0.0
0.0120174295783
20.5189391086
64.3518679036
50.7811733456
0.037210115682
0.0317421519814
21.7790188107
47.2916887226
0.0580721175679
18.3471107958
0.0615658970697
0.0573230721987
17.6593572247
0.100364500206
0.082249758538
0.0522886059644
0.0484759532148
0.0354210975337
0.0218485143641
0.0
0.0143373480998
0.0167851360645
51.7541232968
41.1899689118
0.0
0.0
0.0
0.0
46.1287746093
15.0251830037
0.0
0.0
166.790902871
0.0
15.3282515637
29.6439738893
31.1668234835
28.1707059845
0.00613440518293
18.1928262366
109.390939723
39.0649722943
53.6690349476
100.585929505
120.2613492
22.6843411876
45.4493003151
182.96738786
29.5749074918
127.055286229
69.762876523
99.8061702617
113.833200283
0.0183522666763
0.021365348147
25.8974118784
0.0188279801809
48.9103623726
0.0309153667016
51.5503569389
67.0424456954
25.0691988963
79.2547243869
100.960349731
79.4575964416
18.015248466
372.331246147
15.4416323651
0.0312659167468
0.0277021605968
0.054557259514
68.3370024493
299.091655884
0.0284662075752
148.122931383
110.718684803
32.2081212114
14.7546661597
34.6368786159
15.2139161013
0.0602504158604
107.72326243
18.7942540433
98.6884522109
33.6326426784
0.0218299731491
128.645222517
81.3914975609
96.3494685576
145.166894408
98.7339319982
70.8838775611
132.871437542
153.261979752
148.866578558
114.644865971
84.8454799001
54.3782692892
58.7732299304
54.4715166816
69.9505301031
96.9073979732
191.921545888
19.0445891441
0.0591007392342
136.796932169
128.408449187
73.1035032258
60.0268561481
19.6365873198
0.0593027978756
17.0621651909
0.0641164792404
57.1144894593
51.7248008676
60.8296074012
52.342928193
43.8824325657
55.0898984305
40.101705807
79.2610245137
80.5869333707
84.2291444153
47.843244763
48.0170429338
50.7693255182
35.9621098374
0.0229899863932
0.0233725575156
0.0230517648394
0.0156182776874
0.010288034759
88.2106530229
63.600181459
206.885334491
0.0
0.00559614973634
35.1267058822
38.8199390482
61.6719175562
94.195415638
0.0212976259254
61.8860211714
33.7621104958
19.5118411027
0.0378046819869
0.0286572108066
147.967580771
68.5021544318
28.9699685637
146.248321987
209.85162982
118.333238484
116.591871908
99.4177151404
18.4823146221
19.4665470945
44.3372452919
30.617930742
73.3386438913
171.665715684
225.202429112
154.645030867
0.046647153572
139.055784025
185.429366121
144.999289023
70.9501477724
0.0325569215646
14.8758894287
0.0732351213323
17.3419469813
20.2972470832
0.0295757093896
0.0433800758352
81.1583716725
17.6683598638
29.0442861648
54.5905703827
92.7990226477
0.02386448552
0.0252604168568
0.0101924296944
24.7038418075
0.0164801695365
22.1159987614
0.0599782407452
20.8763825183
74.1024710328
43.2349138798
71.6092395715
78.2104917252
0.0365498075772
0.0425962538866
0.0433568096452
0.0250756496385
0.0291489828412
0.019041978962
20.8643277258
32.8472307725
377.00533267
362.852235708
265.151772527
0.0254912328766
88.6400645523
73.1407839108
59.4473012969
14.1118298341
15.2979015973
0.0112796849268
20.3521538063
0.0216213884635
0.0182420615274
0.017550925822
0.0280107947427
0.0292968893714
0.023565567221
0.00438430235351
0.0238782151955
0.0302199181754
0.0367271391445
0.0396084196218
116.82501377
0.0302256933379
126.826310402
77.2258117134
0.0204660309773
14.7321590114
0.022926381276
32.559627035
109.844185991
70.7587067909
100.291728283
34.2809470472
193.68832426
240.589852573
217.783982695
186.473742367
89.4702073959
27.4601662707
17.5763108033
86.2105475026
81.2851405018
96.8955458486
150.864160552
63.0116700683
79.6538087261
37.5194309206
84.2070515284
138.706315212
224.12903755
27.2528809909
17.6468387959
72.7315942501
138.386126091
83.5997663977
67.3719459846
74.1883814154
63.3523185444
70.8149471313
62.2389542357
74.7052183971
29.2979637829
0.0217204342688
119.287070187
0.0
130.248575299
298.311430731
312.299768124
169.036623119
0.0
0.0
86.3954135157
0.0
344.07711335
34.1998394326
56.5467698699
14.6191542589
16.7114643951
16.8913514858
125.048946327
307.585047656
187.167482228
37.2075773089
0.0568297451546
142.336864938
220.648014031
50.5688143765
62.6092481949
182.551538187
17.5466260842
16.9430514125
95.1814902409
0.0650554161218
0.0550674298028
0.0579071703623
73.7348403395
51.7830829557
46.7440254881
28.9843032503
49.5695451265
139.211436396
137.424765644
17.2647799279
0.0
81.6643596093
447.222711498
25.0657415752
0.0
0.0
17.44038631
40.2533966521
43.9326495642
0.0210670007494
0.0228880301873
69.0912291957
345.30231767
420.405968763
16.4019202759
16.0377315746
57.0995374262
0.0149192969341
47.1375859023
0.0264374376539
141.142076343
108.565803321
109.069116405
106.450883382
48.3756338319
15.2927788616
20.6679890372
24.0987390811
63.4877419093
34.5940111012
49.5096420696
41.7548660665
0.0226655824078
50.0622633986
53.9924691701
14.9982628991
20.0516958963
15.9727616826
23.4146458271
0.110024537601
0.112353903918
19.8068388034
0.144011179341
0.155759783419
63.9621755459
17.7808762337
0.311957874595
520.00841192
19.3666927849
0.046445537721
19.033190394
564.045336404
548.500705258
505.426523134
437.818921007
0.108430912986
0.0923388545341
502.628990075
0.0807730184794
0.0745764467751
334.202431718
302.485275943
254.66768147
198.201865868
163.899023099
0.0661678624344
0.0443228495525
0.0736202169912
0.073467774697
0.0225509457492
0.026454889709
18.0059843045
0.0301117759414
28.7552295971
157.987781614
80.2056502742
14.6309635657
63.8158587512
0.126736023686
0.14868583529
112.649044194
168.042449645
0.153322448516
123.431456015
17.7243834158
14.9387087446
15.941429083
32.4800480617
0.281047193168
17.4685776667
34.8310450193
0.0929666206162
0.0986602885571
0.0546389829519
0.0775842538184
0.13777267862
0.0983380381705
24.2315124784
26.8817472959
118.226081894
27.1097688682
0.079508324704
99.381850186
64.9002093066
0.0583852636833
143.418575788
0.0970254103712
0.035025963809
20.3878949824
60.1465852
20.0119052697
21.6047882721
93.9907193742
0.0590417965232
0.0410055623258
145.361709322
0.106400130603
16.7496567894
17.3648838974
68.810910638
41.779527825
110.623794284
55.1577750765
78.1711475984
82.5539594941
47.2803528392
54.2297635801
134.830566803
102.975796265
33.8176680246
26.0659173681
19.7427695025
46.8041956923
15.7939303987
0.0692993545009
0.120693959273
20.4082084766
0.0964951250946
28.9372186614
18.717252599
22.2383704254
0.0810947680084
0.12892556535
63.1431909338
0.115259023455
127.217856044
53.2478336305
32.9924337552
35.7074929439
77.8362018734
85.9683297993
67.4175177491
0.0516324284694
0.05153907133
161.616579218
0.0883431514791
23.8569829004
0.108278022516
0.086367312087
18.217962821
18.5924425627
0.0694187760011
0.0211091655856
0.00870961502252
0.0148594189396
0.021192825195
133.565666377
17.2710874473
0.0380825932926
0.0835216900656
0.0545385151664
19.0557468847
39.0381281187
0.0537934341156
16.352563671
0.0320666423295
0.0585626680993
36.4735813538
14.4617611903
103.470498588
23.9089420157
24.6309874425
0.0884444161722
135.369813836
0.0812713725282
14.7327693905
46.2911963222
119.126555324
32.7831709917
41.6555597152
75.6204397941
17.409292204
135.696108201
110.61073303
0.0193548103336
0.0458700735272
106.732563371
215.63122822
77.6511707427
21.4903877181
0.02314633517
18.9553721744
21.1300903592
36.7640836376
21.0568717105
82.4508929699
91.2376290084
84.9603456461
165.433342477
0.144533112158
0.107831355702
15.1398917161
14.9332607975
62.9966462096
31.7981621855
30.0092101431
217.146923046
53.5920634347
86.8615157837
46.3949466666
181.00959364
0.0729187100762
66.5034225405
91.2365077222
123.095412481
83.7300839116
94.4397725416
91.3750112513
58.0967779007
52.0743199987
143.724592908
116.555165626
143.21625638
43.8967093283
36.8227241589
27.5855857617
21.5061088869
87.9657463257
64.6089439134
36.0758852984
0.136762911019
0.0684380700351
43.711166045
129.292975531
172.438617237
121.000615977
0.0464190950561
0.0281801533601
0.0458750581106
59.9005266877
77.6596434866
85.1095812597
81.677648897
131.581545625
184.658289443
87.0914858978
120.826987346
78.4660664023
46.4740782021
73.8536078481
102.642437256
14.459018028
69.6726495956
82.4635666447
104.220630781
127.452897271
94.7441801118
79.4128227114
114.232924201
140.389426406
71.4673870621
0.0400312859514
0.0640391151408
39.8256182848
170.977612977
0.0507115607404
0.0437228520682
330.519516548
14.6443962427
23.3900453415
0.0307205623139
33.9753231093
117.17720066
0.226297330057
50.2035102643
0.117944568031
41.0205836165
88.5796073121
45.3190283451
171.765944182
168.314569184
0.0854231913412
197.317211269
17.9757197106
33.198870505
0.106496533815
152.212866722
58.7707821502
15.9949045977
84.9672799473
72.6503362008
132.576199851
0.0
0.0194104020058
0.0232457415214
0.00622912426167
0.0390912309918
34.0161674838
25.2762995324
27.2413321178
17.6214399766
17.0348832252
18.8444486904
0.0444118814741
0.0484225839016
0.118030950801
19.4635940587
0.110300443956
0.103194911246
0.137156725995
0.172926473956
0.0826663383419
0.0837566513636
0.0755279412519
0.0700337234146
0.0483055838328
53.1569597283
49.4827443395
235.16952827
20.1915638806
0.0581795381311
0.0879199597377
71.2112831153
46.3561196916
0.0325697024135
0.0250399660745
57.4276539766
0.0337207137196
66.165184829
19.1141838215
23.4584413667
20.2639025712
804.627386209
16.3751125789
0.17011255226
21.7287671537
0.241196680511
0.114756530559
19.5039390877
23.983970534
0.058220184047
0.0423699090095
23.196180353
38.2450046347
14.5781285983
492.793987951
20.7358230862
18.7189390985
0.0425548162982
0.0732492166249
14.6776680556
0.0998651710033
421.306506137
387.861549675
121.124232123
21.5240639843
0.00715177911604
0.00969383217585
253.358303672
309.816605942
173.135959952
88.1724996483
79.4056078988
0.114204991623
0.143592097114
88.938308973
47.9762379877
0.21010511736
17.8031285998
0.121148645522
131.898966811
0.10596927917
16.9829132651
32.818782696
68.9408696397
0.224589550955
120.002304688
116.040968273
92.7189825406
93.2942632651
94.3996115889
100.785466995
0.102596281678
0.132111328495
0.317424467982
0.149630222621
0.147857752105
0.12334575287
15.4044726958
70.0434099781
56.2173750977
117.916535748
0.074035162476
0.0611520673433
52.0237376223
16.5625279516
0.0786291455146
31.1513848851
68.629860218
61.7911643897
14.3153369621
22.5754229634
0.135200061208
62.2680216096
55.9999295309
40.9936927748
72.4168456246
72.4160144787
72.2463044157
56.9877765745
46.3477692992
0.23098044435
39.3902604812
51.850469791
21.5977396588
0.0924865815534
73.9057842257
191.178943286
50.7899325422
23.0177985159
713.88894019
14.5613024862
196.867319565
158.857383167
16.1024211965
0.0281741031217
32.6096295831
0.031247285562
15.8671022319
92.4480507854
31.6127916767
0.0442034448479
72.5620820622
106.910902764
116.993873127
128.402894373
79.3226909044
0.180940663312
82.5836099344
32.7740115722
0.0530539968741
63.6019818811
136.752794714
186.658608084
161.067584783
135.061294047
18.9590249446
14.2167187171
20.7707935174
0.114189480178
66.6731064745
0.0422277105343
0.029463298227
16.2243608754
0.0585444877195
36.4127049192
63.4393096974
75.5184984983
79.035064726
91.6208847394
24.7710579438
56.3373789344
69.2574493955
0.0812722952252
21.2784629107
21.9174365499
0.112044283519
102.751664651
19.114547291
16.2862423846
0.0674915562864
0.0364792934458
0.0413363636921
27.8902720232
81.8006296592
42.9398241351
0.142178696552
0.211168045563
18.3989217711
47.6795702808
18.3498697205
61.8721618939
0.402232193768
0.430314243562
51.120379517
0.232997301067
0.21878238956
116.47633328
137.816792463
72.8485680535
42.0507462499
25.4983061489
68.9557799841
100.644208685
0.0644622761674
0.189196930351
0.180502993764
0.321115764732
57.0168630693
0.1066322119
69.0625523035
18.6456913338
16.9254460211
16.8161083978
50.757087378
19.0871629924
142.002530657
20.234051459
67.3825079592
0.00634664160793
0.142303256414
0.158741736371
0.158949199159
0.160526374569
0.074413071374
0.122285704734
0.113030543932
0.05995750685
34.7225915394
14.0611933709
0.0170593245742
0.0363978834625
758.29382695
20.0560488848
72.9689971096
0.11969728147
22.6394278793
14.9730878105
43.1513324523
25.379656409
16.1815161108
0.077572084444
58.4796051343
27.146623167
21.0076565919
0.0978836422704
0.106864807051
0.223875757702
0.185664089617
19.9263643676
0.0593286540502
0.0846628455488
24.2359582245
0.0586674624175
18.7330272573
21.8393232618
0.0275253108441
66.3430657389
0.0320706345115
81.0602607666
24.0812604562
50.8191070739
18.4367186961
43.6702303649
21.4364931466
0.048094650651
108.873985778
18.4322414397
52.9647148289
14.4372122447
81.9928648776
68.5061476369
98.6154898088
65.4710374676
0.0968239099549
18.8779492246
0.10039264913
25.9244868812
88.8598494909
183.831664293
15.0632046851
0.0356538615916
0.028519234802
0.0417144963655
0.05943675066
0.0735485632103
62.0463702293
0.0636687174737
166.911459585
158.798263137
15.3790920569
17.8764110125
0.156411816878
40.3181264356
75.4041803889
0.096660418108
0.0514472939597
0.11255908799
0.148504910233
0.0773340020179
44.8033729718
63.8670259428
0.10752332882
19.1286743312
42.2617639021
15.853257284
0.0512572155104
0.0412310373601
0.0639763889576
0.0733139221212
111.883140481
62.5465923298
102.66943216
85.5181916308
90.5834129627
110.829908472
58.054748788
18.4637509852
0.0566996385754
0.0701895984986
0.0721705850901
0.141746638039
0.0664294065955
0.0925056586081
0.0856736558702
0.167083196159
0.100785182832
0.0770727393097
0.116984695612
31.9529170169
0.0430510083551
0.0876824129794
88.9884467264
0.109705374974
14.8163057225
0.0826389781323
0.0205323366916
0.0684084031155
0.0392017168881
0.012490430056
0.0209696012108
211.279080664
18.0841038363
101.254346572
110.625406412
76.4247929535
95.1661213242
75.6799378153
109.812658998
0.180371931227
93.9251877311
88.9721426537
0.102512871577
0.100593514289
0.0886361792624
104.684303351
0.0763986069618
0.0703472386075
0.0759158508121
0.0889999143663
54.3971588566
32.7687793376
44.5127770952
0.0563569054577
0.0407446857632
109.734581566
219.915444917
18.0482018399
65.2493568317
46.4378829677
0.0754750987726
63.9088567948
0.177502574274
0.166422295134
0.177327959151
18.4418052092
0.22399276807
21.7746765112
28.6069838385
20.721090567
45.1376277473
0.138768038974
0.12523422115
0.100852702331
0.102132634186
0.103171230653
0.193559486166
0.215754655423
0.22565471629
139.051015658
0.144724517805
21.3080816764
88.2184392692
30.2039331055
115.629386331
38.4231570062
0.0925645223587
35.376631102
15.7589569763
0.396162489978
0.380389945393
0.101657779033
15.6626164775
39.705828337
98.7993186897
53.298114905
0.15990323591
0.111280653121
0.10356441691
0.136108713166
112.372705271
65.2434901779
80.526839631
81.5043967626
61.7912064917
74.6907182525
35.5342742485
57.824025563
49.0225289213
22.9440338458
0.0768680197799
0.0763933085105
0.110886918836
0.147044407666
107.609747089
64.2440092608
0.178189353696
0.148600366944
0.10978050036
28.0902645294
0.114730769551
56.9998229352
0.0954858956477
0.0719897346002
0.145765119027
0.116866993957
0.129637334725
0.140831801517
0.131712461188
0.114667968091
17.7016358671
0.302469668734
0.274346710836
0.324429194236
0.343072330912
75.4625047378
0.375055092766
16.9626055888
0.0476954364832
0.077023044336
44.5911800993
0.0684462733904
47.4279830938
38.0090944274
54.2394451303
97.9714455904
59.8879421511
56.1689982123
38.7168831869
63.8844945858
14.0909973047
18.2019213158
0.0968668683387
13.3781228339
17.7480289648
27.1057135066
118.452441048
0.47476005774
0.440138894967
0.385479539212
0.359764086947
28.6439463218
0.294130147316
55.9896545123
0.189824639842
0.313121195102
0.236595791579
0.187613620915
0.0873287917222
0.160775028178
0.143099415712
0.0966236598811
0.0733543535146
0.104980708941
12.9977277817
0.0890375389316
97.6821871819
0.115776673699
0.0846580187569
0.073240027318
0.143717546833
0.144279508056
26.2972285524
49.5715495426
53.0498562848
46.7935033906
48.5268725116
39.3963719696
0.0389787068019
0.0641504962151
0.0637593546872
0.063419338307
24.5936307941
42.1935822375
41.2752567238
26.9800772719
25.584123735
23.2543208162
0.0201029470226
41.5639568941
0.0167833894922
0.039445154501
0.0461302825662
0.0342352634535
0.078354061713
0.0803994128255
0.148982108332
0.0812875534249
0.0314608866263
0.0231005357154
0.0247544309543
0.0370394310993
133.022909562
0.093191094208
52.8277294646
285.99573143
160.604545803
72.3151625977
124.768254267
13.9405654888
64.6126324973
64.1398939333
56.9556268651
59.7404898919
58.2779631767
0.0885608417353
0.12678898554
30.128723312
414.804517557
19.1557657562
15.668521331
125.331440724
83.1084999624
20.3123409375
28.9190541419
65.6587358009
35.0187769477
73.8802993955
53.3787484121
0.13503907183
37.37752831
56.8853809845
0.131239454151
133.846506971
0.164878800143
32.9269777614
46.7734308691
23.7935093268
15.0619383849
48.4013234132
28.6476650865
58.5389941474
25.1801152601
185.311758779
58.9486224896
0.0257932189874
44.4417324306
0.026354858152
40.0558972199
21.3854291196
35.8561506794
66.1248115143
25.190314798
13.2873480188
0.0484932052756
0.0559528807629
14.6847198211
0.110970760205
0.0867639661931
0.132396656268
15.2308080772
19.1744213451
0.172699260216
64.3895531452
0.0866672449443
15.9683385534
0.13467760671
13.6500214428
0.0876768414503
16.0424567877
22.3072436047
73.1742887674
0.125249719785
0.120547070122
13.2501002296
0.115784043739
167.146306385
0.0787823963383
20.6276495509
60.6285803517
103.745111962
104.910157894
103.376688451
94.754150577
52.037777978
122.184800335
107.882238477
22.1986083437
28.0719135276
26.4391717474
14.5910218206
69.5282988797
168.166583872
125.558767582
142.893835654
163.063420888
168.814024695
57.1918393096
0.0954233807892
0.0899240040789
13.2898745318
0.0219639164924
0.0389286814667
13.5830934416
0.0457834199819
0.030996744087
0.0431565841145
0.0452425257723
37.8896744899
88.8284647532
37.4258823807
0.139465941167
170.815226154
19.4377234487
0.127745009066
0.166079067701
46.9965526344
0.182926468106
20.8949636652
47.3490734401
52.7963214384
73.7535619597
34.7797801005
0.110353997528
0.0754732571002
0.0669677368817
0.185969380185
0.0711998867107
18.2336544844
0.12328243207
16.9349086788
14.6989469675
0.037807451933
0.152020113008
15.7731730509
0.0625859451148
51.6580240582
16.0599793161
15.3809068564
20.1417067747
0.0604886555436
0.055998849698
0.0662357205419
0.0500599443749
18.976419351
0.0499201609802
0.0
0.0448495488198
0.0440082634197
0.0207375403011
0.00817240406865
0.010947813235
0.0135295985211
0.0278935444945
14.4176916428
0.0255141771247
42.2751957097
0.0109979732988
0.0097617170567
0.0172617213812
0.0267679036308
0.023821014874
47.5857599107
923.147786265
0.0347050636612
52.7543726841
20.3849559695
20.3937399023
23.8823358015
27.1732782818
27.7547371593
19.3344334998
0.0493083344769
40.1038987085
126.078520415
58.5158174727
338.591409095
109.755017525
70.5881161113
201.851043312
60.5938253173
29.1542956501
17.935622935
72.0486192761
33.5383302942
56.6432245999
23.2338621037
84.6034018425
0.0501380594965
0.100827103992
14.2148775509
0.108334156048
24.1003467342
21.8753671368
19.0837867383
0.053767822993
48.4522886138
95.1665928257
16.327470939
0.0830004099082
189.72907133
0.0938137563903
0.101680570272
0.0734328844324
0.139012602055
160.210292116
0.0700673965876
120.265424859
154.578370301
17.8089057019
18.8344861893
32.376748253
48.2372309852
184.520927366
0.0763516356071
39.2497406857
0.0635736406054
0.0652242649089
12.9834683747
0.069768111766
59.68900225
192.659686677
100.700736594
124.357775807
56.1071322213
95.2533317454
125.528456894
122.531997152
91.7252264227
65.8771970149
64.4530513761
78.5636345581
67.3547848694
43.6783653951
69.0394700756
131.898196788
45.5628836831
21.9606973865
190.911777994
189.962057381
73.3982586152
29.642167931
54.4715498592
177.11981696
54.2606755986
0.0915621589625
47.6543319482
48.6259016446
31.3621167668
45.9312845117
46.8323335934
57.2029284559
37.4955069448
62.556649579
68.1010711953
61.4465664107
51.9633974089
42.9721221866
31.5672548401
46.3285508152
44.5566827881
0.0516536524235
16.5078590987
0.0954090647897
0.104337480587
0.144161336616
0.0611512892654
118.130683971
0.100166915518
0.0974445383317
44.4052770709
32.8288464466
54.0409103649
59.9920308731
34.2091486195
0.0957499584859
32.1736716868
15.8264721068
99.0480553079
0.0824587800136
0.123630818873
60.3632850452
30.5322304498
70.3315092171
164.616354881
210.11063407
96.0440334826
81.7118269026
16.061997857
43.847962014
47.0650359006
0.221440759402
65.5383299256
16.3924723977
139.51241909
168.03085038
137.407091983
123.981178467
121.58485014
141.399552787
0.0551059896199
13.7073529794
0.032199473983
14.4890546943
0.00947338215845
23.5055624828
0.0290221526649
0.0401537101903
78.5843809137
25.2929942088
17.956263453
51.1822597151
25.884324619
21.2122530814
35.8923095568
0.206035085109
21.6386842041
0.220220532153
0.209238904466
41.9483355353
15.3499614514
45.7157342548
58.6839495416
49.8712490331
81.941135353
21.239056343
0.430194624619
0.0986542734798
0.091462564656
27.7339895718
34.7117739291
13.1744070221
15.4699466814
0.0345239952307
276.880941412
228.423128875
322.744647527
59.5100574037
77.0211733538
49.5529458017
55.5922519693
14.682098245
0.0199347042943
26.0656009483
0.0875979021886
0.0822897057184
0.0677168496513
0.0188540362319
0.0319486337229
0.0462533489872
0.0252241911345
0.0575436115758
0.107503749832
0.0410617024407
0.0296760973072
0.036061525115
110.022281113
122.253523174
116.901964695
0.043345434419
20.1885997663
0.0492271486129
34.9615578136
65.1841326136
106.983229979
76.7392446214
123.110300069
129.062045863
118.82611287
174.323719252
133.794683385
46.3972797472
40.4402301604
15.0685101919
26.1598905438
77.7879124918
60.7684169179
125.178688746
113.609144313
79.6340459997
65.0046347613
61.9878280206
0.100343256844
198.065637426
103.056328432
22.8719967856
45.7676650798
81.4640120995
122.50025221
34.0035761852
0.0357940091489
57.3107886012
59.3670872078
41.8982235401
76.2836683123
32.8019728119
18.5052546713
126.127718883
72.0983014316
22.5842507856
197.200566886
285.595392764
157.533709585
81.4920237926
0.0244487781265
0.0599262927118
0.07518267872
14.634199647
18.700224495
124.358296168
16.7506211817
0.105748083763
19.4576964821
14.5633125513
242.526451974
229.652729171
37.6370519595
30.580930047
56.8485332377
185.564288463
106.763868319
25.6890888017
170.669894087
13.4511941645
0.0792393881543
97.8481381538
0.114974112877
52.007399439
0.143048554166
54.8360803498
56.9126830888
15.8367804501
20.2344512791
52.3462199586
18.4993962039
155.476015721
16.0249413308
0.15938227977
0.143386882959
38.5585794824
16.5415673457
19.8922372354
0.205328533484
0.197443005414
49.1170219532
87.4847474433
460.549244765
13.6724073218
48.8988451001
0.387106534766
0.389575775308
275.634443524
180.558928046
239.048871283
40.0412583598
112.483971327
0.317494848548
47.6735454454
44.2022149398
14.1325708225
22.3164358993
36.4003995162
17.1970199647
0.0565161876941
17.0776376069
0.0540887150414
44.4491225219
36.0807754696
68.1322476205
66.4199678524
36.154443384
117.852666207
97.8032433221
94.4297206062
93.0994565936
91.3054978675
91.0163624205
0.0166694435674
0.014864193748
0.0103131436799
0.00807027756617
0.00754031335516
0.00613359967475
17.1146550643
46.6136453238
18.5118499767
31.8224562841
0.0359563868613
80.2644453404
0.0206715378158
294.11156514
66.7854487295
0.0273762030331
0.0210411804445
0.0210133594461
0.0202344369186
124.756786032
0.027430295242
36.1012562738
92.0644529577
60.0123652068
56.2734347695
38.0964146952
155.130768231
0.0437017820868
15.5293382627
205.952412091
0.0959160103024
0.0938853442652
24.572947997
63.9758815751
61.0668128024
80.1786347749
71.1724488921
47.245992092
0.0577036552043
95.2679671176
60.6204969662
62.281524106
0.0535432274352
0.0147557025602
175.506603563
17.4571329024
13.9546156177
14.2255847122
16.6910244947
23.7263914851
0.0269122435132
0.0375870819846
0.0363963128432
0.0384720318889
0.0234109694095
0.0227427908689
0.018469696085
19.3712080987
74.8089387621
90.9114013826
71.5724164869
51.2305969743
18.2637941317
18.9474993396
0.0673319747401
0.0684585767069
61.109328513
14.9367818803
29.1052043437
21.6176314543
0.0513412129877
0.0565852184734
0.0432658596999
17.0832060452
20.1736806513
0.0324341736211
13.7353823208
0.0370372862659
17.5919387559
0.0389896251538
0.0689733636643
177.678626197
0.0334050175704
27.3978709972
194.680724813
14.6463565106
0.0
20.438160648
72.4271570456
199.062043268
58.7991527539
46.8193622045
69.6909628257
61.3350351748
27.6090180999
25.1768305558
65.8157928532
83.4610896074
53.1446073834
15.4686426884
91.9079552742
82.6650337844
0.0250244575038
13.8190601338
0.0209484415192
0.0205620798848
0.0187976951462
0.0191693477519
13.6068353481
194.512918785
64.6663106032
19.2698030809
0.0356134756365
0.0437685533345
97.6486277962
47.3529383012
51.3600787351
21.2219339371
47.8092143411
69.7174494004
74.1698956694
15.0192251608
41.9127072787
25.4071845721
259.939627622
27.3161879338
0.0
0.00620895438582
14.5225817506
18.6633755174
0.0494981869582
0.083878843611
0.0744774028278
0.0416784546945
21.2029549536
57.5676785816
55.8643299159
35.6641784352
70.4373316567
76.6676675641
22.499650503
13.0947299244
73.7450040204
13.9923392137
0.0
55.4995143418
14.4198316191
49.2928826729
20.5600883486
0.00224871561497
97.8470321514
94.2148139962
0.0283195037543
0.0284291846376
0.0293082534765
0.029885310808
0.0331845097914
0.0252156697298
0.0143624982658
71.1182923068
49.9542253106
0.0433122651035
22.5330698199
17.1033924293
33.3070217976
57.6328969239
61.1858994325
22.0508757095
0.0461579253266
0.0456480159772
0.0485178122819
15.5940632034
63.7692864706
14.5796313421
40.7325905632
49.2436598444
0.0608757851998
145.28258973
77.7798793907
100.540252752
75.2574192716
0.042342980851
0.0230955558121
29.2504363024
36.1159467679
16.2581836798
0.0723846456442
115.2769186
125.688563639
0.0
89.7289479005
40.8639269838
27.5007170313
60.4678861172
19.400126986
42.9675619125
23.9717615271
43.3691829391
47.5713510948
49.2804649439
0.106556080912
90.6893584287
88.0159340611
0.0783292622271
42.6022449545
41.1884104689
24.8983672575
19.3952909863
0.0182445473727
0.0370612346573
0.0306764773084
56.9160271852
271.645275496
204.082480398
201.490415153
0.030494558879
0.029567004935
98.0485371228
148.566778156
190.561662022
99.3555401833
96.4735063605
144.797082438
110.147062223
55.5026046058
0.00306199044863
0.00306422386106
148.38770498
194.98133169
56.6403975733
21.4968395792
22.9491716782
47.665357276
46.8077149997
477.78362482
62.2844061239
110.9899173
139.029737029
63.280547892
0.0297374013894
0.0310796496509
14.2356566476
0.014676551193
18.1768394851
44.4929100886
25.1520826236
30.8022516764
0.0396331847883
28.6972311386
14.7367475127
14.9059398313
42.687800649
21.438661455
16.6030628186
0.0589124964533
0.0622419573104
0.0535084646651
0.0490551337272
0.0412370434803
0.0584456518062
15.0667407504
33.3716773426
20.5623395496
52.7161178289
44.5367760107
0.0975508261309
52.1326925253
0.0581346270997
0.234246678843
47.5712277633
45.8256647749
0.173469068736
0.11813248917
99.2715426926
69.609687043
93.3713406533
0.0514500359862
0.0494617057287
0.0606898101562
101.854711836
76.6419211918
67.1239249632
79.5856618807
20.1122163041
12.9397483056
21.0894615358
13.1336819024
25.9148116794
46.8767872709
45.1809596665
54.5825401021
51.2157586022
19.0313694622
13.0552466357
0.0386354488081
181.339483904
62.4845776053
51.5741025406
101.206454741
91.3816703934
108.060312013
121.206217933
87.2185573211
100.841409935
68.890093304
38.5089650986
54.9839526848
73.0845229871
67.5203518238
68.4819138252
59.7175634616
28.4110904883
62.6173879693
54.5617332285
33.7222837844
58.0550849254
56.6609771741
29.252558637
61.9615599181
62.917095804
51.6102599093
14.1293731439
0.0877751833093
0.0748604130344
0.0522220841113
0.0340219098091
0.0358203428701
0.0419418942092
0.04226932649
0.0427258994824
0.0443196982516
0.0454917904631
0.0454372633862
0.0452070711691
0.0440722706116
0.0403941332653
0.039191221176
42.0497933552
0.0734758323275
24.3241553494
21.5046903684
0.0495748434663
0.138098388178
50.4752379807
72.324401863
92.0103441673
0.0531632106187
0.00585882696878
117.596821586
42.4083499636
0.0117614481468
37.9803992318
89.0998203141
68.6463554127
60.1356100172
65.8294137779
74.7548766096
0.0255654245247
139.607815285
170.960890933
139.184487071
84.1720736135
0.0264936761584
0.0362771585459
0.0183211535825
13.7929988967
577.944653096
0.0403369822752
44.2937869828
203.41197496
0.0669603456521
0.0740199268728
0.0688173534772
0.0557721578026
0.0358006806054
24.7724482119
35.9374800287
65.1306126129
28.7652380912
0.0
115.205277082
28.8713283889
25.2568246568
0.0474718286985
0.0519640897373
17.805138847
17.4988712912
17.0525248679
0.0388483845639
14.9901086941
21.864362436
0.0105178698859
0.00901258528205
0.0
159.756802321
46.882426062
0.0153651013502
58.8178979291
15.6565289858
29.7870052533
0.020732063239
2156.1212607
1950.22795458
1685.30712497
0.0
0.00307869431098
0.0161390956994
0.0180608155873
13.4629417365
1826.41780308
298.646447004
645.833719585
630.154494685
301.555545384
2091.38438201
1870.43862447
1522.07470611
0.0
0.0
0.0129911110997
1318.86705594
1659.94932914
1922.37364001
394.800668502
655.108359987
507.637849743
0.00209211319376
0.0
16.2687220729
240.03785242
84.6665869075
44.2780310834
50.7073703251
29.1988026859
64.1492217957
21.9999521083
15.7994890899
40.2535769671
0.0
20.3539105117
51.4285901659
14.8663001872
477.412788555
143.989681455
169.503496381
19.908532265
37.4211936691
104.870964829
110.685816925
0.0179721261559
68.9310845523
54.4297692794
27.0331461318
26.1843578976
78.6403985626
26.5871093039
85.5680389725
13.9116785532
20.8786587709
46.6893103081
27.1225404065
16.8004164429
0.0268975151133
14.3822630947
0.0655424786737
0.0464237940412
179.960225039
0.101026164731
81.7075031594
78.7660982805
48.9778915429
60.0578102789
40.7516217337
0.0402277564702
31.2677993243
36.1191341828
0.0523276966105
76.8852418672
58.9585758274
76.8140055302
70.3520941051
0.176614414705
87.7666119686
46.9829519129
21.5738973017
0.0137307526371
0.0235131956175
0.0435836301011
0.0798469680697
23.3679315701
0.0419346503845
0.0323856932239
17.0618687568
0.0872729517303
20.2360645617
51.9510532053
0.16450842379
15.9943888612
18.4218739633
21.5051736049
0.27400524065
43.293717659
13.8139234473
0.358459849609
0.462574456537
53.2422302861
0.0546809989175
51.0690134419
0.122324580107
49.8498817667
133.731216177
74.0150042749
34.2730311263
0.153084674796
54.4875981826
59.4475757337
0.0803673424214
0.194955262445
0.304894042714
156.378651094
35.9820257958
0.176876770239
17.0012101946
48.4131639926
37.6687449408
36.2751923333
43.010864281
48.0756875654
116.917570395
51.4240005444
63.1108756627
0.0942077877576
0.128787574432
0.141877160765
0.101037742235
0.0540140770753
0.0446802102458
0.0387266664767
0.059438317467
29.4771826755
92.5121689302
41.2043743555
34.8830334205
0.0573234103802
0.0885256654767
14.402054446
30.1258577486
77.8884416113
87.5531609845
78.6362277596
263.844280061
91.15520272
86.6088324509
31.3256123674
31.2906454647
78.2044913785
0.124920207912
27.3111368829
23.3103953989
0.144917772202
0.0999239996056
22.9386496121
22.4155621558
22.6582122188
0.0536169536176
0.0571394000215
104.13328055
220.993077938
13.0163431176
137.104425746
0.0639671999952
133.361068635
0.0546888767879
20.0378267183
0.0621762565209
19.0823671228
0.0762819763795
0.0827675444464
51.4808613015
0.117411093912
0.262231719174
0.294554152139
0.22917993032
22.1514635395
43.3735132846
20.5320291833
0.0943189517638
0.0527935425681
0.0833812271585
0.0853829270202
127.961036593
128.394694094
0.02751942985
0.0209483267915
0.0372486693315
0.0499752757522
0.0621724950068
0.0717681617512
128.887126617
170.945564755
96.7072854846
40.326707359
0.135983498577
24.1015035131
18.9661670571
0.161331600908
0.115895752204
0.123521318028
0.269109739334
0.46787597503
23.831914616
22.9500431747
0.18674656487
0.0852712093213
17.6855557092
97.7058420268
116.248529181
71.9937021797
0.118709298774
0.187880567594
0.161280213192
0.180754644059
0.165772918749
83.8144439067
85.5015601419
75.1852466515
98.8648435572
105.964090932
70.2693085391
64.9982317159
0.112172390154
0.0796628382955
0.251933763819
0.228839849495
20.0557049
0.157480845697
14.9114301403
0.152948804386
23.2978198261
0.11755797364
42.8215370422
21.6397911258
0.0376797474379
0.0551112194007
58.5014999765
0.0520972153258
0.0666692261858
145.823407597
122.987155167
109.492501014
0.0251803665859
59.3216041927
69.87520209
0.0760438009372
48.0826476337
70.6297349954
19.7062980632
28.6095152345
61.1786441086
75.6956709219
45.8201098965
0.276971240806
55.3992447578
0.157947870009
0.141193747005
115.043540421
0.11010913476
0.104471157022
0.117560691567
0.112068721522
0.112181324085
0.113817462183
108.22071367
201.164516605
66.8271629411
196.183717019
185.055009366
73.8923780317
64.5124946758
85.0421988025
99.1492756587
0.106280645726
19.5021793034
0.152363550443
0.207065939718
19.5081139975
126.055355193
0.121301524352
85.740557123
0.155609245031
0.145019035329
0.149408086384
20.2244960637
0.0660177876298
46.6383007222
0.0835360875113
0.120890534175
0.157787489978
0.19790638848
0.238664348898
54.5387066134
53.4938403845
276.157038512
0.17407398107
0.181331690519
0.17685916293
15.810854973
16.4739261884
0.0891061495945
0.116543686491
18.8981580717
12.9924115905
19.3189091106
19.5816729422
21.5777863716
21.495950049
55.7159087613
74.9316797221
32.1407829329
25.2539145729
0.0583019381095
0.0842990383798
0.106392109582
0.142827624689
0.142741393988
66.0967180559
82.3614527323
41.2746750903
113.713883536
26.520311661
21.274576969
17.6163061171
15.8933045374
0.143462592356
16.7595244103
0.196298376376
119.190728733
0.174218967577
41.3694904658
0.250077557436
0.26648266518
15.1126625681
13.04742545
0.14118413642
52.7060327623
13.6320702399
290.840583467
0.144131667715
0.153350040026
0.196872034707
250.872211218
12.9851260422
14.8174064677
0.117216567744
0.0834768850759
16.5150291765
12.4274734581
30.546243821
37.4042330021
0.129616102296
14.4146515566
375.839067386
404.581408509
96.2878062793
0.207405592049
31.1164988939
0.200221368944
27.4712575525
55.9710378788
14.6004838895
0.057625492528
0.0604235477942
0.0910933379293
0.0480147296895
0.0555939435081
0.0562297142359
0.0700748383254
13.195540543
0.223904141007
0.309939823759
0.176686097766
21.276123725
13.1136973804
0.121793089183
176.631383733
243.425580641
222.398955653
0.0543994679991
0.0405380021921
0.0496981836646
18.593178297
35.7799568066
73.3784255972
32.9131042439
51.1299204651
0.136414009308
24.7092191276
26.9813711509
59.6270944336
0.199953987204
47.912104263
21.038928275
22.4376085694
39.0165467746
0.0366992218614
0.0356546333948
25.3229353609
20.395075566
0.0424105610759
25.3721751377
39.6600999259
49.0126460604
45.1669809657
23.6487243646
39.5833677288
23.1246677962
16.2775828944
24.1016343043
16.6263991309
24.282412539
13.3147668232
0.045446662132
12.4872835501
113.814506896
0.0742356660531
0.0663819319946
0.0516670585079
0.0665634396758
0.0643637444713
0.0500441147875
0.0218322090799
0.0292857097467
0.0306946832867
12.7780736919
56.5289190612
27.4220187533
12.4891242893
0.0993854777574
0.0869692975303
0.0848826003273
0.0731599386708
53.6650341521
148.03472038
144.637011032
38.4037177453
0.144729397675
37.7668262057
38.4568570249
109.381997916
42.8464492561
54.8822263179
19.3782156938
66.1961755561
0.151408424506
47.3794293256
51.9196441206
56.5610989312
32.4390606501
27.4006526515
0.114507849356
56.5392092569
25.99149034
19.9715994615
16.8410482184
0.141796105097
29.5776407818
56.0685636848
36.9369937559
32.1962043437
0.272834413085
20.9107580932
0.222635619688
0.12357866955
0.110612119502
15.1620307884
0.0485571285021
34.6293214463
0.030637798003
0.0575055332242
41.2285913736
32.2368661546
71.8203400049
34.2706454049
41.4565501455
0.12333344251
0.0550553199503
0.198470648545
0.243191945544
18.6124927859
14.5938661087
55.1770428752
13.167402573
13.9746880716
46.8837118095
21.9332241603
17.7334895153
0.0649371808504
0.0654369245105
69.0695994139
47.1750321698
0.101756826853
0.173066414685
39.5949469071
46.6869102433
0.222897676715
0.193810468646
171.959801827
108.418346274
0.143217762264
15.6917610774
12.9110610872
24.1970083486
80.4814989145
23.3624096301
62.7748926041
40.7682135307
61.643711274
72.6330520863
0.151621459514
0.120930685811
0.126135264412
210.056739382
55.2948944519
86.3276875247
60.5105676802
81.2737349958
104.595473625
88.8299368325
38.3580303578
0.0860270958352
16.0705416384
0.110311126895
0.183557626798
0.0199158558643
42.9099797323
20.6767365964
0.0622769338666
0.07427003186
88.5524179767
0.0802783941044
28.1888590081
13.6781274092
0.0574576580072
111.694592751
73.0094033671
58.5192373451
30.7483129386
19.294319568
29.2737008122
13.1488909844
0.103939814233
0.109634829992
42.3018325335
17.5632233983
0.198138590579
0.245034894605
0.307706520014
0.189155234221
0.174793444411
0.143715333165
0.126383138006
18.9250170812
0.11389569245
0.0872737494231
0.0838111160265
0.0934903675394
83.6744912813
39.0090250976
0.104995582149
0.0906156562871
0.158449240366
0.258794711753
0.183715284724
0.19049961953
168.915223623
12.9237652391
116.606104138
129.934834375
138.637007315
103.095871319
64.9486838745
56.8057356013
0.0871574461334
0.0923914741394
29.7045422539
17.7222920946
0.0662877993659
0.061122137835
210.923433757
112.004340948
0.0602846794695
0.0668029143305
0.0694852421457
0.0613783216512
400.525620954
661.317370316
753.046951148
0.0448363889006
0.0352837252405
0.0161594092617
17.1068005045
17.6760703958
0.0448933321783
0.0832559745632
0.0804065661095
78.8501509635
22.237451713
196.276525783
57.2683260803
42.6604918825
106.785453942
37.5563549473
21.1549967659
0.082669850963
76.4470522256
59.6294843524
65.6584297911
19.702093464
73.4896096294
0.161790594121
0.0658255818704
78.0080939133
0.130413049413
0.0503889830498
12.4347823934
16.1257487442
48.8728811367
22.1125010589
65.4973545875
0.133732235551
0.121699626026
95.4248115563
0.124932173255
17.8497844566
20.2560254211
79.420394773
92.22936668
144.314954916
63.582423864
69.0384252977
0.140699051995
0.166404194923
0.0885338024615
16.4522767025
95.7448748867
20.7374126053
53.3327157255
0.155349208358
0.0701345075185
35.3885514296
94.1787229103
14.9384110746
78.3469459384
69.9996899411
98.3539367181
26.6843820253
62.9930401104
81.0736847597
64.9647249969
68.3613734447
74.6870583062
54.6421053873
44.0692374118
42.7351880767
21.6107827048
44.4585010016
52.8756897
17.6874048375
0.0812978290648
0.171138056413
51.7206230549
47.2452358431
15.347918292
40.1485049
96.1105452976
13.0220878933
47.1991323796
12.5317885872
23.3888014612
19.442830838
21.87081966
0.110496384388
0.108375878204
22.5131105581
41.8133599191
42.5483580099
26.1059701767
24.9791143936
0.177743962325
0.176245053297
23.7433438572
16.2762140463
0.187254963862
58.8851702737
0.189318114746
0.16055654422
43.5031464154
0.107011024883
46.2292165969
0.0535371540072
0.0439498200217
21.5218194908
20.322843551
24.240792257
24.5778798228
0.0325664211949
22.9014612687
25.384566873
22.4889674451
37.7495462718
71.9900750283
0.0699946244824
40.0871625554
22.5724606378
16.8200185146
109.899372253
96.095500708
58.2616177519
44.7377784332
0.0548810291212
0.0484925969622
21.1249864972
0.111220865504
0.0869154735012
45.1152350527
92.536398009
92.2270358161
82.3121407776
98.2220331544
78.2439367588
88.4299449725
25.2419840503
0.110682706187
86.735485034
0.231584604143
0.20874110959
0.212423643468
60.4501427585
49.4612616805
59.2354862186
39.9527560916
0.0409983767608
12.5597290989
0.0867929528048
17.1816622902
0.0539360875424
0.0968938418892
13.4755071311
0.132103675851
17.8485339892
0.143188202611
12.92671549
13.0635896862
23.3719318171
15.4173169346
51.9740476631
0.243233507908
0.257647819319
0.247529180391
0.315977515339
0.346755687104
0.188343986724
0.379023664274
13.7817265459
155.697066629
146.249626891
125.705609089
157.339967396
0.293255040963
48.9454686678
0.292993107883
22.8657576476
0.220709752929
65.9573239002
0.201809405337
18.7438232668
75.6620495334
43.2981221882
0.530594184844
27.5889727258
0.521852451792
0.362389620804
0.360997185925
37.4290341875
45.8359325415
52.9220534304
48.3067385657
55.90143645
36.1304378143
0.293502574542
48.4967331156
0.252714099664
16.8447914644
39.6142527553
34.0572208028
30.7646039269
46.6421635882
66.2912861872
46.6461620685
67.0812994067
120.179679229
74.6333486724
33.3637733209
17.6721740352
13.3775525606
16.1972994251
48.1265186609
39.6835891342
25.0608457671
42.4834767683
56.6482400107
61.8600276196
31.6648913975
0.0652514711879
95.5264643157
23.9314414634
18.5241047996
26.0333012355
45.1462231391
12.6887565094
13.9389128249
0.0593440048473
24.175581431
26.2400971392
14.8504078891
23.7423316231
20.0318290323
146.919045343
87.3965402229
28.1140991448
0.0425168058618
67.650321703
0.227230030013
84.4957483838
53.8893016514
57.2675460144
53.7661764816
45.5135314881
0.47930523273
13.3199260416
58.7146457596
12.700533218
15.0266682824
113.455701395
0.0843521081907
130.934859828
12.6971049953
56.020824696
29.7251197321
36.4758301292
106.070561145
57.6248926925
1.21082656042
55.5034361381
18.6059961752
41.3994963278
44.367944092
266.083924993
14.2379837109
124.909274415
0.945518736303
0.913739687047
0.878405566441
0.818817116945
16.4870654072
14.2441543534
103.055341759
0.47716155956
0.37967260187
16.3786923377
79.3685888015
275.854077068
13.8032123299
185.312561868
355.43352733
0.297365272087
17.5696262568
201.500147129
285.732613715
0.204831149323
186.739731851
173.78458397
188.669996392
124.740916125
151.074337157
30.4005738516
71.955719202
71.4434659563
13.4747758871
0.0307045785811
56.9523103724
0.0137400596453
17.026271785
18.5600295047
19.3421804321
18.8322731428
0.0134195014437
0.0441634680982
0.0584857607279
36.4077501713
0.0712578709576
58.0453323278
14.1345817221
0.100761765764
118.480748234
0.078876891904
0.0947379719965
0.121392110635
15.2626093829
0.133120830122
0.114739451072
122.700672873
120.558677041
25.7845675937
0.143626137809
13.2512410229
12.2278963155
106.265566519
52.3600570645
62.476014894
46.5384336138
69.13832698
41.6706698356
48.7473583121
37.9842765544
0.148801525611
0.157742807884
40.4779775436
77.1392765672
82.9299569327
84.994202844
79.4569146348
88.8623624447
106.731268048
22.2347481467
0.0828213250079
0.0853697156059
0.131586410907
0.035269061916
48.5286902688
44.6711280515
0.0661725300338
0.047625741737
79.3591295673
60.9569236396
42.8190146352
0.11654314053
0.0738131579572
126.371859101
85.2793049207
76.5619322118
57.0423120901
13.8561459277
39.8823399017
47.4052313578
0.215128436386
0.227341455037
0.238010312234
14.1446691681
0.303127162661
36.5409890496
0.348048384132
0.294430440928
0.279098126941
0.319743316785
0.224979348632
76.9368733773
12.3598073262
0.215888383293
21.5943460594
16.327106435
81.6549743741
15.1646005546
0.134481378309
0.153963037078
0.150963972276
0.260977864901
0.179044418419
0.243182650953
140.432667134
116.316683859
87.8312685434
121.694766003
147.484280181
127.251766644
101.519594399
98.9070991996
61.9173469511
0.126596968521
0.136396667955
12.3962960441
0.0915058747422
13.783156009
248.246276397
134.172132692
44.7941798491
0.105651670233
0.103569694945
0.104711322664
0.151504393837
573.749366677
732.209036492
54.8505948981
18.6076300305
0.0138413772627
0.0318784112132
0.0459051051431
0.0656487370749
0.0878594863361
40.196637284
68.0087084958
19.3326031779
102.483123807
45.2986017941
58.3515155751
0.0592162916736
0.0421206742206
38.764053188
0.024888261529
75.6057070262
42.9729882835
56.7281429167
57.4750372855
18.5199479556
20.8781954445
0.201852952746
69.3283462268
0.208552305868
0.111977627293
14.7755836227
20.1020327515
0.114530075144
16.1315997003
60.5409587697
15.7302506387
0.157904016016
0.0691340933993
0.0995082156412
0.108544164691
27.0438278032
81.9637032851
34.8659998027
150.746609007
75.3057168938
49.8199939999
15.0296966275
0.260948312211
72.7940261052
14.5030452698
81.0405975336
28.3181738786
44.8663750633
0.125663648831
0.117797906773
0.133070359059
76.5753326315
56.4477984445
16.4307908918
48.2334475385
101.444882713
42.3247550447
15.5928730846
88.6566144376
101.260771033
73.8604451164
63.6263319532
65.0566093758
24.983617604
0.0242123345892
44.2023036078
51.6320886018
47.2450355066
16.6031678669
0.0471699307204
0.122377990315
54.8665957252
58.2489218498
20.4220532985
25.7182080338
0.119899581648
0.0471210982035
42.8265835802
0.0873827664285
25.3682510805
0.094239417174
22.0032303302
0.111658499799
0.109167326574
25.03123278
26.8781533878
48.8310595271
43.0404861176
22.9091743928
0.0092862013352
0.0027189754468
23.5581162435
21.6819706386
0.00793530611555
0.0583870520656
0.0612027042214
0.0522265288948
51.1089429759
0.0825826109013
13.6320939772
65.9295271286
77.7842291309
0.0381583109077
21.8856476953
23.5917961736
24.721639511
13.8531668442
0.104593589217
25.4672470595
20.1995150405
0.0837175957967
75.6972251708
19.4550780904
17.4157323654
24.8247666864
0.0922312736118
93.690304383
117.215698584
64.5830709659
80.7215964978
49.357603108
24.3936920718
0.103569183405
0.150547567627
19.7137357654
0.0631111211891
64.816606833
110.019501769
77.3091284406
77.931386619
84.3646709517
113.512018833
77.3157305307
14.1958290274
19.6284984282
0.0545039417272
0.101969459287
0.0721930111275
69.7508156584
23.1858900967
65.7718898067
41.549573548
77.5424374343
0.0258436235621
0.0442789162837
21.497877473
13.3441705017
0.0406662147336
13.2644077641
0.12688705993
20.2236697432
119.927173928
16.5162630701
0.117824985007
43.7262297877
0.19779899456
42.8520149333
13.3363439243
0.252290558201
0.150612642205
0.131302089981
0.174696606005
13.4783498926
0.0460220459994
0.047224435108
145.568994467
179.615095321
130.947952416
150.098760323
190.631279954
49.7901200017
13.2803978121
24.8015819386
86.0262378266
54.072670656
53.91393496
0.0565926354724
104.874050912
52.389093073
30.2928085312
15.2561901335
40.4225483576
20.8474079879
20.4232339915
36.0781808058
40.8988847561
48.4441176028
49.172454733
61.8166316477
46.3454951513
55.9850950503
18.0771526098
13.9986569857
19.3888724066
39.0808293667
13.0354293424
16.550008309
52.2183173949
85.5285789559
93.6531646079
28.1306911705
125.299069998
48.8528045283
14.3499281688
19.2358937924
43.4754144401
16.8228021604
72.8685135634
57.3575119638
59.9905609434
39.0790736866
32.9535099812
51.1400017177
31.4385364946
59.85316981
77.6357897673
79.4448097953
40.845148001
21.2263930181
47.1273847
36.7410685574
0.0898713598421
13.9185985535
13.3593614116
20.3016108118
19.092992622
25.0422750701
41.9176567402
0.0350387907724
14.1095261159
29.7713867152
14.5016350918
18.1965523773
92.2139473406
99.348225328
51.2963940161
53.1690052583
53.4935210654
46.5761272984
0.105804431677
0.12474124577
25.6014026012
0.0857816080556
43.6025382763
117.04729168
21.0176772455
98.6980508149
173.685951623
87.5612476385
16.7569202375
14.5772373089
59.856652418
72.532979864
0.339888395034
12.4824892656
44.3167180799
63.6535255401
34.6715818916
56.863598623
134.036544127
87.2789507946
0.074925652489
16.0648720538
0.0929337902551
0.0963030520601
15.1201052665
