3.32691849014
5.9974995634
0.00868640972164
3.79439903963
9.68152962699
11.8072251563
19.2368129582
3.3729318503
15.0883403024
20.6150261636
4.66240936283
5.41694590616
0.000403993340448
5.93020916571
5.31058300002
22.5202400491
0.0
0.0
0.0
0.0
8.43434247775
10.0559033628
7.64871242514
0.0
0.0
0.0
0.0
13.3674864047
7.14845455786
11.1288003921
20.2791969621
11.7458027332
0.0
9.98083536799
6.00345278893
0.0
0.0
0.0
0.0
0.0
11.8958355611
4.25898195355
0.0
0.0
0.0
0.0
4.92859594542
13.3217814067
5.37851509839
30.6088163454
23.5607037324
17.3797276736
5.03637672704
26.8226689013
8.82503164241
24.5633226866
9.58589081134
8.33566542578
8.98309233257
12.943662046
4.37711648425
14.8088487937
0.0
0.0
4.52895898972
9.49052792371
0.000789477685008
0.0
0.0
0.0
0.0
0.0
11.6014235875
0.0
0.0
0.0
0.0
0.0
4.11181513182
0.0
18.124974778
16.6034662874
11.881026194
3.94931531682
8.76877637737
4.93651434789
0.0
0.0
0.0
0.0
0.0
12.5983750195
5.20116449447
0.0
0.0
0.0
0.0
10.8886613842
6.2582613939
15.4480104384
0.0
11.1587715861
25.8312498879
28.2887009515
11.4490575411
13.6690289091
8.07692459536
9.48571524119
0.00280362188473
9.99895002944
6.95951420477
0.00378326452272
4.6259408365
0.0
3.80011866637
4.00440558492
9.72294459633
4.4237130483
0.0
0.0
0.0
0.0
0.0
12.5384796865
5.27719017967
0.0
0.0
0.0
0.0
11.6024223029
5.19601625645
0.0
19.3257916771
13.4932166643
0.0
3.56792101831
10.4425174019
3.913100085
3.66247391376
0.0
0.0
0.0
7.3450988319
3.50551993744
0.0
0.0
0.0
7.1138436076
9.5364275471
0.000669701026823
0.0
29.6971571286
24.2165597992
17.8608684882
3.75021848601
13.1427206856
4.66760129529
17.2321309045
9.37057
0.00659443520931
10.4491649805
11.7630504851
4.86068572389
9.78130988104
3.86053031174
4.14556063166
0.0040450106217
0.00374360763935
10.4732139653
8.11431924739
6.60229080176
9.00849175689
0.00877954821141
9.31611419728
4.85638960746
8.74471017631
0.0183428645103
0.00912452361131
3.64530281423
3.82706855742
4.26490097777
6.53488634751
16.971830881
0.00711350725928
9.53069753808
21.6201937435
0.0162580795963
9.90388980918
8.34096713651
3.98833368772
6.64157627463
0.00517232575722
0.0023669795839
16.2862643177
7.85172866939
0.0
0.0
83.4836606176
188.441336422
442.95006998
567.025728332
15.03849849
7.62749848966
35.4343934363
47.0177369667
14.7385755124
0.00443280869462
8.60060556465
3.37113068021
14.5637574818
0.038934954597
4.07881751187
0.0150610515851
4.34543744759
0.0231800944939
0.0242595780043
5.12678013758
0.0484951298939
9.30614753239
0.033399202521
11.1607809617
38.7361297211
25.62694376
0.0245645218096
0.01726842392
0.0141730871163
0.0215633321537
0.0200622606941
3.31375689113
0.0162435989984
19.3263405566
0.0103212682214
18.9843696812
21.8015999042
0.0161327142465
0.0174568250544
5.68126875872
4.56986810637
3.35620161989
0.00167458289425
0.00503409349379
0.00821532571763
0.0367240019744
28.2785258404
0.0232493874732
0.0277728836547
0.0144694127068
6.90716379254
0.00173266033457
3.53825723526
0.0093612789998
24.1170563338
28.1174274707
28.1387170241
25.4789791726
17.5372942409
4.94971465578
0.0103305367494
13.9956274653
34.8640109641
51.0623710336
0.0182497179372
10.9778069819
10.8785694602
3.62812583919
10.2664159346
0.0173596798184
12.254500896
0.0116827419714
3.80658663626
3.36580754679
0.00562426798192
0.00396907035658
3.89495139956
3.3456275639
5.783082534
41.1742025524
0.00119702666465
68.1247373478
83.0969811999
0.00148917286185
0.00151096260807
215.339735966
16.5673339522
25.2333047119
21.7335605172
0.00475921191434
5.66732056497
0.00730368986873
0.00754900189078
0.00819529030687
0.00705365892182
3.31374385581
4.20110779978
30.478574189
22.2272892992
1245.30699167
1486.58349494
1635.72682479
0.00489860388804
36.7152162924
0.0088963435579
56.2455795513
36.8496922999
28.9964754881
0.0240952491929
0.016015040941
7.87322024661
4.32404425137
4.76228652186
0.0213849717682
41.179894895
12.0579020401
3.30939402211
3.87802099074
5.51813446129
4.24382985631
0.0432125626031
6.2514029158
0.0627825169105
4.12214062758
0.0313500509451
25.3451013541
28.5792419578
0.028053611105
0.0219899191354
0.0271261674267
3.50490664105
18.7166630852
0.018370867522
0.0173401132161
33.2467371349
37.6729349941
0.0195966120012
0.0196078865917
10.5209575313
7.60140871187
17.1024811287
11.4347084037
0.0203634945188
3.58527353264
33.0475918117
0.00450535203193
0.00593984465919
4.27719819235
3.4468789703
0.0193024232378
3.39798628687
0.00682711784416
0.00208733092712
0.00319031443262
0.00539160721859
3.77225273649
17.1182940742
24.0642526696
25.4447555406
23.6270398383
18.4093352294
6.06764055384
12.4273273238
16.6680461469
15.8986734492
5.22677277248
5.5904280151
10.3854193882
16.3456962376
0.0193174656008
0.0148220918506
43.0718500753
23.8981921546
10.9453918914
3.37232231434
0.00592541645928
4.46765680162
3.68232899561
0.000593760881705
35.3273883355
28.3429299096
3.6392911916
0.0
4.16249193626
0.0
0.0
11.6010750348
3.58783202746
0.000561548799158
9.67183784894
0.00413646635023
3.35690618933
3.82146135784
4.01191365434
0.0104946241769
0.00978852965181
3.68667528545
4.58414339433
5.3012376858
3.91132433125
116.557681631
27.9960474873
5.14600470626
0.00461640874249
0.00610570719002
3.67371165081
0.0239751377104
9.30651695761
4.91943941263
0.028515361394
0.0276029601532
0.0133719956657
3.50207125436
7.42217229438
4.79599354613
63.3642249532
0.0238208810951
0.0257385166613
0.0293551308409
0.0377112713669
3.56535099394
3.64406733163
0.0181170908872
57.8801024587
15.45818377
5.33914851766
3.77160593746
18.0791231808
0.0100781678924
11.1743165665
3.33956526446
6.68426931947
0.00513705550579
13.5022541157
27.9033999691
0.00316545845957
42.0382623981
9.9733594526
41.3653877871
5.66280883728
20.4298276822
78.0978548986
65.9079440236
40.6265085797
0.0106274864756
42.7717591502
3.64657438498
114.609548508
0.0117282481212
4.8663423108
103.255627176
0.0204171385503
5.57598674554
18.2738696055
49.178207233
0.0163374903512
13.4909552722
3.67312024325
3.50606515252
0.0182207358096
43.5213308248
12.3584685499
0.0398338639912
0.0588730358037
15.4118810747
0.0788522043275
19.5598109941
0.0626690180753
0.122208371694
23.0134549817
9.75319751215
65.1917651716
8.51521599062
14.5631034028
4.02523521451
25.4553154165
24.5278290943
3.51637177453
4.03790242812
4.10199174858
0.0232607031498
49.2950493527
25.8121341966
0.0211592192052
0.0148931304235
18.7315506863
3.46370430492
7.4732182842
0.0136910644391
0.0227261805588
0.0167549592244
15.072879039
3.73732076833
53.6950125649
14.4582923022
0.0175663777877
26.2614786386
3.39679982299
78.1704130492
0.0200055872155
32.0504332585
88.5152092631
85.4208583259
4.10753958314
0.0341464455303
0.0269515859352
4.55619761431
0.00908582143961
3.71074325731
0.0118296669064
3.57238053102
4.11470059237
44.1791012243
77.1392859175
46.339835303
24.3552900604
36.3337262036
4.40171657124
4.85933906873
21.5641699652
0.0842696937136
0.0325572533708
0.0175112479643
7.76467469422
4.37010068694
17.9961402537
12.1747235817
4.72293613519
0.0131813898553
6.84448663185
27.1238693772
0.0194039049197
32.0560075692
23.7669470417
18.1869856345
22.2472942201
4.12263322747
0.0104307610662
20.7187195328
0.0294317784482
24.0975336965
0.0179221276464
15.2638756708
97.4996125974
17.8082408626
9.94699762615
0.00422182826037
5.12235654194
4.73558745245
48.632384253
52.3681200931
51.9381193373
8.86595830542
0.0650724336165
0.0509640912817
12.5083185558
41.6751402667
0.0213326312574
23.1105167056
4.20406862353
12.2125687809
0.0257323883056
7.5615699162
10.666439361
26.9335926909
14.0751335186
8.50160218247
16.3772668833
12.7151881655
27.3179025138
0.0127032195318
0.00597416032441
0.00753352404286
7.47553751776
23.4550912152
17.3863873511
19.2113214113
0.0
0.0
0.0
50.3587850847
106.997097505
0.000556940080362
0.0
0.0
58.524473934
0.000418992483298
36.9942345512
0.0
0.0
0.0
0.0
0.0
17.3224777398
27.4615836758
16.3435438749
12.0726982936
0.0
87.594468465
136.47680808
26.8814696085
0.0
0.0
0.0
0.0
175.320809907
0.00496636401319
74.6315010537
43.8498042952
41.0418218277
32.7586204803
89.449079601
61.9395971029
37.9256837381
0.00162148033515
32.5154173883
32.9965301709
26.9273627102
0.00905007696057
0.0115080218654
0.0132497435307
14.670556589
3.75474399821
9.92247364362
0.00916864641591
0.00813557156877
3.92364937727
134.281311579
7.60579392517
0.00246313890796
0.000771530017721
0.000728188263877
3.35101700448
0.00280740643249
57.7354773735
9.77821326292
12.9190885756
0.0026332118226
0.0020099313664
11.1725501127
8.61968861784
3.56670955856
10.3230159364
0.0081291063148
3.50291101462
0.00971145700877
25.3394467999
0.0114164392644
5.2093944612
5.99139131957
4.06558939632
9.28491285663
9.27836994679
0.00109230302343
6.52285605267
0.0
135.672487398
25.0732844508
12.6047251335
0.00316683089028
0.00609783025625
10.7732353547
3.55635286558
3.64083454884
0.00955578154454
23.0235040512
16.7010991417
5.39158818267
4.18938250109
37.4738541423
20.8383804724
12.9949701183
17.8491263698
47.4021792434
12.7936497763
8.68018724336
0.0102466461011
15.7933672087
17.2903559385
51.9897089368
41.101930888
18.1609115513
0.00268884234469
36.1651466185
0.0
3.9803134952
6.01241262957
11.0880319494
0.000347557060785
3.60271658133
16.2412304366
9.0307078443
3.97428438783
4.44405499074
75.1897324993
5.42465726174
4.22098707435
30.4940966344
0.0126552003533
13.5968836942
13.2191873698
6.89984903297
3.89015499469
10.2210477438
0.0044308317923
7.06655812881
0.0
0.0
10.4894997999
14.476685715
0.000545735038884
0.000909525430557
11.422623235
0.00258824787385
25.4285859703
28.7037724692
4.50047018666
0.00743285397335
0.0107139703583
19.1508895134
17.7485247979
0.019747074132
0.0174054286063
32.0419094068
20.5426792795
0.019715716866
10.8880190463
0.00945626474168
22.1087081646
9.88080499271
8.5003449933
0.0051609208615
14.7841443876
0.0248055594869
29.7018620351
0.0059663185116
4.36570122218
3.62894610027
0.0115372457828
22.3151771351
37.3809691451
14.4598011207
0.00273550585685
3.96386084102
0.0115871622146
13.0980486831
49.4734986473
5.60716644802
0.00743189610633
18.5111679337
30.5174100973
8.33351267097
0.00675254563451
3.55983047001
13.4146525675
15.3347058188
23.3100027555
4.23554321051
36.1020431301
0.00338090652444
0.0115334482061
3.54431810399
0.00268397102829
20.5303415878
3.60055480395
40.2914560411
0.00739330525915
0.00991380895198
4.04570771185
0.0229979155944
0.0171161078246
3.52375199295
3.49531420641
3.58289113988
15.7484692075
0.0189097496125
52.9394427297
43.0527228735
12.9205823442
0.0350040382273
28.2018205748
6.5601398803
3.35636239955
16.3652656039
13.3157560469
14.5279532826
5.62630702684
0.0243458995662
31.0654037843
0.0364699691184
0.0466390037393
0.0247519662211
19.0924824689
31.9015000574
18.5813052606
38.3210775241
0.0245468007987
7.2468447409
8.41628550186
5.05297677077
30.6827928554
39.3462090884
24.9813699315
29.1113409937
33.0726298638
33.1457526009
32.5805526141
31.1384440547
0.0893015883608
3.50280867642
0.0681143849799
0.0817244297279
104.560547204
9.66106720307
105.699248755
51.9988906095
3.44440581487
106.742816662
87.1472707482
10.7143598432
31.9156629993
15.5147248701
24.9923560185
5.22727846068
0.0342557304189
0.0295304983252
3.69331326809
0.114123255802
0.12209123008
3.8919073133
11.1966764913
30.3915610759
3.46120320579
16.8538784512
9.13593979063
17.2841079347
3.36599617613
0.0542461682232
0.0452273655545
4.55719682458
0.0245648644211
0.0298201481922
3.37288602251
0.0669901876612
17.8408960299
18.6645699241
25.7662030115
14.6812539228
0.04721834779
28.3798346484
4.92241442775
29.9766988994
14.4997711443
0.139921480999
3.60684190943
3.98022047555
3.49465187176
0.0912297722532
0.0506839991831
0.0488177841855
0.0932965003417
0.068812908075
0.0430212711233
3.90261510161
0.0178852047261
9.39230429246
29.2481234509
0.0140404350344
10.4145844812
0.029812515683
0.0337056220858
4.16184091419
11.9920209805
34.4624163592
16.4973141031
11.1108187504
18.9988178477
29.0424610812
29.1191036463
34.9390596945
65.3897703358
3.6984485417
0.0747329123403
4.13047382987
32.6976243913
31.177053991
19.0733039091
5.14968795164
3.54476637371
0.0661057345989
4.60853738189
5.63244742538
0.108786795009
0.0950389714645
5.24339320158
67.1922132217
62.3573311976
7.73665520952
0.0430024196389
6.56081471376
9.22177327238
45.4393254248
0.0360731030973
0.0359753927127
4.51570297132
10.8597066392
5.48063123694
16.7528919246
0.0441467401663
3.92070811653
4.06313234848
0.0485692947003
32.6939833104
4.28605101689
0.0489851258939
0.0398789460024
0.0425988360828
3.91175371283
4.20278143082
7.28054110242
12.2267327596
0.0246077103732
0.0213571723524
0.0321667947087
0.0210486903289
0.0296284310239
0.0284914808189
4.12888193636
0.0242530219021
4.69717992053
0.0256894747892
4.03763353064
8.17149318552
7.66650332701
0.0157489222489
3.30600342687
22.2757397504
0.016307174784
0.017103479052
17.5749464359
4.26763769501
18.1026919598
4.78793093599
10.3800915793
0.013813187103
3.71962459654
4.94275397004
11.3374025801
6.30628556795
7.35074468478
3.4624003239
0.0101708503828
5.30823357319
43.1800850173
5.10115692342
0.0494806410468
0.0479621998702
4.75372392857
16.6613854993
16.3318581106
0.0603561481231
0.0677090286713
4.00013520172
0.0618815885354
0.0447653640559
0.0645442956229
11.4885670129
5.26813311616
44.9401629168
0.0305742935167
5.40321830385
3.66647944375
15.5997297395
0.00834111211486
90.8722891471
131.582519859
32.5760640914
33.5007749838
48.7650755524
28.4471614935
21.0512911886
8.90209144447
44.7497395482
40.487573442
10.1045585455
31.5698355044
3.7620955623
4.6401769262
6.60718407148
3.52760871789
4.44110701637
4.99023964217
0.024845177633
0.0309941718743
4.10144646793
19.2934439342
10.1525825045
18.2412714975
35.6508043534
14.6141065471
3.78713895736
3.34676984101
0.0393582712753
8.35657393914
0.0361675894272
0.024198538491
3.78988099838
8.96073120373
4.22613782408
0.0255843556062
3.83171831324
4.87065954687
4.07705407657
0.0140803438103
21.5257443912
0.0157428221328
0.0277363046301
0.0151597609546
3.44857805765
0.027047747347
5.3621467321
0.0277117301496
0.0493708824785
15.7651762013
103.964221244
98.3425486147
83.0998842416
103.259163799
4.08885508498
5.61509427662
0.0223576835611
0.0253994154978
5.3617733393
10.6185322547
0.0170368444611
0.0158355341248
0.0124350537124
4.47793797446
9.22351408819
6.04525869241
0.0178809146368
22.8190453705
22.1667569209
32.1920583362
6.44783324582
15.5793599832
0.036133622852
6.3130401556
11.19258369
9.67227743472
0.0327913997968
4.93638009585
31.697584468
4.49949589616
3.62315711216
4.40294739217
0.0224789109391
0.0879253490069
4.78685074642
4.74239084043
3.61127071234
0.0642507277312
12.7925836264
3.36149266681
4.79404493795
0.0239928990411
13.8368126982
4.80817974047
19.1526939158
3.33842633912
30.2160085106
0.0613390211207
4.03875795354
9.90478099483
5.30676674781
19.5037312184
10.7985814984
0.0474496402335
5.20236834634
8.04144758673
0.0677234753527
49.6295478337
4.16027470283
4.18295159448
5.91127584093
0.0159262360412
0.0312484863918
48.1038452612
0.0359282910799
3.51588753682
0.0374858212549
28.2767108827
0.022604439348
25.5251230598
5.7860689638
0.0952523481796
3.56916031056
0.0190045873295
0.0262040770742
3.5255059971
0.0424959187077
4.58815761995
3.82636011752
3.57804325204
0.0704411349064
9.30939554373
31.6724782921
0.110534456342
0.0717263933248
0.0876346263785
18.4310538111
3.4666537021
0.0829270468499
0.0949718094058
0.0654653908172
11.3788880618
25.183475531
0.110834114824
0.13088739505
12.5600023589
16.0881601899
26.4442619538
15.0612253987
5.8913751952
27.7810555746
14.8102100329
10.2500672925
0.0749232664028
4.37194934218
4.1506039709
3.56972303274
12.1848165862
7.49321832311
0.0444593330134
0.0315311562999
12.8483238468
5.04151022872
0.0313002584304
0.0518346326633
0.103239931891
33.3992151542
23.0166222016
11.2866376348
0.0557049920289
5.24245973633
7.86560596479
3.40197628025
3.97397217116
0.0283248797048
11.3922526809
0.0678773838481
24.6265452065
40.8063507288
0.0510532254211
0.0555381103214
0.0557609738479
0.0439169920387
3.89838557178
3.49004138405
9.08548836515
23.7763611531
11.1856237611
4.36640755094
14.9717522706
43.3209359902
32.5461798571
8.52666656729
7.02029253587
8.43495884301
26.8871735516
0.0237175713809
0.0349765706087
3.40470785565
26.6462716761
3.63526098519
9.52357565915
12.0867058505
0.0396146443475
8.86910486611
9.49746352476
0.0186384080307
0.0236596785322
5.50315371368
3.77897458614
4.00865027261
18.5719577757
45.4142917476
42.0873009948
4.59852029009
4.2065555445
3.68421966246
18.4554701504
3.73942056293
5.37373878997
0.0791761372358
5.29122164699
12.030511507
0.0942395984898
5.00731303292
0.0889259721999
4.41707323791
0.167421672979
0.263922485121
4.63791667783
0.191197659786
0.137240698053
3.87072740494
6.35087010603
0.0302422158171
38.6654596719
44.8535923782
6.26088561227
10.314103579
4.97452473481
0.0142753252202
7.66046916189
38.3712476239
0.0180634374823
0.0141006900346
44.8014191428
44.6388085386
0.00832012493187
29.0545939977
85.6838791457
100.360969366
133.995307376
177.392646776
227.46956204
271.228002278
8.39792140044
0.00492269584989
0.00717951488574
36.0394599385
0.00867442108096
4.42962194506
6.75445755778
0.0108258507304
8.92394239071
0.0111395357164
7.74669918406
14.8432068319
6.84881737979
0.01586804708
4.74855902687
0.0265387111067
4.03515106111
0.0161457328977
0.0226485327571
0.0156189666533
0.0188807310503
0.0126573185702
4.79929798503
0.00532511063905
12.4016430497
3.65095591101
7.55554938084
5.6186456379
0.0130989711369
0.0183488483338
12.9078326901
0.00794311560888
24.507692603
0.0
10.6394099595
8.18797043841
0.00220152776239
9.32714205613
0.00283962587609
6.21319997691
0.0058905974226
0.00242337400377
20.1878132455
0.00752179710531
3.32888701363
8.7801692005
4.45537994934
0.0174057600367
18.6466064085
27.8291458675
3.75872355865
8.81728943682
13.0747812415
6.09314822344
29.184520514
37.13994893
34.5218260697
29.1010692474
31.4116055577
61.5153449461
8.67749049188
3.99349569527
0.022203741828
96.5530928206
78.6696237753
55.2058844481
55.6984840769
4.9913328681
24.2818436203
9.04455629084
0.0288986871771
0.0393909592253
31.8507115958
48.9519285005
28.7981583595
28.0941288805
22.8262664682
20.3141841461
22.4050245441
27.3103025023
28.1685200116
32.7475459391
33.0770928147
24.4911655993
0.0230870255114
16.0814587121
6.96653701071
10.346766908
0.0227886286633
0.0223961949901
5.90354428883
0.0215553405756
0.0201399406425
0.00338063849432
4.03427542954
4.12438681663
0.0111605367852
0.0107968417114
16.3698551774
0.00206874976832
11.1953429358
4.29812092597
11.332918671
35.2337186476
26.4527951249
0.011018453924
4.23892343981
0.0
11.1422850454
20.6497236167
10.5045388801
0.00389224751372
44.6624594886
3.77153583604
55.1237924731
0.00646642126696
132.830603786
7.54102916449
0.026252573216
0.0439589532184
0.0363447420472
0.033497260555
4.53924206399
3.65738533478
3.8257889906
0.0302074878717
0.0421904527048
0.0467186070188
48.4190617155
5.34860111233
23.302372191
4.88703104039
0.0516669086206
0.0163400407715
0.0114386192202
0.0152983545316
23.9597300647
4.36775785561
7.37770480644
6.64821438228
17.0752076725
22.7723903251
0.0141236894013
4.58553495696
6.99902430571
5.23237216255
8.3174003133
18.4866028168
0.0343057849526
0.0156390175396
4.09683159332
8.6835588851
74.0400409072
25.8098482354
4.4391650799
7.30767227996
32.5074212362
6.06001603958
0.0173929076343
5.42287279726
0.0340046556539
0.037746831333
0.0277698091472
0.0243017197845
0.0220436986487
0.0254409642569
12.9354977368
4.27437987316
16.3887365742
6.39270099004
0.0554226480748
5.74658663469
4.22187161718
24.8996182275
0.0393642927204
0.0478730474091
0.0453378923049
4.92091641219
5.65636461181
5.86995014972
0.0884667552257
0.0737417325489
11.5818073769
19.9247177897
4.35019109771
3.68933833314
8.70250282221
30.1986357555
0.00885263675822
35.6486585174
0.0209158405887
16.2656638838
0.0257535429364
0.0229778653522
3.70892587971
10.8422310283
5.20408690427
0.0213075181485
23.9738138423
4.44882743072
5.83925038143
0.0210614439297
5.17858548201
0.0357398919359
12.7738428832
0.0224267943324
4.11682205997
0.011898166553
20.0302449067
0.006404920946
0.0059079849279
16.5207085615
4.78151492945
50.068806213
9.96231353583
7.07863554343
40.7058260595
0.00878342044589
116.812046625
109.571062057
0.0199240730852
0.0314785373265
4.747833433
5.09460971441
4.20462534066
0.0367323719066
10.7133087442
5.02663086642
0.0348242747198
18.7476375788
42.5091203496
26.4187753331
5.2126883577
0.0565103166306
5.81028346987
5.00150254738
10.2700943297
11.9809223539
0.0146857333832
0.0134949780154
0.00271672255412
7.02207663287
4.14890830677
24.3681212616
3.82514888506
0.0149194923771
5.37765583874
5.19116629531
7.37610269371
26.4402242072
0.0270014203417
0.0374307754511
3.7438700291
4.28087940094
0.0224204598822
16.1768321111
13.3099917413
98.1649865833
0.0150188983218
3.60562236989
0.0185421653037
0.0175003724349
13.6474869821
13.4773469895
0.0268306084991
12.564155423
18.7182296345
4.08131002875
11.3795625195
20.7926458718
15.6632451894
4.9273485877
15.1740044703
15.5904956145
5.37776191023
5.01804825755
4.72009495127
0.0547554546509
18.6928262942
22.9626782722
21.096722105
17.7099704712
17.6416702565
21.6004296698
22.251854422
28.4708657408
28.980704089
28.5274408642
0.042901135385
0.0452705673039
5.06325876766
0.00263496690339
0.0220644168968
0.0156783713887
0.0132355546851
0.0119237433072
13.2439431911
0.00632220310608
5.4377659922
0.0181131868409
0.0206836393099
0.024808012434
3.88728482928
3.87676096471
12.1476024764
0.0220580561426
0.0203860816279
20.5817350408
22.5091858153
22.3364375634
12.2198303812
43.799077287
26.0681431741
0.0125328812158
0.0132579913785
10.665653045
0.0199610926869
21.0423166537
28.7458597547
7.92465345996
0.00345951569086
125.841186965
0.0171559768975
0.0203321662121
0.0367322325754
0.0293779349032
0.0312046840644
4.12370127508
0.03381566281
8.66657382546
0.0345070898069
0.0345702654242
51.5612960281
35.2064692163
3.64763077732
0.0535778898877
11.4702433403
4.04342702323
11.1967339609
27.629184817
0.00541631882762
0.00507386313757
4.01577467062
7.32929443639
6.53602007721
24.0813570115
11.5792790185
0.0202488958696
0.0188207494432
5.65961656665
0.00641940204411
21.015071246
7.57454145902
0.0233877807611
0.0235712317256
0.0198700787713
17.7281499204
3.66271662589
25.6850220524
0.0296514807192
45.8098160848
24.2230585919
15.9150823076
3.99782517097
4.97416398308
0.0252187423225
3.62615285949
0.0269287783348
0.027068351902
11.4889417161
4.85998512563
3.97894590588
14.0057585754
50.8876997725
0.0
0.0
17.7573063275
0.0
0.00100116709767
0.0
15.5285782413
8.06191624797
7.26618457118
0.0
0.0
4.39330748771
0.00233326024502
4.52667486023
4.35662594665
0.0023246178222
0.000736800618174
4.04696433825
15.1856618064
4.03385097276
0.00558151225964
3.93643900585
8.29203141788
0.00960311745695
3.69248355519
16.3754810755
3.61626468343
5.13938887151
46.3523410217
5.90107324177
5.65047079167
3.59046994083
0.00266846604014
11.758862193
16.7946154872
0.0103289023394
3.79187900157
28.4311512068
4.7269808583
20.9655854988
37.8222289411
15.8463871834
5.66141473678
4.47224034825
0.00594475991764
5.67173812464
5.09912378088
0.00620922197556
0.011516431318
21.3202770402
25.1485572572
13.6973987638
0.0104650186795
4.87660993578
0.015641341791
31.6637219252
35.823951989
22.6831273209
0.00559105456927
0.00246548478845
16.5680686905
13.691836545
10.3244036155
12.6054671881
6.3978620828
78.2730078108
12.6840629721
0.0128640676359
11.3181027805
21.5556610679
18.7242516201
16.1976851415
13.7765455015
15.7647468926
16.6612699051
16.3895672461
5.87844052375
0.0
0.0
0.00248658669097
0.00412908228957
17.4693359744
0.00347221708501
0.007908065477
64.8574201227
35.8484457119
0.0383579605026
0.0406296453091
14.0825369259
3.86710352061
0.0414085284796
0.0339009156519
33.8249889001
3.87273983386
17.6019633268
28.8192895341
18.3835844727
12.8039665739
10.4686225179
4.01850424267
16.9738736471
0.00388070626126
12.8049761359
0.00274293277627
7.83537014717
12.5603640191
12.58695677
32.192336344
8.99996697522
17.1693078115
25.7119352532
0.00598447250595
4.90641464699
0.0
60.6212202041
51.1250903623
26.2826711008
21.5163448689
14.088398093
0.0080140398279
0.00869079613416
10.2853465336
15.3775818344
8.58481073424
13.556676607
22.9703793568
22.7605428711
4.41225228135
9.8550421145
0.0417690743234
4.36113082616
0.0749639004339
0.0769154429427
21.8832060404
8.13452407953
7.80592733299
22.949076994
0.0622085585282
0.0467497305566
9.10313330425
4.50413072375
8.99021878673
12.6858991704
30.0119310568
0.0214793631248
3.9413152266
0.0228500094116
0.00065606213946
0.0
4.07332443194
4.58256238925
32.5013954815
17.215162541
13.5722474815
4.19285314589
59.3665247702
12.6853375589
37.9774826707
19.9201289398
17.8821745396
0.0451534379072
4.55287300979
0.013800233374
3.80459667544
16.9391856681
12.1282322432
4.34005549248
0.0085847418515
12.8148421287
0.0138555122154
5.13514510845
22.3999355982
11.3332335295
11.128909986
46.9139831793
16.0059121207
17.4502065407
17.5144315463
16.7845642753
6.27176570972
38.5988565283
19.1351678223
0.0434996569316
5.18759791193
19.6031423999
15.4349554233
19.2817352291
14.6578381498
15.3131449536
15.033809852
0.0239143435602
0.0203258782812
4.36987072096
3.70389868449
85.1401481151
9.70339333343
22.9127458867
43.4119088134
31.7326691543
23.9167472732
17.3558125195
52.5460697978
15.8757845428
19.5477263561
23.4146962661
8.20578687101
12.2804603033
12.9885506161
13.0974045125
45.3003878564
29.7467595889
0.000760953016854
0.0229436695564
0.0228058932443
3.64501083288
0.0378955939654
4.2328338091
33.3191279673
8.31733472543
3.59569313
127.358052754
119.235313191
110.968465984
102.48277258
93.8134203841
85.0116190731
4.50949818781
71.0935967131
20.9781253779
6.19444897619
24.2476513422
4.538586937
29.809234434
19.8388695501
15.7561279646
3.7319318882
0.0
0.0
26.5690117318
0.0
29.8452608618
0.0
0.0
31.6034813814
0.000654993882797
18.2887452982
0.00371692734571
14.1819984853
726.307899443
0.0
42.4887090711
7.78352792868
47.5683690062
42.662971844
24.9395608187
31.9758039336
0.00278196500352
12.6557121572
12.9726737272
13.121803989
13.2140402232
0.00550357882269
4.75316517865
0.0205898669463
0.00930592298428
15.8087780713
312.084258911
5.3615284292
0.0
5.40478980415
0.00597673646306
3.72052985429
11.6641763195
0.00754021687334
0.00790979208713
4.67469628289
48.4500351297
39.9479072531
3.75001370867
29.1694138171
0.0126742946019
5.37148234443
3.80260394358
0.0114276856386
0.0185992528335
0.0289184501024
13.3657285102
32.0075925414
27.3030641097
14.6772420526
15.0209607187
25.2776581046
42.5440127507
18.2843686652
15.1850375418
3.89295053612
3.87920087037
63.1794467576
27.3924729593
0.0696944107459
0.041162492452
9.2879374528
96.8080138407
0.0306043342301
39.5602992502
0.00359312627252
164.853762961
4.28873850719
7.62477724299
44.3825950473
12.8532851106
16.4197873879
5.84221116257
5.18950300307
0.0224989360045
0.00820397062105
11.2416257839
7.37304526851
10.1999374013
4.80828145068
0.00336989540403
10.962747353
0.00765606445022
0.0110386353679
14.4830299135
0.00600193807859
12.8258638299
0.0146801976832
11.2184298944
4.95288916941
28.296007551
11.9289790635
0.0515792058669
11.3995908124
5.72120268671
0.103260710141
6.81239157466
0.0816599206651
19.4655068193
0.0700362388101
22.1750873718
0.0454179924163
0.0419200999515
0.0660356750646
4.56650423527
3.78255278389
8.02131314483
0.0164289909399
25.0147526558
7.97226748458
0.00214007325059
22.0123438058
40.6775775473
0.0
19.5297803127
8.67611139362
21.4701470479
0.0101724158815
4.2752522248
11.645767814
11.8292772477
12.2823654035
11.8354249819
10.2272316018
4.97170694252
0.0256488697146
3.91654875319
7.74724596305
25.1567624713
0.00874962467958
4.18198459535
0.00853830020648
74.643023494
16.7651273714
8.25108844831
27.7441702372
4.10281539698
15.6012261377
10.3074592045
47.2517486959
15.7884599989
0.0218658557384
4.47314072884
12.941451323
6.55736693072
31.1490403632
0.00603966066683
3.69642513782
13.73416485
4.72311031505
4.28204910452
4.97416539558
5.26620579573
14.1310854479
7.06193700781
10.2234270131
9.41785884993
3.61876462359
0.0128404951027
0.0249889112722
44.2895825465
6.6738558477
30.4551133215
0.0163517306265
3.7604180866
0.0234757110832
16.4956333063
0.0332267780866
33.3986007742
8.80768983274
13.8685721605
5.89607175287
0.0817352078928
6.5930226922
0.083741870402
8.22849450494
9.18317547924
71.9520691174
0.0493432154305
8.81147928897
12.7848594842
45.8229904884
28.267061103
0.0337267558392
0.0857855760191
12.9204684922
0.0763735483936
0.0737538114093
42.2139346942
16.7590442691
4.0049607027
0.000836829780085
20.1761707027
38.3469532776
30.5249015038
4.83685348474
5.209700444
4.06026933577
0.00573984983831
3.77236144829
30.301250558
51.4534352162
0.00543473299976
0.00830772333843
3.73761823038
26.1879389598
51.4456923562
37.5033117255
0.011153023448
0.0127622486159
0.0149529006706
43.5415335771
14.6670088963
3.90155965375
24.9353088799
3.76190836709
4.01538143101
8.70832446754
0.00494059282346
0.00233742508046
14.3705941575
0.0
18.321278011
0.0
0.0
0.0
0.0
0.0
0.0
0.0
0.0
11.4736380134
4.61982343454
0.0
10.3205282615
0.0
0.0
0.0
0.0
0.0
0.0
0.0
0.0
0.0
18.3718413486
4.68270618076
29.6053872019
43.0015363797
21.2413376532
25.4662079091
0.0
0.0
0.0
0.0
0.0
0.0
8.32746710225
0.0
29.6459956519
5.5934860995
0.0
11.575945491
38.8189289958
44.729705981
5.83863449277
0.00164636303393
38.7824755247
55.4925139933
0.00265641925686
10.2588017391
0.00592522477684
3.59921263202
0.0285612417519
0.0273062922992
3.83328649321
0.0250522818533
10.4864832429
53.9325988462
37.4518437622
17.6025058643
17.3066945896
21.6058105353
4.98902483603
8.46971998432
6.60888623042
5.9849639811
0.0189083268402
4.47201049893
3.90882908016
4.74949129193
0.0184792103256
8.1574438519
13.3894722554
0.0160927542477
0.0239123027096
5.28496373354
0.0303577447686
0.0252842181166
4.02083159927
83.7161205575
81.2520031668
3.7739738384
4.99535892327
9.06460654618
4.73098784378
5.53420755433
0.0169939010156
8.74830232277
4.78008285067
3.9130654015
11.1204269651
6.89912112281
4.10367382073
11.3012691938
0.0471756741899
3.84384224089
0.0383955797219
33.5427349752
0.0427748686945
22.0581525973
0.0580164590729
7.51169516555
8.05341953399
8.25698551059
18.711451853
13.7768218681
43.5409603996
15.1086486236
24.4607411476
5.50421403019
7.62090047091
6.51620788246
4.29592032615
0.0252070735722
39.0642306915
0.0293771725597
37.2151811487
0.0259110611381
47.2115288707
0.0187674386922
21.1381952435
24.5337699532
21.6128521807
4.56092251675
6.71107074828
0.00578451501067
4.4341802266
4.94358603292
0.018763280465
4.33659375728
82.7943274647
0.028013266623
0.028554036171
0.0240693990104
0.0244493360887
0.0159480304417
0.0145762607761
0.0121948868143
19.3055029106
8.64281295374
39.3372101096
40.3270897481
70.7427653617
0.0273642912644
0.00883359375414
0.0139271199476
0.0147159273661
19.0702566124
24.2028054112
33.3337041595
59.945494131
0.0196998419672
3.6648072614
6.76228061145
5.88300500697
0.0146330666839
4.07694019296
19.7438915871
35.2802924955
16.0767956626
47.0671564707
4.97341296143
15.0605346829
16.1126397504
5.79529581997
0.00438844867873
0.00488684520246
6.0483129995
0.00544973443464
0.00551871481147
4.47845151422
24.0868803159
51.4518713353
4.65619552534
41.5535992252
0.00570271296292
11.9371275521
5.92254311335
18.4186622964
4.47367692939
0.0199974614887
75.943676219
11.5741032922
0.0206344906894
5.55035437799
25.1843828424
6.91226988676
0.0246248390878
3.59253720653
32.3494640285
17.4861985146
27.5098780028
0.0410992575486
19.0142191112
10.0896560562
0.0359157722936
11.8322684917
0.0344531850031
0.0327826652305
0.0311633237858
0.0265559586584
74.2034360586
13.9498817729
7.07971235713
8.07336582827
17.5736165757
5.97137913488
0.022156813211
16.820674942
22.5685102501
13.4395997954
3.64279608252
0.0155438015269
9.77327046311
11.460512216
4.45497934314
13.2865035118
7.55406837485
0.014189476643
5.89901297408
25.337004931
16.6546778155
33.1843108406
5.03607249993
13.542903989
0.0147303004683
6.13965558501
0.0194675955278
4.63159045685
10.886074853
0.023842197162
0.0235596232533
15.5902637486
0.0189732765787
0.0261021188359
14.0385596763
4.29943382487
10.4756649651
0.0289832928532
75.8408928888
4.04591859226
5.15911355299
4.86422694977
5.37981852893
0.00966500099689
0.0123104768167
0.014712375831
0.0168634657788
0.0192811658467
46.9260604656
39.2138850066
28.4138771467
43.5099547421
32.5449106683
3.62562733282
0.00581209708252
5.57548469116
14.1865301223
3.76081278424
0.00699724775766
17.7461827057
14.260498626
41.9718654271
0.00543467759499
0.00499358833547
54.3087310614
3.88173708728
12.5469264538
4.83246933439
9.30207475046
12.1406579285
5.62743289962
0.00900009077018
24.519878428
0.0144668822265
0.0115724312979
5.00096463135
0.0142890860552
9.70847825996
5.50616049562
0.0156077496629
5.19037122015
0.0235209637514
0.0403655521099
0.0525741379059
0.0237075085222
23.3470833885
4.86591208461
3.76346003636
3.5811204649
0.0173710328614
3.93714224525
0.0156263063065
0.0116034821378
16.269489553
4.96646726483
69.3988910908
4.2697411736
3.59180831018
0.0455492522694
0.042053530232
6.71018690089
0.0429409296651
4.18119881599
3.73464473269
0.0504616330134
0.0336522937883
3.67959414599
0.0276552841734
5.6193054009
32.0291449645
4.51404501535
18.5456230861
4.99183972164
0.028258740089
20.6083350373
28.3514745587
3.64723947603
11.7179834502
0.0293443304271
9.63447362474
36.9525894929
9.43760504983
12.9444185413
37.9593666011
3.76707976064
29.6556704453
0.0262185270757
0.0355520359619
4.16352126304
9.99166025126
0.0331452143962
4.14098977098
0.0249105268069
4.57296231994
4.48479680042
0.0871780339437
0.105818481861
32.6239176455
0.1088603107
0.105029862182
0.0811470002524
4.30559051911
16.3203761902
0.056656101974
13.9265724885
3.7017979357
6.49654456595
5.46039894139
0.0179480385696
5.28697681441
0.0399753341329
0.056337574393
0.0537415441718
0.0497373023665
4.07078248468
0.032185327923
4.07806157662
0.0107268750971
5.82445470588
14.6557411025
0.016970280212
8.44684021278
0.0227401326189
5.91854195038
11.1469718814
17.2127853821
0.0224882336056
0.0215590483005
4.48689409072
4.046159971
16.5518368722
0.0258109879688
0.0236328467056
0.0248005715524
0.0265303743969
0.0252715873605
4.53176902326
4.53129074539
0.0239631627693
4.80578888921
12.7950382801
0.0219190522455
0.0221516050181
0.0267105948954
0.026176167676
55.396400866
4.02349577507
24.8077920471
0.0360330045177
5.50667463409
12.4283527516
23.4717923426
10.8460047309
11.2787076888
3.70672191702
7.00354404639
0.0210670963352
21.698478814
11.758331518
17.625773814
0.0237394008709
14.1832155133
0.0548689333537
3.98810737861
8.33189498436
4.19299222257
0.101433089437
0.12267176161
6.11386599502
0.117236653872
11.8771021728
9.75018781065
15.9865616358
17.2171288049
16.1844694468
8.4200627272
14.8041082578
15.6056630574
6.46078463548
6.0399402764
3.8851637165
0.112104248535
0.113390975322
0.127021868233
0.240090307033
5.80499441773
0.113191122163
16.0633275647
30.9483238636
3.71078509309
3.63690575349
4.24520585156
0.0513634356042
33.2914630908
0.0249953218334
0.0163753259547
0.00520213848941
3.6234549078
3.96811565673
4.59503437952
10.3467801902
5.70260474826
17.3183288942
0.00106562686861
16.7831777234
0.00604535550632
0.0063284291189
27.564606423
42.5283068599
58.878838837
80.8681965919
94.7046194202
77.3462727827
3.79100401167
3.6400159452
0.00367598857696
0.00742298122329
4.44453165754
103.894774474
0.0119683102612
0.0136427791895
0.0221101719795
0.0128474247072
4.73513410923
4.8349547854
5.02442050854
3.90458937027
0.0152502637791
0.0161250833316
34.8998304295
41.2981815531
4.49525088195
24.7785768107
38.5293082189
18.6849322354
0.149216237303
0.0755855376245
0.0364101420561
13.3323481269
4.79547933434
7.03289897445
6.36996309714
21.3126642798
12.9930745148
0.0170808111722
3.85120237932
5.82409627984
4.58086629823
0.0035344333714
13.3601260092
0.00603766322835
0.00613519305966
3.79987497644
3.877428826
79.1096907878
25.7521993992
3.87131227632
50.2989675864
0.0110168440317
4.85562746973
0.0148267549068
0.0164603317737
20.8768983982
3.79133108219
0.0345152583016
0.0381589565562
0.0429035711323
54.2770975282
0.0211221306428
30.8021255957
18.7028243135
16.2973677846
25.5434746576
0.0441277541822
5.18501019024
4.29172825202
0.034357220561
35.5435811409
20.1940897298
23.3786814561
16.4596062049
12.9457316924
14.0116376318
15.3412328288
14.0882442377
0.0624517515706
31.0410681038
20.748769318
21.8545313415
15.2503779571
4.72873668199
4.62279598714
15.8031184755
17.8508760669
20.8579744966
23.4920933526
16.3828083723
15.8035871278
30.0229840331
6.60697665051
0.0306389018176
0.0200601646312
17.1298141395
12.437551396
0.0173045223358
0.019014377541
0.00923940745498
0.0067660561986
0.0083014358723
5.17374067994
0.0122744276276
7.44439881816
7.8954958198
4.92802077905
44.1186701986
16.808487248
31.2225433765
21.6940076403
0.014943320109
18.6669588425
0.00671382314953
5.37626304493
0.00420101796577
0.0228369806556
0.0223760715313
32.9526469977
9.63270953375
55.4119213143
4.78167141256
117.986458294
5.11645429441
27.1719018606
0.0290452472802
5.50899054971
4.98322255387
0.0293213265321
0.0421780199435
0.0423359782712
4.83521722083
0.0269602975785
23.6512745435
34.20965199
5.270252348
5.85460783022
6.08390664769
0.0371476519601
0.0303315509235
5.79376553794
61.1126906394
10.5327159661
5.39774243659
0.0238445322359
6.73318752278
16.571931484
14.7332852443
0.0187625034239
0.0275637766763
5.94830264246
0.0181607883228
72.1138946173
4.87363637569
0.0294300933823
15.327780304
0.0128182180323
4.91068006222
60.4735041704
4.78272982706
0.0316344245232
52.9653578103
32.4978610243
0.0142892749558
22.9573947596
21.4612854624
12.0336483039
0.0159123258862
0.0179918148807
0.0343710974696
29.2311227027
42.6713175458
65.4657585167
0.0380814653994
16.689681015
0.0455421861118
5.63940372928
5.55038967406
0.0294321764543
23.3013509329
0.0455250279838
0.0332597544529
111.75984325
0.0382897172726
0.0421531820907
0.0467344015848
0.044706580665
0.0441835819529
5.27731882819
20.2595628902
55.9657037439
9.41382952451
0.0247374965558
13.3695757676
18.6394146793
23.8499319387
12.3058488058
0.0182365611552
16.7313395399
33.6756448847
31.726461246
5.63039107071
0.0076117755535
0.00962568779182
15.0532504364
0.0101822535216
5.64524384847
0.00675626937443
0.0220906551252
30.3000232181
75.4709407441
4.65471146317
46.9799061092
20.6545902181
0.00241849745573
0.00255138689123
7.82340918132
10.8097124957
0.0152796799287
26.3157160652
5.79004301361
4.77485431168
35.3076462954
64.8829245162
116.333150792
104.432417298
35.6247098789
0.0252295734976
0.0217562686572
4.99321365581
4.79281146183
0.0273729906884
5.52755960638
0.0221025881879
0.0620316894487
0.0632141388705
38.2818816766
6.49398424425
0.0637299221084
0.0758282101573
21.3640306726
0.0540602214704
61.2660480264
61.6490118253
15.7934327899
5.36750696228
0.0206786492137
0.0131707110392
6.13226939549
20.130232816
0.00866603523334
0.0115663217267
0.0123118474253
0.000908875307063
66.8399964949
0.0
73.9715067907
16.940795972
10.4579615789
11.3844622351
24.5309986772
96.2942745218
4.68679758616
61.4693902615
27.2590272312
7.20470206564
23.1042907227
22.8890529607
13.9062343332
8.68283902261
8.14585241739
6.35293981183
0.022666625145
22.1146210879
5.52404768399
16.8915882897
6.56903110931
4.66497931897
15.6957026294
15.7970911436
5.17154398428
4.9575125174
0.0436253395396
0.0434927727952
22.2588890883
26.2675853545
23.9642611982
20.5882120099
19.6363923951
24.2704600444
26.3351288084
31.2931581627
30.3702896255
0.0779010050126
19.8627435375
22.2336568249
0.0252042620757
0.0397612601138
0.021579705494
5.92987806417
0.014371742767
0.0142861006416
4.60810216933
0.0259798572547
5.33923448805
54.8955820553
0.0
5.34170949372
16.6297134118
4.86355826025
0.00998557096232
5.24223648002
74.3615664225
0.00989856773982
16.2241773816
22.0509014047
11.6813433776
42.2566589421
19.0896052343
0.0
12.5596043092
0.00995973759535
0.00427431496685
14.7228503548
14.9165613476
62.0103915017
121.281545341
125.077507598
46.1983971568
0.0338800052559
0.0216333134158
5.26369842911
4.67748674847
0.0270127093085
96.6892030138
4.90693425151
4.9207220119
0.0377336802553
36.4343023648
31.0635078666
0.0440357478274
14.2376856521
24.0588184002
5.17272097924
60.1795425487
70.1061380927
22.0566901559
4.8825094271
0.0145673855483
0.0227207866716
6.42400295418
19.707962457
5.70419565706
0.0166428600313
0.015331173725
5.62318639628
56.8657917325
74.4225557615
76.1391315626
66.802655695
4.62130348376
0.0123847062976
4.91774813226
77.3387819605
4.87333621763
90.8299584033
46.3866569778
24.7692025457
23.0192130143
23.0585403352
0.0111805468172
20.6504567104
5.54977771385
0.00740832939199
5.80526719856
5.36680069441
4.67156650111
0.00263992799781
7.16538575146
11.0050792773
0.0
18.8628144453
17.1787459893
9.98039151384
0.0
31.0376348506
0.0
0.0
6.81001258592
41.986251385
0.0
0.00378486751979
12.9713298635
0.0
0.0035184909344
12.6886148026
0.0
0.0
14.8859404286
6.37572469693
7.20964984288
0.0
0.00369767803415
0.00479841605517
0.00316531077288
16.5733315172
0.0
4.99964217553
38.9597212876
5.87372623841
5.65946196653
0.0
0.0
5.08454746511
16.408778687
0.0
6.44823790829
19.8385673047
0.00184712995908
7.29616323235
40.1560634545
7.36007739336
15.4349751081
45.5411413049
0.0136564971867
5.72838201518
4.805606211
22.4824604436
0.0251617237848
18.7428080831
0.0240024845262
18.6300296599
12.254718436
0.0192314159042
0.0163360885406
20.8844901506
6.75537516347
0.0264400196607
0.0355397087681
11.3518985355
13.959853559
15.3601454465
41.6186979364
14.0562920358
0.016321469086
5.00965625326
7.48621048505
0.0294601220441
29.1372267111
0.0272752277513
0.0228379310822
36.808659007
78.2549798702
42.6077255721
7.60144585256
19.1030601112
17.8157745079
7.17452691377
6.03545465514
0.0155564103574
6.11799894598
0.0220283707115
0.0228396446827
0.021544401137
0.018226228164
16.6317457653
5.73129730817
6.0581183952
12.0137743859
5.04317028418
6.31572569597
14.2309662546
24.2630039205
7.87581248513
5.11150044436
6.64335730575
0.0102841275015
114.135090004
165.456420615
0.0136653571955
25.4239766468
89.3683552654
0.00424893445394
0.00718155452739
5.11361333363
0.0180215216783
37.6114542652
0.0188810804852
4.71353082833
5.22434818654
0.00701609890655
35.0585121025
17.4238683717
15.330225415
0.00176769959916
0.00280286780228
0.00947887875366
33.9969633207
39.7115876648
0.0124945737581
15.8256990412
0.0131059577187
8.81224400961
6.09138916533
0.0175526163344
23.6514052938
11.9163433276
22.9947338844
0.00363969385539
61.5823197058
0.00789210405945
22.078408337
0.0123854103169
0.0136304969588
0.0140037903955
0.0130411239908
18.7386267756
14.3136370339
5.45419412099
0.00204535245653
0.0
6.52693211707
5.59024119596
6.16568660904
0.00399479695282
0.00731155470635
5.97386915898
6.07579032546
7.69393815682
0.00407017380371
25.6073883618
0.0188810279404
19.0528607132
9.10582459533
6.11393273749
8.78058701436
12.3597229158
21.2352645378
5.55908083824
21.3873906993
28.3091436159
35.4536357967
21.3757741244
7.89770277935
27.6241328767
6.11079542611
13.5832845807
6.74765140102
0.0103112780553
0.0111073254145
6.64061461081
7.5820029329
7.27680194375
5.86753928191
0.00723090848036
5.81040837089
0.00356828392872
10.7317349803
0.00551018330578
26.5440308651
9.53784946068
4.63034871763
0.0232495266517
6.16135163572
7.90464863151
0.0225006294024
15.0994928463
5.0762568379
0.0103765794539
10.984276623
19.4696988673
7.45616064818
16.3334746552
4.69228323632
4.75248237582
16.4051348364
14.0306464386
13.6771171297
15.6356236701
6.84098558057
5.73934289082
6.04702448657
125.160558111
0.00665474515435
64.5190570573
0.0152630386422
0.00412992163956
4.76423950829
0.0301963312807
5.12534255842
5.42228641748
5.35885683683
14.2976912935
28.669234077
25.8660695709
13.6478103492
5.66376965026
0.0167794503694
0.0303610698103
0.0363686737193
8.95526997267
0.044499076743
0.0430184766786
0.0410051592514
0.0361792409086
6.80608682435
6.25969876406
12.5267774168
0.00878404376946
6.40202504009
0.0264097709621
20.269171026
17.6719030108
0.0399020639534
0.0439447018357
7.19796120182
0.0470713939133
0.044319206636
0.0399129167637
0.0274852968702
0.0138962595123
0.011375744295
0.0104544755737
0.0113084494927
0.0
0.00742304042241
0.0019064738315
0.0394055669962
0.0515088998246
14.5101535028
34.3173572317
4.87504901358
5.14008049652
0.0188442540209
6.06869564269
10.5732748018
0.0179766542968
0.0303902797438
5.52561989668
0.0202419212221
5.47823782126
0.0168310570085
5.18560594987
0.0436893145017
20.2138651675
6.29768056817
7.66880148243
18.9819649468
13.2079965563
38.5266242123
17.1496649995
0.0321055637971
0.0371768330203
4.92262720171
0.0383760786001
6.10448744335
55.4770702698
76.4747032135
0.0922292244519
18.4126824788
12.0313083944
7.69983922265
5.38088697621
0.0359073357857
4.83769088016
5.76172335811
7.32906844164
15.680132742
26.3547870611
7.28786977443
99.1236991238
14.6660686159
4.65479971249
19.2804311032
20.6225933115
12.2700240583
18.072958929
11.0949790136
5.66502659288
5.39012239216
4.80482051864
0.0484805298972
0.0405021533445
0.0285185031026
0.030095709769
6.02613483472
4.76898228096
6.81381822467
22.2046510327
14.9663065597
18.8719599648
22.8492924385
0.0363426722381
0.0391590379705
0.0415299389135
21.9722746969
28.139730669
17.6487964674
28.9917973139
6.53287813152
19.5079966525
0.0546764795625
0.0491958874139
5.59580302248
0.0387419997801
5.9966807179
43.4456294997
39.6934897759
33.7688522683
35.9433959795
18.1602460848
0.1013010376
5.18749478772
0.0730745152238
5.22875884498
0.0764673093391
18.5904667057
0.0590097924942
11.2469581007
17.0296752206
15.0275511778
5.60333608524
20.6790755223
32.9290225824
0.0694873490766
20.1277379696
22.8889799509
26.6521594744
13.6183704065
5.3529166005
0.186643110229
0.187093199186
4.86982938712
0.206421804528
4.641013827
0.0974346349089
14.4052820211
0.179299014727
0.169674456587
6.82949531924
0.206757293955
0.214655015517
6.15364524578
0.221924225518
7.98341039384
0.230959771496
0.279044550344
4.83539258469
42.4638711519
19.557727192
4.94789317327
0.293788272383
6.0851746203
0.30853806241
17.3899035047
43.4459867252
5.27510075701
0.316953152915
6.04046537323
12.106987016
42.6666672354
0.334198222758
6.69400957278
0.377307074402
0.336548574641
0.340795606024
0.358161773318
0.361837888537
10.5632700799
7.28004607841
0.325018797316
0.323292947236
23.7013564856
12.4923856578
19.3913153192
12.5923702624
33.0355034
5.89507678441
7.15599213989
9.03623557372
5.2670568181
4.94727855211
6.12572262451
23.2615585665
20.1695916949
0.188357417864
4.76683673116
0.143118537809
0.163796006012
0.164200217743
7.6239477867
7.81683914628
7.89296173943
18.9200779099
5.94003082473
4.74538673446
23.4431440355
6.24302797438
0.192648455393
0.191495035821
0.207457680321
0.206879793439
7.40287438515
7.03888364939
6.7013647557
6.90221631564
29.4824409723
11.8957089114
18.3528946602
11.5233072245
5.19161953472
4.70267205705
0.111361754748
0.0828631680129
0.0708694379612
0.0331213192031
19.0043426583
20.8607161178
17.1922154792
0.0201203619426
0.00998859089469
26.7500804349
20.7298176162
19.0296210887
7.45272321867
6.23439803082
4.88519013812
0.00908912643957
7.02049808279
8.22760827517
0.0198868517372
5.32279340605
11.0136855972
6.7309515647
52.099660482
29.7696850415
21.8656005301
58.8192690222
107.614823989
0.0781630419119
27.904116535
5.47728497922
0.0400031734589
0.0466589699018
5.29804028108
0.0621989680146
97.1989752728
0.0498600106677
0.0750109385791
0.0727670629601
39.0726229839
6.75898185189
0.225805442117
25.9074141891
22.2862169342
0.102046267762
60.3933886145
60.7521665679
10.8661698223
5.60626878776
0.0130570365591
0.0279460642361
5.88249030984
19.8265457338
0.0149163510945
0.0172614159872
0.0406130077483
5.35569213227
66.4191706181
14.988881013
73.5439354544
23.6867599112
10.4536124719
18.0312933048
24.5719753637
97.2754123475
4.66555528488
63.3137779215
28.0647959182
7.42007184116
23.6105350632
23.4192632559
0.0101291511195
0.0120493555636
15.586686155
0.0241797178867
14.6252872961
26.3513193565
62.8977498668
12.9215795811
18.1241814363
5.99736938007
6.4458221216
4.86265250068
5.33723891965
4.83548356045
0.0716665030901
34.5427426749
29.4946407909
29.2885674099
25.4860629136
19.8913151918
20.2462808378
23.6453812645
26.639249796
27.7859927449
32.4816042669
30.7754882142
19.1774209147
17.1167789627
18.8356352055
0.032177293537
0.0349510568196
0.0389479347655
0.0379997222067
0.0352185581698
0.0337011154534
0.0514651954217
0.074705524426
0.0
26.3241433921
0.0141535672861
0.0140407532145
5.4170335073
13.9620659864
5.24388363195
66.9963134339
0.010859025649
0.0137243880141
21.9872205061
5.72051385515
29.5355412326
26.547558817
0.0
7.92847110057
0.0128529200751
18.3470609539
45.3858421481
14.8140373061
61.9939502486
121.657330231
125.944695527
52.8446082374
0.03669254516
0.027720236825
5.37130127762
4.85778895182
0.031833938943
97.2544699407
0.0265417835966
4.92762057792
0.0372650026691
36.4042833234
31.2914235985
0.0594736232271
23.9015177379
4.73823537424
11.5933570527
60.4116418048
0.0391487092959
0.0266597921889
5.11083534809
0.0193282089091
0.0266948307114
6.42635592924
20.1051195933
5.93991633513
0.0158913488831
0.0212650785639
6.24058081217
57.2278722277
0.0183808751231
77.2190733669
0.00844857891512
4.91608560025
0.0145011054407
4.92762858222
82.4436365381
5.01539149216
111.332274714
47.3976914733
26.5843799141
0.0279348287475
22.8827865201
20.9115927893
33.8602628786
18.1503180695
0.0261171014137
0.03430308762
27.6471136276
55.8369757934
110.972003375
12.9761080287
14.717532921
19.2079624645
0.0459070874704
5.33653247439
0.0431098050101
26.8123017766
15.5188542381
0.0571101264956
0.0660344744144
0.0674456403195
0.0669228479203
0.0673356357249
0.0662911495406
0.0749317451518
4.72489405715
7.08567811719
59.3485656597
9.55687135451
4.63675166095
11.8891580783
19.7379017644
6.41368300757
15.3691330199
16.2612586077
6.12795321229
32.9818480615
5.42192407965
5.83675716925
0.0104628709114
0.0119548613008
4.78796607045
0.00981132801871
0.00958368039667
0.0182201688523
0.00537146828265
43.4308322482
4.77446948472
0.0093585176606
42.6517250631
26.5583012259
0.00252425274476
0.00258135610935
8.0474504314
16.9185356906
30.5340695466
30.3272185716
4.91363337909
5.3029447508
47.6739638673
0.00599036404537
112.651593376
4.86926515822
20.7783107606
0.0301709969628
5.42274899215
4.82670403803
0.0354134193886
0.0521435596754
0.0450326212486
0.0269879604259
0.0467857348018
16.7844603255
33.2852500861
5.15135310386
5.30126285834
22.3397723166
12.8150252291
0.0524190637526
62.5867863513
60.3762205129
10.518230303
0.0110047927281
0.0114409344198
6.69426090315
5.61759914207
13.9419359109
0.00852115320642
0.0157402360092
0.0204122538333
45.7102353077
70.200352301
0.0309195222868
0.0312517209218
10.2200684091
0.0126765802764
4.85514807359
48.3028220571
0.0268120301538
112.774979124
52.2994646892
22.0593557541
0.0156870103953
23.0112799203
0.0146636269489
8.25805487537
9.04897394719
8.5619008333
18.2070169136
15.5760637598
37.1175579188
16.7072008563
17.8406575312
5.53788352761
5.18480720169
27.1247162999
0.0368432202398
4.79187157954
6.03863253299
5.18324522278
32.2979561416
16.9179365855
17.0763081324
0.048765670988
0.0763487008974
0.0751708970695
0.0910489268496
15.8602322246
5.99331638483
5.83710098829
29.1960629892
7.2038388608
24.0060550246
6.16463410028
0.0489368977179
0.0412651280497
0.0423416681917
19.5848152243
0.0391754481361
5.2855432044
0.0236659147298
0.00354044220756
66.3999484649
0.00561755956386
70.4269934961
15.7324409801
6.45816739381
0.00983615539123
0.0110596756461
7.68314243823
4.7241614665
7.68073414002
31.3492693227
5.92992790058
44.5636876777
0.0
0.000842183212675
0.0106978673799
32.1804813758
29.7112469842
449.095959
35.6146915711
0.0038076293794
121.129128995
108.845950986
36.959293198
0.0317083495842
0.0281273477731
5.07058467593
0.0317920950906
0.0394876003328
108.548145059
0.0240865753327
0.0247647524791
0.0413130104272
38.8149471177
6.67574676661
0.0460927030734
26.9106116993
23.075594662
0.0480321719775
0.0293762053068
69.4647825576
16.5781846265
5.28844256857
0.0157870347215
0.0111316011853
6.07737255735
20.6820065241
0.00879424655937
0.0123932358793
0.021539028655
0.010553824225
67.4475408705
4.62073219041
75.2094003854
23.405753894
10.2914028427
11.5988728826
24.341971221
97.3702877089
4.66976291778
4.96701220746
39.3496654063
0.0105277210346
4.6179245097
4.70385039259
14.6758991032
6.25466603454
5.98347994614
6.85820542146
5.32995720508
5.25454925102
4.70016043178
47.4411445177
7.62451475368
0.0
34.3164493313
5.47589327882
8.21728740405
14.2264861438
0.00364910202383
0.0
6.86692057424
14.2572014427
6.77672712065
8.92622494349
0.0
8.56977780281
7.76057878744
0.00418842574327
8.40616243801
6.76030898516
0.0
17.6818191276
22.5518342363
0.0
5.8898552693
4.66912974745
0.00400353833947
0.00397066269722
35.0256607724
45.7747623373
38.2848116212
22.0157330644
24.0043994008
0.0
0.00239435945776
14.5706243568
0.0
5.1214893827
0.0
5.67018723476
4.9807396448
0.00230030508393
4.69998197286
14.3358257124
18.6681287181
5.90995453109
0.0149528035698
0.0149654548212
50.5291782158
0.0
0.00547212325624
25.1377825771
120.312798411
0.0165619316006
15.8696956489
0.0080914820703
7.69166866223
7.52219359503
7.0286404529
8.2006490245
20.3455324592
5.71992898113
5.0264580378
19.2781084229
21.1061558744
13.3817162982
0.0165500201274
4.77317952351
13.0120191156
0.0297450698031
31.2310815593
0.0185786927183
27.8105374607
28.6240990992
0.00451904120805
0.0459608239234
90.9523569739
18.4434896842
4.89760449192
5.72916198883
8.81156635545
4.61876987215
16.176156886
15.9965653634
10.0672733225
10.2423616927
0.0259147887629
16.4084738289
0.0704410999289
0.0131347966556
5.09597299123
0.0154463663424
4.8134100925
7.72058942375
14.8552863199
9.11871494257
32.1031375744
0.0268090436441
0.0468889004701
5.21645116543
0.0461472467969
0.055270975628
59.4383580101
0.033656320554
6.77383325465
8.4659425228
0.0378121460361
12.0120459778
8.81018702474
8.02507927699
0.0287310903162
6.06382549321
18.0262534506
16.1419249433
10.2705231225
12.4107279499
5.38213715052
4.64049941092
0.0386948728408
30.4776890524
14.9514428967
6.51503088701
7.0053866763
15.0420909024
36.8957505611
14.1994711286
10.9074212813
20.8868037683
5.06201973381
4.76555327185
11.0940051188
0.0129131847232
10.2929916915
16.4247619449
0.0593907925344
0.0619206070658
5.29538718597
5.09597216236
13.0433078443
0.0171720757129
14.950595639
0.037493558406
17.0266373645
0.0458763134342
0.0452412387102
0.0377105701749
13.2887634127
20.2390086179
0.0369884782845
0.0411980861728
0.0432629714602
37.298791498
0.0700141928507
44.6349298348
0.0210749136621
0.0242770936338
25.4666030848
0.0233224784616
0.0277615419155
9.87637773401
13.3636157439
16.4558261453
61.2008383281
49.6547234654
0.020027716527
0.0517423314493
0.0291751481368
12.8583710947
0.0138169013205
0.0178385578686
0.0240539667261
6.2319493642
0.0278609403495
35.7956309796
0.0387368316214
0.0515807965349
0.0302935392285
0.0282627014936
1.14694229961
2.39583473405
1.28680931375
7.39946966472
3.32594819933
0.010482140585
0.0123925812968
1.06501310481
0.0241722632864
1.07988368986
19.3520791729
1.21226498352
12.2832089523
0.0135352687475
2.01463290838
2.16666691912
2.32371104271
3.1993610882
2.69629229904
2.67893732772
1.34875634242
0.0371794891174
0.063913688098
0.0194159886776
22.8965569305
12.2063860392
1.18701401843
1.64418011202
4.05410048168
0.0289427322502
0.0276193524698
4.37099656038
3.33829079673
0.046091331543
3.99594052925
0.0391769688051
10.1378188582
12.8134223356
2.64980161315
0.0125991673334
1.74779483095
1.79544510844
1.73287521279
0.0215795359312
2.33005321839
5.46003496369
0.0469723389685
6.83050504887
1.33557950592
0.0438601592305
1.43722355282
0.034664560402
0.0291777435636
1.18227719288
0.025457934882
0.0266984128065
8.1989780421
3.10660259469
0.0116257099482
0.0216550229863
1.29699646182
0.0105355104307
1.16550379521
0.00967901036035
0.0115576121412
0.00627192509762
1.88199225942
2.12135301383
3.30649791695
5.36917645051
0.00998485143309
9.34791921513
2.38363450593
0.045160980444
0.0229130814829
2.21918759033
0.0162380408355
0.0167794916153
0.0149421278044
5.74061922517
0.0062831728528
19.3508513375
15.3227591794
4.25776574035
3.06097445033
0.0163553135493
1.04737114791
10.8863542715
17.3794592784
11.3219255694
1.09627214442
1.63427633281
1.62011562547
1.60834981226
1.53182159898
1.7055679908
0.102317508474
9.02171652316
0.153787673649
0.128951260383
0.0889635793844
1.13077534389
0.00785385434258
0.0105362979237
2.4311937986
0.0540356213602
0.0636020977656
6.83167834186
3.12943722527
5.66159001762
0.0774257487466
0.079007645247
13.1994886952
1.18721997155
13.7311094042
1.10950258645
1.6673724752
1.8842557044
2.12842486118
2.14760215642
1.91906096058
1.90223599878
6.84197832393
3.07156861282
0.119844458431
1.08305801365
0.0110397215755
12.5051557897
1.11335633707
1.42377514298
1.15813370635
1.66343735917
0.0153651252641
1.47331899107
3.73608780601
3.39572509715
3.26423867672
0.0757032590049
9.2564156593
1.68301515225
0.0115569250468
0.0118898080037
0.0338329888267
0.0319326921042
1.568495425
1.43257815928
1.14440036217
3.52767893125
3.78420853859
0.0848796546768
2.05100233169
0.0672842550379
3.65886385229
3.84021777426
0.0571235833329
4.19144134098
0.0662297425783
3.16501664029
4.74110464074
1.69114972008
2.48412326422
5.00096429212
2.37689073313
2.37283124782
20.6430589469
0.0538352870281
1.20244262952
1.7678474402
1.88972860485
2.12656282051
2.18196351309
2.82643709013
4.67080683098
3.14636882643
4.44252384107
0.0758848844806
0.080456389625
1.21650659899
6.80194351603
0.0778334594274
1.46190412395
0.0616040172704
2.32783087073
2.02089405776
4.35448116722
1.74375669015
3.47351785138
3.51419212264
3.12074425601
5.88748570747
11.7104802698
10.2791703966
2.48648880714
1.7050120969
1.69023451016
1.76866304506
1.626519524
2.17140761425
9.91907320377
6.91643696572
0.0879318667932
0.112620163751
0.0893187524756
2.32168251708
0.0391807008171
0.0318390614504
2.3758926017
1.13764961099
0.0144192864137
5.39727158521
4.42699899888
3.89262770993
0.0858390028737
0.0173692953617
0.00453935350571
20.4249605645
1.08144204227
2.10209395603
0.0110989664212
1.83307344576
2.09405059004
2.20834195499
2.97218087758
2.37456862205
6.23835794795
0.993145130814
9.53616442186
0.0459687490923
0.0406217166699
20.16481646
0.988947746121
1.53221812004
1.39393813879
0.0080579057326
0.0152746624483
5.81560153104
1.04714376905
1.06355455559
0.0108131821073
0.0210755326934
0.0154976956214
1.31890636604
0.0
1.81562780605
2.17390863089
4.27165059384
4.07833233601
1.04718588527
0.00585996436579
0.00438272685165
6.3093301646
0.00102208696274
3.11198666167
4.4522714366
1.17285474124
1.42660713521
0.00444576158074
