0.0
0.0
1600.36599172
4093.82016283
130.856007667
643.883286875
0.0
0.0
0.081017083079
264.307250387
207.203546028
139.527373881
108.08818263
103.920894198
101.51524677
0.176115078832
93.2090295611
98.7703012051
91.4081033257
82.351800408
44.9133628999
36.8983555088
0.0471098486004
0.0275932052525
0.0271512027188
406.473213207
174.684643781
153.344279013
98.8027599967
51.9382326728
0.239300833864
23.4245491739
31.0887568487
40.6289042361
59.4201693042
0.209148682007
34.0755186283
20.7292551774
150.667854464
0.0803494385285
21.5237554571
100.998593453
122.137520353
161.770881676
128.813773712
27.0043603848
20.7388930409
22.3450154598
34.6120991228
0.00848381878269
0.0
28.798180599
25.1156260439
0.0
0.0
0.0
0.0
81.8589306291
0.00577188645899
0.0115975740683
74.8987673881
53.1851018053
58.0215915326
51.959994746
38.5984800746
36.145307186
27.7584629779
31.4546639742
32.5980594194
26.2823201798
329.61790327
0.00766175045885
0.0412833753789
0.222841689988
0.0
0.0325376348513
689.291193086
64.2413975645
0.0767686843058
446.504581228
629.864493535
111.474102388
34.166358822
0.0
23.8033704887
22.3193476495
138.017840171
81.2683426788
80.1741807812
21.8919058577
0.122969097892
0.10120066835
882.907252414
609.167529985
553.427832596
108.324189242
0.224785389688
36.4225839799
0.321034148483
0.250049720821
0.272979545962
76.48913861
0.155915152585
24.4770764518
0.125598376828
0.10966760605
30.5000595556
31.3109090753
0.344677761748
0.611958726067
0.541685780022
0.378576998245
95.6927975056
22.4640064172
0.344013648167
0.31544828175
111.949302867
97.8272381955
90.7588230123
45.1942316937
42.2419895108
41.0323742421
0.516647886023
39.7575903692
46.3853084809
24.6414937102
127.215389852
69.4389743281
0.318478419726
0.211458772695
144.359781449
123.166940916
107.821775997
118.683332663
138.501655428
116.091653902
27.4542310958
0.0508943629187
0.0532834900497
0.0631940084403
0.0339157577763
25.9700629039
96.3920812031
109.608135216
96.6285770893
33.0032421646
30.5600533642
87.4285445627
114.138049748
102.469304492
35.3765407621
0.193836681868
25.5689888601
0.205351831027
0.110472510766
494.536400183
0.071488241391
22.7776546054
0.146609458063
0.156697978577
500.756137808
36.7159789412
30.4298013944
193.389739683
36.3083851624
0.0339678566626
130.907948934
51.1998040367
40.2043061959
47.569895243
43.6504278711
41.91762761
42.4095128702
40.1518321228
42.4662890856
40.0523302824
32.7824471535
28.3861905375
0.265304082193
42.5989633112
45.3786617173
42.1856470353
32.5220402851
260.55012344
251.952756077
261.249934106
114.142452747
105.964752456
124.957557086
108.052674835
57.4729061792
50.729151543
49.3435411617
82.3338072049
85.6740449606
79.7925664839
76.168009642
35.29950854
0.544044832027
42.379282434
44.4922805914
43.7343377687
33.784339031
0.579263743896
0.620054131181
0.603753719251
36.9177526025
21.7391526583
22.5881069293
0.680825165614
0.814872437608
0.808268959863
0.811003992047
0.655626051144
0.634106898584
0.925210924683
21.9219282453
21.9780773724
0.763452369214
0.675433200015
0.603412011013
0.510321597948
0.497577912716
0.478996863155
0.49796386345
22.8144457742
32.1683595627
91.3268449761
38.2783707446
40.7518010618
31.5120948548
0.246599958769
0.180228471116
92.2006259968
86.4912828843
28.6561875235
24.4398668078
354.050183444
377.109542265
380.20779787
336.500382465
427.510002361
386.083575119
44.6629137168
27.0678830454
0.0912223059432
32.7387262112
94.5091377362
100.099240853
0.162264428125
0.150508486463
44.9751036742
46.0686934811
75.7677145451
44.1573665799
39.2709328328
38.1622503503
53.0834198547
48.3723802445
39.9293091553
37.4911198525
0.146234725848
184.149357246
165.01219741
148.42931454
127.683409325
119.09577724
26.4882760275
21.6038803357
41.5327268257
68.429467798
38.3424469716
0.24459042719
0.231948816203
0.178202873411
78.0229447026
20.7622496045
22.7056267279
44.2489032508
75.0468334758
86.2566810546
71.7627418503
72.6688231996
0.278921137558
0.378465381441
0.357763427152
0.237468229502
0.302150244331
986.555588912
0.436994114361
0.261450916676
79.8348609735
0.274758475249
108.938542966
69.000240461
34.0576366929
27.7012040703
73.2506226434
0.900342632309
0.81965281535
0.614074580693
38.9199383935
34.1536620117
36.2554310309
37.1198058929
35.1212750381
40.0857233284
34.3347770048
302.683969711
128.822315587
99.0366684501
97.596200155
60.898568193
23.5190286939
61.3847747766
32.0374008571
1240.4121634
3509.81289909
23.4550564054
100.637724345
105.517808524
28.0909766571
0.103348500529
29.8626182563
0.17367701061
25.0420189683
26.4313835969
0.102623727741
29.5665806196
215.252953837
0.273032742182
302.983186306
462.881161305
0.564137189748
108.542993359
117.404349379
114.232721759
57.2323549163
0.488210641566
0.838421797387
39.177266649
0.966787813469
30.7708096717
39.4194553423
0.982625764395
44.9062128145
35.6754194653
29.7149130827
31.1532220588
42.6942291441
38.3566934455
32.428095018
31.2018825444
0.256477200922
0.343882544723
25.0100681472
0.313413155482
0.300428473576
23.279489594
0.235937900652
0.228724194419
0.219807521681
0.212730979176
0.209210648195
0.181143926834
22.4594145875
0.131115211772
79.3827902876
110.726050144
131.977882032
1123.10930229
737.953399879
659.861598717
543.568713501
494.85775122
471.807367593
431.433449784
364.92636243
23.5092908866
32.5053809719
0.302528314507
20.7592122649
0.211860729701
30.1719393323
36.6159663996
0.260256204808
0.255359079119
0.496097410746
694.100116815
0.835163121131
519.483529631
478.958726468
439.05501224
362.885709054
305.396455561
211.896321548
173.671691424
187.046786863
192.0094664
141.831130061
201.401397582
245.035250503
21.5538396524
23.4496321279
39.8995341166
69.1691734941
86.608111193
104.933540495
0.246109232495
185.613828384
229.618560587
180.72394717
69.1160797196
81.862703517
0.709428852696
34.1754074207
0.731941263677
50.6080165773
24.2197259866
0.378865018611
0.129162561335
0.201477490704
83.4432197033
63.6853547387
23.1917000584
24.8468669781
0.076427470414
0.0402788340305
26.4717538102
51.8387083197
183.474497213
271.050338509
26.971166823
0.206241435198
88.5417495235
0.213485924943
0.164440966869
21.8382804676
0.177540828887
84.322846993
68.9300163107
0.335859399194
0.202528757002
77.5581316619
100.507993227
107.708705685
0.275728029193
0.172822384043
0.144703916312
965.263484906
0.315522690841
396.125681113
327.575595485
0.195364710943
275.830621484
239.680378881
212.221253829
182.862561148
156.435371782
122.616123113
74.0553301368
27.6597310448
21.6110344455
1286.03640137
97.5918466643
105.028444966
0.190088397065
0.176280317011
20.7852996901
0.156271895859
0.251769378729
135.412789776
247.23660093
210.57578177
219.916486016
187.611092368
192.970864239
109.92940227
86.5098901459
176.414373473
223.230253802
224.62187977
0.0704917799427
0.0851974113428
0.0831990026615
0.101606627
31.6069728336
195.497040289
215.527931912
921.131012521
706.842998193
427.504155136
320.453688381
180.255732846
229.191367622
181.673770521
164.185359416
164.60726869
145.403796984
117.838731776
86.5765909021
46.8400820642
57.4443555058
79.4575995604
48.0005535214
37.3080622745
0.784054379999
0.705133931167
0.344296616163
0.337365683823
0.283881403783
0.254654957058
0.492817069777
0.838787837052
0.984797865566
0.634927199188
0.449523852949
176.599212311
115.182663083
26.0103148505
0.538841320409
27.8780423068
0.548510440048
73.659016427
0.480082065422
0.55990795861
30.2778888441
0.329394638316
342.536674554
231.865481444
948.144084258
261.450239157
466.744623792
29.4546599615
364.099499779
314.393100876
237.847285641
185.253976651
162.039020128
155.698910601
60.0302666685
0.123337468913
102.913021816
77.4178250996
41.2631805743
35.0619665018
41.0212544224
66.4684159243
38.2474753026
30.4741924382
0.28141944365
0.142564850767
22.3541450154
0.243360521038
0.0867005389082
91.856825479
127.770599941
0.23029156224
45.8502320993
36.0545692996
23.3957737238
0.338058741228
61.2962780845
47.5837414419
347.06239529
409.888396716
306.932649753
236.822593241
107.681493737
102.721998183
99.3531629224
26.5967379993
251.691050134
0.656846221773
252.770060609
25.4035083547
120.631270888
93.9842641381
0.236623701554
46.0074496895
27.1234505726
95.4726099854
212.646084642
152.993339777
122.915273544
0.237548071139
43.7133247844
22.7822491222
414.599231064
20.7257885319
611.956168567
823.353163676
1002.53384597
523.366868945
82.1349216799
0.480045739476
0.407972708502
134.705354322
178.81515305
207.973047721
113.484553718
37.071811951
0.236484058996
0.432367220302
0.244480529792
0.297419736653
24.1755258153
0.302037947604
377.8502572
345.911427432
314.310954475
186.620455699
96.5168519173
170.160408459
50.3752031138
81.4930315271
0.182972684318
138.429205207
212.002839778
23.9268466774
197.355786329
218.169464686
262.316611336
0.196395688723
0.11568259518
191.823090243
521.149940674
663.680787704
377.675759169
246.492461574
0.35341746117
44.2719758512
175.099339815
160.544200261
95.3876115746
28.4380321433
43.6858766671
25.3969524542
229.254040009
124.637300435
77.047928645
0.945558516797
23.6728924508
887.883241079
1058.53668288
46.7022467553
237.994854358
197.051573664
113.040335938
82.3268845435
52.6463307449
0.320915466151
156.496978264
45.0762103586
85.3693231254
27.3724461004
169.521053232
29.5219572164
0.304216899481
88.5803222643
94.8872240869
35.2656592331
38.6638623652
63.5739015087
85.656043782
0.186404250125
0.214957661067
0.180741793852
0.267975932206
0.322812657745
81.8095990363
690.433398506
302.079083415
237.845948186
144.838612352
74.0443313126
68.4158038648
80.4361497332
52.8243581048
30.0004261684
0.158197210934
0.00554187576237
0.0201991963855
0.0494799835799
58.2575625309
36.6567907779
0.121334392881
21.4580124411
0.169072340071
0.209549760098
86.019271916
63.0527171385
120.926538733
81.1887408309
39.5765183386
23.0431931464
0.0691064464679
0.0551497326213
0.0319799833762
0.0408575926174
0.0583822415813
0.086328615168
87.6040540862
71.9591717984
21.104891735
0.14521703741
0.11982626947
0.121454230322
0.121112605413
0.129665898741
0.0809461822517
82.3801460615
80.697828551
75.1254950255
25.3062619344
23.686662393
22.0942482795
0.147879578709
36.0825974189
0.0716854348006
0.115036867686
22.7202053432
97.3596835645
0.0289897050403
67.1244679564
0.115412245251
29.6463235763
0.145148572837
89.1174316293
0.292675604626
2793.63318652
28.2165414905
161.846815302
145.678821677
64.462683574
0.248502220745
0.342749523594
21.7295999799
149.040857731
0.636820565928
0.458316659517
348.036144388
64.6500473716
271.260189797
221.845264713
161.456338104
123.508328767
96.2463728371
93.3642795786
83.093987087
80.6269892519
73.0493780951
40.0751184948
0.276670852257
0.382330757078
0.411273043816
0.373066798837
134.422371862
0.265824985398
0.251386053389
0.263686190465
0.345378069514
91.3848094355
157.664031302
166.640997116
152.238003124
125.84186255
22.0954926988
0.234579301957
37.8277448611
41.0450112878
55.4528395636
0.427098266886
555.529918654
371.383225935
334.438268106
313.348088164
287.350575244
212.960361078
119.94584671
122.390767234
97.1712171671
84.7461207962
50.450709531
46.811432526
44.0147992547
0.0366293392215
0.0
0.0
0.0
0.0
0.0
0.0
0.0
0.0
0.0
0.0
0.0
0.0
0.0
0.00657522715967
0.0131014082883
0.0252712612914
73.0244811266
148.984188064
105.342116556
280.577030055
0.0537168375791
0.0884934081769
0.114664103296
0.10711430014
0.0750535790995
25.6056035338
24.2141193089
186.188703383
48.1714033515
43.2097745931
233.259627079
298.581804597
210.766885385
0.271543482993
0.186170848614
27.4987866112
748.623729376
505.314494189
413.939115351
354.745248742
310.348884312
244.200100195
199.081781689
191.665357436
173.428697483
282.894526387
525.971230394
254.340308144
184.646451175
0.339779294867
111.413402787
79.1469891854
37.9010500161
0.373082296733
119.363078891
151.936939409
0.462737823128
44.0726480087
267.393524262
703.140251187
172.292953645
400.660755267
28.7538847409
30.2138444003
107.254833214
89.0151216832
43.9540510065
0.210165267286
35.8540579569
560.840524741
302.668575912
597.164139103
644.963309035
693.757699617
449.945767436
21.5436651171
22.8167005916
29.1298228601
0.459341850804
0.520441449257
242.578497072
274.420335726
215.534914131
200.597918916
167.214568859
390.201447406
1272.57131432
341.597067621
316.122620064
398.143119542
413.261839256
328.290808841
442.458429564
637.975958789
550.543404982
553.062322956
948.504192871
22.8185967211
580.127087438
280.922906289
231.995441427
209.609769895
185.559662513
170.268926915
29.0762819175
89.30318508
21.2328313219
591.802126092
0.48084629359
0.288051355321
22.1213317657
25.9646612215
120.57946572
0.491742666093
51.8282838327
962.135112541
26.6557645339
28.5254321602
68.9717093664
313.559991957
219.483477921
185.342102305
0.208861942122
45.1608331847
99.4755313861
86.6297425064
62.656564054
70.2398599578
502.185624685
421.616275752
373.731485727
313.299827599
225.595460978
177.555239749
174.775110113
147.167048859
438.051608996
276.148436483
233.172281127
168.581338644
148.007480712
106.780934161
53.2417706844
40.834800275
0.867323870164
295.003380126
242.015166194
130.278250822
0.255441713059
41.7387867063
0.397307888795
0.623518775944
526.696254212
797.102275239
38.4862512508
45.8685893657
43.5461438023
42.4916702679
40.7323970398
39.7269597771
37.7192719116
31.6129672616
27.3705398497
22.2763157722
22.9668735691
22.3137577318
0.495219502424
85.9610801037
95.5448070592
55.1452369224
34.4655354484
39.3862215393
41.2590471188
33.5695876025
0.292434564657
0.352362741167
0.327852498314
37.148648276
0.434823534251
88.7177427205
0.342542556012
0.325749863449
0.325110325493
0.287231090655
0.205527503068
0.375313347815
589.097962524
0.291345682663
24.3336550729
25.7970205964
30.3838117484
27.2592928621
29.8997764333
21.6474025546
22.6278440689
0.204414713837
0.255200195722
22.1370424442
31.5177132562
0.418265777579
41.7136729445
76.8253610322
0.500872449378
0.586792366031
0.633513728401
0.60920713042
124.665620248
61.5359108584
30.8196575312
35.3983660831
24.9897210471
42.9596305481
0.311867985875
0.257698908408
0.148614542051
0.279293277502
0.435812399754
22.9196337066
36.46352403
30.2237163666
0.740959888196
0.653647123395
28.183675204
129.143644212
92.0532472498
0.407162315738
0.327200349534
0.270225177742
28.7648597372
22.3490463517
26.8549893519
26.7504615765
23.7431144334
74.3541502316
22.2255213324
0.232617746069
276.424622908
0.578689691043
0.404797397071
139.098782409
26.050160937
203.121072061
185.022069238
165.451030939
144.784954289
0.234160664817
34.6058319234
384.868925235
0.243658086029
0.276782910261
0.566824370246
0.227189875853
0.217256718882
0.26090305982
0.261204538041
0.277727629157
0.559540737047
0.362779457004
24.9374295549
251.935508267
0.400064321896
0.413566432263
65.1821097557
90.9124063631
603.255505401
59.6895775169
788.126262407
1135.57937965
40.3062340016
68.77539925
22.6845098852
30.2949413551
38.32349963
77.2013349836
205.106253328
207.640392985
0.238007097986
0.110544739101
0.208605845084
82.8154828286
109.835579225
103.281684713
140.332859431
41.1892696696
20.8153532034
0.282513545306
0.43422066432
282.373927495
0.583740877036
0.26050326233
0.310077403158
0.342128325015
0.353570208698
0.23911528433
0.229481808107
0.338217896956
33.1193342408
121.712623634
39.4800832435
0.264144723049
23.2966798327
0.468329859742
0.336736902453
0.393120342428
31.4338589718
0.649862670707
58.5307842421
79.3829269522
21.5981524615
95.8803093713
22.9417727627
474.141346186
753.17595935
321.840137976
522.173153362
312.621771454
561.032816932
324.967300456
365.581200835
481.016365767
96.1980332953
0.172478726743
83.6058703575
26.6669485512
46.9861603134
127.408973009
196.31445339
196.613379024
48.3111086958
0.0475138774346
126.943868657
128.966764847
352.57383029
431.989210808
441.109226086
325.761355091
421.012496045
38.4029767421
0.0311979556367
0.0321945960911
0.0218820729571
263.61465834
91.8180261808
93.3014497425
187.973290779
173.549845047
30.6515689935
44.8032115344
46.4242614472
24.0460766054
0.122531311988
0.210118735892
549.835382675
22.9083596215
21.2151054015
235.64121361
21.7855360113
25.993534546
22.0270500142
76.4471728358
23.3052593104
25.6687166661
26.4245688958
25.1992387655
24.7678597542
24.1445563123
22.5438247507
21.6842044497
21.1202965853
0.297295859255
21.9237922281
0.208853083797
0.228378227311
0.275361819071
0.173998225063
89.9066449158
34.4648385779
29.4850945579
25.5051762137
50.8055366336
151.336077247
326.863142472
330.00159163
34.9680077502
0.306934547584
26.7257004703
26.0926865428
0.159746741202
233.791385728
410.044352387
448.701249776
400.124959043
340.694196615
0.456355881367
2012.47647476
318.743756465
395.84608215
1849.81543555
1872.90268671
241.813915442
35.2063657011
1387.37614903
0.34160387396
551.334998956
916.027622634
90.704267202
0.237508597686
0.291147645078
281.483142235
23.7752923119
30.8947197652
222.533826249
178.212921713
156.995357231
301.249452546
118.447394051
112.90122
185.720737077
78.7282659481
21.6140204152
463.65131844
900.893695895
793.989041304
886.10459924
640.652449232
673.553975663
782.474118384
562.026356512
606.791558561
592.807998984
541.892601978
631.464797753
519.25145532
472.021978229
597.400586625
1089.00183312
857.633760466
86.3551753453
0.187477352292
62.9242448477
32.0155529605
69.0007932474
0.62127178725
68.8006026578
68.4417885084
195.869098617
40.689850071
37.1845361479
0.238757435275
22.816157071
21.9161985155
36.8821495523
370.374215617
530.40198431
2861.69281375
0.14154029149
1012.91859245
1096.32339264
1369.71210892
1308.59523413
1101.14670692
0.541000086046
75.6142025589
214.134861849
0.231611848231
4319.5455263
29.7534373931
0.323417096869
0.400535088703
0.372042461748
4104.91762486
0.355390747549
2463.27570533
0.364869651442
0.617034698173
129.524436763
0.384947990101
102.914097854
154.122924093
30.6133559005
160.400001863
128.996802474
136.662505298
0.446014963555
279.176745408
0.259263410505
0.316364650236
21.8318206184
0.194968440775
0.192151685734
76.8383950034
79.0585036045
71.4115044668
71.3331036713
23.1704764484
21.5712955406
0.204720542502
0.19641631781
0.177031605491
0.196828409804
24.2761687613
0.186397321752
0.233750409396
32.3082540153
0.230511995482
0.257523563515
0.139640511571
0.175836092616
81.0299822621
0.162124022545
0.369356106461
0.159987064215
436.261417393
0.166555869183
0.360126674329
74.8648153125
0.56360090244
0.420715368343
95.5595435332
0.583353396349
0.419120754717
126.783150396
100.16540075
0.243698129953
0.139509067898
148.311161106
134.069449138
95.980073974
0.0800294551834
865.851842383
0.0760561940476
110.322294647
259.756233247
632.270722838
665.889914509
92.5889274665
70.3807273505
0.284244590816
66.7577371476
0.149310491557
70.6161341471
0.210005120416
0.296734745669
0.401460361471
528.080267072
80.238554966
379.76201631
97.6220638686
452.758596595
972.379150202
481.715982259
239.215845825
0.52849144744
0.568637149848
102.419884276
0.410582930014
0.590446584729
109.102212754
0.546535232676
0.522400867324
0.305905041778
0.33722190204
255.206247419
402.002878145
425.13028437
0.289461013459
0.270576532018
0.294381739369
0.286739791685
0.280530714136
0.271356796205
0.287573943294
467.252574555
478.841190345
0.263041056196
0.2875384868
0.382575865395
425.413318152
0.768795395538
0.416398585805
0.829645503162
145.686437026
0.757286252996
195.276052318
125.355385861
209.68237257
166.640882984
186.188218567
0.185265353941
94.0890083278
0.220795289471
0.245382637535
0.196117095632
135.518250178
131.405359747
114.991215991
100.920602255
94.1852232538
0.151770243532
0.16055394251
66.3156167179
74.2547450019
111.941351304
0.354902701581
0.208099251389
0.343209959947
0.328042399265
547.752489751
380.942145528
319.072987235
292.546052332
262.328261593
780.992484864
163.916305998
0.275506254913
0.139651023015
73.7393758409
1187.60628385
0.199547809112
70.023911341
0.249613528851
0.42819118118
0.169257679276
0.164658650846
0.208819296103
529.997489595
0.59944809398
462.537796201
1.1476554164
100.8574288
201.970672923
0.325674729598
119.688740605
233.975169729
0.450824090027
0.518607357032
0.541417478046
0.57901551388
0.496899053928
0.271426795905
0.236763781455
0.765436192425
0.862355265017
76.354063954
126.222739561
217.160303949
219.754597801
0.406346296855
391.220628383
158.029206602
436.244522023
620.986134988
212.904623356
181.818816196
76.3919549165
122.92976779
103.021003314
179.791615427
306.253684505
0.163341706712
0.387823764759
321.833686055
204.24753474
730.257950838
143.175599613
0.311207805139
82.4394654777
388.488925047
0.604491384268
66.6510724667
302.362518887
270.862566629
244.096289718
0.723074192381
111.337565887
0.401442648625
0.517659751049
3591.53891096
2173.45249447
2500.99552795
2195.63626423
1282.02451383
0.0602206656476
637.605337995
0.287715597185
61.7592760828
68.0728973261
515.910685836
505.766262116
484.603691029
216.261697698
194.766114979
220.459309816
1307.56943596
1184.82281699
323.71003493
438.103010056
373.500208254
170.715042199
318.767002086
175.742845025
212.886116313
212.039237192
85.1662722185
0.198567034305
284.534301378
536.098124051
80.8533643887
0.207025482758
0.191616983376
0.37895111141
0.360786356505
0.54890981831
265.272567193
256.258771686
234.323588448
226.915281281
234.564489734
212.975194616
205.169746213
185.173595622
114.622908946
0.271782857872
76.2561317652
338.687408863
376.117164556
384.698091942
359.388336424
361.351641616
341.011621737
314.25847529
302.312796373
281.117977099
230.895248973
62.3759006348
468.320810076
176.974328941
92.8599650933
185.405146094
192.106388416
134.152583569
449.40335221
142.38192835
122.810451259
0.240846147888
0.280119568489
0.364344080789
0.430784679172
0.422259826447
563.200425318
229.268289542
249.737866962
750.99710296
240.256982888
0.231510178354
0.229728302523
500.289341756
0.216860073469
0.226109170493
1024.03314018
1132.80312507
501.913815194
1118.49763445
1140.46159771
234.315313037
319.467876425
267.15927096
279.915194604
152.761223473
425.492673403
501.527270871
456.980609927
621.905462265
328.229227117
0.203162745397
550.879891416
114.888855081
110.116995558
0.311158439258
0.14022874593
0.11851753466
0.117323462833
227.728619549
88.7428034783
147.498469863
115.033016598
172.464627891
0.435942848305
0.850109097153
65.8696334538
1.51038430555
1.5378285072
0.978755697622
113.300085676
70.447444747
216.446888489
463.819286747
406.268375164
65.5098925008
339.479271343
0.276895564721
370.966375334
354.552474786
78.6293040304
0.423105512114
247.145138485
62.4755604785
264.605357871
67.6996556589
0.239982036112
273.4900916
61.6281052546
245.973219807
229.904456386
0.313137159116
108.602531344
110.872939201
88.9379533214
0.216054620522
0.171355125219
0.159501789327
0.201701348903
0.125750891304
0.146419267821
69.1250853476
221.12363172
213.908571113
217.521084956
218.850084268
243.098891063
0.510800860255
0.571954749978
115.892644155
111.639640068
0.73245823649
166.462593488
183.278722114
258.151971641
0.78656013233
1251.92513933
293.769346821
841.050989638
802.593560623
1068.2728322
845.98254704
1859.6599313
1525.98573876
1412.02115763
1249.35231085
1594.64320876
1081.36233724
1625.39201688
1505.54916682
1677.23957051
1452.00325951
1238.82650344
1903.47636785
1248.95678652
1340.84478083
1515.26969302
1095.57704325
1336.61672017
1308.18755406
492.144701676
129.809073942
199.920676676
73.7288592884
128.519196775
105.521082346
1.41031903666
1.87315151814
104.40855983
1.89086652672
232.814047435
139.643419639
89.4420891359
123.004824714
69.9330957748
132.58645484
79.0902096175
108.013906905
70.1263515871
85.236629385
83.0625998822
84.9703052037
183.599501922
192.843724559
1.76931279309
64.5804324021
1.00823645968
0.96826241205
101.534709774
0.306488942197
0.239764317966
0.277103050832
89.7255132504
79.3970875343
61.752605943
0.393094103584
302.084364587
434.457642209
480.467907931
517.176962513
505.176322779
423.98542069
298.02819475
0.416449874511
661.93943391
339.615946607
293.857009115
582.413387578
221.35454405
66.5111332341
278.631093693
374.350528614
250.460450468
272.664406824
189.058103822
419.601209583
432.679941456
495.32407629
104.003319443
61.4520844389
170.976252554
264.750204603
0.905123248071
218.46464471
0.592351117388
0.911653111026
0.484809546617
140.249620338
276.496044538
159.225877344
387.6983969
308.792926596
332.896696873
430.275161354
311.689684625
388.005538499
273.178435024
379.616909266
69.3099936855
0.027268309343
0.318575047985
0.347216613644
0.202287936209
92.898603428
237.229967163
509.077375029
659.705545474
839.811130464
907.93771951
971.077870484
991.807745813
1232.56616507
1390.38037198
1201.22260664
1504.08290974
994.268704935
1248.49429445
1108.95115511
1497.43201851
1168.84471301
1242.7720721
1502.92567992
930.984052944
932.241375006
1923.94665619
414.074452902
358.904085104
1.11966806549
345.747442577
372.352776025
164.216329177
72.0610506496
118.563313837
109.387949558
0.609179726824
619.264027299
371.76542603
509.077871706
304.358417366
301.021353266
256.406504271
0.344543934305
307.308117848
475.632277849
135.181180369
84.9906170737
0.595283786893
73.627801655
113.805082032
676.182952286
881.731676359
82.5914481608
1130.40162102
66.9315587975
66.0180560395
1.39419280199
71.4768032999
77.2590610888
1.57955994932
1.52592154542
242.011985004
77.8399680524
1.56125621163
85.9294353018
82.8528339647
1.52419392517
2.0254286292
1.86299126012
254.790265185
294.321338736
228.181646942
1.48679397561
1.35847629681
1.25849782596
1.26195171165
1.20511709758
1.30419810116
151.090011243
248.941639984
0.50116242709
89.4540305433
69.110460694
0.600273746796
136.116063127
754.174873165
949.370957707
1389.51511652
789.26673276
906.344970437
1211.01266003
1123.51581558
0.722435722435
250.470682361
257.621654767
70.0376371635
273.189339973
200.886734495
117.796064641
72.7522625741
0.716638262834
0.663354903447
117.562680981
199.62576128
80.2712036881
89.6723089254
1.13460386347
1.08543380166
102.936648526
68.3043923287
70.2601681816
66.7338947361
289.402641186
140.592442187
91.7662935338
0.49862555634
156.139511095
0.71968146842
0.608699071334
128.616735311
95.934258835
65.6507618933
247.120061558
0.352986248676
0.221750737871
64.5487909137
70.2873165233
79.7324422988
126.316626025
219.184440704
348.994640634
100.489214735
1.78632661009
76.4299147419
164.035151946
219.758238422
1.15500422682
0.903846833234
0.783581776845
0.779106739253
881.536018842
651.066310591
709.903140526
66.9859195308
1.23863270019
251.891573006
0.946119620321
1.03765980787
0.688910400789
443.194628303
404.84779102
241.223363154
787.193553879
672.612731592
368.347716328
250.461846202
0.616217106784
271.355068854
0.583856576701
67.7110249972
0.218950241317
0.302541284548
725.004670978
0.225542544778
269.947980216
72.9593139897
0.429632802942
129.790698458
86.2264164641
0.715375900824
0.829237490418
0.815765415886
108.713304831
0.629618576194
0.660063660224
0.470401558227
137.100425046
0.260070297159
0.361726505689
300.821076408
0.655267469442
278.414717931
405.374891162
424.084520948
557.523659298
154.417635344
0.424880278361
372.409713752
73.1031215722
0.527430117034
362.755621861
95.1661886658
78.2281436388
211.995992675
148.07772497
79.9898850836
64.9285299628
83.8715163534
1.04521217929
176.84826239
0.354330595215
91.9621877653
1165.0837776
0.686272302742
0.510653701367
165.716188608
0.358841884084
686.472305848
1392.48553226
70.5368795781
133.482796534
0.630917826327
0.77931811119
108.489555839
88.6440757345
0.485842812847
597.397710453
598.360783073
528.850071708
422.548881704
391.484036381
359.639338751
309.286965283
230.375007875
0.386236138545
0.346834432967
69.6851161937
945.600022564
1.31045962223
0.797926063984
131.014529652
75.2065849002
372.863311845
500.981298156
627.747651949
501.906444968
354.490267049
272.01677104
255.669167178
608.708740539
554.195726112
548.24935508
548.025545495
458.951621095
0.333236817423
106.403385714
65.8222536607
0.452101297529
115.704108386
280.924702239
303.213124429
299.242194298
388.696893958
375.969533105
461.60827699
388.794355073
396.897057899
394.614829781
492.271988873
538.080475029
461.667714115
550.755393475
434.748091329
722.710560363
627.312646678
700.393318625
79.9440148264
1021.07648774
79.2367217552
404.688742078
412.565794273
0.242839760587
175.521035575
0.187293015825
0.461876652059
0.416894187294
0.480450795215
0.417431345159
0.863677890384
0.634727861879
206.136180169
0.86323639139
1515.02381181
1815.33511547
1889.41240289
1646.77803788
1839.64253306
1803.61512004
1538.14747065
1248.39590924
1085.0194542
1272.26949638
1240.61550563
1152.39360492
1416.28293946
1354.28372672
2351.06090451
1868.70154055
2171.43293891
2043.17750006
3144.61451023
2522.61035861
2528.14652079
3059.41769625
0.751743098806
1969.75265748
857.450450983
0.633123794473
0.787905628988
0.634472213285
0.459055218172
0.956358962604
1347.05998017
4880.23202287
4282.81467172
5061.81645211
2506.13120909
3030.02837448
3495.35885137
2388.69021227
1.19337706359
988.448408502
70.305378722
0.553773114629
0.761559056783
5000.85773998
357.874131586
0.490523477901
4764.13996393
148.511903464
256.568453265
181.583162744
5488.24221437
4732.16473466
257.371352078
140.17310189
4997.34581111
0.276077194872
5078.25451776
0.229657531011
2417.4872455
1280.76016993
0.421428942512
362.877379859
111.301209301
0.199081600719
0.435876512289
69.4674067287
458.774550084
0.352846608
72.6780827063
370.88852639
334.615009233
219.895012985
72.0389655361
0.708964225469
160.48365567
246.557695416
638.062855206
980.155460459
591.874602011
530.102983228
62.9991616782
665.32633341
1318.39316064
2015.17931554
79.3224978339
2075.39666247
2134.26641587
2722.45588732
2741.7729672
1441.59484635
2206.60663045
1.74320054174
1716.59958722
0.634482993671
0.659536721568
552.961822766
884.57248145
910.543247063
255.283616329
0.377900892153
817.66592953
1769.19235349
8265.78273225
2746.74464364
3866.59174447
2945.41264747
3764.19802001
2872.95882838
2612.38507866
2311.44491084
3059.41004145
3549.07200212
411.051754181
444.647494122
0.488272982691
296.696365514
1075.00929863
3722.92564154
115.477553543
0.837686781141
5670.12999306
0.637550231629
75.5964630996
70.8113628689
3451.17156657
0.135442616009
214.848008042
60.895413468
0.313971996122
87.2586204226
0.605061218287
2031.4566268
1393.93224573
0.54539703385
267.158959045
0.732783361008
1282.29627507
96.1473786258
170.95854012
154.068198812
1210.1257024
0.769795179382
0.657529120697
1755.49029676
236.92507848
0.392013895534
98.41806556
0.616351408024
0.440294673325
0.0300599417632
90.2810222051
101.734159255
101.984639056
81.9417598945
0.463806355692
118.227973021
0.619119606666
598.950742283
70.1684704957
1123.24765753
1910.085319
202.506896344
84.3557289015
0.546433310795
333.531618603
0.653540544017
76.4510182978
73.7247829803
114.258957745
140.147498675
0.713942013969
108.430178154
0.530325573989
0.381969706621
0.389865799557
0.433318760039
0.803463270385
173.712916797
120.509311579
76.9577148134
110.830566153
0.702204245753
0.516001325186
0.616691280188
0.664117116701
434.017531722
166.394306892
83.2944130733
128.091625688
66.1198631041
1.37627210969
1.59056172253
353.581984376
237.020086415
290.40801231
78.4327567849
104.180060272
0.910898972851
0.418462347114
170.051493763
62.2553035125
370.498975971
0.0717954959422
279.690557025
327.491280589
309.342592357
0.33115276551
0.222094576941
66.7763714102
827.593361044
792.360271504
643.790270388
629.724754237
576.875417673
1.04080989005
0.895766000919
0.98128733259
1.04843348411
113.750784344
2028.16808589
0.865429808728
62.3577779821
82.5464314634
85.7166863539
1414.28937452
1118.28388705
829.315778505
0.721045833339
127.587217739
289.625206278
399.419900233
396.341091496
483.339436716
500.685459658
411.154583478
374.073629618
401.886849602
556.194567925
739.690080572
364.469511747
601.268569556
457.164754907
651.994985594
431.707130419
190.653418299
153.796024522
241.239354936
66.9632003194
0.319425040632
0.455414844467
74.4725389903
0.398232812162
0.362185253265
0.332855562092
145.287328328
138.425956993
127.128288013
1565.3254053
0.358981391464
412.981181955
690.095884543
4287.10862532
6739.02649384
1442.88319378
953.294765342
1071.69050211
1022.94575965
1117.66874202
420.817563317
573.5447995
168.744647181
108.058933595
87.3428175485
77.8231999579
201.934308042
90.4160652805
0.306932852907
80.0821594884
481.256531497
167.203440979
0.38706011792
63.181031095
206.891923701
184.689731377
123.25370839
272.432379369
302.909324189
70.58109593
0.742871080403
437.165623592
164.591195587
289.027606867
135.969337255
371.440925315
528.093387162
177.726996927
1.26983554754
122.513681433
666.568860095
566.056403091
1.18822513304
66.9658421073
898.629090957
489.744494805
0.999699743905
79.0862593713
0.951168804756
0.436536703843
2630.36606233
91.528952964
95.1550312806
143.472367818
0.78585964252
0.90744220662
107.378334644
254.681810276
0.72619358063
901.240306415
489.9099082
122.318196947
0.561243912218
0.522004328078
345.456285228
161.419396388
444.184280038
536.555130794
2467.42551555
0.405013154971
657.932973992
1238.54283411
3903.32420299
2973.39041488
2798.21644631
2910.53319184
162.621768839
534.730863145
0.133782897336
0.165007567224
370.019791604
0.210800750226
0.686670794773
0.603100734567
0.589239800671
160.380243093
601.230718176
0.311075290401
75.0295623818
104.188044063
0.369925505796
0.495308378924
100.601926079
107.644275579
0.158494086952
70.7985633924
317.792569047
0.26732322019
0.218912956293
180.221248505
0.205599972568
1831.14838125
0.275830269777
4134.88643165
0.0837715964071
0.0274009494333
1273.54952481
0.340647519455
63.5373798528
707.362452594
84.0210393374
76.9168685644
1934.91361288
195.554763985
344.256316213
154.633123506
150.080855051
283.911562475
384.648363925
281.066620078
0.230872982072
110.485673282
247.230109781
409.735881214
408.8182272
0.100353935668
0.182545355018
78.6597253873
0.144415682425
84.3016650355
0.170992379559
89.0714247584
1155.25786806
86.7979195043
0.118800484569
796.409257685
0.159796920423
94.5709267802
74.4050341078
507.123434648
116.685845667
0.355109128375
273.037853882
332.270343289
65.3059899243
418.392496946
1466.10364911
2444.53815854
2693.16656559
146.310890502
0.252273541689
894.737090206
882.054633556
1110.99924212
525.643824134
269.146546919
116.435836662
88.6287390116
0.716894835646
353.351169008
69.1450006981
64.9536258194
3915.24933902
4651.11769349
2848.28663508
0.654676771055
75.9517536523
0.551088860119
0.691094354551
1370.75374308
1301.68150857
1175.21292754
886.159820503
120.026769606
1.03520501267
1.24142348921
3311.08553027
496.708661918
489.985310993
338.863009779
2.35527935835
2.28955851741
2394.6747998
297.206632739
148.402068776
1099.8329583
82.2227755002
224.209350971
131.406813962
750.455625808
174.652889337
73.2770749252
894.791286035
627.526664694
115.075817903
444.516481041
397.02096643
181.953517367
144.621850001
98.596094248
153.073442723
271.245058302
286.973355393
313.382443651
0.906148136831
0.261034856966
81.0028113788
117.508831226
122.935302297
84.7671170126
0.766179929995
98.8837606898
95.9265998265
196.235209196
1.17652835671
336.379821395
458.586873265
248.2860319
0.78107560887
202.59050075
1.0308088381
1.32539842739
1.36736614268
1.60243572153
1.95542481734
1.94141435779
333.391190121
79.4349634848
101.627785695
374.841455178
890.086862161
1118.28359705
1071.11044449
1697.90891369
1476.84503769
1624.9796638
1711.16248088
1536.71141101
1691.74684711
1955.18516471
1434.1946432
2660.19148597
87.5502501516
179.015582663
0.735449161589
84.5950523255
754.841434016
88.3668613191
1.16318834571
1.26124580404
74.0367927163
80.8727693921
197.692632501
68.5614793748
1.6870450263
842.751511954
108.164622993
88.0767413647
87.6240008058
779.084900165
578.867754491
589.283638798
81.612407561
108.09907331
73.9023747127
0.166071482366
90.1543917235
0.0600007320747
0.280901696467
545.796580382
202.493451471
0.132904334406
71.747986701
96.3916548146
118.149854705
171.64098799
0.407494972319
118.813695425
131.782029987
323.480431228
0.239182664992
127.681185142
63.2011857798
325.980021696
64.2688093751
0.134353761003
116.291974347
84.8798259881
0.0511026143154
275.044407628
266.367217239
364.632858361
598.175653072
687.54224809
584.879350623
638.337185983
0.365398016699
61.1820245532
0.397980996865
0.385673605819
86.3142665315
921.285068268
72.7831063062
0.343717691311
622.13930996
79.8698578515
0.147679473663
321.795766704
632.718224776
376.330560248
238.056937745
0.346571567869
0.325306491927
0.342249517297
0.279355463305
0.130885632793
0.0977948925344
297.29292635
85.6943398003
83.3573243786
627.64775391
287.921653325
254.271375376
382.008006915
646.537992562
725.781831889
418.85966521
655.20101459
805.859802487
0.285929155965
0.243542922496
0.396892586772
96.4859972547
811.502142338
78.7322327784
0.257459349131
461.626108819
0.0505161833168
234.791902806
236.525142846
183.08643401
236.372936191
0.143579967577
86.8530398713
0.0619117476901
100.264339317
85.2652646756
0.0964650157661
0.252991604012
271.811452421
357.152420786
429.017067102
446.197973015
597.287576037
548.665596196
404.993746331
645.490377469
322.63917466
0.305358008031
205.521578999
302.125548238
215.839571911
115.522134633
129.090094499
0.559949262798
0.67787815944
95.0978002646
112.81414677
0.48947104393
271.082438097
190.29472609
803.406759649
893.836117191
1002.67433517
873.055509466
885.896119245
668.328061425
920.001206201
741.496118465
407.548513589
77.3443486606
595.453677775
0.0
415.608214331
795.074986034
302.587200638
137.853728941
110.133502653
198.071466291
124.606885436
108.283125865
133.430473281
0.114332615494
0.191233507164
0.090374769969
0.137518553564
125.211385988
93.07650443
556.088395729
138.904050462
175.837259492
269.832421256
77.5203193863
142.144557868
92.4390460241
0.63321531087
358.630837458
107.365055962
0.213873347125
0.231233889596
460.500612447
0.274676812893
101.433854397
317.753406243
0.212747810814
0.241352282744
277.974321509
342.846310477
0.338235815731
122.085575456
250.040886485
308.344204282
145.756872425
0.188783986226
132.519974379
112.033316898
146.559912847
141.020759277
130.80224635
143.880282737
168.379714535
212.49225354
239.853836641
231.617355928
401.935242992
145.188559564
208.916673216
264.339086499
265.787553285
245.153001777
200.735653166
176.120629919
163.214213616
83.3288501701
122.775408518
0.176464817639
0.188018899873
89.3357463515
102.01850345
92.4951356844
0.210395939897
0.192735734176
0.171740344498
0.178800377062
0.164365023046
0.207742703788
268.384996483
392.319336001
338.557634354
198.012053629
189.365498442
292.26338538
289.198120835
0.145878170809
210.676604392
470.880473255
409.623769031
203.9375261
173.384359817
144.695198833
0.241914194491
694.008709893
0.818551361706
0.740441017441
106.992666304
1.25916211438
345.878447422
107.324577273
132.199987078
164.532549596
357.563190765
149.744010288
315.397595018
513.066102871
833.86436713
740.402577097
196.375770952
2.42705650453
2.20794864499
1.66081188158
281.889669398
625.312321593
0.461866763004
0.431383642835
91.4222272553
0.64710194577
142.451302572
105.550012985
120.162568633
0.573580705783
86.2603515696
99.229864999
91.3118089895
565.411217282
0.683759845071
0.7103365164
975.638227232
873.246744283
811.618110214
676.723160562
0.395348514119
377.686947268
281.900952507
123.317132208
376.734688804
0.722565130539
293.54346174
0.851781635175
143.23717629
0.926489532345
451.399693924
746.912887652
79.7791332181
717.740708686
559.75985271
0.820391869258
786.36820082
685.411987194
665.079213014
583.722152346
220.828880201
0.835438353192
148.790346032
0.79293223804
235.433892071
135.414076077
0.622690256504
0.623442566806
0.636320701369
0.808244651709
1.14158740326
141.201800051
430.45551139
423.523583129
485.821395503
371.48237619
493.667532104
543.410367735
515.819205473
397.934684104
177.166985513
472.332862523
0.900707153787
125.359409709
336.848621853
385.045640084
85.5903438765
272.472612195
153.401100838
236.316361069
0.842210167585
154.167980021
159.426357254
193.801491626
298.068737283
79.1735037582
632.786105989
348.059701468
96.1293600198
85.858279776
178.727577391
409.812736963
302.162928822
378.446635183
399.568129755
359.110352646
91.8851847567
141.434425433
130.884690427
104.377284968
126.223142038
266.663029924
186.82404623
150.217170195
289.987361117
221.88677103
302.61561344
199.870534918
171.392016027
93.1929879815
416.442485836
356.887036607
187.119299081
166.594032567
153.049467287
1.06915034268
0.91789703749
1000.92012519
0.886415107919
0.724822793686
110.18666849
159.433738405
0.658290091457
0.656205873649
88.3543939608
277.430400505
0.560130036171
82.5975312671
1019.49969567
300.455486318
170.264371312
574.399949
727.428805034
477.129265586
397.295138917
304.47464292
174.706063703
508.792979332
179.242258427
325.635933469
0.355154553505
0.195556848658
0.641781476844
87.3209553655
0.890710396429
85.3043572021
897.691987068
548.937881234
432.523333649
538.816460467
195.991238945
178.93189212
140.434866277
0.451733001295
103.577611193
0.171718820851
123.812737767
145.66611855
142.420966439
131.937992474
0.216793629794
0.204356358567
0.203684951471
438.183573567
391.21997661
317.133197897
364.10666322
0.206444930911
86.169010013
0.170238272015
0.210565805535
100.834343778
199.398042748
81.8357696326
0.617441979126
240.403032954
0.797620504689
474.62744715
684.419197954
135.30657545
86.2368059587
0.751079278793
0.788217130994
404.378499902
0.291329846583
78.6244146343
89.1221139092
127.863126017
279.354496399
120.70978852
417.699472042
370.212034391
122.320089042
266.843925505
166.677795387
151.902087186
139.625364392
0.710023178798
0.648176250325
280.026517192
516.045690169
484.719168761
322.66139328
210.971564307
309.363831849
227.874392104
224.232755226
339.977660209
333.286998267
198.567666378
151.436482875
131.346019458
121.405147151
0.172037346211
95.2727705554
154.577190795
488.870387832
484.441232316
1407.31034622
0.220553505748
146.338028702
275.005240146
120.940905323
351.178847039
607.151959847
573.107226169
669.330274612
532.340899454
773.489896406
653.638092223
818.969031451
692.553332684
353.895888238
0.360721967195
0.668153200084
169.519347624
105.133084403
155.101809595
685.508354071
139.641233343
0.418120143489
0.347574357366
0.316320107638
0.342744606141
1620.77803541
444.775179764
259.927225484
447.962577708
496.485808027
513.098595729
324.89288817
958.239736185
380.483805241
110.25521082
0.757853697301
0.689632926054
0.557192534383
0.502361576727
0.609219149205
3634.79400973
2513.21338402
2366.4571843
2345.51262478
0.241504075046
79.9444132667
0.545219556383
1942.84294176
2957.82856523
1034.9338463
742.953016786
92.7818363157
568.124638432
510.714573566
397.295056548
300.734517585
247.20315962
1.25617688906
0.911510993799
0.845801259326
0.855153103432
84.4857024975
0.861014776345
201.726742204
253.875122471
89.5058729565
0.799075923231
78.5820081023
164.367240968
605.617555408
525.118887602
426.138238825
406.58475321
276.974166758
135.257364455
328.300344146
206.406705365
280.213589557
592.020979675
406.547379221
516.768202746
98.3077421099
0.340316999635
108.19359054
103.003224697
102.931207867
0.215169274246
209.673415969
559.136736909
636.871145684
201.701958887
177.947478737
149.084171333
387.80401544
304.628652561
236.920621199
1.41262418609
1.60469903238
0.532963232013
416.261971442
0.0194363568888
435.822367413
78.1486627954
0.366239539657
0.170742824828
0.0900407429327
115.372285266
231.960995603
0.191925017787
0.20990361133
99.7806310492
0.140929630403
132.914015925
0.128556653753
121.074116059
130.722684055
117.901193596
0.103357115163
114.652205577
492.517319
2.10157726602
380.411345438
95.6235108815
0.750062745325
0.813361300739
160.130657654
0.186598366794
0.148148081759
137.233359216
302.799831544
92.4120412274
90.511638401
122.875278248
120.000830789
0.524875744736
0.561975280457
0.562590473706
0.431448673893
0.208060008271
87.8698562981
0.271231135737
125.175953835
0.312897616399
76.7510049925
131.446538488
109.182228752
0.118533936495
126.858156448
129.496806467
98.4561397206
102.002158083
126.241866976
0.0258843852744
0.0539227834527
0.0846470723588
106.236152763
0.360951873779
86.4480729406
133.333378003
111.81807825
78.5159179974
0.484395863072
88.798181161
0.599041490069
79.0052625387
111.574891687
252.334520939
202.796944656
838.85024645
257.969828457
855.240002412
391.03504499
93.6983997043
0.75344011031
0.998799457801
1.14757616195
362.268908965
322.001777694
270.751149636
265.692214291
183.346158537
265.562149689
244.461465616
0.656848175599
0.611077552556
106.472649567
93.3152056592
0.482781449097
0.569887991047
792.660835833
237.710827443
248.568227495
249.733230876
0.31255303089
0.30119969138
0.10115026419
0.498295763671
0.428999060616
0.444639391853
0.344360157689
0.32753462465
121.251740233
127.040736113
0.275855720582
268.31933257
178.448691581
260.692518833
103.823400501
0.433095009649
193.659621138
436.84280723
402.286854965
354.915633969
328.330279429
295.258593955
165.866583916
0.183247710484
134.11213837
125.024864818
0.139423814731
0.224405804174
0.246790457105
327.691097311
116.684585528
106.874834187
0.18667945513
0.161077709461
0.132194499211
0.0993521084932
0.0
118.346749521
0.0639259682196
0.104347524803
0.128081415719
554.511829278
414.477085065
492.616388033
472.907794816
375.012557093
0.136467850044
233.988546431
0.0771007653799
88.7844281487
0.452237281747
239.824720194
100.618964727
0.366117908063
430.027463716
4159.42396011
0.0389230626035
0.125255490068
301.719054098
206.194317265
286.639494129
104.703542117
104.13871757
139.679346936
94.5396732196
156.650946078
0.363911609291
641.441787693
0.0
496.703360904
393.76785198
361.514278777
0.023315379068
258.639782904
0.0728115447454
0.0360144500165
0.15545014226
0.205702402141
301.150417522
154.394580485
146.565572199
133.974375245
0.434824124077
309.074984009
271.607555008
264.021720263
95.9496986117
435.120511421
805.618071848
0.594278475581
264.119744395
147.827712478
147.035912326
153.625671544
1.19129438656
1.06547869155
1.53677569805
1.08480662935
1.15684640365
2.30422687934
201.401254947
185.930501626
120.763523406
194.481694117
0.689109211808
80.2347387862
432.462365234
231.349780256
655.056005138
184.999869513
862.494588513
0.640876570699
336.50743191
289.25513893
146.709556801
0.953456104619
1.02073834296
1.46709496977
330.168869543
263.445279505
1.12024186516
133.288069408
1.23106145295
1.19546732686
175.066409297
258.625828375
167.508698581
84.6757988059
435.129817603
430.823376755
349.62056972
199.923043132
171.532645598
155.037546915
126.518690948
0.648226892548
0.45505853964
0.605036097649
0.62715397383
0.722673670705
0.872011626932
123.83728395
140.774930205
1.67030563163
140.325266768
1.86462851198
1.71004376339
1.72695885705
82.7919369446
213.863934791
176.983315153
480.771783126
2.20179774612
202.816740431
275.500843546
2.16884276566
230.311313266
81.066607714
0.753257104436
576.94755025
489.834861925
0.429338266161
0.427398277632
0.864195809887
0.397432300615
0.391926678238
0.334797699674
0.296614097555
0.303480980927
295.854662388
159.740930855
130.52450371
0.8610394886
349.073050317
318.598125754
439.669345389
612.291968638
661.792066582
1373.68753507
879.88733694
639.429540728
446.697539935
350.447890307
617.368271139
888.172027125
712.359549164
1019.26010676
0.956365936495
550.459296574
641.355380003
580.507562182
758.066543426
365.025619134
491.38109131
675.096062956
337.381398307
0.514120013293
0.617143794675
238.116389159
425.067277993
0.671635586069
243.252048976
0.459278529426
93.2853629992
105.666586012
94.0643379349
104.495986638
0.436000912597
0.428057648102
121.906783228
0.423806415715
98.7882330946
99.3689033989
90.0812790657
0.491871840116
113.71195757
103.349133742
0.214263719361
89.3495150683
129.91361256
86.8416550191
0.742105379597
1.19999357144
97.3431477639
2.23561885249
1.48434084185
1.58416860741
1.39264370611
149.392858034
1.0921666981
256.958955267
161.198695458
180.804241229
0.97657008487
0.738384214352
0.657653564192
0.700691300919
79.4519681425
0.730863741004
405.841634222
1.55954961687
139.175776003
97.2884716438
1.18572562658
99.4112740024
102.828465813
240.198065185
173.419111256
162.588805304
312.497034375
83.0779124338
150.410682526
149.424573185
1.46305300233
134.265124445
1.90672671038
1.35960701359
110.863282535
1.03374899602
0.806729121921
0.776019795553
293.86460187
134.871349968
1.55665110539
276.506845655
123.957133169
123.012898791
112.160212764
0.665586742148
97.7158491574
110.700833153
124.921387277
84.4335315441
146.047625655
165.674399234
164.266432074
169.534727619
1.4500405313
1.26788532451
1.75975781452
380.846402604
470.536197398
419.120163758
472.216025033
486.176427507
2.01469618653
510.413983224
2.1426668576
329.594392239
379.756345041
142.637658878
159.116646814
134.184266859
1.34437250759
0.70224992421
0.808640953887
125.43175632
0.873551162505
0.62972528138
1.00170965343
0.877111641591
1.68241911222
503.761884648
1.02612912515
172.141505282
568.102703279
540.293221943
906.222993049
702.624157205
583.067230669
505.810284294
0.645262985568
149.477110357
132.982319664
0.631667446942
81.50741769
0.624735054249
0.770339303655
340.101714189
0.787592294456
396.482414919
116.515462911
0.552905698968
1.29660765062
1.03446690167
0.821564153715
0.935997066062
86.5546250641
1.40423112554
1.18888294127
1.63774979712
1.37974513293
1.48336699044
1.4526173613
79.4650023865
1.23289347312
1.12658956878
1.57664769788
1.6472676731
572.11568348
176.143489571
0.886629886722
98.3798635554
277.660893057
143.713979404
185.622232524
272.755480747
376.596178474
225.48611065
89.3719370944
87.7157618799
0.600698884424
85.6398062833
1.05312921381
1.19295253904
1.275934377
119.233767398
135.359319226
367.160865392
250.582585518
407.405289789
239.303695886
0.82719675586
103.964745593
190.766058728
415.557266611
121.278287526
109.684596426
96.8033064952
510.228474798
236.080860642
94.0864784016
108.399731923
96.126955665
87.3802049173
0.66906348099
349.894654727
386.836157983
248.852474647
238.539414471
89.5148760614
131.597385137
1.56157819656
1.19361352256
1.20049103996
0.167100793233
0.47290352068
132.39740629
0.667191609447
0.667705198514
374.602492225
0.931896585642
128.342426576
0.811516747904
0.765472724796
202.990224466
447.934964944
529.667647533
0.745248428428
246.483223861
109.596212282
0.767184606766
1.15404928346
108.746716124
99.1282619382
0.996243781974
571.196715812
0.630502540789
0.636130054681
0.802807703575
0.596312257621
0.812251246762
85.1788927266
362.191218632
130.54032444
0.731418471562
112.528160509
144.92509883
96.5421375
96.1741016647
224.476774426
510.123158225
469.058249441
463.0164447
298.086978974
87.4063224168
1160.52097905
2.06707398451
141.455020494
1204.03679128
692.799270584
1.14321642934
76.8530682134
196.401059648
365.374734105
0.551830096809
99.9502747525
91.6595453934
421.620597957
0.604142535064
1.65423677524
1.49084013325
231.466611495
1.36560892495
139.051031228
1.2233993739
106.279769931
736.841757032
587.157113172
908.980693772
978.112323356
196.136911231
1002.27654313
239.915859847
187.709394751
92.6698745758
1.22821403409
1.27593042161
552.813206474
856.308411048
564.544921393
606.386335394
629.243599272
797.479655942
765.236185579
818.486806567
593.842640924
263.599088775
244.267923566
93.902285875
133.180957176
0.877272626123
1225.18838205
864.629075908
121.664427292
166.88955166
4082.19883012
6024.25089627
3230.22729496
3835.74672445
4151.11120638
93.0904170947
1.11516296017
3750.52679791
2115.81144895
2444.80776555
2531.95113319
3451.51549194
3402.89737257
160.295005474
227.297209625
84.8217725622
1392.19958279
1294.28290287
82.3906198455
0.556155210228
0.252680706556
81.0244286306
0.793564623687
86.6365000696
78.4866924947
139.258877704
224.094340891
91.3866599384
491.441905558
430.92102082
1044.94782094
1193.20579911
418.822818781
825.019115102
552.05881044
0.524881885749
166.714286988
142.827499335
661.605872621
255.983365527
118.798685822
0.570722800674
88.5689035009
0.527378917113
353.928885349
173.564770019
101.02220799
0.452922329904
164.760788021
199.705826294
0.505903754924
0.389219071388
92.4856326305
153.642756666
209.516287619
104.143140727
0.66255321754
1.08055629143
178.90320099
0.415673879926
112.775503228
140.353232371
158.249412592
106.120608592
87.6591352888
0.64271221181
0.581372076365
98.2130968249
121.074689972
81.2782893227
217.007645758
171.192901496
78.8258830012
120.482816143
1.00110562882
297.449909544
253.212581778
1230.53929656
724.062138037
0.71048295253
279.497784949
129.202331985
0.519484724899
2868.18310239
1747.39168925
0.677746959127
103.112412878
543.86088978
1.0638645101
148.073688352
0.98323963861
0.547958389175
90.1669636816
99.0765881867
1.04163247316
1.19112942056
1.2710421064
0.784277503973
203.654535996
111.643889233
1.06535694583
0.97499785886
0.800977248725
163.0211547
152.44161279
444.328498116
0.306512668171
0.539289803005
235.887863354
539.130871279
88.5349857446
136.134370046
532.388753903
1089.78094162
116.096267958
0.480069518304
292.482050748
135.372479792
111.202760463
0.253913409547
332.910268357
95.2719965721
257.889216582
0.212746800851
175.833501743
288.985623308
118.762369644
88.80967413
0.638869612622
0.954022579382
242.843251564
0.961767272531
0.979444498838
1.16822516824
208.89997507
0.931967330098
233.741724192
176.539143699
0.981069683665
1.11910680963
129.1459173
0.695560507742
0.851909602336
0.858751279729
0.763230831781
123.663486147
181.661390915
399.986858493
274.318873829
86.7919226847
0.681802010994
149.472315853
170.060183984
1.4769073228
1.77647127137
88.6407717024
162.213636796
173.093143613
306.190639648
630.544919594
829.480828227
351.289774988
649.548893172
416.273937786
1313.79313801
646.107025842
339.403139911
79.5043513115
260.019973836
344.256407377
170.757724458
0.697413530598
112.986784734
207.106654597
340.500405429
169.515236423
91.1147648816
196.46422249
521.749145812
389.527366002
80.0514797402
132.819435918
535.853786935
1031.50263341
1499.36072084
0.634779958387
0.52967985125
131.327414183
480.60613774
603.893382301
330.943959101
319.059156283
1755.78548671
1850.56767821
205.573786537
0.12778387751
661.001215911
678.039484974
710.563725903
124.399319258
0.434508065995
366.106110656
0.435800861005
104.432310908
0.447842445561
156.363091457
0.240663345798
255.519768479
170.319124952
142.647539764
0.701143564735
166.943093133
211.007017332
180.870513037
161.914443623
87.3763411088
85.8831449413
1276.88574983
259.33914657
239.91526782
1.03743807658
118.188401523
114.979415436
99.6968822821
102.04757711
183.587814906
476.148725003
86.5663044691
117.628562076
897.638486003
1128.56817034
150.896751488
843.291614262
1021.08268456
1006.27811374
127.640960779
244.032096265
79.6869008627
84.1570291218
0.580018496449
102.327312852
132.479489208
0.196828704615
541.645455954
271.067591891
234.140280294
208.212019369
230.044804877
764.078474469
1620.01961441
642.575848931
607.258326311
365.614953145
383.350125412
409.297115061
383.284001594
0.437731002361
250.220188325
279.330745008
1919.80326666
0.860149914375
838.045827257
1.52777299323
1.3078958677
540.403345251
528.827121228
754.94357368
231.005780307
206.937939667
876.312673723
789.797390091
681.596421173
1.31302472119
200.783391097
1.49304665343
255.351888129
351.142247118
405.618718627
1.49877936782
692.8857042
1.44746635876
1.4163161051
1.07919991208
0.847096547885
0.894239587846
902.665925601
754.261261167
714.436889104
691.253572462
437.542771431
1349.90827651
1.0883305342
977.120145024
849.454637535
250.649279754
609.59136821
1.12606463027
0.5792600905
0.3981042841
0.756918916142
0.862464041878
1146.74878661
1.43682654577
1.00598528185
617.844621655
742.700167167
349.67381946
286.347200772
2.25935144361
424.9601576
1067.91984894
252.334289908
2.79150707919
1.63954258107
1.36939850071
1.30655161811
281.025244011
841.70136825
1.57396540073
291.976206774
452.408290433
322.187600233
310.189717185
666.169414167
296.099838227
259.536718769
384.541052503
302.769322235
1282.64255053
0.806736903632
0.659838718409
362.843277498
409.448207678
439.676683974
262.537631176
0.986364193001
1.5913074169
508.952844658
812.731852433
1.53251857716
1.20767592245
1.17934145396
211.520752397
1.30944551487
889.380099852
223.273396956
1180.91331579
1901.61199048
0.942606329507
0.843355433792
3325.66535372
331.382741389
278.34507303
741.72657123
723.551213531
0.827579675005
600.381297635
1.25779966767
194.148460973
530.57161179
1.30888622589
704.195546218
1.32050490309
776.558792847
909.652737791
0.417166369508
0.787249463428
282.12330584
219.276973742
200.30627321
0.769001505831
1.32563624673
283.471745579
1.1406196213
2821.7989797
3844.43489597
1.72222038146
244.427937016
314.982446555
304.724074286
4565.98635778
221.927650496
3.45728977206
3.53917004751
3.64120029418
252.991570053
1018.5673777
419.344506585
994.292079762
942.597441498
2123.12076095
556.420572963
2192.34810509
2317.89077061
1673.04908609
2796.91065386
613.026268194
2153.3338281
2240.90328148
2422.03354526
1681.46721073
1505.9743883
1702.07062257
1295.1591806
2042.46352973
1432.69153317
2025.54910585
1495.1635725
2552.25436584
1353.24994641
2033.8681525
1871.46188054
2202.15117251
1331.81774658
1886.3233872
1703.54249089
1557.56750744
2296.33127857
692.784562883
2492.53238995
1424.59807636
2255.75813959
1254.65809277
1938.32591484
1664.86087914
2094.02013021
1506.58694578
1600.36397056
1295.99963247
1970.16414842
1549.35987824
1451.42511634
1196.78834111
240.167189048
417.167714961
354.271657262
2232.76324773
2396.73344849
1513.51332055
2174.54031049
2870.01784491
1.21301572857
205.960186648
673.959925537
391.716818425
421.422238875
709.426299659
749.736776659
949.807314123
910.257182692
259.769792334
558.384295857
1235.43406272
1842.77633789
1725.14280974
0.883468936391
1.27362761924
505.814141345
1.33788125183
274.18102061
1.62057590857
424.987400934
225.551832461
1349.69660612
2012.93518022
1745.47849414
1169.51111624
1863.1721754
1.04738029174
1695.39745406
1453.93643646
1.42724841517
582.190886363
1.85805312589
259.533302347
228.091367056
287.530869868
401.733515276
1.20082754104
656.134405191
371.228283926
1.30204637041
1.62989225131
3646.4233229
3780.44320763
4.25544877832
4.83492718673
213.246498258
4.15398922222
4.03639722992
232.923665845
958.190147031
268.929230072
1238.77006864
0.735859347611
1.05054830096
1158.2841199
485.372987359
1.56861629456
1.91649407871
756.359850435
2.57910414294
218.195555545
2.78138267082
2.01867782273
1.74779202751
1.80734208016
2.36146089421
2.61647110615
4.3847898042
4.09878775349
206.639531305
3343.2608832
4.15071850836
298.231655786
346.200643006
329.417827697
257.653236133
225.004331281
874.687824269
2385.89465218
1.59047815392
251.120293941
1.59822108571
1.65315432391
1.42095534884
1057.28440935
0.935715926531
0.791943331327
2361.24767276
1.20744631869
2442.41183941
1492.21006721
1705.18556233
1640.54395155
626.632330462
1.13650825213
1.00694653877
1.48666822462
2.22473557574
3.52333339747
772.597244982
366.999807877
935.759799912
841.531207881
1.18188997022
1.70516799337
2.97038103025
961.049686501
0.369425182753
0.293124694362
0.518709529058
219.364231375
404.772687093
393.784306784
379.517508471
633.068257037
718.040266432
765.874943533
297.564104806
860.662597774
1088.96037733
1083.95088787
545.709395622
779.400142225
0.474661192303
1200.27319976
551.57232513
3264.23240891
3698.72330169
0.714695678567
192.564290701
5541.30242247
5539.20023885
3603.92115557
4520.19415031
5319.70123818
1728.21164171
2875.49841362
3384.41787862
2895.06848976
1299.23304605
2307.38266785
2063.53465744
1124.92347307
1135.98868893
217.522711609
2.19764828522
242.510331039
527.016434391
3.85352036852
743.930490025
2.28761972631
206.29037454
197.843741481
2.32533272284
297.334228098
237.298660346
538.20651355
229.025564526
213.430657542
0.753470494764
0.628707564078
0.736063301476
257.71639284
0.831715563053
240.039964197
0.513144832138
321.053953981
0.520070275485
0.431269128923
289.94637868
554.36226303
764.548544862
753.318037571
538.295334026
749.726483704
1.51938965227
833.144449806
1.18019903503
258.712304204
1.40711306836
771.209793876
707.332524023
1168.11301571
1332.81559877
549.61798828
830.962813882
1181.71013683
993.240821905
292.77247532
943.827367141
207.487241839
2.37504701957
2.39156200814
2.6348555298
2.44686942443
1060.5340619
789.3331912
663.419266607
221.085303224
2.1012377314
2.15176828836
381.936053139
2.1273533713
327.467736263
304.089824239
311.085553779
0.944168105107
0.885881663038
1174.99142037
1.06082981352
1.46280602121
197.264271052
890.586202496
499.9930788
784.444247378
219.284452538
1.65732677789
1.54545065143
660.043183275
1.78379211777
3.26515197328
206.663317047
3.32989520216
2.63686443927
2.57053334521
1.43085685296
659.511527345
400.281787449
382.844967638
356.19767792
310.073966612
290.033337449
1.0730584878
1.04508618459
217.525866367
1.27758727218
0.782699577513
290.347418195
0.832945524832
1.11628919247
1.1138272261
1.77742223295
1349.46650466
1094.28822623
946.602553634
441.647455499
340.622269172
0.618246628106
262.335780522
221.768777414
0.679879795891
1197.72683681
1403.5479751
0.742869720924
311.15568208
939.197822526
732.096757947
1.12927036169
773.606846283
863.766237512
611.769155938
1.07107720853
1.25021944077
1.2938016536
0.990765434292
1.40162029413
0.615868473149
233.740352829
1.20687136306
1.39787471309
1.64469650138
197.663977318
227.273710172
218.977379019
1.20839569256
1.09773015293
1521.34419125
265.087978561
527.88408568
504.984985297
1.38820675413
0.918087017932
0.565712462942
0.733844842044
713.134955651
771.86532354
251.794467965
361.482319224
341.742634414
1.33019671817
454.088462344
1.37033176466
300.38325163
279.160642168
274.610606802
309.508793199
1143.99438586
1.47778038239
204.544136161
0.612050081132
0.709422212629
0.702361749481
225.153697351
209.21801066
1.05420992169
1.19142989401
716.875565646
271.549041608
1159.57773822
319.481870442
230.650754452
282.052618737
1130.25289031
305.91324094
264.732564583
797.73279731
718.929671001
1.64738796371
2.14695011588
2.08645219893
2.38189584138
2337.68053175
312.767212814
1.6384422463
333.472329531
238.950789308
1.27610898248
1312.02120781
684.21636052
371.160164011
399.302875614
944.398111738
660.884220622
1191.091215
1.89307423074
1113.4576877
1015.98228411
912.053366292
855.603828525
299.049536173
1.26896038806
376.085781139
284.943059016
210.153680336
191.927352598
3.85555575982
233.007319018
1.34098886358
1.38601174955
1.07962036348
206.04063428
1.04758259765
201.030454491
196.474964119
206.34070389
197.765860928
354.762011306
366.805596818
0.681693099697
461.860839037
432.44290769
312.566753617
794.524621821
352.780778101
661.504737074
607.211712853
635.898647361
1016.21906171
1343.77023293
387.178171758
604.836635985
1.2814849
1.127961195
0.853578006096
2916.70750433
1461.85458032
1221.90619297
2276.64710652
1358.48327511
2063.54837548
2642.13909976
2757.27186691
1408.6853567
1795.72360637
977.466452318
916.679802037
1330.27583589
1418.78260912
1611.43442223
1593.91725919
992.965765214
1071.9504049
1082.23414579
596.016148303
1088.72965512
1894.78983714
2.23346333012
2244.78704142
3139.79968224
3418.91025015
3294.45085983
2365.15676656
225.428158447
2329.12846601
4.27630820773
295.322134878
2.5394814244
3.15404195933
3.03532800836
522.151496116
1934.58102635
2485.6666004
1681.38689481
1725.6856828
1206.62896494
231.562271374
206.113540873
1194.37452374
1051.85552515
1.88482851098
2855.17626069
3573.23257963
2627.90754093
4544.76736714
689.901298779
2.40127142111
3.0395831526
1193.20855888
708.949902408
680.79680846
1.36461951557
989.832673355
322.612077563
450.34594725
3846.00312465
2.5843619042
205.9491956
3199.4781016
2817.80005866
3.19213950917
1299.64497624
2.56828153078
925.532715405
236.357789548
222.844514777
2747.53607858
1.75799288146
1.97468651223
389.361034381
1.83494488493
1.73256092754
391.109530246
1489.18277486
476.623368509
1945.15237527
1585.07219377
1558.98687785
2262.41762001
1576.00827284
756.663219794
626.081740625
1112.50884345
1109.10075344
2056.81989642
2251.65329113
1228.42222281
2240.20889546
2073.43275704
654.696681688
1030.18369526
362.15374271
5176.74929937
6147.99830527
6043.99588995
952.817204282
1303.30121699
1533.51847443
1075.90400756
2818.23006148
3136.22217051
230.268224774
286.970153194
270.383736264
4.84695892442
210.388416877
329.184899612
446.629040199
867.113086923
1054.82344223
955.565751817
654.217744493
348.396595817
218.578487303
1574.6348056
4021.24470555
3849.62168987
4345.65300192
5778.13872143
4181.10330589
451.811291401
869.558666313
520.185470478
298.023499717
0.644228860183
1857.66799258
3480.02236301
1.5537857336
631.56921558
3549.3298807
2640.41843297
242.657892479
304.630481534
0.656501984673
0.521856588153
191.998902353
0.679490200147
0.689297582999
0.346111833369
832.645214297
0.322053509167
830.835006552
0.207709451174
0.321383339397
443.262945384
328.469966472
0.492323653513
0.286566787169
259.05116177
0.429265731093
301.478321314
968.42232802
301.555614601
0.632225030506
644.980402321
1263.79235618
225.639736817
462.124575807
1655.26679039
2603.54738202
1.40198185597
1226.5997202
1.53723461854
191.775863309
1174.60332203
240.772188737
2414.28790404
908.889799466
1092.08147266
1150.55141821
967.732278775
1995.03547347
926.07299973
806.181387028
730.886263584
2647.27669687
885.70159096
567.871307061
194.055215942
3.25878469355
194.639463011
1448.58927056
709.690947446
4.13337219461
1292.70682077
191.507103276
4.62088437594
4.36157473066
6.50312949855
196.673139609
7.00052710078
280.305786372
209.143501962
249.686439206
4.82596385287
4.49055310045
691.716138691
529.682403112
2.90234655815
600.407932436
353.876470102
563.309412131
1035.89818902
963.868759758
934.256540662
413.026633789
955.434769826
350.464396508
349.273631759
316.53096031
559.451456837
240.434954324
2455.35636551
2161.33312339
0.814401860168
1754.66344
1694.58320851
1907.30816138
2438.84454833
1.31555347837
806.906115461
386.631248555
1.52524222722
1430.46753953
701.637753718
1012.30039997
1155.63417614
3.32117502877
360.195982514
2.68214989494
341.216466284
2.63997845376
352.407246411
338.637148177
319.097320174
778.484587445
221.656902332
2.11480882077
729.311591592
329.833028919
570.838147187
559.494629126
711.579314886
212.844284833
203.170870143
2038.66320754
598.56164563
282.52446251
377.454029377
359.597195114
242.936481262
740.753861918
283.89648239
346.944889467
1.52482058482
1.51447453741
545.730146435
443.199320605
890.842674964
217.571145749
1.65323629806
464.119908634
3758.8222059
617.625668062
778.65186031
1266.48472
250.808601846
367.116775263
494.412674261
622.062868841
1.67765915351
244.458584923
3.08676689692
2.79379981732
260.099772143
2.97272769734
3.07006092373
3.01851657058
2.86595789694
855.224040815
2.55366495276
240.99595945
2.72160138633
1.62595139647
209.76769253
1.46904840914
1.34766139289
281.499231698
191.522852253
277.373814998
1101.20096234
1.90899989313
1177.86739134
1.99693273206
1424.5399052
2281.19888531
1774.83185058
311.442151874
1512.45857201
807.902592054
579.885993498
207.882392763
352.690716688
931.978854771
934.897561334
737.580864439
777.153873788
212.341073227
378.577371932
836.624667116
4.39331597952
267.923973943
3.59456524217
297.942719795
470.465472934
1.49510949259
1517.39940495
510.673580609
3623.94412049
978.645691151
463.221665317
1.91928048964
4934.59100066
359.975666397
333.522212874
2321.00435432
662.690591297
962.395482339
810.25003123
5990.18387176
4017.45617577
3442.80838387
3395.02029905
923.128485095
1.36332589153
1.34814757175
1.66709525662
4109.34106742
1.98960557954
1.93100346606
2506.87427003
2.17624806978
2953.17521558
4440.47541798
3751.70965066
1.81876135863
4417.48393487
3324.26779155
1499.38036632
996.912727307
332.990296438
2.1753639518
414.58191476
319.528454521
390.963014812
211.556413031
445.832774129
267.804928441
301.369671841
286.572585897
438.251980944
971.608704714
266.096969479
648.426721614
2.98021410921
1031.21244599
1567.45254092
1.68943879781
430.195520576
426.390698551
392.203315421
380.313639975
295.02469193
1.29169345926
1.4048167528
1230.85721777
606.868816674
611.171699979
1.04038845215
1.0157697867
291.960872669
371.143963065
354.516603012
274.102423189
1.537616816
533.827999447
0.909909676441
220.23857142
1.29855187692
2.0505262968
1.49267311829
2.14720292975
1171.57588848
433.355869762
1327.91088254
2.66800879274
2.68973332929
627.633251954
327.195106402
988.879078189
601.92040969
1.17178008091
905.636809642
1449.1736831
2570.88470986
2280.04948694
2.14106053264
4.61807748409
1200.9906041
1770.80765911
2494.93131439
208.483249154
2.75929473759
1.6532467161
2.23838221583
757.802634029
290.233160654
4132.42934419
6352.50539002
353.90377921
260.769154749
214.69477525
0.472045766128
211.569790993
0.609515420761
271.580890428
2373.24776312
2074.54108941
1397.41291234
1275.68274695
585.199631429
245.260843317
0.968678257163
1528.70839771
2667.59196261
1084.46507208
2328.12715364
610.539000283
216.544200667
2.09864428818
1.60088056371
387.308791921
1.24956050994
1462.38397026
1.9294663933
811.004508214
1.78830371444
271.248279104
283.837857176
1205.81727942
976.705321173
561.560383158
837.04726657
876.617206388
255.630995936
475.513130247
1518.5700353
300.795689922
752.877653591
329.539322154
1.89133646464
347.116154348
271.632168859
1.33433032069
1.54776345373
547.374663707
471.451522431
0.913464416573
396.856746345
245.873815431
1.22346265644
734.104590635
335.457058744
401.628362831
579.158514998
228.756896465
236.877520389
1.03727354991
1677.9869671
3.12368218519
4792.34985123
3981.87126568
2877.48888599
647.163649437
1517.98406088
1131.18664689
2412.8974009
4678.68769472
2643.3267606
3675.18702868
4727.05096414
4287.16901628
3951.77165014
4519.69653142
238.15976463
6216.2942472
5923.4971123
213.573373028
6952.85127257
3334.47356628
260.347671232
491.831513885
2.11362111402
304.730212808
1.33166702383
1.33774441247
1.77149980739
1174.92738248
1.22443648665
377.144802805
2.47751314166
2.64979515091
1.69336836263
1.91983865112
2.13667457174
891.265592782
1.73752825312
273.127054373
597.887171767
1203.09859789
379.84824128
1076.88065601
869.593096147
437.972138669
1239.62615464
678.156898876
1.73740087291
225.629456492
194.188165031
651.329712611
947.270505492
300.805040312
620.155488343
754.391672538
352.32752252
2.68961410203
383.017053332
1.7030838673
1.62393359586
805.474929212
749.845541054
415.721457509
330.763960106
219.789743814
5.34840091088
2.48311865624
926.499973002
213.632101468
221.368093831
3.23364618933
3.55676638738
4.16703854027
864.021828881
491.105342182
216.667132379
2.65869994476
357.35216317
292.26075064
230.83923115
937.742114472
491.921428966
412.329481234
2980.59358098
1855.58928401
1805.00707422
2118.42615115
2044.55249833
1848.07571898
488.134286605
188.148966494
3.81617774122
1589.93080044
3.44646966068
1048.97006649
257.296786655
2.61119273755
3.14760417608
2.33281510468
1198.58038381
622.931592211
223.273082874
2027.45455978
2676.42734001
3046.47292542
2051.14330611
1421.15278664
195.082128134
1415.86659277
1136.28178912
774.989967532
302.465713145
2.65281421225
2.8488239984
4458.9705272
3886.88258049
4278.41765917
4353.18775805
3835.94017018
4285.48723666
2.35045475325
2.9634000906
310.222787388
304.885164209
2.41638115189
960.30769589
837.527263459
1011.58655808
1.79076000876
2.06260656191
3.86409686293
4.13637944862
4741.04068194
5174.68890527
3422.82319574
2530.67408055
2170.77896116
2583.94909001
2885.68132382
3041.71045089
365.799388414
8.05905631341
1428.78072027
658.441364541
1250.00495863
1263.0846369
1855.15978954
2010.79854907
2056.56267049
1689.27425053
1960.7568793
2106.3889178
2222.47217072
2455.77855514
2222.12442211
1975.16424727
2.45959877699
2121.61231654
231.50183593
1886.11193016
1950.20398576
2184.54526001
2.92432750006
2123.07996996
2179.01980264
1771.57770455
1684.0704805
1930.26036817
1837.90219204
2166.63138647
1922.91178342
1991.00989833
2057.86031661
1875.31458802
1695.28267772
2.01587053364
2090.55868614
2372.88279262
2118.12386683
2194.30388585
1900.80930226
2117.58022902
2573.3907133
2460.31560866
1981.55681892
1453.24252057
1974.73578758
2047.104804
2137.29411002
2276.42009971
1823.48156723
1855.38224828
587.452376502
2358.46952217
3.79553095528
2542.19429025
1818.08379831
1.82923425813
230.209035145
2480.74605986
266.914957319
2672.02127517
412.950344233
960.699585872
259.140170353
2451.86876969
1370.38035136
3063.78498739
3318.344768
2959.14179705
1151.06669961
1555.27890621
3634.69444273
2277.50792173
1674.92481111
2015.08158471
1117.32498447
0.581458291773
0.617558604423
0.611474809378
253.258279193
915.55203231
2090.31750319
1.51900921929
1.84815229751
931.527095556
1.87435214799
2.85025636551
543.320634135
202.428511348
573.135235072
1103.94906815
1164.97024664
1101.56981073
1019.29484413
0.27332487951
77.6983402855
744.068411554
492.927758522
828.670723219
1070.43944491
894.42747228
575.701767675
522.442077231
973.208189313
617.83885003
633.938900807
545.78787364
380.703443024
0.761029003424
0.791103914999
0.779156826478
80.4622174446
304.709832867
74.5158589832
503.766429492
1.61222309187
143.709568078
72.4177520573
63.5028859849
165.704995995
69.7614364557
117.876808936
360.76479718
361.118170204
325.253860007
188.001956158
2908.65135522
1862.24104532
2398.52097478
466.566526575
740.029822769
677.659100559
1310.26734777
555.900337171
797.46750981
142.463138497
1934.20071379
3.8125928415
3.51234808935
1854.23822224
1713.0066995
2081.21458557
1484.94134482
1801.08710007
1262.63654943
1296.77539824
1671.85060679
181.132482663
1827.47547635
1759.20070457
66.8832418178
186.17074316
1221.92949779
296.60003517
124.19134387
370.492809579
184.38911954
1.28438747266
0.83392981599
95.0373667495
87.9126921193
1945.1563744
344.896918715
0.87515320678
1.29712359724
445.862391745
309.779386708
425.607745924
360.458199421
1672.61844788
1905.06768526
0.411290357315
168.617574272
755.998259675
771.948979227
1087.34032878
0.591830643778
429.352707274
312.251297521
143.132495565
192.282610799
80.961486657
1329.05051813
1568.05536611
263.850440678
160.137015466
1109.69486945
1088.66837606
86.5362734308
845.300084965
640.871156241
60.5762958848
0.825586996365
63.9474824683
0.807228246201
0.763722405911
0.728549486447
0.761651958984
1080.12719828
1183.98511492
889.258796152
0.766911820932
154.931405211
218.470468907
138.463728913
67.1502158261
77.6404778384
78.5083261036
72.3526111987
0.817399080566
0.863403000593
1259.13777428
1791.36263182
130.880113137
1258.46432466
693.468796692
623.851410432
1285.58333834
395.651253037
106.431281609
2.547052123
615.34295703
145.69124061
551.610919458
2182.41628217
65.6083926623
847.127654393
197.246055442
4.07445444749
3.90742932246
2.58139411993
3.26500529874
96.0465487209
67.6627311144
0.796661385677
78.9001169626
113.541798773
71.3383095971
282.449599095
0.677297709302
80.2127247594
281.275993715
471.162724577
417.108488787
406.049740028
401.554856977
441.389304473
221.166457745
208.638281446
196.590332909
431.159654492
308.327011786
549.275053361
276.36101359
144.405176982
148.357470356
399.481106122
259.930331792
112.522579216
1916.11736798
2601.32584205
93.8472801814
1004.72217907
758.067922072
670.843373083
695.825698515
1086.46631871
1036.98326443
106.419064949
1.98882660827
125.483780104
3.72985590616
65.7733134555
87.2280847104
5.49626087259
107.762088335
1201.03723507
1960.62407949
1089.17463343
1411.83458901
1820.02161123
1157.25785893
1347.88301512
1.56532070433
2.1158503874
1245.33089853
1048.11587378
708.47872136
1.78379472838
1176.15813151
764.468137034
977.821813264
83.3185718641
909.106564599
1333.27805349
875.019506424
898.3201044
147.967220373
1015.86618287
612.489666766
762.033844628
1.3979446349
639.666529943
737.053684829
834.329756978
554.898977922
581.779839111
1.44320760151
918.433086642
881.941980342
838.661604304
2.0126495434
3.43134654334
818.756601621
810.423334659
1.00156265861
68.8914380853
1.79000909052
2.08187136201
955.849366605
90.8456059817
1.50366645229
1047.28057918
741.088073621
110.685133104
2.5801194501
264.653885839
4.01962959739
4.82290787068
4.00489520594
425.291818878
83.0635956062
104.871741437
70.7631793582
105.098753926
4.18530804625
202.961370491
69.146583336
92.9485539795
95.7622405417
406.416007799
72.204184558
539.069031561
373.265590969
329.970802424
363.057342121
619.687227517
538.43322913
581.354289249
2.66933468781
796.990905046
614.275533336
90.5013162608
132.345771371
1645.98410775
1498.72692874
1336.72950468
1178.73669361
1342.46735301
1174.94092175
1301.46758733
1471.50843074
2084.19336648
1035.66201844
692.590334913
702.256483498
762.47291668
659.09106747
1691.59030679
1903.44066711
1044.06680587
927.753488498
1086.26932833
886.115610215
567.606808004
607.530077915
660.352513373
779.155634342
725.00850071
929.133541304
658.372469834
674.338546224
473.597713276
624.51397251
0.977086251408
1.09653911483
1.21855558068
791.690254085
500.429952019
227.288508733
437.406147612
306.415495007
0.907005936767
240.274767439
1876.13502848
434.929643772
393.16903789
416.669775808
171.134695443
193.276873977
63.6690155666
143.093691814
256.260922167
1.50250983896
243.279074553
93.1410175738
130.311032826
125.970082762
215.742153682
212.409933804
2.07718880124
1.38628232435
1.23582153453
59.8926487108
287.947170377
3011.49430759
1450.53114824
66.673491534
0.792155559828
0.240520445168
258.316500124
0.727945010615
0.948281418006
60.9326439551
0.995782979533
1911.98290261
1644.46921804
1.16713360841
1.84578361948
1873.11703547
0.46928252893
1976.51847989
0.180747773527
0.177161118098
1476.42944857
59.8727181784
0.475156175586
1810.30132059
1047.15729647
62.5591704233
0.391741038999
179.597008871
393.847702959
0.325003815347
0.357088938838
66.5378334944
95.415399471
79.1427664764
0.78731424862
0.758044108406
0.794974169131
0.957226526228
1.35697216483
0.935530477058
0.606182416181
256.018285909
69.016398613
69.5219520845
68.3208804708
360.981106174
62.4394070954
100.900726273
90.5049076888
136.593288089
277.129228589
1.11765983916
1.08392740569
269.339242682
344.497620013
366.770562917
286.055302837
76.7781082521
776.685086259
386.522323003
387.179967327
65.2513109424
73.5389554129
84.4057416622
635.075966413
314.094857147
66.0828222286
189.728791624
108.558651739
