0.0
0.0
0.0
0.0
0.0
0.0
0.0
0.0
0.0
0.0
0.0
0.0
0.0
0.0
0.0
0.0
0.0
0.0
0.0
0.0
0.0
0.0
0.0
0.0
0.0
0.0
14.4957854755
15.4910590185
16.8499915499
19.0737968833
20.4954400483
62.8412859361
79.6375634245
80.8693304357
87.9121368489
89.1574412471
90.6416097332
102.783909029
102.734343054
88.4148163114
52.3714975037
18.6013760303
81.233930818
95.7240407099
94.9495124014
81.9747714886
31.2519601626
74.9989640848
28.5536473779
64.1092090542
18.0382804999
18.8476978279
61.14980776
26.2485469969
66.7033902535
26.4169429895
81.3104614101
55.5087432633
30.9832123423
20.8390824954
0.0
13.9420434907
0.0
13.8393326076
0.0
25.2535008272
19.4920640489
0.0
16.2074087002
27.2809931467
0.0
13.6159465401
16.2861889965
16.101775872
0.0
0.0
0.0
0.0
18.2614531233
72.1687716889
61.6227948486
48.4462753318
25.3507806979
15.0935435458
0.0
21.775437851
0.0
0.0
0.0
0.0
23.397840931
55.3762344664
27.5610147552
20.9361927977
0.0
0.0
0.0
46.3714603893
53.5957764146
52.7924236814
27.0386861755
21.7809151592
118.426292987
66.2875680483
58.2669916434
29.5144486435
0.0
43.4553517245
40.5543007297
0.0
41.9006687496
21.9916600952
17.4364750539
0.0
63.9269344189
53.983215809
30.5284209072
21.0927126651
0.0
18.1226909602
0.0
0.0
0.0
0.0
30.5526437265
0.0
29.0146903306
25.0075458168
0.0
67.1281109552
52.025779033
18.8444978127
52.4533506103
52.5812294271
52.3546221414
53.9449590029
46.9646120931
27.3971446095
23.3276807639
0.0
0.0
0.0
0.0
0.0
0.0
0.0
0.0
0.0
0.0
0.0
0.0
0.0
0.0
0.0
0.0
102.464289344
16.2678439433
34.6279998764
31.550178691
26.0366055414
0.0145141591176
0.0163360023462
42.477739587
0.0256718916936
30.0840523502
26.4757714888
22.8731658362
0.0315612559643
37.8186865223
29.1062373648
29.0664647058
27.4936276919
24.5881355242
0.0213244503052
21.4152463546
19.8175211625
20.3375920807
0.0300410309427
0.0347041814486
0.0335779409175
0.0546869127394
0.0487191482749
0.0559316128068
0.0548200079638
0.0520571250758
0.0556883426977
53.8947467234
31.0757944208
26.9354197273
24.0592333445
0.0529300080344
0.0412362412636
25.1866685022
25.1309513659
22.5212381034
0.0944747404461
0.0878050782015
29.2346929174
0.0919483824264
0.0965484546134
57.2647860414
50.1535837359
31.7950882123
28.8312223998
28.0957210908
0.0912712707359
68.314268504
50.5933223732
49.3734221096
30.4377369318
26.5135537703
0.133598494283
0.121673742778
60.6869946076
0.147866425332
0.138321809961
68.4130817667
74.5469834342
74.5463921971
72.8617697874
103.642319941
26.6957879368
25.045681358
21.5702736082
0.108998868332
58.4658820535
56.6025802554
30.7397589938
0.0961470824888
47.309608201
27.2899730652
24.589059079
0.146010672986
0.146901680919
0.151702925354
60.7340358397
0.152426380687
60.9485064646
58.0977618332
64.3603400449
57.858118822
0.11271672422
14.2137585069
26.8301657675
27.513738741
20.3118097759
20.7334443265
0.0474352424302
17.3788779263
20.1846243439
0.0601411915749
0.0719719077466
0.07377862431
0.0755428645932
0.0671544125465
0.0554740643782
0.0653765789443
0.0652315007702
0.0590566584482
0.0610162522107
0.0586807599718
0.0617829924845
21.2527954981
0.0542484073258
0.0489179397265
0.0462979759435
0.042211891827
0.0358515626153
0.0134278652406
0.0129881424876
0.00609206044639
0.00618675449984
0.0108255237732
0.04727922834
0.0477956366172
0.0498539153737
0.00239069416498
0.00239541864245
0.00235919739918
0.0295602861362
0.0278557214971
0.0257115974792
0.0233515040279
0.0
0.0
0.0
0.0
0.0
0.0
0.0
0.0
0.0
0.0
0.0
0.0
0.0
0.0
0.0
0.0
0.0
0.0
0.0
0.0
0.0
0.0
26.9284985486
0.0
0.0
0.00205150955029
0.0089581850603
21.2719214715
17.1629101992
24.5795738952
31.0652563885
59.1404558032
97.0393746189
69.430271903
42.1019595981
184.556929276
140.234588782
49.8834856983
151.992839216
272.536474011
778.347711054
0.00720510935246
117.569991412
110.082368635
102.869443201
117.139180947
115.164161575
124.326620187
56.6635375042
18.3485417057
15.3961406702
0.0455437263613
173.558789011
308.673242857
71.6403847343
65.019899427
26.6838378773
59.457558952
65.6865793172
21.6175281338
17.7883327743
72.3391795834
88.5273276436
33.7580076992
194.974619039
123.095831486
116.818294561
103.173572517
163.856347507
0.032765541931
49.3300784508
35.6780530105
0.0216857104486
0.0204104288979
0.0
136.289546561
53.9896483156
76.3058071483
105.058083402
107.345117696
74.0107162519
0.0535617154321
58.6672635261
15.3011625169
0.00425479990649
68.7698557649
0.0257017029976
148.59936854
72.649369516
0.0424567338137
0.0426492166475
18.1897692515
68.8931573699
18.0246063135
24.2208354209
22.4214481518
102.707502601
0.0407455692603
176.846441481
105.868291473
0.0331702161217
37.3692096648
80.9130224455
521.095399828
0.011676055278
0.0722110980642
16.8184834562
32.3075101042
131.202693082
0.0800002273116
0.0664407444188
90.2248543899
0.0192308323843
0.0525254994076
13.7148473712
32.4908389876
37.6687513818
15.9824776135
135.891447656
75.7332292963
19.3318755754
0.082296886349
44.0000098256
0.168406507947
115.38503799
0.0836496570724
109.560208959
0.0512656180651
0.0632396502134
112.523462615
52.3737988949
47.7783434022
46.96822511
47.0777974554
43.5114099937
13.4236525935
22.2082093305
20.4968849754
17.5648430572
17.1265989323
20.4068677911
50.8189625945
53.3258055905
49.7529029386
15.9270010027
15.4835618509
15.4691636032
14.3426121116
51.2921820679
18.5568334083
17.0179484207
31.531496817
16.8856632144
42.4596794808
13.50981784
0.0919416546045
0.259345214842
0.319890656243
14.3022781512
14.0618421402
0.233176220498
0.282864675992
0.107076566747
168.483376363
0.149625031893
0.140760711877
0.170309723788
0.132017820077
0.0856216678399
0.0710673781228
0.0575270800164
0.0296267258732
0.0266450826653
0.0413714315674
0.0476849785549
0.0586767062019
0.0575976735235
0.0985034803143
0.0976583673213
0.108255728452
0.0980883265748
19.6062879827
0.122325923093
0.108131154985
0.0922909701375
0.0973533500808
0.0905024294301
0.119855763078
0.101443871853
0.112455213688
0.126635711059
23.5886030464
18.6156959327
19.6350593483
0.225286907095
14.2611299236
0.179626559621
0.199176262567
0.190726424662
29.5136146041
14.6428019779
0.1474619387
0.193247013735
0.237891280749
22.7263363042
174.530927486
0.172881444405
115.155134776
107.931956691
140.598109998
102.991319081
103.219409373
112.689722463
61.0413254602
0.0975383957185
0.0338025744838
15.1844791665
46.893861512
230.520022084
244.479261497
128.204577015
100.303042765
101.799270557
48.8546813847
49.3935472111
14.9875506718
15.9305972747
17.4873395045
15.5397753917
309.526451539
189.416282101
156.35524135
225.590206647
0.00397689330938
154.081715548
147.552504748
150.168148382
217.849376488
159.939397804
216.518703598
241.095212044
77.3158622721
133.175710203
143.332228975
141.811530988
91.5008278801
121.368157684
126.140607346
23.2487070221
196.753497399
267.555015895
124.387566723
33.7059889524
61.7500313529
117.493430068
94.9550843427
87.6304662314
84.4689950761
273.685637768
783.327217975
45.5911043259
22.5202787055
18.6647749078
50.1525381258
99.5121628288
148.429237777
127.376960056
143.092875369
57.5474260401
40.4427061377
0.118160834171
17.907046195
171.61400967
15.9274800204
134.80338813
32.1438686702
39.9330027361
103.436419389
112.153809755
0.0306460180662
17.5358935933
36.8680334712
0.045108804135
0.0619325399421
21.9455625459
0.136134771227
0.169343642884
0.168908871693
0.178581791311
400.628122845
0.167735863685
115.573703152
55.1865824068
15.0890991445
142.580117927
170.312297424
144.508042994
144.560583017
180.274223127
198.376079383
197.715898364
200.371177498
193.767016447
207.342173762
167.694061152
132.088861528
140.466897242
148.453796859
144.797466483
162.077694525
160.070030621
173.331156256
140.439734721
138.676011766
176.867124486
183.478936533
25.9327882581
20.5725544412
0.0817722979297
58.5537516682
0.0575220103388
103.20168653
0.0617705866838
0.0705512714591
44.3462513548
66.7559150007
14.5541465587
0.11373696536
0.134780050778
0.126851059472
0.221759942188
0.191354614787
0.220272731063
0.154821615611
26.974082288
49.9174875724
51.6293302915
55.4533976931
18.2937790485
0.0863131549275
0.0735034788279
0.0908021110093
0.0947896965288
54.0077754765
18.396442453
0.0571428778776
0.0611308080425
0.0474816000912
0.0796564772303
86.2781341311
49.3285887882
49.296658299
42.7863173699
0.0696746980056
0.0730987068765
13.7778814183
0.0994535797191
0.088722810455
0.125175874191
32.5086338631
80.3247052219
91.7286050954
81.1072928527
0.193639048791
56.7610346792
51.7984711594
54.8750638059
0.186144120869
15.6038497354
0.327715125837
15.4279153691
0.296285817682
0.204146453647
0.149852990341
0.277897934823
0.197600274424
0.705751234805
0.248224349478
0.342327148995
0.32886713657
23.5644276115
0.217916112922
14.0363206923
0.208371132688
17.6843441715
17.3817321624
0.200880890788
22.1716958512
14.2071663442
383.761792691
24.5054432202
13.8388285715
110.795131244
53.56662195
99.3385135692
54.0844504906
27.1868995913
71.2937533967
66.5027443559
159.474915526
107.052837212
123.854203841
129.982455435
145.345018947
159.892225762
102.876718607
39.3949710061
0.0293107871323
55.8540903085
0.00744170988618
65.2721005971
258.864278475
224.604268636
190.631934817
15.5433969775
43.411521167
288.321511198
319.447854233
414.282259658
312.869496444
0.0458191485097
170.248129088
99.7408877809
86.9598502538
132.0930658
110.644292027
67.4049922087
100.925802564
103.469428535
119.447177385
139.68551514
216.797415238
173.205245123
0.0518935402806
0.0255923054057
31.6082464957
726.719322357
88.088773462
51.2904033068
85.7760033138
48.11610663
91.8869021685
206.821342691
17.1890981246
139.01962184
100.31610003
60.4365151145
137.636284193
24.9117253696
21.4675094404
17.886744941
15.5993761656
15.5483309529
36.5304810528
164.173243406
19.3796191416
23.6669272536
16.9251946215
0.0237305373834
200.565967296
225.229418757
94.2658817196
46.2556916507
84.606304964
534.479327518
347.443274278
0.0815632004778
0.117852850199
13.8009831174
18.6490802075
0.153320266011
85.5014723997
14.1860532989
13.9459310771
0.0736484110246
211.506145317
0.0345304785192
0.0162005614272
752.188968476
0.0185861694265
15.3606286248
30.1417262542
13.5170767135
295.697553342
31.2346599329
211.607226181
145.656229211
416.807624233
34.6519364432
93.6413664114
114.274788154
88.5819428867
73.493947001
92.2492607852
43.2578013868
14.0663068286
70.6241838021
71.4346432098
0.0204887661836
77.4155209385
667.295474568
53.0466873787
0.0152513055472
0.0632290373009
0.0759407387961
0.0923898649066
0.0505771946347
0.0869283369001
30.6071814577
261.590006127
18.1825027879
15.5794387843
22.7561048172
0.201267356538
20.7855748538
41.6975530198
45.1408789494
55.0424344778
53.3138255062
28.3744452946
17.8200079644
0.0608891317984
14.4103582557
73.0481992416
21.7883816987
336.713119255
326.152866271
332.140879203
280.20170508
36.6699162537
52.9548039089
42.7722594765
0.0935336868094
25.490524702
16.7567140299
0.0724093755393
0.0739172123892
1215.40774199
67.2970214186
18.4533109524
17.6477126019
31.5585228717
69.7989762277
66.1676414146
61.9757928019
0.0976708743545
0.0914659178367
25.3983099341
0.428856484905
0.54705600192
0.603789155036
0.608288707271
0.12669410367
0.138674685263
14.2584672666
13.4662488169
0.171837998205
19.594207406
42.61667016
14.1912269161
0.194890530361
0.181434175466
0.149944428276
0.157376586398
61.5218325067
30.9109844194
26.6386482807
16.9346559371
48.4760717423
59.8739667137
0.0411066179607
17.2085663572
20.0675661984
18.3066258954
0.0252369900885
840.241442644
795.920677013
0.0211965635733
15.6607752994
0.123681104697
0.203975641264
0.0943164368468
0.0757985211821
14.3120930528
25.5928398601
22.3930433852
15.106778826
806.447868363
0.0285032573823
17.1043423167
37.6955584215
18.8075273792
39.0106783921
0.182820678716
0.146529702732
0.127599487968
0.0490759606785
149.181769193
211.385879145
105.490660166
82.482139353
75.2108851083
81.6558814181
89.3715822395
83.2775323183
95.1669942371
101.027363856
106.528238488
108.359428512
79.2429629472
62.8750657844
0.107138716456
0.142870615613
0.179833393416
0.0891011437647
14.6713175392
41.0187422152
0.0803397816669
0.092607494367
23.1096403307
0.120803029407
26.1670734341
28.1409111092
40.8554314966
13.5577897659
0.10502283257
0.0789503382323
0.0623842797474
0.0605364900548
0.0260372474025
0.05003666286
38.2845443273
14.9770298517
0.0238043341717
55.2798677971
78.9066612091
38.692396536
0.0469459095189
0.0307871264647
1619.95762316
1333.3157876
1463.94480263
1483.42676855
31.7629421275
98.9716667352
58.2094621517
14.9490155109
0.121234806492
0.158432375799
56.3829180608
63.8722017754
57.43628398
60.1845259278
17.6469190334
0.0582047627528
103.66661854
422.286684263
21.0597285819
13.5261277652
24.8759979608
22.7199846943
0.0589212718969
124.931820994
0.0614655551994
0.0390886152821
0.0698056019142
0.104765203166
169.057597223
178.956659607
0.0986401343346
0.155181686638
115.649906953
122.199674097
114.448444933
134.299996695
145.128329989
79.3876061276
183.835435797
234.559634442
273.024469991
63.683695655
23.6598935175
0.190897582354
0.132945494478
136.692527972
33.2940523633
0.237210201971
0.19898876575
21.2285901962
117.530764568
123.884749886
106.014561773
99.0752468537
32.7287871256
19.3949899823
0.0940860076528
26.129556492
0.118532933499
0.121725715009
142.049732984
16.4724484
120.849881581
72.1939424286
14.8718586323
26.4795300627
14.1597888596
0.173710926194
52.8945014673
30.8454478923
0.16426554201
44.4042105833
26.7388059783
17.658538059
42.6451621538
0.0460586539693
0.0566424989142
18.5574052594
0.0394203159421
13.7103155024
0.0721521278453
19.5266654416
82.4123608722
82.6174918367
105.68507404
42.3921232012
13.6953551336
55.5010711818
27.782280426
0.0937119578295
20.2791114903
16.3000350587
0.16725427203
20.4354058801
140.711274058
0.0542812710342
0.0641067342499
93.4908588402
100.131932658
70.7025457877
21.2484680388
25.6291959166
23.2265433745
0.105259344787
15.8841087275
46.0378657583
0.0998174599583
0.128613596372
0.0895448255957
16.6188248586
48.9674347028
0.0990210088219
16.2700980592
13.6224900996
0.09357597895
13.9810734649
130.834752857
0.0887854986316
75.0674937035
58.8892354848
75.4965779396
0.040362625875
125.278067157
237.520085308
66.6923065715
84.7403281081
49.0571759356
82.8507641767
301.47668705
175.235417242
0.0972659711324
0.0815755028686
0.122879496531
238.784407804
31.8689246
23.568778896
0.0274221582603
14.6211813095
249.561032119
104.331084279
132.956852267
108.159677211
96.5572876235
89.1425103721
117.200089431
89.9357518144
74.6955363544
20.9686799861
14.0571551426
0.0794850753796
0.110128195659
0.151079186483
0.23872028801
17.1742750821
0.212128341759
0.153922819424
45.8559942191
0.172540772668
0.24218134195
52.5352133116
29.855790483
29.8098483745
17.3452713578
349.524812659
0.130419842781
149.475591149
49.4562110951
25.128730445
0.202880724962
17.0082615356
24.5758897473
19.2803617705
0.106800454222
15.8330946009
0.0433071990578
0.043253351708
16.5773318034
56.0710782292
29.2095020327
0.0761816073078
17.2428458018
158.294459366
0.118308256649
197.016932089
119.79158791
100.953185227
276.784107092
14.7022744185
14.4147686782
0.155308035436
19.3725393928
42.7178356724
108.837427191
76.5683486114
53.8629092687
81.5463367165
108.171518059
146.667361586
0.0475000751618
30.4384377066
0.141953273301
36.3292003794
0.12450790664
55.0297415071
47.5324719226
0.108549429771
146.67543361
200.403215837
207.928864371
97.2418335972
15.3749551275
28.6846269686
14.2783718306
44.3646417177
78.9781256712
0.136459135285
194.797127308
96.2212052027
41.9490457777
20.6235107308
110.05500117
137.786307315
0.199693200474
20.088468267
0.18204247674
15.1622138645
115.581922234
15.7313918885
123.848155603
141.129599274
140.351975421
153.914207119
164.016858002
166.012919138
155.174398338
94.9325321189
121.391706549
158.411679401
0.112911211993
85.9439259805
80.3178994557
0.0832042747595
0.083867522409
21.3551418546
36.2704735831
18.9406244466
0.165692977486
0.18899589323
86.7241664222
39.4696080783
25.7156267706
17.8697302072
0.185754979736
62.6851946191
104.110475213
24.7518181475
15.2750624255
55.4966876915
17.9153789365
0.367921486866
19.1517279672
0.180366171348
0.159164504115
20.475416219
119.772960643
0.167563774058
77.1976012951
81.8547993154
140.903675508
182.455853922
117.705652902
101.401366521
248.388871465
186.943092793
115.543060621
53.7837244084
0.0753569041185
0.0499875601777
26.7048909115
43.3875385554
18.0752199789
16.5633598293
0.0699871514374
0.0717021368752
0.0179601417539
0.0309131224102
0.0385571418174
0.0371799931414
0.0503978986371
46.961406018
220.149120868
68.0955843811
122.838466158
103.657958676
102.680814306
113.272696812
391.658213086
24.9032736139
350.239345957
288.478522242
0.0550267755959
127.073443415
109.928914794
172.826826707
0.0728059581374
0.109697850721
329.872054766
144.905671845
22.0502482519
20.7842915681
32.4583878458
105.473625523
51.4532113626
347.487343577
0.0927366396976
65.0660523658
94.1764485166
120.871976269
137.885917083
144.333656992
171.434575649
101.770475217
132.495222447
0.0278717531282
0.105035789864
0.176861494006
0.243883363531
16.2304985422
66.6738267336
21.3931326384
0.0634203199775
0.106378533682
67.2937829022
31.033645758
50.22679306
213.206979821
40.9876642481
0.229734999124
71.6563127458
61.8047305849
67.0306197235
45.4465882886
25.0785533424
0.142373672432
14.444749325
21.8021411965
0.118884146577
22.5715030981
19.5106348239
0.0471952884455
0.0301145672524
0.126901251539
56.4913742104
19.5939385693
0.15950097839
0.200511064971
293.063688445
0.165486589237
104.015531487
52.8104569463
20.8169164486
0.158204842594
42.9240449813
138.373753306
21.1705794026
0.183132708142
41.3143237959
176.941166077
208.489864559
129.013776733
71.4445695628
44.7748419218
112.772815651
41.2324747787
18.09274833
39.5673810593
37.3697973152
0.121325304845
0.13105368156
0.115289413984
58.1920539981
42.3272176973
67.3328297746
25.4305651932
20.7169930807
83.3563282847
0.0740674190391
0.0599658471377
21.3032525583
0.111266722567
0.145738656087
0.0830918866433
68.6352158227
27.3213777416
22.9060440552
0.115713123899
16.1824399878
243.274446859
85.7722666569
128.63338582
57.1625875426
19.5895616288
20.0807651662
23.276059568
227.475757362
0.0990572961764
0.0927186687127
16.7303201392
101.212384892
144.306854623
168.893726734
72.8401278352
85.923871486
70.7756777835
46.4194050196
83.8165400249
0.123938736248
0.152638627086
0.237721243617
139.757385833
19.9137198108
0.203595299402
23.7180702683
28.6361675439
0.212112789178
93.8524942718
59.2025665132
68.3237573986
57.8933584066
44.1938135739
158.420488501
0.0552762493521
107.655117705
0.105790267914
21.3868478351
0.188030443987
17.5625630275
20.4367814678
0.259345522591
0.311778497049
81.2916727015
17.7793584785
85.3856156622
92.0549594222
100.977435799
109.834303791
131.053266931
141.607155996
100.403150581
163.748468274
0.0278003650112
100.779169027
0.0497896472522
0.0479573647974
0.0516585951096
0.0483992924815
20.6224175119
60.7105984647
50.5039737022
21.3226451575
15.0256845458
0.0499658826544
21.0438963035
22.1807387722
27.7092459275
28.1767127413
0.0980470813888
0.107141879603
0.0722321666046
43.732373278
58.5083922977
53.0883080383
32.045043882
37.0977881745
0.0390575550576
23.1067026478
20.5601394746
0.00215110716826
911.63600465
0.0
1867.90345087
2417.67320012
30.053675194
35.9649352117
53.0638860579
0.00525635051705
16.1620196021
15.4516324332
58.3310423965
31.7918541905
28.1741652547
0.0134956064382
15.1838391153
24.7287655489
0.0352226497745
0.0258848399695
22.3020468633
24.6168882672
84.1547134345
34.0940763173
18.4013979654
49.7456677856
70.069159508
0.00415547627057
0.00881164693619
24.4885380294
87.279809986
0.0755169700871
0.060674176576
18.60339187
0.177870875645
19.4361410173
0.202237399503
122.402610944
154.514090705
0.196733282026
0.174059744513
77.1106338542
0.2065515997
26.7852965593
27.5559806131
22.3238862333
0.0463332875351
0.0209560300776
0.0195136188218
20.7242654837
29.262354543
25.735996448
21.9010478053
16.5241617614
22.5664164977
26.5496037063
30.4340914539
19.787418063
26.2717646789
0.0254084697097
72.4807191353
70.5415657815
83.1965932307
140.215670685
40.263878651
82.8456165262
76.8013852461
54.9991152973
78.2920544844
74.4834503601
27.210022882
21.1812694541
32.1238602096
269.361565084
47.9351423471
0.0416667415314
0.0552090575109
0.0539220551113
41.9590218471
16.7006369906
41.7899613622
72.3261084238
47.902373887
26.7643740798
0.043640944413
17.2306268732
31.4599145202
23.479407556
0.0668688764971
0.0823375281212
96.3200150037
17.2329409441
0.140668152151
35.1213299396
38.6739103379
56.1232034515
180.969366157
0.064415713337
43.9392336238
21.514452153
56.8530064066
54.3393806097
0.126774908292
53.7184252625
0.0882287499587
21.6549826904
0.0811871102147
16.826494832
18.5997020972
60.1202794828
25.5968084849
0.037856074501
92.3362915691
74.3432106842
17.2620601038
20.047263277
0.0723339369545
0.14309540138
64.341135089
29.108802847
136.416317396
95.9274237118
126.710166808
112.566399751
162.956901753
57.4692275688
34.6584351598
23.8543040057
0.0837293909332
49.3538904917
19.6150477963
0.200157795319
72.0992789425
0.162051704239
0.113045513647
70.6838190987
110.839115105
0.148235275326
48.5269885854
38.3118500485
0.162017400234
25.3026163265
0.23576870135
24.3851685484
16.7632860016
38.0786488396
62.2063002551
64.0652650537
91.7732585359
0.0828212945051
0.0872010081965
0.0900675452344
130.900410792
118.606291442
95.3009681125
66.7453566585
27.0975988775
0.100705972553
32.82047846
107.990121062
87.0196821299
52.6070215045
50.8687049609
31.3556792844
28.6068544462
22.735519069
18.9644161258
22.2341621461
16.7810131378
156.054832778
102.948483202
106.533917908
0.0981271641118
130.444032689
27.8534027533
27.4762520848
19.2264085338
0.293014254239
51.7765021968
52.2510872701
127.825836732
208.033192176
107.438826401
95.0217890877
0.0417848387645
16.4701823536
0.0450855947425
27.7460360193
31.4617562125
0.037103375198
0.0327060969001
0.0154482254514
25.2818380747
0.0554307236407
32.0659535549
0.0414214694239
55.7169667308
31.0428801684
55.2833579408
25.7776485058
0.0144898803604
62.0882684626
0.0184521247062
0.0240699113136
0.0236956888545
56.3668291373
49.2369886324
33.9402326779
44.6253133384
31.8690174202
19.3035078253
21.8716134542
0.15793029972
132.156949151
0.160096817339
0.132756402884
16.0352149961
19.2577628507
28.1384072168
27.7561654984
23.8313017152
0.0105643465323
0.0202205811152
23.0571377883
16.0448120106
0.0411906696316
27.3007564158
23.1195206381
21.6803975228
62.8515480083
34.9984335481
16.6791927998
28.2623075551
55.7127370632
25.885774646
37.4063737833
97.213813324
129.043521562
79.5033933278
85.4473170546
92.0624710313
54.3737423138
31.464807309
28.3850740079
29.4336198476
52.0830126327
113.153599012
79.7496684938
25.8208368973
0.0296359275123
0.0563473860107
27.8602872386
0.0175371254164
19.4034825242
0.0111478230825
17.4172381519
0.00229773750956
23.3242997643
0.00205656530827
0.00619107013633
99.7389968191
84.4308395489
21.2637407618
16.6178180121
54.942308559
57.4921507695
17.3869111058
22.3194187364
66.5926753543
66.6299459598
0.219830496956
183.645050883
0.150688377915
15.9368679943
27.8298560233
237.107900743
162.158378624
157.379951355
0.173947118327
229.471818088
79.8000287154
0.181691891627
0.077652014883
0.0708504228741
16.9085213585
0.0395824730058
52.8004013862
0.0841528085556
40.1705438488
0.0831740030412
48.0533893425
0.061530363782
0.132273793698
114.572105074
15.1936485308
93.1046302643
0.170058419267
0.138516401798
0.131786924519
90.6824444325
0.104877616675
15.3719393505
44.7023988665
23.1440163786
18.9014222937
0.154879634442
0.22009831623
0.230798456779
38.6720273204
29.1631126827
0.138047755519
0.152205899319
0.114495638844
0.121260892378
0.0755706307666
0.0609692710095
21.5331059206
0.057444052684
0.0398453966018
0.0393903556139
18.6585473779
0.0232134535326
16.0194636043
0.0228786126579
0.0
0.0
0.0
0.0
0.0
0.0
0.0
0.0
0.0
0.0
0.0
0.0
118.52152769
38.4727769367
24.0033792442
22.0662127482
0.0409609715587
0.023075700131
15.4936817925
50.8540575716
177.965451639
106.298826391
119.01631115
32.5646895788
22.627443364
0.0
0.0
0.0
0.0
56.5429288415
117.141242435
97.9358096195
236.089274287
109.502701795
98.6820367259
47.2542331547
179.942847287
167.564908541
142.722631067
105.031000711
101.661183573
61.6592661158
105.974162037
15.9525690975
181.090568358
16.4185262442
174.997657223
162.230658565
137.362184487
91.3732748618
78.9760969392
29.8962745685
0.0
82.655628573
75.6996563638
43.063278182
0.0
131.092285656
127.124342457
46.2203402418
68.6178866885
65.8499199726
71.367703476
58.8087437285
80.0397261892
75.2438261113
21.8418248415
60.3054972142
114.917811361
66.1100075565
30.2110282946
62.3888945987
36.8822713086
57.8569636184
65.696861226
70.1404303112
61.383491726
31.445114471
0.101503236377
54.8774003087
118.176180461
96.7194988275
102.222384815
57.4000509326
71.6266617147
63.9935930733
60.9691455275
66.3949933867
78.8127880118
143.385963345
150.645877203
163.598725395
0.087181620906
23.000876008
0.0821365624321
0.0800102354988
0.0852861479867
331.834764872
21.2229883192
0.1089423038
208.957000416
66.5541891529
77.312167156
78.2342453684
79.7891147322
81.9575357876
87.4438168224
90.2607107188
75.3521448609
22.6060732994
32.2791769055
287.242886799
151.843631056
148.017043318
59.5418972397
170.965427374
84.5712047411
0.0641273449373
16.5545710173
73.0518400807
84.0467464096
39.2635409332
27.8065933915
91.4897762413
106.666978481
118.073029551
113.170169018
61.8283998177
0.0195958380276
52.0091561023
0.00896216371978
0.00847494183906
82.7380591914
0.00734123773234
27.6982261239
16.6065020431
0.0181645814513
106.819274433
18.3693410989
32.5688684766
0.0290143811071
15.3434627761
23.5456165481
24.3579374432
0.0522431834757
17.6740620836
20.1269519107
0.0827953741591
0.0479162330563
22.177249474
24.7179545211
21.9140580728
0.0784767976163
0.0265764474681
17.7952531379
0.14067307526
0.0896524908877
0.0720104156722
0.0635111276376
0.111526812213
29.8297003607
24.9305080572
15.0932431999
23.0332269567
412.883351973
538.032924715
40.4959464184
66.6948544639
17.8081653371
86.3244734171
58.0116251992
20.5527899519
324.202290222
0.0573644151478
0.058455197678
235.82738142
20.9125182343
49.2186490538
55.3803569546
58.1677775414
62.2348865644
0.0837898898103
0.102981596197
0.114804953996
0.113491088841
17.0486189395
56.0630772959
0.11689380826
60.0458166646
56.7845186249
305.455095564
49.087560718
48.5545906595
24.3469034148
18.5005326063
47.2412485255
18.5829859615
0.103304044527
25.5729893203
0.0697437562789
0.0808631836748
0.140651565878
0.124907150941
27.9367706086
0.0491757088615
0.0528693552843
0.0590331050225
0.0601891895028
21.5175185084
51.1541588225
0.0840197155104
39.295193388
75.6384596707
66.4758993346
79.6532330043
99.5088056109
25.0498933699
0.0507461396335
0.0241867834878
0.0192959046594
0.0319471145784
150.768612575
132.194466686
132.868527052
117.452890996
107.118631115
118.708579907
111.088163612
24.4071823299
0.0373392914332
0.0848966564883
0.105700709292
229.45677342
160.78957418
97.34959598
123.69258249
97.9972216884
112.155304116
109.892430803
14.8930819374
109.583501899
490.768154995
0.0044821186164
38.7329454266
25.587489988
74.9565769237
64.5203733828
63.2776665397
69.7527180488
0.00755308180382
439.525725269
797.280712727
1104.51508135
945.312940162
88.2756163941
64.6136696469
59.564010662
85.4999820887
104.75817431
108.169419919
103.94548645
108.925007944
106.90327517
56.841803973
25.080065673
85.2388784148
89.7670753729
112.514972725
79.889582181
89.855524275
91.3180607779
0.11527499129
103.66747068
15.6443048047
0.133675928264
68.4662688292
155.182753577
152.932852476
75.45701154
44.7881739659
93.3517187433
621.70508532
1182.96048169
26.3977038925
0.0448401875869
0.115760912593
0.131601423296
16.0453515513
22.0754241822
0.160689234573
356.637966546
0.0459380658827
0.0587294379256
0.0727526114391
22.259767594
46.6108927396
37.9914880253
79.939860958
61.8731550337
72.5849373908
85.7530395483
71.3373264644
67.8926755393
69.7458537423
75.0461957946
79.0117534502
75.0842456921
80.7786581781
0.0755529293732
0.12186987189
74.9666970366
84.9213732443
109.849040885
108.643782898
102.94574343
99.5518951056
73.6901236739
70.5685749113
84.8929285167
65.684719691
22.8916837877
0.0764188941532
0.0739815564326
68.4023807805
18.7376154626
0.0605188251544
32.943621665
15.0956319648
0.104812973522
24.0251621669
36.2877285819
31.9642044801
0.123185154324
0.232331643766
0.261219572986
0.298086286748
0.352639641871
28.1327911283
27.6086375179
17.6329410848
46.4024366504
45.6504309065
0.380000008392
65.7497908786
56.2751484792
51.2643207178
0.108619475264
48.1188792126
16.5971858075
0.0637786269652
0.0932235718925
0.0945989766615
0.101644129047
78.5339758634
46.3878934113
28.5861518383
0.0801583753919
0.0842460794879
0.0294889673692
0.0395014064879
0.0361470500543
0.0442880774519
0.0410218888747
33.8889089634
64.2209176039
76.4910613656
68.6884195355
0.05453233243
52.6220838067
47.1238820592
49.339963098
0.0515465721628
0.0983625313039
22.1969136039
0.133490828505
0.148902181883
0.137976006871
0.149352007456
0.146752760104
0.158157755102
0.204940611949
0.18524877691
0.243635281536
0.438822081288
0.393675860665
16.0529518672
150.575269572
0.285450183841
21.2729671486
40.1448592687
71.7521110827
0.262193483451
0.172303006672
218.794793419
0.032111045669
57.825333629
0.0914220501185
41.7855350636
41.5390390146
455.835384083
63.8813623661
69.7727883548
116.343923933
198.037867699
110.92785594
111.170931228
114.308370311
110.756788964
115.388101342
108.380419532
73.0384394938
0.0327492958212
750.303015853
632.378408858
48.427380873
107.658085007
94.1730075654
65.2998456757
22.2193110928
57.3174587862
37.6346452966
33.5667788935
30.4549942369
26.4517580422
0.121302245676
278.257921353
301.463642633
293.350237145
184.261251979
198.004186925
151.663239859
137.268737498
140.830324416
154.976281972
174.930767283
194.071374486
281.14456405
403.229493912
117.862629785
41.2820603642
15.6629695131
44.3771211758
0.0502709445606
18.722307836
32.0910008846
16.8085188633
0.0790908828519
30.0283403993
35.8951221699
86.6068625403
31.1396613345
44.6311372223
0.0953988742955
0.078659217533
0.0639370905782
0.0568909643483
16.1153737332
87.086405749
44.7486499013
92.0123042325
84.3306263618
214.688657137
0.0814142177478
29.5268126489
54.5012483802
265.578478129
552.021843525
472.814820894
16.0829058023
77.8768452381
88.3707274729
197.227357465
208.87081364
104.635487652
55.4062779616
27.1528214247
87.2525837529
97.4252899531
100.863444234
106.701591473
126.678914819
127.029953139
15.0452665777
0.0530704871244
18.5299185292
20.213814453
15.7183269855
0.0583551354349
441.024811189
39.3166503047
157.314380684
173.198796
321.674583882
0.120646683813
16.8202002629
27.2982392048
27.1634096786
28.2615420567
32.7485004764
21.6782861819
0.0666675921486
357.646293404
528.257008686
442.913259652
0.0122119586938
35.1051175445
0.053899112262
0.0625232226
21.4951553559
19.5284598117
50.1007643771
47.636758384
36.1478116229
0.158791725184
130.300926883
21.025155074
15.4113157559
0.235743461627
0.196452161996
24.2829523259
31.3120533197
36.7238609527
65.7900821156
39.6402313175
45.5588809682
64.7456870144
0.277053438453
35.0716789658
17.1219323075
467.043868657
391.628993605
388.648428119
209.072015104
46.2984699204
53.7776356234
25.4571666396
0.148149514388
0.159072531104
20.598623013
85.9733063091
0.0720426582948
1069.7996178
30.7033141259
0.0591182939442
15.4856185183
57.7129077272
62.3872330954
54.3945012312
52.6339970908
30.3688837467
0.109477238897
0.16905865275
0.061987629824
0.0536695366242
0.119636073022
0.139156805431
0.110750682335
0.269816212886
0.170186161572
0.196309740013
55.6193244039
0.202435704299
55.5169515986
0.285637532293
30.2816018862
0.277314444406
0.244318195496
0.225191289412
48.5024889429
0.0707786355
15.0018209601
0.145591527231
150.239319818
20.8697623375
0.0834073072078
913.518881528
492.917052176
907.852349254
782.80217089
661.756935907
679.886973694
592.585105059
0.119555837417
0.113501963626
0.104168971716
0.0835351975721
320.553613582
370.173443074
491.277703284
535.552656025
555.765781521
649.778905469
0.0627832069227
16.0014907614
16.2896251748
48.6231771818
0.122280267401
0.122824029025
0.141295536218
0.0866301588703
1081.998925
110.215728194
78.5018112397
72.0667116507
68.4017249957
32.5789450733
52.0325863853
52.4272949539
56.8415810454
20.3513159655
60.2121929792
66.5183606322
67.7158096582
26.1009434461
0.018871059255
0.0433955248225
0.0720834234604
0.116797676235
0.106749744447
0.0876795015179
0.0879306807513
0.078540175022
15.8685024802
0.0990644592417
0.101972902366
0.0966269275956
23.7618473066
0.120863835808
0.0793694591947
0.0683048470396
33.5414715234
32.0624857297
0.0203511438072
0.0291474779068
711.522464912
0.00952121694892
0.0113964874061
16.3267974389
645.361360287
16.1754704665
0.0726773809158
19.23234752
20.3820605716
0.0874920559023
15.7627784824
21.217929842
980.112795665
0.22194573695
71.1676759564
49.0101690167
15.4402345672
0.277241292091
17.6058611383
0.144395210093
0.112244931886
0.100524457747
15.5799017741
17.290032942
0.0843781600682
102.688193585
352.006242537
158.300719634
106.05941103
103.472128285
79.9701550911
96.8695385955
102.13466582
0.080149040395
0.0917201340474
0.123240960351
45.0808592286
36.9345973073
113.162379646
0.129096480022
0.159829766046
74.9566276977
118.29800428
97.5632045145
109.500656626
111.847324443
128.694218222
142.103615919
231.124824168
140.126711335
20.6269974911
0.158516110516
0.178934560746
0.247496136073
80.0861377858
196.110022408
0.158613457318
123.641459484
111.442205628
100.67341513
110.55209057
94.7032395881
50.6532756215
67.4998527356
26.020764625
0.129746119244
0.103049946646
0.118480876374
0.140110091745
91.9103077549
293.357930962
57.9780851326
58.6849935317
52.9443195541
46.5330088484
64.2101401846
53.1348527467
39.2848069068
14.9679237306
0.140438414071
61.1274066285
0.101326219343
69.0914348014
20.2385972991
15.9667910236
0.0471921420968
23.9589902196
219.807719498
0.0455143791843
0.0534206011545
27.1064260593
0.122103598053
75.7829376053
0.0750359751358
0.0468886723729
0.0597341385137
0.0800645926871
0.11225898918
67.8813369653
17.9887845372
17.105364342
0.262063192561
78.1070017222
34.8844883743
0.0726735352206
49.0193239118
103.724469271
31.4128994742
19.6145840715
19.0365812768
25.9834868827
74.1284698347
26.3219154869
0.0648534189469
43.4329964538
0.0916297724814
0.0641134677865
0.0938388138397
16.732398864
47.7223165595
0.0410048950274
42.5300114408
0.154023323115
21.3876578138
260.144655189
117.983142254
0.183293950422
39.8241447911
18.7069822699
68.4258298237
164.269782665
150.078711312
199.066434482
54.0146317276
87.1532642733
17.5060548195
67.7999917445
288.913785238
144.193812482
0.0838184265204
26.8114236249
19.150560359
209.518152526
27.4493513467
25.2447029368
0.128324268017
181.766182486
229.610191688
0.0864373010698
130.651919834
105.102075878
84.1253478597
84.9432190054
108.257638801
77.4992161298
78.4956879183
0.0808654611676
55.0040756313
61.918494789
0.143264382995
0.177228500279
0.235630414077
16.6553942845
0.206088282016
0.251459653577
17.7750252626
0.207395263049
0.190599756571
19.674768907
25.8407482445
25.7745473634
17.8509367677
297.899901639
0.187216541741
156.99484443
29.8088610293
22.0402579016
15.4432773106
0.0975680481143
21.3800001763
0.0900841157751
0.0762231907698
16.4647683579
0.0525226022724
15.4544932705
0.0756311986894
30.9368447577
24.2750819272
877.579458897
16.9999274885
128.530031569
110.515745885
99.790338092
111.409985667
87.213850814
295.085538364
0.128270089796
0.160723896855
0.0828752397452
0.188929224552
44.7954213893
84.3318703146
39.1578295569
38.4946138524
79.4454482698
102.659527725
0.0540796190151
0.0687366539051
27.9188912309
390.072143305
0.166922980419
89.2752107952
50.4634604676
27.7552569016
123.507686449
122.04627483
155.805289366
201.151705281
62.9491169366
15.5628725715
28.0380321993
0.104288667471
76.7906535204
76.8773279779
20.0444290704
133.507134627
40.7941945764
0.167779329931
17.6657158606
37.3322697925
0.10650351539
73.3221098722
93.9603408761
109.054068978
97.2132336333
84.4841089542
435.974951767
0.0813748807196
25.1984521552
0.11373564972
311.45951161
404.361507551
28.899708713
61.2110420128
29.5443203426
69.1986043109
39.3791082076
109.94253241
195.053202528
54.4807433832
0.286811134676
99.560677692
40.7578708603
44.6015679066
33.061777151
0.372316515725
103.691908906
140.112221716
175.716711622
126.991090943
18.0199651871
22.1034476273
101.56687318
0.0498305005198
28.7374687212
0.0897825247674
131.045435572
90.7463732992
35.4933578866
21.5030261602
53.9567654938
93.7848998238
132.265432321
85.2686900864
0.267192979398
99.0946285451
117.059863925
125.959920188
118.543872147
136.364436542
146.746332848
149.221384988
146.88248057
147.784467414
154.254678087
97.8597728377
100.219111744
114.756697532
108.448324826
26.9752259487
78.7570091422
59.145980438
18.1802428405
18.3443262788
0.225978241852
0.239958015384
0.259272185017
0.283151698519
147.484700913
58.4286962916
0.138261808813
18.8125315753
25.9787953925
30.7842474726
22.4124171663
0.301449388351
68.0598667205
0.161391966837
33.286999082
0.32075453317
25.8301226362
0.17109909768
0.15977254639
0.172604740215
0.080071225519
97.3559956814
77.9359276192
76.2574743291
91.5817931967
170.02425201
121.275546457
96.8834885667
111.881134548
178.308616812
114.145956159
47.5090947113
0.0260533499488
42.7981055053
27.3269153889
22.1616924528
21.4165549012
0.0533235664768
0.196810797783
0.255450171298
20.3146353995
0.338610173716
77.4773368754
0.43640994951
0.45426149912
0.446455713752
202.476656406
74.8086951856
46.5508488238
82.6047054434
59.2609834442
248.030813795
0.161701416394
595.490634703
396.61452801
259.121508301
239.503502354
102.306839511
121.132703654
146.930739336
25.1859462072
242.636146918
224.453964211
399.553251061
0.245553812444
0.342213168606
34.2115678015
27.8230405164
115.531244706
260.00454836
0.329208354756
81.6958820468
80.4429252378
101.255899624
133.287273587
142.215911788
160.081378076
142.168727635
136.738538863
0.0522214936154
18.3912390491
0.0724088096004
19.3702780998
22.9446906699
26.7730331511
0.405021730167
76.6148310922
0.670565402975
21.9441322204
27.9404369268
22.1237539956
18.0926136592
0.430155972149
0.381287484781
98.7092418975
40.5206028382
44.7870780182
70.0481838444
25.6947520575
0.100024421346
73.385869524
21.0284347333
0.0517820016549
21.5612857744
0.110985581706
0.0904060056177
67.1080470051
25.1323722451
30.0690294886
0.204671763518
21.6213263176
352.093943407
250.523012845
86.4487849442
105.176286212
60.2315668313
18.0743867365
0.135836054846
25.0496004153
216.681263898
17.9206640407
0.124702192442
0.060128937287
114.233533062
124.204202513
181.228773264
56.7924197136
41.6720508431
67.4272154607
22.5991384886
56.3934724322
0.0935471391026
24.6155462035
0.183434923112
109.636541132
19.6165939671
0.139147439814
22.4138297531
0.246754554459
0.202514640471
48.3255983262
67.173710121
92.1411295407
68.2590449329
52.5265781314
173.358523922
0.079142604283
86.8388221263
0.0821375546329
23.9984897737
50.0013791895
0.134033371119
0.140345520794
0.177256092275
47.1006714565
85.0356107025
18.0332058899
83.8281274126
87.6780226737
92.1921758414
99.1750129114
72.011898407
112.646847894
62.773306093
0.0174685464115
53.6661872759
91.7582199937
190.015027859
31.0078537032
0.0222027689363
29.4997942753
0.0113212155833
38.095731792
265.337503665
180.533883956
176.043755038
0.0584127215018
22.6097166216
24.0522893871
26.1540018428
27.1584990047
0.0605750413606
81.9740367369
50.3782135254
311.895115037
232.161797661
177.169181479
0.0325801981895
19.4925924474
0.0368001187408
0.0311129747557
23.3306514019
0.0
96.5794059386
94.6552331049
48.2284883665
125.622109316
390.176990578
505.89207168
493.015630427
189.811230484
178.767572788
255.013877898
138.254472132
20.9243340668
101.718785025
18.6287343044
0.030631582581
0.0386058311658
0.0174766122169
0.0139734375513
122.238618032
166.475743112
89.775875822
0.060995394141
68.8895140365
82.8237164683
68.4102294175
21.1191890983
18.8729286233
0.180694662386
21.5094354488
249.875891342
0.198502586223
47.1781097536
35.5299817716
75.6957100252
58.0713091198
0.295000978623
50.7979081573
22.6263191963
109.585863512
0.230580539524
24.5975521202
0.272449417393
0.254064716433
126.242837988
229.333548328
128.864585738
0.090798249868
0.119713680276
0.1154276521
0.0671865000917
0.0844599768954
165.253768822
121.552284495
82.3599572296
106.825282462
0.00971319065576
234.590765985
0.00203670465815
0.0
0.0
0.0
145.769287204
70.49240855
190.888252109
136.944976491
67.9779050543
88.743271532
83.2406068639
0.0429688580081
98.2788561841
57.1497257
285.584281303
58.6549469355
0.0763553068221
38.3366615133
0.0395160845384
24.5608217626
0.0960195363115
0.0570115770269
0.117195558528
0.114906869935
20.6463124238
77.0703129249
0.0872895855842
51.6505445642
0.118260721023
0.20841299896
54.1759413429
129.211507444
237.616783141
0.573747320577
27.8795320955
0.610700218536
21.9203497724
139.083289844
501.021995736
335.289641348
34.2825314399
76.7158455157
217.861778104
0.156069839316
26.6805021059
27.6380645219
131.313070438
162.413020686
67.0894537955
227.418216486
74.0585851206
0.187007717735
0.0704433273277
0.10231586831
54.4268801091
0.127769564105
0.159688793751
18.6813806264
0.112665285393
99.7248148982
26.9882000463
573.74408442
107.704476328
154.303463706
57.4028687148
92.8564679817
25.9091934617
21.9403257901
25.2817528637
21.7685557405
156.709334765
277.359583514
274.444896704
171.999355798
278.430658513
181.563545294
98.1625030367
0.0393845100244
50.9722376339
19.6645718841
0.0428392175017
284.59388725
85.695277921
18.2050426213
56.0551761793
101.252154298
17.7677434849
295.917272794
78.3372366828
0.0069864541341
0.00294713696983
0.0130271499184
32.3930477625
76.4826326031
40.8218327542
36.0931336483
142.9782954
20.7458816013
522.046586574
19.8261380913
103.185204954
547.913963673
28.4883343851
121.935545185
0.0185282790036
20.2476347509
0.0335837070752
26.7009133573
72.8897032325
64.1694408663
132.517446585
96.659164441
82.0752113505
149.401343501
120.344540424
0.0426733426178
88.4210707504
186.030142261
25.8922778007
35.470142619
19.6547086487
0.141161495507
56.2722826305
0.164389291665
0.181147603216
22.9069968623
0.126881156998
49.8102936302
0.0597276543064
0.0913081307766
18.6407850813
0.0751814046401
167.410595395
199.036903508
0.0703077166843
0.0433422345943
166.439668738
89.9968282736
67.6600697597
57.5363527562
22.2665092398
22.0450049666
0.13527866916
0.141808742964
181.345407366
0.102256747119
209.972961448
509.559142723
58.895093676
0.19359554272
106.868368886
88.8382750751
105.367713942
67.0221838362
140.197102785
0.163963170231
0.184889868716
0.21088633047
186.664293882
0.212874960773
22.9054412779
144.935888394
47.9433632239
19.1734060813
0.0982756481781
19.1064491744
0.0318503269991
0.0290674916473
0.0270380339951
0.0363704105844
668.664637894
766.972637148
90.4018526044
0.0268573054381
235.947805376
83.241404644
241.72014546
130.527461447
155.749071786
19.0574080796
37.9734496916
0.159639412956
71.8363120513
19.430395828
19.1989820291
97.5560374444
91.5328651648
46.5465847506
85.0251481852
0.081761184946
19.1807149927
18.2650622882
0.210286716587
0.218929722779
0.197375789015
0.184146904839
416.546063366
516.970896559
467.485282944
21.5679567938
0.142090992671
0.164443176585
0.168334434052
281.182716237
217.291085782
117.510335878
0.178507977993
175.95188461
120.855564553
412.702002818
244.818437974
0.394253334224
21.5322466261
28.4573155778
0.0705893218847
546.088861573
498.604899405
143.254925226
183.066145961
187.613439545
0.135402421639
0.219438552582
0.198097069266
88.2005851843
126.325153334
229.602724646
70.8231909615
77.7661321218
0.0614269985641
0.0695861549823
78.6913135606
0.0387989973549
58.5849627562
26.8275060065
35.9151318161
46.0000406471
36.0626044062
92.6863904771
23.574481365
39.0428576798
19.0349480228
0.095568108082
0.112092904138
315.774826681
79.9409659142
0.183804752719
24.4946953686
21.7702315052
0.241896625443
39.0807919198
0.167030337121
23.0615841575
84.1604572441
19.9331506642
49.9572017053
0.109035727434
73.0838658712
205.896678312
89.9691759311
190.468023656
0.0983495217864
138.103345088
19.3208312903
51.144215705
21.1457053087
0.0033089703852
0.0
18.8058708022
0.00842448611762
24.1817353321
0.0106586165843
88.444125301
0.0
0.0127445531403
0.0155322548463
57.0608936801
26.5401946403
161.491275294
56.7696302068
19.6018349608
0.0383837951229
0.0360029209502
0.0381155891674
0.0256374188168
161.21421596
101.92843141
0.00935432510017
0.0
0.00473837269369
70.6654974669
0.0251797064258
19.9252544512
0.00560449615221
0.0117375355172
0.010603154992
19.5912350358
0.108090442685
19.3306652481
48.1801833707
0.0866243465192
152.55602795
41.9092140066
75.8276256162
101.664269738
42.5861736865
29.3000245267
18.6160024882
0.0691963017676
57.9097421981
74.2949586396
27.7944673475
0.0344704523283
25.9286268951
18.4359071739
0.027277633937
0.0618240498782
0.0616328389932
0.0359134873774
0.0760236005003
46.2774259515
0.125734816447
20.7332855819
22.1029965601
146.326139247
111.053313544
216.773377423
137.150119222
151.935014144
0.0640399119646
383.007681487
91.3341326453
111.033945946
29.2726196575
0.0585065446068
104.034241776
68.7330732606
325.588634598
0.0856365627667
27.8316608379
163.504169007
84.0104611159
0.172565570452
27.5311552561
111.993366822
72.6982116153
169.490557327
215.526559334
113.969767545
125.029444268
148.713961224
141.239012125
141.188898728
135.000194135
102.354498962
83.2752879213
19.7736173063
27.1691347534
23.6963312452
0.189885165561
22.5699412665
26.5437422278
0.17005444034
298.436708218
0.291701769157
22.1504610332
18.1138674593
18.1829869197
25.9502233793
0.163252116577
0.198391827747
571.158133615
547.115943441
256.279443952
47.5710108354
24.3191744971
66.1460362939
0.109732452413
0.0735460098828
26.7521496396
0.0765316522819
0.0626704202572
0.122343718022
0.115336943931
0.128714763379
37.8568864064
24.8064081534
0.145204477276
22.7403562654
48.1238716125
74.0265334511
181.367120428
97.2552266786
98.8056404012
206.430160234
366.467763043
66.611994424
25.3398186386
0.0457558770335
797.108229426
72.6220530557
114.236537169
35.3534731799
38.7852506623
46.0684021124
42.1947800816
18.0963007485
262.713605346
0.284650038938
0.413190729968
83.3085016279
30.6212595503
37.2298208319
23.7762810126
18.1713213875
0.281376234196
0.0854681966615
18.4105066122
0.168404609524
19.0242959776
0.259193652663
40.5992514922
18.6959474536
74.3999370127
18.3615568655
95.7380115821
73.3557818908
0.223764872019
390.881904776
109.710775723
227.678682363
0.165223639502
103.63506477
109.476169452
134.512397492
0.101576057896
129.418223285
104.900117856
0.0436482928348
37.6950400724
0.0614998137899
108.759823211
137.268782558
70.6128796733
0.086780879826
0.133148343816
0.140048136569
0.122706436758
0.141160555105
20.9473812531
52.5038181058
22.9315355539
0.181559679485
0.189527749796
37.1527377375
0.230164301691
29.5042801137
22.9398910019
22.8478439326
0.195937701788
0.11875498164
59.5626482715
61.8552961143
24.1568641255
0.172309980606
0.15297258169
0.144560415893
37.1451937251
24.7205979346
0.138806871477
18.6378094009
0.0704122854458
20.6565803968
103.600867654
73.2857906992
67.7076619866
94.6835040642
175.023841027
181.181286764
144.746951251
146.260385155
82.7872433968
160.56740681
44.6026359756
34.3959511511
69.2150438782
30.0829723448
21.7299706326
0.0590684061778
0.125434980533
0.156237906544
0.187959929679
0.210219027171
33.9183460715
93.8813269079
20.3742422974
29.5484550109
0.327005895533
258.096854565
108.142538889
90.6880794444
194.53838113
114.098267661
85.8893210897
40.6667007267
573.900136095
26.8690886327
228.777869539
317.742925505
20.0228686264
38.2773829159
52.9937549057
0.0795726445082
193.608369011
195.878533077
325.499488527
0.208483100353
0.265538349386
0.323618894087
186.756861316
127.373248671
189.086636691
204.821731161
41.776998676
69.7602547494
28.4701176104
38.8503567749
42.9453420606
38.0976521401
70.983840875
0.0769431868299
17.9629051583
0.141916690892
0.300937399309
0.27079376869
19.333671047
19.6322737579
122.76414805
21.9481005159
54.6844810019
33.9618811189
19.6916988436
24.6354019387
48.5877016267
0.456107120822
76.8576785357
22.5097740854
41.1387988242
45.4819002686
19.6995737263
0.168955876015
0.125218067517
65.006232064
0.0928202414867
0.110507111177
19.4331143312
80.6477851298
20.6283855882
72.7507290655
0.232518450592
31.4266230246
0.347968768138
26.3997812425
294.408652513
80.709159796
78.5757702665
117.698877333
31.0215454164
21.064996198
26.2289572199
0.305768143949
23.3693939816
31.3445464155
0.127298390124
0.0681293857698
29.44367574
104.040021193
96.6892197398
73.6697177272
51.2727245004
20.6816937115
0.500033839559
26.3361006094
18.60852696
20.1958136189
21.6691111759
25.3488918877
0.553758076386
59.7000113499
30.8451461194
0.40899989642
25.9689926552
455.953479097
33.4388009328
19.3658176014
0.0328603039267
42.8959982911
0.0559267449454
18.8226434718
0.0636002123208
0.075412506879
29.3517421606
24.3149976782
22.7822378904
0.0457152991348
30.6251169674
0.0698421307235
61.2933926588
336.395043741
183.494580669
91.0627105687
89.3720408738
45.6920772027
119.22708266
161.77721942
22.9013139582
166.191297428
20.6864373977
97.6326351527
118.03405722
37.1585580182
0.0230437964417
27.8026891246
94.9666816514
35.3244031472
0.0277851256283
0.0220753661992
0.0126023249613
26.5395482304
24.0598966862
29.2870193404
27.2902047758
25.6296753707
0.0487514577815
82.0070964231
68.1351739367
43.9026184803
40.5943701941
35.0757510996
29.6013966381
22.3962967734
0.027279970936
0.0301274119793
23.3206939704
0.0
20.8689322552
0.0
1975.29961591
2575.55528687
0.0
43.4273596957
38.0228378538
99.001109569
85.1040165376
68.8814350752
20.8542665513
106.91174121
26.6679136907
20.2167925594
18.8421023345
0.01952137599
0.024835572751
0.0186220708747
99.8889850557
0.0177255711695
0.0210742964956
67.0929159416
163.734752729
73.5843888032
341.084734279
0.0376143716177
0.0279517658102
48.9787888052
95.3851455293
68.041382322
96.7128436748
79.4506106911
0.205767993045
0.239189351547
0.224743532141
97.1253270859
146.330337789
0.18942022132
132.580641087
31.2065328364
0.232062734371
0.224795296177
0.272707795069
0.0637959357411
31.0991254765
27.3644966776
68.3912252424
26.5836596238
29.3051819241
24.9976097928
0.0560134407216
28.6897343368
0.0406085585603
139.558920988
128.173388944
135.345047572
86.4593821055
51.1458179799
44.7315710647
64.7251040247
35.871784305
32.5693751961
46.0782731181
0.0614563750618
0.0823165559737
22.1427698258
30.9616900399
0.0967818862009
0.091585763719
31.2440301985
0.0573648654823
164.054460623
120.359471234
0.0700562503879
0.0569621095936
0.0629180876216
23.0531610882
106.294010042
125.417484554
0.0702609274416
29.4694483448
0.0687837223136
120.446795972
50.6629463417
26.3301361681
0.054729021485
135.481810706
175.338691057
44.5412188971
185.960905357
51.0160369252
28.5353507481
0.174143718071
307.712221371
45.1294130962
80.5760098397
18.561145864
18.7544705657
40.91423399
33.1613498177
60.4050012559
0.139470888926
25.7946131648
0.142923673731
18.9800632722
162.106613989
0.0392263565089
62.1686178073
25.0133454218
465.790225257
532.461267081
417.405477518
0.202247155411
67.2008622766
0.142868211917
0.134919919945
0.159527482934
91.6615754187
84.504124819
52.7848145375
47.139573884
71.2441409155
17.7356676956
30.4787868063
0.0625172501692
226.884754108
18.2036741321
30.205055118
0.163091267608
20.4392705592
76.5312910701
28.4048855617
154.678894711
34.8439253413
49.6862023668
0.142702125089
27.807532944
0.161384005275
33.0044031238
35.417904607
36.7702241235
36.188811869
35.5177617979
34.2200221897
31.1107486819
43.7328718039
0.0982669797106
17.7843481344
47.3128432794
44.5598888114
128.544094329
116.021093399
92.4655741062
26.9121876955
0.107217168692
88.5688359887
62.9548445102
111.216374669
57.7121864471
19.5497289545
38.9559237043
30.4600397399
26.746690474
0.0206116532886
0.00957093176654
18.1959566381
94.8296871114
124.255732538
104.173181211
75.6030861732
92.6011581082
126.748260865
27.6940698277
25.5093002601
0.046444123759
61.13462057
19.0001920148
32.7354432459
175.968657121
147.566219778
106.218365942
82.9211513647
638.867751141
22.8089309737
23.319853631
410.230811643
276.757325215
203.769309405
0.0460826700816
0.0346418011746
23.8442545159
0.0228387932478
24.8138721048
818.072954438
67.7977978375
647.840839215
359.532714381
317.951337738
197.455085767
82.2866757507
0.0235602686259
20.7247433223
26.2770665887
20.2767664497
54.462852557
0.0634847654106
0.124113550195
0.139781205583
17.7980401752
23.8932136412
0.170241783778
0.147882021788
0.146144333504
0.147200021121
0.167052151018
50.239586484
0.181533898976
0.182074368861
0.140941175375
0.0450141484607
60.3963198172
66.2987709151
23.659607877
28.3677857799
23.678832182
46.4455017556
20.1088180721
0.0884450257056
29.169570485
0.0430051146636
34.5295062639
66.458734341
193.931999245
30.6205802532
102.854557171
85.5509006285
70.1795076177
83.1158951565
96.0249044154
103.112607365
99.6202220465
74.2488258024
47.96009523
66.7507845836
22.2598576046
85.7077870224
159.833226512
93.049690052
18.0591115306
0.0620476595217
0.0609763940571
0.0395103859875
0.0178474862845
0.0
0.0
30.5217492456
0.0
76.6220010961
18.6943283063
25.8420309284
0.0487084207613
0.0575247390782
0.0739645867466
0.0994829276034
39.5747707097
22.8006422001
31.9962215324
0.141837784872
0.197937817904
0.148804874259
65.6269532747
63.5656361078
102.082374272
37.2414317835
63.5211008689
38.6538030944
255.709867386
0.127446173888
0.161927914655
22.0401273797
156.194822996
0.155137706466
0.165206077759
21.0282930798
23.2319103731
23.1172580552
161.530919343
0.210728617972
0.225619270268
19.5375140395
19.1734795146
19.5880746973
