0.0
0.0
0.0
0.0
0.0
0.0
70.0972010379
13.8904869034
6.87065146101
6.80775757418
12.6432047957
12.9984095551
13.4739539081
12.6471717792
10.5667453767
0.0126693650302
0.0124868464504
0.0122536054918
3.72347512169
15.2220378171
4.38940644188
3.57640220215
11.3817420311
12.0848984515
3.80751147352
11.5330616451
12.3806185592
3.63474678165
0.0145231164864
0.0139014242527
313.470702203
188.948124921
170.831746632
141.707873809
117.174626688
139.81106851
168.713579937
155.401781806
114.1409213
88.1732351455
112.132701232
134.463677561
183.884528496
60.1929618476
137.285311635
5.40440725052
3.84987839529
43.1587984449
44.9266242326
51.3770248382
48.0246589189
43.5654831851
40.0050720253
39.2658543978
43.2870097755
46.1489939604
41.9811997665
32.5106354759
25.645707416
27.726679412
30.4818776269
30.8873526748
28.8922053077
30.7981230979
31.9026073906
24.9711692203
25.6173489799
21.4555311792
24.9293954069
25.2020000986
21.671828029
15.9740756401
14.2597453511
15.4223587095
17.9943815828
19.058545528
15.7238361218
12.6949910468
9.12426062438
13.3129357345
12.7102172127
13.1049390134
13.6955527756
12.7767908787
11.0340326893
3.73627237322
3.9285711138
11.2112854575
0.0262078977923
0.0241602290696
0.0330080043751
0.0431916517507
0.0427882150134
0.0391955059294
0.0374159689216
0.0376851453696
0.0387627948054
0.0385833993584
83.681058558
85.5059256288
0.0347855981694
0.0379032963023
0.0280293333136
146.577613056
206.597509454
181.149994816
170.530072466
128.117409832
99.2470780689
103.619110227
127.429870248
140.233057282
129.665567714
126.81318293
70.9869096009
28.1100536131
3.74757781499
92.086499857
85.1185094431
87.3624511172
70.0338493029
70.8871917339
75.150195995
78.2040414702
76.3034393243
65.3860780234
55.3154745304
54.1295402337
55.2330302293
59.964128683
62.1014016373
55.091182355
47.3922339876
48.0011848314
52.3593178298
54.0130580937
48.1412819446
37.2201026727
30.4077764625
34.1244869021
39.7751629175
41.8115247565
38.4936733124
30.5145028155
25.236774646
26.9282987229
31.1201071867
33.6439877314
31.5807611373
25.3255888023
17.9377275741
23.7336851145
22.2787177612
19.8911134311
17.646895325
17.9269131078
19.0959016474
17.7166969495
14.8787996649
13.2452548891
14.1004778477
14.5273516029
13.7567316849
3.99157651798
0.087677045708
0.0797579803872
10.8225366643
3.71327702298
0.0672318671311
3.65274604514
3.6378160973
0.0709362761524
0.0749598474032
0.0782621817671
3.62514399433
0.0767233480394
0.0821244339679
90.2389701758
97.0150040222
90.8174203954
0.0740035414062
75.0894628254
70.8548519706
78.4516963567
79.2938028032
61.388883235
19.8092055328
3.86517885244
0.0302683357728
0.0337867009163
0.0296150155201
0.0286567648589
0.0279659403767
0.02790484499
47.4238592155
42.7746159488
41.6615603587
45.3136933213
49.7802111763
50.1926650511
45.9441686119
40.8667907945
36.49535692
35.8542162019
35.059957645
30.6598220656
29.1382635264
32.2482483963
35.80878028
38.6972593279
38.215106545
33.6166638922
28.0659435916
25.8501916524
27.6551205095
31.4653199183
33.6438524865
32.3481734093
27.354695207
60.5017503432
51.7517502523
64.4842506197
70.8617397796
64.9230309198
61.5996112928
64.1967666413
68.4142560753
73.5692979615
73.0112013327
65.9695114519
56.932004829
51.175777902
50.6394770957
55.5942558288
60.9904026948
60.8362369065
55.6525338453
49.1544029221
44.3874317383
43.8497965118
42.5481662879
37.0839513491
36.098712494
40.0270078979
44.6334875677
48.0079731992
46.9952473704
40.9069747056
34.4345837173
31.9710472965
34.8008651569
39.5189072412
41.9963844743
39.8786702364
33.7954254303
27.5389321709
24.6943692695
27.0699338438
28.5770721395
25.9388524257
25.0216090352
26.0041880976
28.011315765
29.9314378827
29.622695419
26.608597027
23.0922595387
20.7788393853
20.9070583126
23.0912240986
25.2272934211
24.9398217843
22.8494844251
20.0362043881
18.3131942248
18.198270342
17.4921801984
15.2333972033
15.2196894086
16.8762580438
18.8572218924
20.1225302037
19.5122623919
16.8272268961
14.2944376585
13.3892162488
14.8750398997
16.7902532975
17.7315445849
16.6058780256
14.0319824857
11.4016252743
6.58028572974
4.12309757583
13.4549160622
4.50347660847
4.28163795926
0.099259000471
0.0903851220575
0.053699909523
0.0630223711993
0.0731275591094
0.0566640170477
0.0569311727763
0.064979033065
0.0624688611412
11.2603742976
3.96908964858
0.0457091349404
6.51221881534
0.0409820401049
0.0387960406858
0.0373532801303
0.0374355995377
14.0406440443
0.0401104486009
12.8898747444
5.67227312748
28.2684447376
0.0311440714517
4.08039280982
6.38175488392
10.5510689254
0.0354284412958
10.465564395
3.7697397668
16.4150609319
0.039815343542
0.0695934464853
680.66732025
82.3135328407
0.0544970783687
0.0904346844916
3.98637476366
5.36668224795
0.108603884081
0.102717702668
0.108804699771
0.106293133598
0.103652385352
0.0994316411658
0.0949810136012
0.0927165337046
0.0903418889739
0.0868421658283
0.0825313734407
0.0783087335526
0.0749177255377
26.5160761801
26.9090359909
26.8325012225
0.0712378307904
25.0461150952
24.1058884197
25.6707456036
28.0072979764
29.6968399459
30.0028052296
27.7911306583
23.9933758971
21.2018149588
19.2275044802
17.8462644183
0.013011846933
0.00302878984068
0.0067096811955
15.1498861184
13.675097789
15.5542023228
16.6728777992
16.5952655894
13.0664724093
12.4470989429
3.80792714493
0.0439605957524
13.8529068267
0.0339008938222
0.0289361448718
0.0270815558531
7.19880957757
4.07169328209
0.0487682578024
0.0396041695997
0.031716922458
0.0281035939168
9.58649591957
16.4419095388
14.1012576374
17.3863288122
0.0224988668475
74.3120815077
10.6653753528
4.15857909859
11.5312740334
0.0472947640404
8.70680396547
0.0666788518287
9.18330169924
6.75742037265
5.42567942893
10.6836772416
1120.70642178
5.35206876869
27.110187494
10.1668908265
134.586612008
147.653515548
150.291644279
140.428874504
120.778274373
0.0252924770398
10.310892674
24.6082711524
7.57914443025
0.0398288499418
111.175648252
96.0031097616
84.4661856112
77.9705094547
80.5609066307
74.8809825758
68.3223734361
0.0166949444069
26.0993110061
20.8584576531
90.1792208556
79.6160525833
64.4409479007
16.7371097562
17.0115526101
59.8340740604
66.9009783438
68.9739251438
61.1533971724
5.50290671435
25.9702250802
4.77341105491
4.5118742557
16.6335043001
0.0166517090205
25.0698020981
22.6472430216
7.24167286355
11.7071099596
3.80032889664
0.0939127332573
0.0902670901924
0.0794378823742
87.4115861859
0.0549148203997
0.0620351366683
0.0740684033426
5.34383853789
0.0349627086592
0.0305874601269
0.0435189307461
0.0449632680146
0.0392151029743
0.0421080513392
27.2955739325
24.5945861723
0.0522111581027
0.054555617609
21.6963256371
22.5871019549
22.5713238457
21.3173717096
20.2506930868
19.9540548188
19.5983256108
19.3690525528
18.4834207636
38.9208148997
1099.60128697
24.4874957937
8.4758845846
82.3072723323
52.4678023065
0.0942799294973
7.21919751433
15.6532102346
16.1227908448
15.3925561209
16.0660160674
13.6889495164
13.4168378604
13.2679727316
12.9523979044
12.7088484995
12.1139348781
11.3738790365
11.3701630126
4.19431148662
3.92375107165
4.22442635292
11.2625224676
0.0832846150412
6.31780022713
0.0832010807352
8.56674385876
0.0327284875594
0.0435583259575
0.0167086588654
4.61392717149
0.0308818903087
0.0423086031684
4.35558327637
10.2237337213
5.40584881083
3.69506706784
0.0265761733534
0.0620981717949
0.0940905667748
0.0963120832632
19.7815281123
37.1198489609
36.0345091318
31.1163683007
11.8725608583
15.8531956043
8.06286786133
13.8585567256
0.00507462890792
0.00156836406015
10.5719731233
11.0772329984
0.0340125345404
0.031670005205
3.59166072969
3.72840173059
0.0403513091166
0.037644164824
0.0424826515348
0.0480896166829
3.55885717457
0.0575055576904
0.0563928667038
0.0609305123107
0.0519878017915
0.0495109300033
0.0468401199781
28.2298036011
27.0287104095
0.0499724839519
0.0165872514045
0.0134263419432
5.38437084974
3.53462874786
5.17015376651
17.7607263033
19.6499965142
22.2282902483
20.0493854234
0.0871023482549
25.0377716496
22.2431585511
18.61515164
17.9547931664
15.4004077113
16.9616657363
16.9193276377
15.9561565192
13.6343043292
7.24301678585
3.6485854168
3.7218224581
27.0576338386
26.7127183184
53.6598802456
53.5560467738
49.5706799963
0.0858333691625
0.0864342174099
0.0998321156579
0.116089436498
40.1685724134
51.1043825896
57.3404316718
42.7794749758
27.9425728741
32.9276435847
0.00630642834921
36.0966652185
0.041180854032
42.5194395029
0.0832214711424
36.7177716044
30.1246772619
0.0919800877201
12.8357486298
11.0121851429
5.06818107311
0.150568804315
17.0219621146
15.9248518691
14.2620262228
21.8035871613
52.7113463003
65.4035820499
45.7512717755
46.079640137
35.8651783545
22.115076382
20.3715252664
24.6093975178
10.8537028939
8.16995009575
3.60558794622
0.113569958314
0.107468385071
45.7451473325
47.205697574
43.3526286254
0.0816707826797
0.0799910931996
29.1815633829
542.260612853
27.078466283
0.103976799816
0.0827582052033
4.48799008575
0.0735792753346
0.0787990746315
5.8837802388
27.3091214235
27.4601071925
28.3013196148
25.5712634005
24.6354630269
25.6647536754
24.3045977709
22.2059217239
23.6372902662
22.7184409893
22.4586824395
22.1377319394
21.5870095345
21.9354698609
23.1631106589
22.372489292
19.8768510416
40.8214344183
132.695590418
136.82953259
183.522016172
144.40687145
157.520894714
168.778283539
162.962091896
139.853168023
119.120158164
107.606170852
9.00445379317
14.8955300015
14.1761619187
15.9227157904
13.5633021671
14.6766204707
13.0052107895
11.9129687241
4.10142613832
0.0364269342088
11.3624784032
0.0324516865488
0.0326067695342
0.0344678965079
0.0328497465902
25.4002846918
7.01006625671
0.0872544606879
0.138561476666
0.167656272582
118.985237537
33.2527440173
73.5492689161
0.0312035944278
0.0308971063827
34.2645708589
33.204665539
33.4744966839
34.292318481
197.805249954
147.386820213
76.121415283
17.5947773237
19.1284541849
4.31739060593
0.0377282300999
1259.90970097
6.91987232452
0.0691553458534
0.0952575524119
4.48466779492
8.5088485279
0.110818797512
13.6956240209
14.0112003631
4.25977792515
6.72690365484
0.163314008974
11.4684933149
12.1121905668
3.7040306817
49.0312147713
65.8119433492
20.1328395734
35.7287495561
18.5114107779
0.082749799873
4.54844636332
0.0568428152699
0.044560371284
0.0362909327632
0.0364574914199
0.0356792293763
0.0341627125723
0.0331011838949
0.0327311582417
15.8924752746
16.6065822408
14.9035712598
12.4092485877
0.00700406504264
26.4311964014
177.435017099
109.685526368
183.631138958
120.948338651
154.598285146
46.6403568875
28.974165589
22.5584249214
73.9948506861
61.7664581607
102.605041903
103.487750413
64.4667702036
55.1988724768
47.4142035485
42.1067228336
57.0318656832
0.0661577269253
39.6228471805
20.4853158313
57.6450066583
49.4489990516
29.9357994922
25.6202352049
33.8943091573
40.8977309002
35.8954360055
32.8271407558
32.687822706
31.0597721945
0.217123628502
19.4882101675
23.1167698939
17.1260764482
21.1908319368
26.0698049498
1076.29907331
0.0511149299878
8.46933080901
54.3930663359
59.6889223507
42.143235655
25.789703627
45.1997220069
8.74938819728
13.1248060545
16.64606075
15.6065330052
13.4560790721
13.0431605973
14.8803783951
44.6080116321
79.2310819978
57.3073722947
73.0347021231
18.2415261323
97.0600538106
14.8070444801
23.1610934056
7.93400565333
14.3750879342
4.45909440966
42.3488256345
68.6489744731
89.7210658537
52.7085836277
12.8998554248
17.6422953119
14.2603438895
15.3991619181
20.3890761357
0.022060211118
27.4097443701
27.4180191272
28.4742531547
4.35799533105
21.9757443536
0.0627316215159
0.0609622475355
0.0471932708749
17.9331550901
15.7383132344
16.0576402943
16.6743590213
16.7396923279
13.5138944523
3.63001341914
12.0835301489
13.1563232264
13.2306114081
11.9760766809
12.7769140422
11.8567829618
42.4246521538
19.6308883334
3.85163733394
0.0388940667276
14.6308375921
0.0387817805519
0.0441865479002
0.0444541059883
0.0429762949318
0.0412556727271
0.0389259276826
27.356326159
27.5940550421
4.43798924326
4.25130004874
0.0489083353054
4.48397752238
0.117276315513
3.70754090566
14.6515361211
12.6834073688
4.94479039929
3.65933693868
0.138909156178
3.86429566054
0.142605007954
12.7217806069
12.7837190958
4.18086238159
0.139743042237
7.15653738141
11.5948317581
12.9456413421
7.26592046234
7.47834473247
11.7527241279
0.0414727093394
12.57467302
4.1082030218
46.6495525749
0.0912727605224
0.148713984916
0.157734128739
0.166289905934
24.4697032226
18.4791293825
21.2309909072
57.8320665144
47.0451662598
60.5561767826
35.8217850376
13.3526444816
15.5265390751
0.083590230576
0.127700061536
0.0956293728415
0.117130551393
13.9721059062
0.0856360443894
0.109455416505
0.0869415350112
0.0870115776737
3.89358268299
0.0547906061005
0.0486163717802
0.0413365001174
0.0344471768568
0.0335944016682
0.0321637885771
0.0317587809947
0.0307301195878
0.0305747234522
0.032130212848
0.0315854597972
0.0295646935603
0.0277348987983
0.0275485631198
39.1558945809
0.0347917859938
16.7907254978
10.9742731544
62.3328216964
3.74125994462
0.0335293311611
0.030665310297
5.20828578288
0.0592411181072
64.8258184282
0.0777055724268
14.3705783843
5.83397339564
4.91705509388
6.78547791179
4.72613374946
7.21886763007
0.17165182528
0.172882067619
0.165959354454
0.16130238885
0.15898896556
0.159054808043
0.150828373722
0.147630017312
0.142639354648
0.138149047063
46.4767370104
0.129810872737
46.4366751062
0.131890017593
0.136441112795
44.1204360189
0.095829770758
160.456207813
195.690115955
305.550771003
180.888305048
142.722278353
123.385531304
8.85722978418
38.2014989791
37.1549050771
22.6159585152
8.05617409707
20.3646916688
4.29720095151
30.4447525203
49.2457459719
0.0626848461864
19.534281517
0.128902646454
61.0443426162
4.18284849576
10.7132086331
11.2818883534
11.3623688273
4.89053936442
82.1039308798
153.98485284
139.04962878
145.765871715
195.855903132
158.312847668
93.1567798886
141.429240758
101.15765465
58.8327646624
39.4057139771
83.7127481064
47.0289413166
73.185923284
98.9678474788
10.4561284064
0.0962992457471
5.12986949627
66.6768071548
55.8602213144
50.0847894866
0.0328904037422
543.402623616
110.767450557
0.0657965456416
201.848863109
130.25478454
22.9675880684
9.6459308765
6.72487922013
0.0381272554396
20.68610183
24.4077397832
15.1725546366
12.7724995404
7.33269687388
31.5743222271
44.165983224
72.3670507038
0.094762507266
0.0948086720502
6.56071825746
0.0842140656833
0.054029899129
0.067298691121
14.0876610107
39.8043464778
44.0519085948
38.9413605574
54.2478830631
63.4084841106
51.2974883583
34.9998853604
32.108350367
37.2536527913
41.6036178252
31.8058795256
22.7294236428
6.48505008365
23.9374971984
65.8067360551
3.74167532176
147.470252212
119.909497515
64.4754876284
30.3366118097
24.8678809307
17.8068153814
24.1711240785
0.0531074326537
18.0697382208
75.0565723648
135.09543038
111.637792584
44.8437908526
4.38849816693
6.98836654133
6.34332434331
36.1781165003
0.0884287740895
0.112488571477
22.9738953408
0.0520082199571
60.6200454424
90.6171420981
99.2179355216
45.5543146142
0.0858407158635
0.0794070469835
3.59432013015
0.0731344810402
0.10929542704
0.0684380552847
18.5009674718
409.405427773
4.87930364264
4.12559998079
138.510596945
95.2297749615
78.5768134488
80.5430954642
85.6061492952
77.0271710792
64.4909003693
62.4610931706
63.5686083915
64.6726848676
0.194032172205
19.1808131763
0.144470326067
58.8497378095
42.0260149985
27.3886277514
53.9675519663
0.239696181582
32.3335629374
24.2517956512
17.9185239061
0.0608284876365
66.433638281
64.7572240187
92.9603559283
90.1940087781
70.6859035289
58.6275971789
178.006038964
550.823308671
424.900988124
118.219294635
62.7407726475
35.3750459299
0.0623324661658
30.7503190921
0.157177269768
0.163934340026
0.172565420459
0.0727267550115
0.0699658914988
0.058631215477
0.111913437986
0.096011138767
0.0714408403061
0.0828247080389
15.9663036469
22.0018975845
28.0669020829
13.0462018538
11.9907807297
10.0438367962
45.5425706984
94.6210799516
127.125918312
0.0676076719781
3.83036034711
130.758086384
43.6902438771
58.0297145342
6.03119234875
4.49043559832
0.0732675330373
0.0870278099754
5.03311080444
45.994002917
0.132219005687
0.038729041447
6.17638660433
0.0433363425589
0.0563539161389
32.4267950721
0.141048774353
35.1614206158
0.339826804673
28.0497615842
25.2211036532
23.8013496425
24.6865518326
180.59922168
17.8520905969
230.1956219
28.8958726439
10.7444190838
14.113703634
19.6464967271
19.955457224
24.4739435255
8.4435095928
42.152746108
19.921524424
7.00163719302
23.8147194374
6.19717975755
0.034065994189
136.680562491
3.62100300332
0.0360177071526
5.20721008958
5.65575755352
4.20398867485
3.83678721319
6.86623538495
75.0711748511
3.6215172254
0.024689447632
0.0538807529841
0.106708145891
0.265883283027
449.963003721
44.6007924047
14.686554932
30.1733520136
0.143157507045
17.0553158074
31.6634569179
0.280458345222
0.21524996003
0.277706105297
199.468264822
0.376911897805
464.641370322
290.872655108
47.579478636
34.4622037468
673.062624334
0.221969106034
0.308476957793
407.379820462
0.406953380473
440.243877197
484.679936161
366.436434357
344.169434588
192.670494823
183.375724142
0.0767554016496
196.326897827
0.186910063226
0.101756506637
0.171194064553
1816.45250123
0.0861545629698
0.137208827645
0.0845764955111
0.0526341100729
0.0493561791964
0.0399986118564
8.17863279664
18.2462883732
3.9137995558
3.84208511311
0.0137354435736
0.00988481511727
29.9663445102
0.016171927489
0.012808300826
3.81386753351
23.6367820708
22.2120735032
21.0073545736
20.0233224107
18.8402128545
17.3915512197
16.3375049724
15.3725137586
14.6045032998
13.80582153
12.9027070689
5.64890290421
4591.30190862
55.7141004921
0.00176040326648
0.00875343596239
0.0562147281988
0.0472893989801
0.0427345881895
19.2057169231
18.5819915949
21.7027807448
0.108954589499
4.0488142161
9.41445856822
0.221390599046
10.8225504711
3.83984393563
0.192817464145
0.128653139659
0.285143104296
0.0693844446394
5.30648344181
0.0784829544396
664.056069501
500.025430609
510.280823189
380.379060623
368.866647249
393.956906058
252.480788696
117.91649621
22.9553268647
10.9966513027
5.09491931423
0.0710125865893
170.397684648
157.812635879
134.036237717
124.245809767
116.971039452
152.054192425
388.797492061
405.246598831
295.702335281
340.14262508
403.519840289
4.37622971331
0.125374634258
631.336677217
551.423458862
448.193751169
442.128285104
454.902343206
392.4319731
186.125132545
41.106341196
53.5990510851
63.3677528269
47.5786174781
31.8502280038
507.621094593
434.479609331
214.524223298
300.353633058
379.456178985
362.445970619
147.471313071
19.0729190682
22.3142417999
10.4193814922
18.256824945
771.970724809
476.507255096
11.9757060388
0.0566722566594
91.7245737961
125.479281884
145.666503492
100.718747573
111.165802952
97.8664112142
111.812909889
242.154176277
368.687861602
291.779682528
11.100644959
88.3342030659
12.508597303
54.2267296042
618.248966001
465.49217475
504.033638498
351.517422169
313.880223719
360.824876794
221.640919085
58.2533682876
40.2310468772
21.2254421172
25.239438496
0.225499976589
15.7738390751
438.995290784
215.136882781
243.529548116
269.081340519
258.64595406
173.458594482
0.145373128879
0.153525169588
167.139779866
0.12759493582
651.275447633
441.231653586
342.494497762
356.701874629
127.255385968
15.1818110969
206.59733392
240.689266246
279.799456443
83.4888347135
0.204541113041
0.256971467767
189.98932322
312.587095706
155.845932238
0.240001803842
0.332291811389
0.111448162594
18.4868131877
0.0890672377219
0.140230046306
460.4557255
525.861438323
529.366569792
427.567157375
403.836416758
468.607243217
283.483419876
350.010498893
219.058126397
105.359356024
101.296601699
9.36338686904
0.0708667511618
0.0644453995118
0.0716397398242
0.0707394699379
0.0655517126449
0.0706128045025
0.0684015261019
14.7344118131
38.6916993199
36.2370833502
33.4133181734
47.9083944612
0.0958476538537
0.120937006239
11.6063580892
43.2252169131
40.5147153724
36.9083075724
73.3402022379
68.9952198392
62.616452043
53.9776351346
54.7923379177
53.7430339315
47.8365414532
36.9099013459
27.1401417712
28.1450261932
0.114993319828
0.115272736858
0.110559666104
0.116664699493
0.12070194695
157.017194739
92.3002767209
152.585702692
159.986602009
338.842262518
493.103098489
651.651299091
355.240155336
14.2805856938
8.27058156643
35.1061137343
99.1931068025
140.075321233
133.586185268
168.910670103
129.528293522
81.273045842
174.535303101
184.567857099
177.340412633
199.935881223
183.33308456
57.501038245
0.0651375797494
0.10338043537
144.808093937
543.081078131
0.0718123755494
0.0725296823394
14.7025271373
0.0636667699957
0.0504246992126
50.0895995916
109.718678866
0.100104074268
10.178353561
9.39374951827
89.4770742656
131.782326226
84.8724928547
120.907443364
76.3882986523
0.112775061011
0.103065173222
8.33041382319
0.0989215223949
39.1786995457
35.3136317975
32.9836855679
18.1500657282
0.0704680059068
25.0183838736
138.418835522
0.292382098612
0.305957292187
0.101488003079
0.0888520179645
246.744078497
120.878955282
305.642266542
237.795006305
308.527055821
0.0976594372887
0.0883618363869
347.823872637
721.140715734
572.857691113
754.930769362
544.694680826
476.152268787
695.660548124
11.2059929449
434.802589461
0.0997469729424
108.895524177
111.398222598
83.5777926344
116.661971253
142.258011672
111.16390697
91.0568465144
77.8453462047
81.4530222807
94.7502879426
86.5867887066
57.773507235
110.650762568
0.142622165315
59.7605274868
0.209185082414
0.186455205415
232.164920095
13.7200952796
0.266984657427
9.19704422552
31.8740457083
12.8789787595
14.3762560894
0.207204854742
0.200140384889
0.17906673901
0.219752364403
46.4958554653
70.2667707856
109.287626106
0.168205597902
0.171528163848
10.5140237084
213.809363328
92.4542563061
76.0633032693
93.4287627616
65.5256416631
83.7475183337
98.1060400122
46.8741096671
49.4245340398
60.4340926921
59.4705441668
41.3232395323
46.0334916767
67.4954572986
139.263445772
0.327427857127
24.0530683873
15.8138121357
0.368141439188
0.348930081982
0.344402310265
0.335958297325
0.32461983928
0.330835252073
15.3579996658
0.308552842069
0.29476284365
0.289688654274
0.265074384055
0.263150749895
0.258219755841
0.266022140154
0.280127559702
14.5271273732
0.26049387439
0.268604421877
0.261928864349
0.250709252577
0.254162081419
109.907931048
133.250426034
118.206871031
10.1861698435
19.114265449
58.2452370921
0.139478141378
232.577128939
17.8926741704
49.9904613683
32.496816647
0.108292403971
0.18717965691
0.252381230525
0.340397637092
0.112025610376
0.105738663438
0.0988155525987
0.112144954947
0.0972599720738
0.0975868474368
0.106553996374
0.104716912853
0.102160137514
0.0966569848151
0.0723679663572
0.0695340193443
0.0632466892286
83.6470858942
0.0583946432331
0.0611452907583
0.0529047712786
66.123645971
0.0432563890679
0.0631809364632
160.038565929
493.694138966
744.474539605
521.044923503
333.381364654
235.13629896
96.2334828277
33.7488151507
250.919245404
404.652272771
309.319012425
26.164012208
117.842003765
23.6107703029
23.8580889907
149.34968205
116.248037751
126.906348148
156.803109299
103.625857707
161.496706782
99.8024026511
147.867656619
114.578867691
177.397245636
25.3326888474
0.220974034159
0.223933922496
237.865050883
213.652585136
200.74304496
197.024089537
197.131110383
155.793656057
161.769147043
102.595673254
26.5301984735
22.3623258935
455.695538712
599.147111309
661.620514029
446.114981953
313.484348363
206.905460466
100.465640559
14.946609988
10.9665095929
56.3078252866
23.0510489732
8.71982008719
0.216297644876
48.8430443953
0.265208400659
0.191497878024
25.6978383042
0.174349528758
36.533348914
31.6286412816
30.2088904142
28.1679737905
27.2234277732
0.169478882616
31.1632500354
60.0151128643
73.104638938
0.083077628037
0.158973910355
0.151145485155
0.163141229457
14.7195124768
36.282207119
0.110300502499
0.0592888110097
13.3812565555
0.0677513878393
0.0608983659654
0.056142632503
0.0526615108871
0.047819696059
0.0519693455145
8.22726695151
0.0719185532287
0.0931739308365
8.89364514248
93.1765785301
0.271501635497
0.296727641967
0.354092699518
0.53409787527
0.448651536429
368.497826809
0.442171100674
0.395890651204
0.439783464247
0.328724670215
0.259018262372
160.522404204
88.8595969924
0.338869564353
40.7500531781
0.320251765077
0.319783164608
0.319330669875
0.322781049522
35.1567354242
0.358718482926
8.9816541302
0.209903324308
43.2181820185
264.005997146
240.308855451
286.475487796
352.668109462
316.439105342
321.079165314
278.376276782
382.044026694
312.086003103
122.274660566
0.0710783187253
21.2469197492
609.220745012
12.1929504402
350.859297468
9.49571784254
11.4415368333
0.235495580107
0.254952382427
35.6341875716
11.1561694653
0.249275908765
0.264207225324
452.696490266
496.7729595
490.647749101
381.611638485
0.280741662087
21.8585344896
33.1341941136
11.5668909522
18.5444825172
10.75822188
43.7999163948
44.1133417438
325.562963466
407.987193308
514.037983051
470.908068988
300.95826591
322.972748092
360.674501317
322.310566649
361.303016273
366.561637859
0.070839060468
139.700668194
0.0846680172037
0.13252065907
369.752189887
0.25380892617
298.924770951
184.03508954
0.288837666589
214.172378579
14.7912217467
24.398669958
47.2634904088
13.6411933053
0.17932749474
0.30716305425
0.201911179354
0.222343733437
0.217942310627
343.457225743
385.642609857
235.543359777
203.656731603
619.222098966
9.8836013267
0.0769979788447
33.4996673697
14.9928775879
14.8802421397
45.734091146
26.6290031448
38.6166148818
31.2984190447
25.9072585908
24.7282616621
74.0693827904
29.522788131
8.42317001675
25.8665775716
9.01755859372
31.0521568126
32.0063967391
26.8551617326
16.2177405637
27.2111882709
30.4684558329
10.8489902172
28.5114211031
16.5346209265
17.4928826829
28.153636246
28.675999409
23.229134041
133.049813611
152.856264891
129.111273076
192.544684488
272.116028797
124.706850329
140.367703922
110.783921824
51.2666984593
44.5490216731
0.189032294208
0.182926037491
66.3763276354
61.979838809
0.169636892806
0.157781682326
0.147039051576
41.0948469805
38.1882284173
33.0580344411
9.37356049855
52.6646061049
12.8433465464
0.116386246193
11.5976635396
64.6241528142
60.1968284125
57.2256549464
53.3088266554
44.456574658
37.4769414671
19.6344439102
23.6555069207
128.038590715
0.13187480888
78.1147855283
76.0157014612
62.6781040423
53.2496863891
49.4719160321
47.1877580308
38.9185085592
32.8518970929
19.222323474
93.4726192955
124.48798826
133.256548248
122.599258165
105.49558487
106.31731335
116.081642758
128.872849066
130.763173844
118.406695799
100.095160246
81.7533624496
72.5017447883
0.0313801109801
27.0127474372
17.9510265854
15.4686733452
0.0665372920498
103.487444172
105.145856165
93.9728056841
81.1316330145
72.080384374
0.0530243961284
0.0500630444236
0.0471451960249
0.0447370052833
0.0424157867953
0.0397008962258
0.0369258567022
0.0344909699655
54.8996277052
51.7732610061
48.1722399946
53.8912852075
57.3449314746
48.49150889
58.1121403874
76.7828879426
91.2067826408
47.5874172999
39.067690203
14.0582991456
0.0877193039733
46.6741639645
0.137024557426
0.127427114233
0.0432174347079
57.0697700815
0.106696507616
0.105785059996
0.0853555850331
0.0862736253274
0.108084859734
0.0894411031987
0.1423242936
0.128612948812
17.5488042575
0.105403307628
9.03391171298
0.118901023381
26.0873577034
0.141044258452
0.142437375025
0.138337786131
0.123643805371
0.118515554778
0.117023829245
0.107186202942
0.0843776249953
0.0660695246925
0.0689458983266
17.3909632967
39.6434730006
31.0276058223
26.9191974317
14.5238185687
0.0349001502725
0.03911416266
63.5005548258
60.1385428528
56.1056298932
52.9501212584
17.4780374269
130.000950005
90.0146854835
76.0027401315
44.3735035974
97.2300527302
117.405748908
65.6131063385
74.7653077596
83.086732227
84.3743089843
20.0944733262
20.2801658235
12.1286192416
0.120646404858
0.103749689344
38.4616394783
0.092984750195
0.0904770130284
0.0812074437988
0.0776882815585
0.0772175843669
0.0775813103265
0.0778672927435
0.0778637980719
0.0779577658301
0.0782436693943
0.0789298168167
0.0796866598377
0.0791233895324
0.0768357964893
0.0738479555142
8.33597750652
0.0650538681374
0.072213755659
0.0718003399477
0.0681540361911
82.4874434832
39.4867644826
192.977646147
183.747489588
164.667135112
139.002466453
150.122988879
159.257842637
145.183311383
125.87947922
117.633872194
125.938282098
129.47488317
113.823322925
93.4254574349
88.6196126482
92.0305825601
98.3320101524
94.1600456588
90.5885704922
103.256690965
98.4720928037
70.5328842473
51.8157715243
77.9620396828
0.117202721643
11.4830757263
15.0745308529
51.4917112148
53.549428479
70.9857940905
72.4885964418
19.553321581
12.7785445263
0.0750607698656
0.0841538354922
43.9186082784
0.0778076196874
0.13484342735
65.2383770172
111.270475213
82.3681692973
115.418972254
101.276959685
86.3844591817
74.2185586805
64.939624828
72.6760497054
8.74841657821
67.4951496841
72.585264053
20.9498434122
0.0666391500755
0.0603381925545
0.0498739512573
8.50949350429
0.0473236026772
0.0476197880237
0.0458488867158
0.046297158113
29.8785069578
10.0114563113
8.80255939042
8.41156920661
0.0687544594287
0.0672811851868
0.0647857638043
0.064044478402
0.0614909956904
0.0673603804972
0.0403442457786
0.0355682943208
67.0037597518
0.0423587956953
0.102368850524
0.0937132671305
0.122132994768
0.116889496987
41.0001519207
35.8321218461
0.131167254813
0.0802171664414
0.0683891299881
0.0874969449246
0.0967474205094
41.6494152619
0.163600854519
0.102827778216
26.9594983285
24.7770917226
0.0389567542514
0.00774395356571
828.290190279
624.667235519
423.845358808
270.471458829
27.7090447437
25.7494490944
153.228792983
381.681836984
595.58809931
893.139911292
1194.9771583
8.88751790949
142.758892921
470.607246942
64.2774119538
0.0
34.7478754672
33.8947114359
36.353317556
34.4780312485
0.041859677149
0.0777425235579
0.0765730395581
0.0747377320319
0.0729152644014
0.072131461878
0.0720298457752
0.0756379622467
0.119569488964
0.112944627032
0.110182513271
0.10771670727
0.105215114398
0.10248915037
0.0994882556293
0.096329700491
11.2288314723
0.0896926637959
0.0872945211428
0.0881800342481
0.0832814195049
73.8174885552
45.3376891771
8.30849467589
11.262210956
0.0913914863544
661.324151906
551.124407678
415.74152371
232.102534521
69.9018279416
87.2611503711
10.7251692107
0.0537655354556
0.0570875113346
10.8428487912
138.790525012
49.692944158
0.00762291712742
0.00653013362452
0.00536854971827
65.7874572265
40.3788796526
0.0
0.0
0.0
0.0
0.0
0.0
0.0
0.0
0.0
0.0
0.0
0.0
0.0
0.0
82.7273089591
227.009817441
441.725635598
713.98052701
1017.63948838
1348.39451487
9.7923292052
13.9619371006
0.0
0.00271913506353
16.4631471585
29.9413706105
0.0395580844264
0.0299844036068
0.030007812716
54.1555653227
50.1501446821
47.5251333812
0.0733101819125
0.0786462479435
16.530403961
20.3944048929
33.7963971267
20.9037760721
0.103456259193
36.0820132021
33.9661749396
265.624510181
20.2173517681
16.1061208353
208.673946277
8.94852623983
0.0987899078351
0.0988810256121
38.1582323696
93.5300309193
48.8546792397
0.069842452043
0.0672061722761
8.38730805072
14.1815611773
17.2451551473
33.4973976948
21.2179218857
61.1405095642
0.0619267198856
8.41947865338
104.003134435
0.128163517456
11.8520485662
11.4257742934
9.12031830673
24.443791268
0.114826963725
10.9898814523
109.034865206
98.3128496713
93.8385607735
95.112543563
96.9260983388
98.3787922439
92.8446599547
80.1688138109
66.7832565557
63.12460957
66.5880114446
62.7835632489
58.0168048366
60.0557831331
66.0750901092
50.4869083744
46.4653016711
29.4408189775
41.0837156937
63.6894574709
55.5465469691
36.2646679753
0.115724854316
39.7419162928
40.956356571
35.326384991
8.76974297251
23.4041906799
8.43942637951
0.0957161274476
11.0992012613
8.98534667558
0.0989200938983
0.0877898268322
0.102158805409
0.073644085314
0.0705151479493
0.0944231236196
0.106781848986
0.259688143723
8.67444394351
56.5399236382
21.8310688873
38.1902576448
31.1040638031
28.9053472731
28.3191712398
10.6646787251
10.7276519167
29.8429564141
28.9277719062
25.8824650599
15.8248381876
15.3743843354
16.0316688552
8.65746114802
0.192099536869
0.186473283206
0.148445562327
0.154229304927
0.159729287509
0.158143281129
0.161250949346
0.172603390726
18.3938374121
0.241959120092
44.2384758382
0.169144749679
0.121758881754
33.3566729952
30.1698132547
0.152337782243
0.138099472209
0.15772361678
9.05215821493
8.40692380053
0.115319252861
0.11303176634
0.110645826075
0.107743502934
0.103660746868
0.091647288595
0.0864153985323
0.0864613395171
0.0620680047359
0.0589593596694
9.48489108255
11.1146342526
34.9210332034
31.3902270687
0.220937599406
15.3207360074
0.323720535159
0.105618122992
27.7633366806
32.3579687677
8.5744767076
14.9920250084
32.8849414006
38.6422021689
75.4855270253
112.925395566
139.239086734
68.0299872162
68.2657976719
123.249209872
94.2555891461
113.919392084
48.5531496864
33.5980420535
34.0913494378
29.1044707784
117.492956351
25.673918083
43.3200889042
28.6370983056
0.203705902762
0.190916128768
0.19230728132
0.199866532732
0.206359412223
0.177033824111
0.206638654987
9.25035425647
0.170711785666
0.133690970917
23.8389407639
18.9268926442
0.117430869597
0.0904664685875
0.0996943298457
0.0862093332697
0.103849787865
0.128344798934
0.110390101033
0.180044050404
18.7593382703
0.141877858052
8.59459676286
0.174308083285
0.1634583426
34.251054167
29.4677264422
18.7161984207
9.27748369701
15.6174735823
11.8312611887
0.208514326449
0.183074067467
0.232706431288
0.203469373406
0.20570671146
0.201468156737
0.167738352954
11.0361333303
0.166228368712
0.17335717953
47.6987233544
0.105667241977
102.703974189
36.6011558238
36.9256523979
45.6906863802
51.6744303109
43.1067752081
29.739000367
28.7135375874
39.152096933
39.7754037419
11.9200758996
17.860272193
15.2841490059
19.5178246738
32.7079667394
0.118199855461
0.148720317521
126.709070893
0.133610447421
0.419956185397
11.5097421752
58.6819448826
88.5063246391
51.0636309862
31.0258891221
0.187863398618
9.75196471397
12.7324262311
33.8633867565
10.0629767799
11.8881770969
0.0562357213014
0.0595916683737
11.9668733336
11.020068979
0.0429619546231
42.517142004
0.0283251915074
22.6901800724
13.696637015
37.4776639977
39.4073722975
0.0388784038193
38.7847371745
36.9595510636
30.9137361566
26.4273504014
8.47674349499
0.0265488541093
0.0638187845073
52.3852943267
14.9039758975
0.0591312835487
28.1297804974
31.8168171972
27.3342074151
8.32705271035
24.770852609
17.249554498
22.6296485274
25.7479854134
35.7082917479
36.1125718229
27.7671801843
0.0929400499946
0.163044073991
0.168319794909
0.173676328433
0.140747165627
0.243103202481
0.183699811929
11.3788933194
32.4465418192
0.347893095778
0.44279206332
0.456653933058
162.683884595
93.0732750812
54.1864727178
47.1433371983
48.665619532
0.169439616666
0.19349103692
38.4108534611
16.9926373908
18.6482505366
38.9803674836
62.8674083922
113.434759655
45.4812280691
17.5273836847
0.340533329809
8.61356853452
0.359437584042
0.25301137247
0.228491961884
0.271932463385
295.820801606
204.749892845
160.962656691
136.256124029
72.6621805183
129.843536963
26.5947654435
24.1384481052
640.412658464
402.693372704
9.4721405673
612.773599916
464.320287646
14.5047752748
408.662937667
9.93358533565
73.2414513506
127.983212993
160.291854137
0.12176859182
0.250236154547
0.362237342948
9.41402198079
0.143823173279
0.109661471051
22.3651629203
10.9835525467
0.0271561932815
9.05911350001
172.019524266
52.0725271892
45.4003602024
0.11284717172
0.113787783223
8.84117214568
44.8055337884
117.63889156
159.31135236
187.810380305
181.039001572
71.9914315884
0.341650443987
0.37194906115
0.449830379868
0.233800843609
0.220998376289
0.241820188401
12.7025705634
554.385966333
379.978263972
372.402446122
444.682966725
188.299593853
16.1022972289
42.5883980718
39.0286245452
8.98258036343
10.9392264945
111.923433564
0.197888114298
0.31324566042
0.31154828855
0.287334119534
0.336691649109
0.253466149544
0.268296548714
57.4173741035
19.7060201889
143.998771579
206.596773475
191.070516291
0.32636033596
0.239082199098
9.31362603517
28.5816590031
32.4280541325
32.3744955444
28.0955877913
29.1665043537
31.6729479173
0.144383000924
0.0961457072929
0.202193209813
47.1836416309
62.9434040676
0.183298337501
0.208011568773
8.60254023209
0.192078047
0.166913499322
9.85447263013
450.475001578
15.1881550865
32.7196294122
40.2214783747
8.93151194638
473.929102557
456.348789344
324.369807938
385.792781552
463.354324706
531.510113424
146.830536136
54.8269559874
48.2129684625
14.998486794
9.65675378973
34.01331534
9.17004880087
8.47528902328
35.3164227117
44.8816077109
37.3177863681
39.4743203419
76.1009820555
42.6728709206
10.6102886584
0.191377745165
84.6356942461
262.801670661
276.796180936
82.0171685277
132.685182692
44.9946944189
0.34006229724
0.200859936343
0.190976876114
30.1293179174
28.7307821733
29.6443005481
24.4609225592
35.7344943605
43.6710508929
39.4104348158
239.083011683
421.846541474
187.883044154
177.112324957
0.183087015376
14.0456515234
31.6098046217
14.3616663889
28.8999820219
0.253089547413
0.264045624882
29.4055829757
37.7490083113
105.683548601
325.698516314
206.37848009
73.997756531
54.5105134376
90.1318520981
240.601829323
0.14861518843
0.15241440678
99.7283921131
0.0418336554589
0.0569634123157
64.6099158926
317.497107127
331.744779904
118.527265053
92.9153995104
0.236809003292
21.6543848966
0.429432507726
0.122188891838
20.3010957928
20.896168016
0.342816724036
19.5451852196
0.235959687294
0.355619710428
18.7912445053
294.315623175
529.788798456
198.511065767
183.950776105
40.4111848352
35.3006225943
18.2470094389
0.150356335189
0.143609254619
0.153808531739
0.142254402706
0.144457188844
64.2323647839
149.92194721
395.798545993
203.120870336
87.1666505168
72.773801648
121.673736724
343.677514324
330.772655994
67.6052809982
255.154260124
276.024300057
512.726817878
163.177828466
173.557826511
81.8500644812
0.110437556857
451.615556621
99.9105407551
302.598987489
55.5326811707
353.254907279
308.31794174
252.764807114
292.932205434
371.134420369
440.979183211
493.579519192
453.763608784
254.208900407
50.7294752766
131.914758125
0.33308445507
388.570266493
373.21495924
431.091916389
80.1687917151
0.243281593617
49.2474388317
70.7548786302
61.8271406361
37.3595929455
57.8626519246
138.096865618
192.858312511
209.365556132
214.216732691
328.983049221
268.224531172
72.9911740297
23.9362587871
0.207299151089
59.8442086141
65.5718348065
0.147755970913
0.216519252477
164.355748192
444.523135112
393.585532262
249.667406575
223.192924756
0.241738050524
0.547711765229
0.539968584927
0.533749315167
0.153344735357
0.160391151792
0.152763283033
0.142860613697
0.153846425611
0.135951027354
0.156921944645
82.0557512261
72.812218496
65.8229702317
61.9587965314
63.787592246
94.1076028892
25.0065017303
36.5526111505
79.9824684177
20.9073694906
20.0459757519
0.123285521055
192.051246433
168.085651608
141.708244536
132.697234589
159.771381068
173.988847827
131.656476461
97.9974489629
111.06324965
55.5177671565
0.103692193015
153.365456723
109.149437516
110.097106969
108.9248014
112.249534221
116.807961394
106.012215156
91.157138692
88.9607798681
94.3506147793
98.7355166933
96.6764640856
88.3580369194
67.2721760368
59.7374149135
65.411574361
64.6861999966
21.8214357463
23.9849263219
64.1208717585
60.3012095845
0.0853512666952
0.0860682220362
0.172805507019
0.230871101389
0.149901457346
0.0567048175864
0.088564089864
176.325290674
196.264930744
159.169136174
168.050581402
208.554990947
196.488466425
41.1815177971
20.130573334
0.214223516605
20.7547557181
106.443016863
527.170325583
210.79049183
0.24828218717
53.3822104422
61.4923772262
41.965231432
53.5519309369
18.6224407485
0.322582623671
0.290639881708
0.27665640777
0.254505416523
0.234471429427
0.229574747689
93.8456753063
25.1143405804
98.0114130737
0.213960063549
118.801939632
189.562011392
0.261670224315
154.229792109
95.2106710733
101.979644071
82.2645396331
21.4632196948
89.0713517914
77.4489243318
62.727015666
44.2127349257
0.180269799301
116.995794322
0.270814491466
89.9792934476
93.7179311468
27.2826700493
30.9410835232
27.3156643233
26.6482055004
27.4487151351
26.483476008
0.508186035782
26.2841881784
0.440595511488
0.407398142301
0.453804840057
19.6086254079
0.364171719738
0.317883219627
0.290567770545
0.307993398565
0.27941187991
0.294285504427
0.295113993496
54.3627688382
0.297760267469
0.25809785172
37.7997361035
60.8517046761
0.293712694732
0.23553234343
0.245500024542
0.107242423923
0.205549092577
30.5188386524
73.5341405022
27.9826205654
60.5011151372
185.701767677
172.96760487
59.5537967555
40.1132781657
0.364244971459
55.8895612835
61.1401443421
0.467867948803
0.451837114725
20.5645247707
114.419156897
163.909993203
89.8666779536
75.7599443095
82.12869107
76.1803618664
76.8794841727
79.0315626615
0.354672918527
83.5357421477
81.7179942258
19.6171289047
79.7716948487
155.214989744
150.892678912
60.1859032392
0.145042034154
0.18415049295
32.9873170293
20.304273834
0.29947030449
0.623734782684
0.258033443019
67.9667604802
44.0345166917
21.401923068
50.0795123616
0.233630103941
0.293053924528
29.4625620464
23.0895980356
0.199009661991
35.4660514024
23.9401430477
0.393023298849
47.9939686549
78.7545607787
0.624719342586
31.441961665
84.9895516014
108.903435711
85.5412305825
115.171253512
87.1536543942
169.676474014
96.193625388
31.7310428837
106.2163355
154.040649755
273.495035968
271.677223353
284.521321514
167.736282995
0.454234076138
156.115471872
712.480306198
410.402030654
115.298083674
90.8852696888
87.0691675016
26.6349499468
21.3304510171
0.429593181927
0.417910896377
22.7823029065
33.478988438
0.373221642836
20.4843673907
37.9610791318
62.5379491972
32.3636719179
145.452745215
115.023908655
20.8977664289
98.3028895131
93.4393887676
97.5524988944
20.9108615543
22.1053198593
72.889578948
113.908070731
78.9226321871
18.8190580153
65.8441829175
0.321972867276
106.784689785
143.988174458
107.859127889
82.4991122297
56.7942008009
0.399820926564
74.5386305507
20.7531235259
0.564248849538
0.371181199986
44.7350727006
248.979145719
24.9082441501
87.2434917009
184.930030024
171.579161447
365.178231301
87.3559245873
307.013825561
438.574226353
94.0811788917
87.1023442077
20.4670013489
653.360028477
826.652748604
0.688927233648
901.40412309
730.971277783
570.198856363
1156.12226859
714.671215562
0.746382136103
0.558175448734
0.578253298322
0.491406141277
74.667255316
117.433866964
136.407505224
236.985196967
330.210752137
0.167230563149
91.5493147685
309.788464277
32.0681686193
41.7876441788
0.0224905262857
21.4535658871
300.338262395
514.501862422
180.850214685
58.2840660302
41.1720906532
0.16810931355
58.7486516633
0.170993294599
0.213631342226
36.901216771
20.9260482888
0.353154415196
163.592930374
608.881312289
701.459815551
803.536039817
0.332445212156
0.330885187488
511.405825679
610.06486161
554.682624245
633.407921895
572.121626915
537.045380551
423.746287436
379.652358417
532.778136345
630.882099838
519.086229684
461.747530318
338.483850415
0.183369425355
0.230314916078
80.6609121362
34.1381610682
0.560626628149
0.687651865018
102.308981083
0.30404450956
0.344703382117
65.39800799
33.5287799768
0.217038464963
797.425987904
20.0695750353
0.112460463621
56.5422329598
0.102187552293
0.0797735548173
0.0802678638532
0.0796048390822
0.0769774928097
0.0734805902675
0.0699677414078
0.0666061385081
0.0643134637308
0.0725006416355
0.067924114055
0.0852209892852
0.167732965981
81.0347026526
75.0227306291
66.2830480827
59.4965108878
64.6178339935
76.0439655411
86.0678001666
87.127184102
79.8950201725
63.1804536641
21.7928354495
121.387758392
138.734756855
126.11305256
111.983140929
103.998038269
119.255673302
109.013051978
95.0830321397
82.866534179
65.907727901
0.321462942399
0.331755466421
0.101323910848
272.037814865
550.520147543
704.338928929
569.110105698
753.97004381
670.908877429
510.55028665
403.280406608
220.427435299
70.5743077352
0.0897389369052
0.107279730832
0.210732162039
909.914626339
1057.60750934
422.129819994
538.020293935
566.10970674
363.347670977
386.637606174
207.599732248
132.310688439
105.321785492
268.853512723
63.496586739
39.8602455239
201.587244904
141.245044802
101.920681433
128.215413668
150.630561881
307.379770585
538.387722859
459.168031856
121.372809099
21.4204543133
18.9564576027
21.590009167
353.439023601
208.96178873
262.473410912
272.45221402
216.661206464
259.898828794
169.70503565
59.8702905435
35.8587265627
0.219024335947
297.630002008
804.347968705
929.218800833
636.314325177
301.699879391
0.115534946567
18.372595619
215.319757254
466.313358131
593.377291309
197.509846919
101.45467781
23.5128238552
245.128263952
388.364910733
212.811044541
0.762328598296
20.6159553433
0.736047120156
20.7384421487
0.706312582686
514.245744432
565.813698906
560.036065362
582.400852317
572.464995219
448.165816066
641.196435912
522.542774545
490.106836224
567.735506943
502.389011403
517.181816368
554.585570214
0.44577286325
0.45978757627
0.458936340562
0.441079835313
0.426792992947
0.440454898751
0.394907796829
0.37715510606
62.5859509081
23.1089486955
0.311827529483
0.290305843477
0.27094622899
113.912262102
89.281702873
91.7261629161
83.8884278032
71.951089079
73.1644868407
67.14723948
70.7059995654
18.6619253327
22.3932849814
0.386564345901
0.384297515281
20.2202968158
0.371279292052
0.364483183731
0.368843753687
0.281508504533
0.324248955112
0.283542527158
704.280848414
325.521042604
29.4864048869
0.2939323474
0.253190159396
33.4584010518
259.886353191
279.288466649
83.7047239066
0.273029331952
18.3653323177
44.1472682984
49.5457792265
117.405141794
74.104737415
50.7963057976
41.8128590352
20.6957839193
53.1137713226
97.8199183796
230.087597676
0.318276343205
386.50625237
955.883591538
322.875749878
37.1520466391
0.294099351418
0.28675322067
112.945368393
540.074768916
743.293165831
24.4666694415
205.607122411
26.444373456
560.114387954
615.835909058
693.996433783
689.336428072
562.062782792
635.362986362
635.211404846
875.751859775
0.277831672648
0.253275856062
151.611520419
0.206772632013
0.209035948429
0.201785076783
18.2940972962
19.6695907284
0.203719181142
44.2871286209
130.299121527
215.170071781
150.939560438
131.143214444
372.221226956
70.7905514875
192.773216543
270.513754379
269.800350859
414.498813265
425.898596529
363.013162222
93.1996198053
563.896769296
694.282212324
576.186843894
958.690092895
513.675630836
597.183233334
765.499864254
586.08705348
0.330947300225
304.731991724
63.1482608774
75.7022231882
109.192929654
90.9773747267
98.747921347
111.963520944
113.237497183
67.0536833553
0.237332213045
64.4178281921
73.2413019561
65.2652050572
0.0958549734768
0.156221424276
24.6762807387
373.98472839
739.409682118
371.859010912
127.338863033
18.7153278101
0.191847034041
0.162867028289
23.5883175002
21.2182087534
0.212854356611
0.246843126661
0.144310384381
0.151066896367
0.168555089013
111.236627466
79.3231629512
61.4524495639
0.24343836826
0.200053365652
245.042641426
127.340186586
161.28749671
139.831232872
61.2121797706
107.763826368
179.240056064
170.152311072
89.5419793454
99.2084157047
60.7442612342
94.7474196865
70.240719165
94.6852944393
55.3367005361
57.2927501483
70.1731636036
134.286743829
135.217382986
40.7914223423
23.9253948035
22.1295920794
0.327730613411
0.214815375578
0.218845163507
0.202944368087
0.250938571969
0.247997483869
18.0787281651
0.229869939139
66.328890752
57.1097029415
53.4076458926
18.4120089351
0.251248706826
0.240514761294
0.24592307874
0.246188926802
382.052711066
187.171069247
222.668396012
214.489313665
211.879367516
212.640079558
183.776721381
135.945453808
113.419324174
71.7847935229
0.200244854497
366.845910455
208.352174939
218.512492167
144.180555826
125.072128321
97.131958305
116.522132649
80.844508219
33.6427146338
0.311184990388
0.290797122569
0.284019667404
0.281048319222
88.4359654351
98.48632974
119.246924469
128.787604859
121.214717834
97.3626368612
87.5941629485
82.0092998553
791.691705606
24.2570464741
0.191355558015
64.4185586866
76.9800962276
83.3746422429
71.7886850422
67.7394591886
642.496398327
461.034232437
324.572172267
235.000445341
0.235906108652
345.735113996
388.539386142
111.156455489
100.849044118
168.272889873
0.782798507927
855.742761161
855.082123079
681.233910797
576.721142544
444.105395971
545.644248771
564.886545646
455.810559173
0.116701708427
0.243293849553
0.27195688596
50.5622867156
0.313841941463
995.941513343
523.130611408
496.667319692
446.473420743
399.39890113
335.815676321
57.5484450653
50.5568884685
0.244453726673
24.4267834549
0.327425302742
1058.42703781
696.772890602
876.699693745
633.240947987
180.205744337
34.6543625733
383.187457955
131.631112369
186.163890629
35.3232314168
138.822567052
0.39807125666
70.3558487725
25.4339786803
73.2758331204
61.2700631587
19.7658360147
98.7085358002
49.3064794085
21.0723637632
75.9577401038
128.649973533
189.50837198
417.487061333
181.85361001
0.215751764953
23.1181425596
79.959269169
568.114109423
532.142440144
466.017093758
45.2472323869
0.196762650017
0.203666889834
0.209821174954
0.211351339366
18.6130574979
0.191449021917
0.194120188755
0.180607947913
18.9972487003
689.152721376
595.941972063
275.293269726
0.344059625664
0.372867606832
0.329340586544
0.423774840987
0.557723193238
0.6150249305
0.639474035729
611.670599537
399.477275621
346.887260029
755.203120301
0.250674210649
0.249092187634
89.3882611838
0.27128995571
96.8676885691
0.145321723519
92.0273455412
83.2302907625
69.0839397984
72.2858321784
22.8593427632
28.6167872421
0.158558625039
57.4504701419
91.2071513519
330.873098461
322.838751401
377.913026854
403.999085281
442.789107755
400.754487378
510.32166122
473.253735814
457.98110377
136.809613322
45.5509148665
63.352583704
558.591872784
935.68017421
729.60247454
0.415744383091
35.5872306821
35.7631422587
27.1919373768
0.482077119352
0.393947554242
0.319799470426
51.148616968
0.444393798741
20.7505015234
19.7175626827
19.1762857215
425.688971174
568.311554139
0.364922567785
0.336735263966
0.325693250479
21.360701294
0.316683228727
0.318750199649
0.322318121783
461.332408767
504.515740422
579.9779711
530.54205544
483.262703033
402.333660359
432.303917189
347.508701598
380.91720937
269.835243105
115.238665991
21.1734503201
104.340207179
219.722119035
552.08484658
443.472788867
299.223354485
0.309105559632
24.4350402573
134.118685763
361.257411268
123.350260753
87.9371707609
85.8101323983
153.451358045
103.480165566
0.406021143029
257.980527304
422.760818509
404.552989445
247.56826331
249.160336975
0.298018680222
0.325438867933
0.262026918203
57.2144739428
0.274678879174
66.338721266
96.1097579112
45.9705060789
21.9288351145
71.1564545586
62.054338785
0.253310620265
71.3750281174
21.4564263435
39.0824473859
0.24195856227
143.21275847
0.276995072587
0.311580236863
0.364599490838
0.298892795914
0.280891569451
0.311943747422
19.5478058474
20.9584001898
0.374975866869
582.965467444
504.092350578
346.23547176
436.254347076
295.095694758
281.837581264
261.286402361
295.189190218
265.008404784
325.58174072
380.46189517
359.883967734
387.021472174
606.954862324
488.109293241
379.653808856
384.417456747
592.96769458
659.514833469
478.889080369
572.602705966
328.845340791
628.618964549
626.068887526
538.30543439
0.301765635643
0.290598856596
18.7150089488
32.1687827561
27.3276980804
25.7826688861
38.2507646406
407.577106882
518.884975122
408.117950247
360.948282452
88.4170395142
0.114273598257
0.249776285388
637.834132903
785.965491888
220.643779464
29.7549002736
0.208212642531
0.239492462219
57.1208254652
299.420773297
155.75623258
27.5366517105
0.279833054046
98.5234847518
213.638815593
0.323001526959
185.857220432
204.872583791
192.747268753
0.188792804954
0.177389355214
696.622235106
586.890695577
429.271597779
22.3508651431
0.420125629025
0.461443522456
0.589571150237
0.71397781859
234.63500101
314.719656274
183.98240672
43.6962216167
0.269360655341
0.312114100306
676.84039593
486.837077059
585.348752113
651.674168516
695.461832317
539.853745918
531.756805579
481.487527078
454.367412117
548.299324558
556.491644703
608.014400618
534.931842098
509.147571478
463.651317978
511.943498571
610.873454911
19.8140503874
57.2194986263
81.9485900283
53.0455301914
97.657227687
0.242125153699
0.247940845345
74.7584638215
0.295102763523
19.4152277999
0.250936344722
0.262515701885
0.257907751866
0.2487535827
0.245120363677
0.232875887855
0.225745744447
0.22192674467
99.8100293319
21.3004036507
0.225139463448
115.112740544
0.23084046259
122.118761452
103.549112126
86.8419231046
81.4746310469
77.5343878722
75.0595821687
83.8952650378
89.4250299041
104.930464786
69.3549548125
136.027733874
112.164056851
59.8663592644
42.5874908622
0.633871101819
0.346063403777
20.4344149082
19.0453501635
0.288427889227
143.826113794
167.201265626
0.624395231915
371.940860765
600.245169062
432.45324525
653.383074527
302.10246913
38.8825904388
87.5964329569
71.7442124904
88.9279067695
19.4078320854
63.1650251113
0.159703114309
18.9574327595
0.146386214502
0.142911081369
0.121036005266
0.117884777429
0.104725672302
0.172733964892
22.4989770957
22.0918402525
20.2718692928
19.9253070116
24.084287223
0.276374753259
0.275538876921
0.2513150239
0.238997999725
33.4716545801
30.6975705088
29.3285918674
0.188601323246
0.196882586493
18.2432441485
175.264295963
201.602136478
132.433698135
116.351216102
71.708525895
0.288357124073
0.0824613736622
380.178212736
101.49525014
111.702868131
169.942264523
66.0322657781
51.5178896148
0.175790050141
0.210848942134
0.390123816601
0.537771011899
31.2487067493
0.188340491859
0.239719524143
0.371582248731
0.395473469495
23.3220133817
145.799699836
119.992697619
82.4779744563
70.0557176207
239.438118371
404.296499212
453.943687864
435.580736393
217.014533473
0.188116000397
0.320766187972
95.3818194569
199.499819562
404.216918659
29.3738668901
18.2902438031
57.3330825618
0.481214968979
0.428083009037
159.183369471
0.432233660979
94.8034840728
315.037381926
483.980379241
537.259765316
170.382678876
171.143100904
69.033360018
117.755861657
562.447189053
557.696897589
560.271396992
464.625789755
648.68310999
386.316274967
685.402473298
528.321505897
648.320296966
652.133008618
577.278373816
528.525262629
563.409603414
534.842759759
500.853885289
573.530799029
595.537759622
575.351705661
0.269904104576
102.630098832
29.9455148119
0.325204608744
54.4924831493
47.84265339
0.40043443789
18.2130727695
0.488969763046
0.526423335585
0.551507853028
0.376327996391
0.353013639678
85.4286476764
92.8194255826
26.9883266648
115.809495617
116.68947757
105.08911947
0.267827759275
74.3218687308
0.157694003044
74.7458032019
76.7487560545
63.1357009773
67.985336017
77.9687747475
83.5818427462
84.2453476476
93.8443828346
72.6939003167
0.190151486403
36.5622190195
70.4334856236
292.671315226
288.77344992
59.1998678779
18.1016202761
18.1511542448
0.18540749418
0.1335108464
0.179820342531
253.948051541
191.456993638
149.532012139
86.3081453526
25.3723042276
159.901225477
119.506542691
70.3413290415
71.2477801736
289.283933273
416.92969697
216.601855431
407.404155686
430.081915366
328.057658099
208.344021739
237.918714999
101.78467325
32.3217821905
0.536687006847
312.080376525
353.602853025
164.695826263
23.4916511638
20.0007636144
190.920476927
22.1757286225
57.4776595915
190.776251398
114.20531118
81.9882429552
24.8725158455
0.790812871104
415.081388054
465.839232009
351.851060633
346.158597143
233.116500995
112.285107277
31.4319202678
194.274507718
59.9469649124
59.5214714964
29.6296995593
25.368122753
52.7943152344
0.32837185605
36.2934614183
36.1139440824
70.824799504
64.7606743934
39.1259205297
0.234026673533
0.295977052543
0.130548695219
269.474775796
275.732207396
317.805093083
131.246044318
85.0771801498
0.212113017755
129.424093713
406.595718156
291.266631323
75.9209236366
52.499626228
19.7934026773
15.1715441771
64.5799973632
127.037247043
138.154579282
105.225649824
50.7164100176
0.200295051833
0.363566369188
416.479857481
371.019876057
425.41260994
195.506193649
275.796972863
35.3877264171
138.86275524
161.819992965
135.763905758
32.1690645873
32.1413133361
73.9028778426
24.0932208334
43.3680395997
63.048108414
65.1868334647
65.6477343338
62.9783346459
0.75605501666
0.39910527461
0.329415615265
113.232666392
32.8760306014
40.8623578698
27.2191141654
30.0955356737
55.2526027238
25.9577945605
41.9078953078
0.389186866449
161.963516815
49.9907145044
0.425208657836
27.1003175248
96.301886389
71.6440986039
78.7064572058
72.7145155821
56.5819768402
19.561323516
14.4705419804
33.2369083999
104.920964123
116.346565829
44.0072720001
71.6396338088
85.5106789012
51.5327192725
48.8013229436
128.46620478
15.5792066376
0.349675040457
0.362617716221
135.467082491
236.559455879
45.2547860464
76.4946497502
59.2901463291
186.765656854
105.171227088
60.9890338014
70.5453524594
13.369569583
25.0190792009
15.0396560169
0.378090248893
190.090199909
85.2439744192
35.5665371812
64.8253348015
195.351987062
159.016087217
166.472164556
112.783264547
49.3924873288
91.6543086672
56.6125939945
44.3915040213
291.201161531
109.320338899
58.6547548247
50.1841256634
126.850539479
102.102347291
92.4684969758
110.154606689
103.783723642
77.1679906196
75.7925968242
83.3953629389
330.599651438
151.36335461
59.6829636581
21.518734343
220.20574708
274.374084374
291.515215919
240.836316001
346.63484807
249.206413741
67.7362979522
18.1554335492
0.46530192841
162.329876907
105.572578915
91.4780115333
86.0827743906
74.1820780974
158.617498467
69.1919284205
63.2851690357
84.054860256
110.664392801
82.9004911763
32.1820917103
113.533154518
94.6264407621
37.9203602475
31.8821524218
0.499647198952
820.463211688
48.2268445962
22.9431254274
17.5853203564
42.0726800953
25.3061947821
0.43789514082
75.8899894526
44.6446881073
132.463896234
129.763925085
79.7285039964
13.7355244742
24.8846162594
18.2288997916
20.3509488759
0.392602346557
0.157580083413
89.506967547
137.576758467
110.909801333
67.3909106201
63.2533552518
93.2662270702
78.9728927649
87.7351907156
76.8164245803
57.0713136924
23.3741344993
57.2718175144
130.14480901
0.522757683338
26.7125310473
71.1617379926
267.054175043
172.43012797
162.108484809
172.644858114
156.017160592
128.641069091
58.6167318639
98.1880673256
128.909129289
16.9283672405
123.448736484
160.582913292
287.851363337
134.455644016
144.302282284
107.532859835
79.6904689043
0.334347383954
51.9742569037
25.6126756944
141.692510457
187.966609232
119.271349327
68.0244526638
22.5174529412
13.015840222
37.217120486
26.6740844843
28.0667939389
0.129544408359
16.2331439285
108.106515932
0.252067697241
27.3897324079
0.526102542609
0.545451955358
13.9187771018
0.8840019859
0.902262154305
0.86885652134
692.430230411
335.279725759
343.312818754
1.16804974596
376.235370359
293.180485587
378.268987005
0.527541340707
383.305327397
321.931110284
289.20074539
264.43711342
289.708349443
318.629792426
371.676702301
339.393883151
325.564411625
347.570944178
319.486587645
274.554705992
437.886496153
368.748198869
485.601899964
377.256779468
418.603266798
351.354922253
459.767363403
317.016220487
450.488198503
433.780680813
444.597468734
423.361149804
395.480079648
400.055035478
310.22224036
333.451865913
255.920104653
384.975730602
514.663623744
491.705002848
412.622711846
543.502505215
451.470998724
392.150349014
880.577046687
60.2752927908
76.0748980813
27.4750733967
18.8211946773
664.959460291
411.115402077
199.773941248
451.593664529
237.206537914
0.413238149557
58.5367371816
60.3846658599
0.327364251201
0.276036251136
656.867916413
355.465338332
16.0967650275
26.8374975354
0.412838189555
0.368419373591
0.480978684989
0.527657224381
0.634883130104
0.576579626827
18.4138726399
0.646148700708
0.604570661027
0.604375153651
776.602238504
82.7208312165
148.840131322
855.805265754
777.551711921
0.665531293013
0.65996731172
0.598898710197
0.598569505456
0.237365863785
0.232279614146
0.190275010269
13.9274088124
0.165805197908
578.089503543
0.17394366701
0.238519933935
0.224829080003
0.141994916257
33.3217395249
0.229374228036
0.286836934395
1074.26844805
0.0897972888688
0.157312119381
0.208527092818
0.100573865769
43.3095540051
0.517643535046
18.9908564754
0.51368876219
271.048319563
19.3936485874
0.513331293079
0.516257319307
0.520504345225
0.513934465658
0.52333083249
0.518526309331
0.528320692115
0.518558487683
46.8802617078
27.6503123728
0.505163224952
0.493416554334
0.480908907049
0.340803903373
361.217404682
108.26036399
73.3678381531
34.6201065962
75.5679158937
88.8926362353
58.9683795873
66.6503359785
105.484070612
124.835524595
144.465275435
153.111797468
138.738585671
118.481127831
85.3429142388
71.1440569068
34.2909497925
66.8669980744
90.6403185378
40.5981642238
19.7450082872
0.499029501063
0.463954367289
0.476706851459
589.791451397
617.194247919
601.554471844
497.942892025
365.358609057
506.494328169
40.7802756354
32.5248860093
0.476452632726
0.445232445505
87.5513597632
16.7339698862
85.455324466
108.699121991
150.235230521
129.214361689
267.314269018
409.547688927
365.736632155
269.271669319
23.2937999977
70.5705333455
0.415579494211
923.656035147
334.360810444
569.946071227
626.733364782
624.20524289
473.315393653
378.657371085
66.2078886938
65.6947381419
54.8700409894
55.5364447078
0.347681272871
456.128696281
491.089250422
266.161607239
272.078688166
350.076584309
322.491700071
142.675143778
36.2995976987
59.2887527062
0.903524429188
28.1801289144
0.601478927646
654.136349839
443.96014667
456.732700208
351.522870836
19.2432431846
461.547653319
494.059663462
266.769174623
25.7582409463
0.135319672354
231.78480504
0.380944195678
0.430063619538
0.497549064186
0.443234848411
106.377218212
92.1060362928
313.854165681
13.9499887553
0.312564801039
0.324356301727
0.30972116925
0.293153213019
0.309779791797
0.308900775059
0.287913199456
0.275259115437
0.294330709804
655.933921817
0.276524095343
0.260601577661
0.276524937395
0.306974212597
0.290271369301
0.292534004338
679.242443738
0.185243580944
1023.93261605
655.459715216
640.155410439
713.390484321
98.6758979445
67.1779034846
47.2724812663
326.174315906
786.553860247
725.160491091
343.026009768
21.7208056372
20.6173363178
39.4725114286
53.4372721514
180.496439515
871.126056498
415.886324637
314.306217739
0.399617260714
13.4748801057
81.0607826818
52.869138181
49.0149266903
43.9957364171
46.7748531159
13.3450072071
13.5551865421
45.6739994485
192.000353348
0.344921294337
214.182960807
21.836512097
49.3197929185
14.5459618817
787.881683103
0.235189613278
0.192053801575
20.4334052637
76.8338342719
128.627160619
221.883551154
222.872014986
257.92388563
146.740137466
83.7840550671
273.746450375
233.267836236
239.855365269
233.813730249
204.810238545
46.2893230144
26.7763615307
20.3309653225
275.957354624
778.002489553
0.197189762406
345.352947304
13.0965317106
0.182632476479
45.4248424106
53.6546250916
152.185248609
81.671576644
0.185274866204
0.189395266254
173.063920466
235.557492719
91.1487161388
208.128720964
96.2550482219
0.158745062782
24.1827754749
0.149792831927
0.146255183435
0.12321709473
0.143425670137
41.4587559907
79.7299896069
133.953599954
178.479276014
0.417027557334
112.096706616
90.1006599677
216.926126273
229.283584248
260.263762441
254.035764944
296.389490886
0.146757878258
70.1975852759
91.8964891854
284.494525371
741.211397561
1052.95181936
641.156758448
587.183545385
627.43069208
811.826486786
430.987441133
395.674057786
212.416201541
215.169645323
375.067669898
224.922480542
105.819092544
15.5022067476
113.611508433
278.628435564
143.777517946
90.1269433234
76.0718198932
105.166582418
103.058783498
0.339176473152
28.959677057
0.25194537457
1038.15770308
558.980506418
94.6991606124
24.3596426669
0.236127838741
0.238423187539
77.5762253551
0.31873536432
0.209001398392
72.0976643964
72.4458457396
78.1194846078
0.194155204073
118.629250565
201.963019921
412.519606166
84.7495850194
117.809708795
397.783407152
348.349414651
513.355170044
424.805155079
407.804878567
406.070874335
299.541380386
423.14716059
547.515411889
621.522729825
614.67594864
536.322136635
401.128062994
310.150565171
504.191152943
422.439135454
32.7786740067
346.758797144
342.499119007
201.846614871
362.140867906
468.318128279
178.129302994
263.050401429
318.181250223
283.543698197
326.925863593
214.47183967
96.2411936479
160.911107114
83.1862503793
27.5220806282
69.3105514898
62.3931894211
47.1197486117
59.7408887911
53.0464811164
43.1210439718
12.9967497694
0.270402540163
0.38484220841
144.956149756
330.993833876
455.501040375
101.740322125
63.2093012099
90.0943727256
666.240083848
444.927853618
450.007539861
70.6097036275
168.593763682
108.727194289
0.237941458043
0.252632767028
61.6487254406
59.5619098795
72.0665806471
72.2880478925
59.9096274563
49.0413934104
28.259864204
52.9163468235
58.0104654413
50.2514141473
17.4354175008
25.0039475062
42.0696996565
17.2078053068
15.2806100299
14.2168925537
0.190329745361
0.223225014386
0.168839248398
0.16014655154
0.217654732124
0.252561489282
807.800259107
0.227963100263
697.647110702
476.289118832
218.481456728
53.9879828048
0.171393808395
276.147803011
366.074679949
172.651673091
43.5338925595
18.6606477417
351.056476094
302.11394452
460.598390464
516.328639402
138.858843515
227.762478401
196.24673199
185.311626738
316.538186765
278.458634063
147.160200528
208.191174041
356.704188823
0.242288842553
0.23381494467
496.55888644
312.11376939
306.20665661
369.845032277
406.705237476
281.895918892
39.7751490897
71.490971215
75.1487117786
50.1976426805
1067.05626389
814.758700403
625.007798265
435.999348978
42.3028836501
13.6142296086
312.835210016
257.330382362
206.721740643
35.6965384799
0.471250182121
0.493694494808
28.5263869905
96.2425313608
95.5630140902
0.402676943368
14.3874479405
0.378654280123
101.494187238
29.7256348568
0.239791047905
31.0797544267
211.258762969
373.83439211
229.501845668
0.343820034055
33.4764961704
156.719061731
0.283999978249
343.749883807
54.5628597195
0.233575485237
40.6371920979
0.166544062194
0.200321536471
51.1375949766
44.7430418932
0.204077866828
0.203005358701
0.205698125659
0.285028578626
406.880741391
879.742999639
0.398475480835
0.446681040631
0.516036473744
0.37993856525
0.788144884414
1.02359624878
0.804407634875
0.588389850826
0.458992751168
699.371960427
0.396833756911
758.774675961
0.151402328218
0.152561049898
0.159000089521
16.8858882745
177.03068876
0.193301667428
23.3650686489
22.6116345144
20.0101109387
129.43340714
72.0378796146
30.8893676379
41.3295459289
20.1519138492
61.9566688977
0.277604933335
362.587188
501.564257639
517.904071185
477.847800116
459.027137157
534.556448356
514.633378654
691.339629543
621.55051592
130.980202711
60.5860986188
0.256598333521
950.198583568
989.395446254
411.988566451
99.22366892
88.2560035943
29.6460246065
67.328416333
19.3383194135
30.1058600929
0.390905754741
0.435472509233
0.484171555894
16.1891947362
49.2499584497
46.0369026609
675.808766164
98.8217998159
18.3005422507
0.191731927843
16.9075907667
0.184059108839
0.183559696925
0.174767261134
0.172130800319
18.836283407
202.688943107
605.645565099
701.710975841
684.07057898
549.189359628
450.599828298
530.023712798
516.888860282
432.078452486
611.730022747
352.150586876
189.011209349
15.4385521123
15.182949386
115.521877596
395.35677671
668.411806516
415.031773558
136.42324887
0.428734022615
256.631834499
334.231577883
183.252346007
83.7896334626
82.4949624841
72.8127094277
98.4616578314
149.931283817
179.00997558
180.592591343
246.7612515
250.896551487
333.038898205
174.944452788
292.950275764
13.9963941577
0.197664435152
0.175601480762
13.4571895248
0.104037934424
13.0884068369
0.180739102263
0.163180474011
0.147999265341
0.242332345288
0.151195730304
0.21842625053
0.17348009206
0.135641184991
0.19237826636
0.481292797216
13.5621036899
43.6330201974
47.2674378682
46.0382128798
0.452393787266
0.442120953285
0.440867113422
0.436757529105
0.428927397318
0.429636997977
0.409870243773
0.397701289814
0.39117485736
0.382392117447
0.3739694496
0.370016134778
0.36464242336
138.771182731
121.951666006
93.0386640382
418.145990763
319.764287054
231.999979521
190.769839169
303.467504452
220.971995842
188.628360534
345.073518778
153.23172344
106.379248406
130.819456582
0.15909285464
162.672918348
190.751548689
174.360836912
135.344690411
102.406742051
97.3799743511
112.353822447
117.491505671
104.112274986
97.1334459127
88.854245197
92.4423271072
101.592756557
102.965891246
81.9266554983
63.0130419038
56.327804922
63.9114489871
64.8558222016
65.4725253011
61.9859275138
69.4171648389
59.3590313913
49.4427845417
43.5648009537
48.865673356
49.8923241716
48.620305243
26.2203301881
0.0658683740743
0.0624296631809
0.0617303859814
13.5968898185
0.0598077661004
64.7146924853
83.2734846854
111.260006774
100.002791395
80.8129458324
77.6802307985
78.6813908741
68.7110347207
58.4637166955
57.7630554342
59.2544652042
57.2231395507
47.9668386081
14.1395584454
14.3908136355
42.8180112464
13.2000300016
0.0396647662441
0.0369900997003
0.0373478268445
0.0375398571029
0.0355959860093
0.0301004461879
299.774594536
0.0555228281954
0.0515005834436
174.859336369
194.217401157
222.639708148
227.16579402
192.412099702
145.438526743
129.028841299
153.098896907
175.025561374
251.47005215
0.0521223020821
17.5921717313
154.656028131
188.994128009
202.403835892
205.98138971
191.03115835
159.716690961
141.802295216
143.563628817
149.002659269
152.503812414
139.167824697
116.69765848
103.967311859
100.288545379
104.675969148
114.044574603
108.520968066
93.2485127508
84.490742635
87.0208584906
93.1923481756
93.2853929134
74.9724158883
53.531136587
47.7376727531
54.583236439
62.573210263
64.4094843199
55.0692200212
43.9119249027
39.809383729
44.1218851126
50.5298122509
54.2190153297
57.1352523038
0.0841202527158
0.0729108888627
0.0608990946191
0.0682440974367
0.0690615468062
44.9010988632
0.0567669544804
0.0542392727671
0.0496112960618
0.0490924619457
0.0539525978762
0.0561473564532
0.0576451088282
141.809885942
146.879793559
131.158423135
0.0499177966247
88.1032539906
84.6903409125
90.9335069927
87.6744511386
87.0435305445
139.065301929
187.350491629
132.023698311
122.537152788
131.284506535
151.10032813
153.041215392
137.533452098
113.142055988
103.251701371
94.7701161965
102.489985169
113.166787926
150.109869531
0.0698038679975
119.720714423
0.0646123897437
0.0639312757301
147.759515659
158.263285874
170.886745505
167.263759014
148.385939338
127.306249527
114.252770365
113.513768634
122.730206425
133.758473137
128.95136352
108.771041472
91.0217601977
86.5820768114
92.0451477795
91.9473651681
81.1954204624
79.4062784331
86.6380734394
96.4785581607
100.508064687
94.6285637198
79.8921595748
63.7955096673
59.9240465305
65.2686517756
75.3435728396
81.4114283772
76.14485958
62.865456406
50.3479981879
48.398090055
54.3056103649
55.6875830437
49.106324904
45.1606953798
47.0260598901
52.1628655056
55.4421695002
55.1795330418
48.741069044
42.0702271639
0.0376325551896
13.4937285739
41.8574937773
45.9091355207
43.7532110656
25.0378882405
0.026299393497
0.0247300535793
0.0240799089126
0.0237881475347
0.0231428832982
0.0229881741781
0.0238628028261
0.0223626644441
0.0356546893274
0.051095085578
0.0699804982342
0.0836276191938
125.196133254
0.102117414967
0.111304581677
35.2942178227
60.4381287593
62.7122899521
50.0754476296
29.3048188022
50.3378215746
53.5346284452
44.1823721084
26.5530641165
25.690552936
23.3670115062
0.154995385586
0.159087508745
0.160171102338
0.158703426291
0.162749750122
0.170124767178
0.170227906587
0.165332253592
0.155941930757
20.1690441015
25.0335738429
59.8988743488
46.0232327529
0.137639925615
0.136690359218
0.140135902163
0.139043478718
0.138849418802
0.135162376776
0.136315475636
0.140683793203
0.141317856571
0.137811020546
13.771846553
0.13146643972
0.13041427546
0.128238618976
0.123700178215
17.5144590846
0.123068385635
43.7886836637
47.248666548
43.8958320293
66.4539705362
86.7713056418
70.7015054377
70.2989861915
62.6717044841
44.8943721521
13.6917663717
0.112038486102
0.110402688808
57.8959373739
88.0872835445
103.602852591
94.6312245727
84.8333537971
87.3861855092
90.507019599
81.4302701904
61.1328911584
62.2744324476
78.8244688164
89.2727726365
73.3490104902
56.5257553337
57.4675572885
72.9052486833
71.8589329709
52.2528975111
42.7693459422
56.034761399
65.6598159925
57.8582523352
14.3879095305
25.4452571896
48.4169839062
51.1062958941
42.5514974519
39.8487632085
41.9914287896
40.1097574533
0.0530524523368
0.0530493127938
0.0478100604648
12.8998220758
0.0459453688743
0.0416750042292
0.0442319033863
0.0434775377263
0.0423937012341
0.0409597825384
0.0386369620348
0.0344726914596
0.0337600082367
0.0330595247194
0.0291789869258
0.0286022599633
0.0278994958637
0.0272179628882
0.026765479424
0.0307928482338
0.0306207773344
0.0301049373217
0.0293012297899
39.8878448923
38.9145936847
0.0215644379837
0.0200306068991
0.0184064925639
0.0202637027299
0.0164939351
0.0160105203686
0.0109791947183
0.0113095940417
0.0116234685491
0.011781038387
0.0117078925869
0.0131561192991
0.0127710763404
0.0121811297165
0.00989866218155
0.0094795098623
0.00912827645654
0.00889477040338
0.00875578029735
0.0086379940965
0.00689311922878
0.00680798547901
0.0065407065432
0.00602354380424
0.00529946718678
0.00454779718147
0.00406436752845
