0.0
0.0
0.0
0.0
0.0
0.0
0.0
0.0
18.972282306
0.0
60.1712205207
9.67649368663
0.0
17.5608209273
9.73188551125
23.1746995349
23.3254013148
15.4205376039
7.77520799301
41.5620326428
36.8937282943
0.0
0.0
0.0
0.0
0.0
0.0
0.0
0.0
14.1208220288
63.4053091716
68.7131160983
7.14078002296
62.85147658
215.707238534
1211.88046935
1555.41826139
15.2475000793
15.6309059423
16.7579132242
8.10815516831
66.6440740834
35.5483314154
39.3906489801
29.1547690983
20.1010507851
7.85186731644
41.9843956818
22.4397159624
37.6730866955
7.51407960777
0.0495536647669
0.0608918164809
0.0575019469096
0.0480137499573
0.0474240818971
0.0259405243726
41.2494646646
23.2759219417
0.0190615660492
0.0249162014371
0.0216512920218
17.8536040602
0.00341293269207
300.639782441
176.599268299
71.1005379946
561.512529552
501.073870611
438.664668899
381.865528654
285.49268339
256.192303055
212.398310119
183.56422947
157.227906037
167.774448341
145.795294738
126.031396832
108.216747601
91.6953579124
70.7700752528
108.638836432
121.769396161
8.08038997809
98.1558987846
0.007489043875
32.9240845792
108.153501082
35.7683827001
0.00322132123172
0.00321008439834
29.7684558083
49.2591669321
62.0617775671
9.0929520422
16.493830304
0.00551823562404
80.4285093128
29.9427360811
33.0453307093
107.716958026
22.9837953216
274.517501003
168.886696111
52.3000254638
32.8042134189
26.0969933924
7.0378588491
107.242081091
69.5156685635
31.7370555154
0.0
0.0
8.19725334861
0.0
9.47300649561
73.464919816
0.00759657308433
83.1662126201
81.2174219037
29.9560991142
7.13542294272
0.0
0.0
0.0
17.1745895814
24.5778047597
0.00670398281916
80.9450938698
46.9309447835
0.0119511261652
56.3740165168
15.3105205149
42.8053086895
0.00957708075341
20.4234463218
0.0
0.0113913439854
15.8125528858
14.7542789069
78.7094473383
54.2572164113
40.4102408971
37.9116220265
28.21631761
20.613804103
16.5376479253
14.2665854067
50.1252721162
18.561757149
0.0498055821336
24.9963839025
0.0558555541116
0.0843331543245
0.0829016479064
2119.4342638
37.9492121537
39.001802609
7.01681611325
23.5747161484
10.0570911045
0.0076563595957
0.00641298423877
0.00362979011301
221.455370783
107.31834425
23.345369764
530.603126557
463.452137277
397.66836064
354.259235173
266.067997607
229.6415981
198.289891568
162.040536708
137.462658485
0.0
84.120546248
57.0314835124
27.0409822429
25.2087782608
0.00297837479255
0.00334187706868
25.2686628405
26.0814104073
16.4425636628
97.9394604577
36.9933760755
425.464359895
16.2640561734
62.6897608966
0.00501070227515
8.06782066664
23.0038887509
0.0328002793251
7.05977790562
38.3387463058
40.4927457884
0.00805677488165
0.0311443824372
0.0425509550916
0.0312255475106
132.430112111
14.9377747219
23.9509911132
7.10398435783
23.5390511029
10.019744831
0.0472324203937
0.0483139438361
0.058428917149
31.8551748217
52.6620792955
46.9052937389
0.0244742516162
21.5352501524
7.83452281323
0.0232481018555
43.4606379632
62.9742938877
21.9587061083
289.900519377
162.952661044
51.0424830087
31.7643148199
25.4299851454
0.00484665016773
0.00557220902824
27.8056184962
95.4725391191
0.0322584647336
11.6048999448
0.0136076609778
73.8849411842
67.0853485079
45.521472801
11.1461318419
0.00808905316513
16.9776648507
15.4581572811
0.00795848064399
53.0581565985
49.6269618233
38.6603375225
27.6762231502
20.6809443918
8.79754275283
0.0605413922215
7.24623886696
34.8557192926
7.10892699271
0.0515124289141
0.0550975507305
0.0531100276332
0.0475465168886
0.0473429258337
6.94941846421
40.6057716301
0.0139160177835
7.17445304677
10.8874227175
0.0242362837162
0.00354764856246
0.00372767944559
258.459086366
142.818285848
34.7749511729
546.57963492
479.330111065
424.097239385
368.556830187
276.187040646
238.331799376
205.705577218
177.519926837
151.979565831
162.363421576
140.967922157
113.187748426
95.942011282
80.2566761927
27.7167505309
16.3067138048
64.6012701961
0.0
23.3144987893
39.8951307499
0.0157154648331
83.4350548162
69.888682824
20.2714102153
1068.84546534
0.0030892034162
0.00954740528583
0.0228037628924
0.0230503867589
7.36146817756
0.00513752392971
7.72908488352
37.2245175689
0.01480623187
67.0095689633
29.9838621847
16.3049804464
159.71588006
48.9262959459
29.8245731835
17.3217870745
0.0
99.8854237309
48.8360578178
22.010758862
0.0
0.0
49.3374195525
13.9641429837
10.0287503363
32.9577945887
38.8292759184
28.1921355291
7.73857208281
18.3306856385
21.8866174788
0.0
0.0
0.0
15.9177764657
0.0
20.511023681
24.2618369526
28.9023438047
23.17212387
17.6403383175
6.89864210211
0.012259909037
0.0
1444.22428779
8.09176898419
24.820735006
17.1629628985
15.159679582
63.7270076785
35.6624123689
39.646111239
29.2935569174
19.6601755775
7.3075368224
30.0018710329
48.2393336643
39.1064312228
17.0738312492
0.0574998567889
0.0646875891685
0.0544564204704
0.0798863208329
0.0791143366766
0.0440475135353
38.8922924676
21.8760919944
93.6179879421
0.0282725354135
0.028909509241
18.1335251845
0.00362821195516
1038.57627983
184.041597413
74.1306692048
7.11528145816
504.215556711
448.357492078
384.385351745
286.813654088
257.340735676
213.066342888
183.637635674
157.490355046
166.412413321
0.00167117860338
17.3591479191
0.00194781969999
8.22275834906
24.8773194833
16.9354461629
0.0142317779962
8.05143301877
31.8512017285
7.01444191545
42.6631907331
16.9615768687
23.6215941156
20.9463960446
104.469479336
75.6733099354
7.49519202109
33.989190057
0.119152754184
96.2627621324
22.5292690601
0.122151183526
31.9875722061
8.22010554135
0.268123925906
0.314161154464
0.222754521822
0.322388796009
0.284849168149
87.5104577963
158.486372021
9.78579965319
25.1368168285
18.8767892598
50.3082895185
0.166531476129
18.0014040392
8.74828159668
119.310613303
20.6344153836
0.0932083443006
26.1151741351
8.82011041156
7.24037005944
9.51055624548
7.12801942577
0.102135317129
0.0540236746833
14.7458035377
14.6528438864
22.4352828691
0.0965602986548
12.6398703426
23.8680561394
11.7584013286
27.7915289369
7.70092917162
0.0127929632517
6.92874438735
0.00661344225415
0.00698192474191
8.10094378946
7.06788272165
0.0336205902702
0.0381783555662
10.6370608818
0.0497723003527
0.0964258441729
0.0692816892237
1624.8193745
30.2616792278
15.2230610848
7.21283182539
0.0700298549265
43.0249278546
147.601695106
0.0575763481397
11.6321501978
8.29892006477
8.6903160035
8.33784050264
0.072801505042
31.435142383
7.70614755442
7.19384449297
0.0443699251118
0.0518633485032
66.6721210798
47.9988676796
28.5781903626
19.2792940094
1179.07585889
1397.91703032
1366.13099725
1299.95973289
1217.3356766
1093.66056274
1003.35786855
9.68109146823
72.9976808632
122.71625971
141.917644086
132.059501234
8.86925338225
10.1476835839
7.03480426485
34.2431751723
0.00620215589508
21.4287832007
55.1945552623
52.7147299715
20.3675749657
8.6472232959
15.9041078822
12.8446469332
0.00649866004988
0.00844239551775
194.323280636
39.6813789722
8.15356684846
33.1624453809
0.00236897665576
49.9502830763
27.0210553222
0.00402307145134
15.1841271142
66.4961311155
51.7902701456
0.00142616358502
41.3371187293
30.7493259319
8.66049679552
48.7537164286
19.713933008
29.0605341488
24.7207874783
0.0
0.0
41.5803004702
28.9624977516
8.38073235096
0.0
0.0
0.0
0.0
0.0
0.0
0.0
0.0
0.0
0.0
0.0
0.0
38.2147173081
70.9975541774
291.336258316
31.5567657167
43.7807632868
45.7507139223
49.5737225874
51.7740614599
41.4846502553
36.5246653593
44.4166850776
17.8891298568
0.00928661202165
9.26065150268
0.00372133212187
0.0776429687148
23.4493393635
1052.60505785
7.49701033542
105.909235003
135.310121364
115.429106845
95.3645677
44.0769145938
0.133229067063
0.114398001868
8.11311814232
15.6316630634
42.7984464792
36.2889269223
7.91785066997
10.8991844273
7.73432331416
0.1715933497
49.5546977577
40.010068429
19.8885230754
874.317128435
1324.02821997
1139.10680508
1165.76002507
1171.06703264
1184.32366946
1146.93782397
1081.36514154
1005.8748495
923.352595476
65.8736610857
170.729152906
206.98166297
0.00207291696279
0.0132939938109
9.25981211049
28.3651673753
78.8772929705
80.0746047849
47.3899512089
28.3590872756
7.22042100401
11.8016250576
333.542769198
699.160686071
940.351713925
108.490170019
257.266639702
118.582763302
35.2780481217
23.1734620748
274.07817951
181.060632969
174.548616262
161.953966792
255.07507552
0.0522107918313
36.712655688
137.421040254
6.99393533482
332.623131643
17.3599803427
12.2933720713
0.0736530359725
0.113899711761
8.80649446395
0.111138923942
71.7622756707
67.4684736283
0.0331820711902
16.2711883128
12.9038533379
13.4006220062
42.5529622573
0.0304927146345
19.3732019388
17.2291214758
28.0694541607
526.598832669
598.212032853
43.0004508275
39.8634335672
39.5570495795
67.1418451819
46.9214534305
12.6893009376
227.073124695
11.8780768269
34.7421901042
43.90968564
34.753278701
36.3359984255
0.00283774807326
106.498889411
78.3650752649
19.8238201127
9.95246571045
0.0416536094344
0.0572881833927
0.0420898319705
1658.58379964
51.3640253918
7.00720830451
42.5025008499
1733.46318467
24.0321694048
37.1003128849
30.3148615503
21.9863281492
25.6206779907
131.761454728
0.035057250604
15.8946643379
67.9222072243
14.6808745344
32.1929803509
29.9862868598
18.2441852012
12.4890220425
0.0299848157128
19.3729447863
1420.95495652
1420.42564069
1401.88590189
1356.72564354
1291.17520953
1150.58446889
0.00646893134603
17.6539793997
868.96482503
767.841892949
668.670768274
27.465741987
494.209842505
400.578019849
321.287513592
225.561795762
31.3418987212
35.7164961976
9.45534712979
14.5831299766
14.6195568678
0.00780837723303
0.00319287345457
0.00308761586333
16.9001081211
12.5791045704
10.6373349049
0.0
7.59479453047
7.29915134125
15.1423224865
0.00223329221032
0.0
16.053266235
1053.31420265
7.48735597641
7.54551863217
25.7266402409
16.2831702117
7.56515600986
38.3776207372
33.1646804044
69.8461729985
52.893812283
43.3457100058
36.3286726057
31.2319981935
13.2535653505
16.1828700159
11.2982983881
0.0
0.0
0.0
0.0
0.0
0.0
0.0
0.0
0.0
8.28551392445
58.2293383503
7.40206706562
0.00181165875512
28.6965688463
0.00323621941657
328.442940646
45.9845179528
22.7077290984
0.0148870783692
13.7116939404
11.1572502717
15.9110255429
8.2140660102
7.38012436729
11.8743615142
16.5957138707
0.133643505998
0.0676914963728
0.0945919948292
993.964890622
29.6162437958
0.0511169139971
0.0646198704575
0.0646412713805
81.799448327
0.084311215946
9.65515973294
0.0902250797463
0.152045516905
16.9186884608
36.0566058729
0.100908965056
92.3728719331
10.4038257996
0.0658356479417
0.109182484813
0.106105435214
46.6825261347
38.4743768313
7.27402737599
705.544303378
897.113847763
930.597889132
1081.51652068
980.971701768
966.257906534
934.404387215
881.847656095
812.338476786
22.6804806093
75.0460226134
0.00140318674456
0.0
28.001562112
72.128518587
45.8829963543
0.00300426932614
109.410197101
15.0499827178
16.7134412808
18.0796015134
15.9709549262
0.0377926355009
0.0500334790902
9.07908934682
0.0630595996619
0.0950273402319
7.91252385919
8.68404942567
62.5871137942
0.155899377871
7.06691366382
0.0930421586524
7.08717881797
7.33059607378
0.666641747796
0.305498630842
16.2279711522
0.132526443971
7.31145016044
6.99571106262
16.09681984
11.1497080711
7.43722878148
86.5252150635
56.3440362528
38.6083001044
42.3296281476
24.4709124774
9.73584030888
37.7874907732
0.189434733292
15.6439496679
151.105101078
21.2320539743
19.4434372043
9.88752310028
20.1526746873
20.599394915
0.167852076926
0.175213819287
86.2785602441
0.126004829198
7.30720149855
0.0726461681882
37.5914343371
0.00693994627495
0.012343362659
25.8617461936
8.64732115433
80.5050122132
37.6122187127
0.033656120085
66.1721448517
33.4925856877
0.0488298163295
9.3230620437
61.9571203844
8.5497080015
85.5357023347
75.975866127
0.0926270032384
63.4086205805
18.9662640624
20.0241199823
9.70682875715
0.103858991127
9.47393505036
0.124859714925
21.7545860836
8.10487793142
0.0524078320083
87.9534600736
40.5497343073
0.0242490034448
12.8851684932
11.4362040487
10.8157506084
21.7439253555
30.4417157996
0.00643452935657
10.4242474884
7.83571228469
0.0271807747797
23.0509972163
25.8698087894
11.2986995123
50.9652376623
26.7055853591
844.63503635
736.591622448
52.6603321396
0.0
461.600510807
25.5217038472
8.53327293549
7.97956570831
8.64809022985
0.00564879017899
13.4039416064
0.00958801016904
0.0112066464079
257.972581173
90.1599703882
12.1446322694
37.3282377766
45.3639037925
101.636453101
10.9757671917
0.010702747195
65.6564188717
90.7769309353
27.7793275133
28.5524794031
15.4864261396
11.2472940957
10.1534901843
15.1256010402
14.4411340859
13.8951862743
17.7707592149
18.4086073491
8.37620004487
30.2349589169
65.3342978141
7.72142000319
17.3636016777
0.0
0.0
0.0
76.7626195856
111.143052505
103.613206032
20.2021053162
41.7863954298
60.991501907
7.15877475226
15.2476781329
44.028716812
0.0
0.0
14.9813689663
31.6530317929
0.0
0.0
223.623484098
338.508108847
67.3861903886
70.6278388576
0.00315809827751
53.8241547594
89.7649396774
0.0357815238635
8.95748680366
12.6012973079
0.00879977253178
0.0565939787407
0.182568302881
8.41976091312
7.32836654349
51.1103458107
20.0068851075
7.05092484016
11.0593384996
35.3515266867
9.83651663355
40.8226327489
7.96849791646
0.107236178918
0.11887342418
89.6343847345
7.8761367665
39.7943710282
0.0405130432357
0.0266028888923
0.0387024388065
10.2781274771
0.0939422142527
18.2215324392
0.0553420591787
19.31213916
7.81501283018
20.4234329671
40.0152330568
51.8370983215
61.4414923621
0.00962149385683
7.82684030376
9.30067637785
28.0196260938
164.886281745
0.0113637121113
22.5637251294
7.046325409
7.80074738607
7.53054995127
0.0197678810994
75.9686672301
7.14120805111
9.45869822377
7.63728699485
12.3362227236
94.9428689308
153.096534187
0.00325712140966
21.8586497785
0.010267803399
12.9690460155
13.0129006963
10.6367169955
0.0242368760073
0.0515982084371
55.5870268372
0.0398376182501
86.3772677572
127.418339427
112.34538365
7.00937578933
27.949924731
10.7062251814
29.9092054782
32.2602954624
23.9317872233
56.81061355
104.636141895
30.4384203976
66.5002457192
9.13130505589
0.253228043169
17.4950660207
13.5037959279
61.1056375465
0.0394713042177
0.0580994055249
0.0521086165797
20.3603517931
0.0861908758427
0.0940768879163
87.8708168601
104.061621184
0.0813975472523
7.91941958812
0.0630953372034
8.32279313304
9.87218703622
10.7676463118
791.406338392
749.079883384
27.5716390353
0.0813548401252
0.0069226631524
0.00574566218687
0.0129083427228
0.0160153435453
27.5984759152
27.7980107851
9.78315856876
0.0394829265101
0.0770544159226
0.0604148473123
7.4438980288
50.7090354754
7.04593018069
19.2064992792
7.30847852475
0.0585316819212
20.9675805708
30.8100378569
0.0899957222311
59.0968631679
27.7699842969
16.9186983398
38.9234023916
11.4694374674
9.82054634162
9.47285701251
27.8111409
0.00561706085284
0.0
46.8060322219
21.8678736682
16.4664827502
1183.70826201
1193.38652877
1379.60497103
1326.6970179
48.7082303106
70.99201666
18.2320834198
910.927475376
809.612683411
700.999344703
603.71728011
528.00870634
430.1270918
355.501325378
273.459229834
193.64098377
134.434345222
0.0
52.4609864129
83.4343003803
32.3889611719
16.7909890188
620.510316746
851.920108356
1108.86081797
1337.35808002
0.0083785345528
30.3900982695
0.0135257687186
0.0139361037281
42.520116756
88.5523105024
43.0851818138
0.0134784800617
810.541421856
322.384464483
207.175704581
0.00142112606906
45.885634887
0.00356706176257
87.2041882105
15.6394763443
0.00169118617926
53.3463994997
8.01163116035
0.0
0.00156334831135
31.8351988919
30.4835507976
0.0
7.18756927431
65.4724618016
57.2509390315
0.0
0.0
64.1565851212
104.993798386
31.4471734468
7.37604564963
73.9411969868
47.2531547444
23.0110991278
0.00343996907651
102.722659198
8.87531900097
24.0206276633
0.00757998821211
21.3012902965
238.228473906
22.3027778583
15.4898153836
124.95772636
0.0569364448147
0.0356064451332
7.92547470958
0.0585357154301
9.52855999575
7.61743980706
0.141597023825
0.0898075309708
15.5835123052
0.0642972781796
0.061475275039
11.3061174039
17.2349865353
8.62364835169
15.1593708249
7.0674595102
40.2082963485
7.05460783097
0.0378456389404
11.721941591
7.38107313233
0.0157659961818
102.890166247
123.707259924
0.11306501408
0.0120369028736
96.6853871405
112.209129341
84.1002567534
7.15902687561
32.3062544043
19.7673764548
21.451829749
1146.12307145
1080.72039495
0.00751619691027
26.5872528212
0.00663207762139
47.575568798
50.5283827102
28.4183845004
8.3053263039
0.014377952008
0.0113236374944
9.41798945294
55.4839040842
42.4265992433
47.3905795021
7.99209013974
15.8899812679
13.2748742839
9.58997396016
14.7675036659
9.43396409236
0.115619998313
17.7560950617
0.116374051749
11.8458316407
0.163564509898
26.7333217826
7.64523191108
38.4099464698
39.9383849643
17.7570518847
0.17498623859
9.21266522123
20.571467013
43.8851981347
32.2616626684
0.187464046408
10.6975500051
0.367695826702
92.7636178473
8.24305802333
63.2451040222
98.3277130068
17.4156751854
0.136457298903
0.158915440274
0.136479990824
0.124940109196
90.5815731549
120.793705417
0.163861791453
48.5878688546
117.738556068
8.53384482469
0.141127115665
7.48899732669
9.23625648436
0.0505048503213
7.66791495686
13.5999169559
9.62207745248
0.0556382645245
0.0663490623407
10.9623242875
12.9817288755
7.40786106782
0.100461017295
11.9400539763
11.0844414562
14.8028470114
23.7193862669
15.1353861667
14.1983527446
14.7346962866
0.0810528931438
20.6704372288
15.6449190213
0.0931062390616
0.0949081643907
0.0816920370612
41.3051910832
0.0374659922456
9.70794817971
11.8981980414
9.22013109345
28.201407902
11.7057609194
0.112586343272
10.1779686633
7.42524924594
9.73586525717
13.9330528288
27.9415828787
83.5180451587
140.131144891
56.1588315494
0.051428611783
0.0562103323399
18.8208040837
7.99843489358
14.1722731437
74.2847830276
20.5407834038
261.738364545
0.0235596403814
0.0231937280214
20.7308141043
30.467366678
36.5388921492
8.00956785306
51.1986682461
0.0659899048096
14.6467311944
8.00628949986
14.9901506164
55.3122251535
9.0066042267
17.0185753866
11.2842133421
118.973778677
85.9850598403
0.0712484836322
41.7192360747
24.230915955
23.2271215387
18.1403363141
53.3410799504
49.6784373255
64.265341802
50.3126126021
57.5790858229
41.8971064921
59.4623879844
0.113346077278
0.0686453209097
0.0213786490523
10.5262500889
0.0271451468815
0.0379066836508
0.0340015064593
0.0114875866947
33.1903738334
0.0561299541757
0.109194525803
0.101903613042
53.0201472485
0.0622575346597
16.1464645078
17.6983481387
0.0979977322625
46.4579776778
47.9006607883
13.3082676812
16.6039021101
20.5170836689
43.7412001288
42.4521921445
9.78055406205
9.7848118834
0.138382020823
0.14757139002
14.7067462085
0.061825769207
20.9794702479
81.0957898571
48.1860026199
79.4413869757
61.9860123994
25.9323908931
61.2634844367
48.0495464748
0.279474611432
12.1585886102
0.0256224405776
0.020679875315
0.0295070415467
0.0251859094845
13.0724607355
13.8233884336
81.3781924055
26.6612708163
55.6232412164
80.7302176325
59.984588957
37.5009584239
0.0883025530265
0.064910397405
35.095361903
37.1714591609
0.0143029684506
0.0298395229147
80.88215281
13.6657486006
0.043910441244
10.5004769208
0.0571746213637
76.371440366
0.00847216685043
0.015365963059
145.75229596
11.3905912342
12.2808869873
0.092948715166
0.0797551241686
46.5411619225
48.7958265961
44.5376298049
38.7388811916
28.5533416566
80.1248721696
10.3277743919
0.0350018518244
0.00537425891919
27.6447459317
66.164791513
77.3427564746
26.2796274277
9.82105598218
0.078992628356
10.170256589
0.0807850764239
45.5564285098
23.8781929764
52.5383270267
76.0330683251
22.0844630411
38.8740962236
0.0477802450851
13.4381672189
67.1567497719
40.025958299
20.3314783363
35.1621679858
13.6618516137
36.5942356566
28.0264775958
16.1455844244
0.105150299119
0.0978546409097
0.0921859075227
9.60999721695
0.0752215863663
44.7014256008
39.0762084905
0.279252859529
61.8701221477
0.0865316423802
0.0254115840509
39.0926120596
13.1274405239
11.369023012
14.661642949
0.0264440172782
0.0492136917754
147.674148076
39.4661511002
150.253401052
169.180097349
67.5302649443
24.0721941301
83.0903743644
64.1239918313
0.119051761529
41.842886509
59.8098113518
31.6078770206
44.4630893757
113.207041378
14.6755064773
47.4191993884
49.175135615
25.4476844237
24.7350138177
10.4669296753
13.864546534
0.145582291875
0.228261290041
0.224209712021
12.7253032068
10.4925573865
0.0473062387064
21.489088857
37.1587108062
76.0223868334
47.5898940514
26.6030196126
52.95215601
25.7367810382
49.0796635242
53.1782083408
13.081257363
0.0846523606144
0.0880769088815
12.4218256903
0.0867048938631
18.2710447024
36.3766794193
10.4012926269
65.1087519193
0.0271455415368
30.7633823827
0.0590720287916
0.0876186843398
0.0799431592494
10.6819202411
53.2342866431
46.48380996
33.4192620724
22.465467996
15.6287859112
0.0330600797758
34.1005475461
34.8594879054
71.4980477398
92.2121175187
71.5934633184
0.0745954540743
12.5066847443
13.2165872337
13.7287826132
47.894250236
53.8057589656
49.8444600544
45.4228431512
0.108887919941
0.170856026681
0.0829959432981
9.72616358638
13.1030930742
29.2999391156
11.4531632714
0.252604888485
58.3832436038
24.777245578
41.2299473539
0.0471673032294
127.778739204
0.0383019450759
0.0394802290095
0.0391491523039
0.0677668394579
0.0501084408012
0.0476395033525
0.0754855061244
0.0723904187251
21.1575561814
13.9684451117
0.0560437388168
78.6833956176
10.2601427339
10.3443345719
9.85112959258
0.13306473116
10.9762421133
10.0267564569
39.3466851122
36.3820146116
0.218139751293
10.0740987894
0.17256138738
13.4182285336
62.2724955789
39.1384483029
0.0408371136334
0.0327779583683
63.6424454069
36.0577667941
40.6475376954
16.4682676394
49.1669991238
12.3401727672
11.0215963265
0.0679871520182
86.1931216787
15.2454497938
0.367442586322
17.0659286095
17.0017648447
30.2805055862
12.9547541274
41.3290091977
104.184805298
25.8225762615
92.6137256032
0.364121877557
12.1855881754
0.275012405078
53.4410151266
12.1252571666
0.378296375978
10.375990317
0.38135244229
40.0278865672
0.384334473704
56.5385670522
39.4623855646
19.3781686049
20.9884726155
45.5746299376
51.2963494077
22.5331620746
121.604392567
0.391830150242
52.2764988724
97.236379231
63.1515609557
12.0674555499
0.203862752568
0.17558598482
0.302390500824
78.3903892917
232.551343892
63.1952485499
13.8834230776
27.7084464553
0.403612776877
238.26693727
75.8982055458
88.8660423606
72.9634671289
21.1406417411
90.6791634952
12.2942282047
13.9782451497
10.6590170502
0.372015023954
0.338762062928
60.35633622
0.349506466298
75.2712075329
0.536304090129
39.6038654176
0.706340327596
55.5724937665
13.4067212994
85.926325869
115.852898383
50.4181628377
54.09714961
0.781178274256
12.1093620252
11.6997439319
13.2410666798
39.1807090624
20.175214983
10.4727673878
16.4857516364
0.561446387642
31.3610637653
0.527856780274
0.476529276389
13.0676589385
62.3829839467
42.5248520608
0.227582797346
0.170912790975
0.0977478843847
33.8570149735
223.012994342
146.822392272
31.2440595802
79.5034151939
34.444755171
14.9280591145
16.3452049713
269.57080223
280.727317308
213.077032425
227.384461244
235.285934462
126.036766963
87.8421390302
0.0016578441837
0.0
0.0307790090682
32.2439046971
0.137382038383
0.192227131943
46.4262122419
42.9905707652
32.2695873443
0.192342080435
0.149376581434
58.1556431332
0.145900229721
86.0181870194
9.93264532827
0.177986244805
454.358268148
0.161489204568
0.158193493855
19.9960996953
21.0652404705
32.5997107847
0.0
18.4167940748
43.6949632389
28.1285162504
21.1084288455
13.7740906215
0.0
33.8885397579
0.0
10.1604547654
1386.26141955
1557.11479897
1474.0400303
1333.87050751
1235.77142961
1131.58778716
1012.61095308
884.234171426
780.965209226
668.012498854
549.205011128
447.197731984
354.383084175
251.756318018
168.45827379
111.066893471
14.7378548291
13.4647315108
10.529509547
177.288305079
640.986360438
922.141485889
1248.65141386
1561.90334832
1827.2926459
31.5394667839
21.2997979382
0.0
0.0
0.0
11.1111813262
0.0
1161.44705733
552.366780528
374.734135792
220.999031227
65.6888790432
40.8485656019
87.4360977157
14.7510645119
31.0687575123
17.3868646111
29.7872507596
0.0
9.94622295428
23.346204866
74.1703643181
34.9608406266
0.0
83.4724295746
118.889667681
28.3213494784
9.82228951152
0.0
34.2931194674
70.6915156399
10.7906678514
10.5038214759
10.744586254
80.3970483103
30.6869624314
13.4083123055
0.0
60.3834800224
40.1562475233
110.513524822
32.1605298811
9.87276054604
45.0804524182
53.8315972291
0.0290450169893
22.0717330523
291.695442375
290.057837624
210.344471787
203.78074188
193.506270189
416.166955812
1922.21456333
2042.67048926
2036.37068975
241.808304877
53.8244685278
10.3202880925
0.0848445703941
331.843464936
0.0783984086609
20.3830206782
21.1595573142
32.7094038366
21.5582117849
0.0395026148029
0.0288225770358
10.1834869842
0.0537487289953
1130.01814396
931.427449108
970.085517915
1046.42716871
1576.72339245
1580.54655562
1574.01948674
1544.2568853
1385.47840005
1315.81167064
1249.61353569
1144.20368724
1046.24204364
941.202341427
821.516491489
720.285106994
594.577799588
504.706214446
384.766817447
65.6497388941
58.6731181004
59.3344432952
56.3078990812
28.9074710955
0.00235549130746
0.00734884577547
88.5921481533
37.2624824407
50.5047043764
112.362270882
28.7801168431
10.0873448458
15.9650793338
10.3135213131
0.0341634077388
90.4299726447
78.5233710343
0.100025860648
57.4836132677
18.8546827026
53.4220271628
38.2063091375
70.8941425301
0.111407492007
0.111789828888
34.2369231006
0.136042364858
0.125012085372
17.0579591138
71.0300412075
47.6002489244
22.0715108468
21.028567256
11.5772679678
9.94590518441
0.0981784336268
961.821361411
873.367922471
406.848433679
444.916312381
513.458017211
578.022533967
657.191550379
84.298033761
16.2609782277
15.2799112517
0.00264110260034
263.692840178
158.716934358
160.99702537
199.0817454
202.63854239
13.248569099
146.798555132
51.4317043735
0.0367886376497
11.8546527347
0.064853139865
0.125805340096
38.3793629495
49.2441810195
22.3590038268
37.8034821789
0.112390837072
104.853896447
49.976243635
162.995064308
45.9941288818
9.83722197097
424.537595564
0.132226531859
0.105747736125
88.7769602943
1198.11815618
0.130543239631
0.0270951114618
13.5664041289
0.0491451525869
53.0335525745
0.105996409141
35.1459913803
14.162928759
32.1605365629
0.0520449205528
0.046004565792
0.0392318880338
1585.79371022
1538.51101934
1329.84734956
1261.15332143
1207.26108189
1089.71873686
981.620540016
854.70323711
725.232929284
638.397728358
510.645119073
422.993176313
0.0
235.227494759
143.464104995
102.100575046
13.7065617523
13.059927342
90.5598798866
264.369899052
730.047136768
1003.79673333
1349.66309105
1641.19187622
1893.85831099
0.0
10.0575402444
20.6009085707
12.9909281256
0.0
9.98478478299
1319.87265497
1110.7131941
476.669024243
319.457415372
0.0
61.4209098107
35.7052281562
59.1326791586
10.0702781886
46.3563871648
13.5950121869
0.0
54.982303922
27.7743563264
107.416136293
0.0
40.9231549952
112.471024279
126.055110602
0.0
10.3717827109
74.4191630092
40.7797505229
31.9279140382
42.6935379983
0.0
104.644249091
77.8135253738
0.0
0.0
33.3868415426
0.00463401619632
11.0651292706
127.188355711
48.5244392198
10.6430423577
75.2329042502
11.681900271
12.7905117752
43.3773500452
0.0323697616636
290.418021974
287.881746199
208.083090999
201.175459824
307.684648291
1784.78226637
1968.16823102
2055.77801839
2007.91469305
136.17420132
13.1535853736
0.0407518796079
0.0371975198781
327.881615186
0.0198345434913
20.0164896216
31.9360855969
10.7828854059
10.4529254391
12.51267433
0.0222257485026
0.0589544291223
1137.8736481
1129.78105082
942.630262166
981.421781817
1056.47306234
1571.29840378
1579.38690376
1565.9767037
1528.95028753
1369.57278251
1296.01922884
1211.61072688
1117.5837704
1002.65996859
899.872470428
794.085972387
692.43184985
565.852275427
480.019294963
376.651550996
33.7114728975
66.0198534717
13.1544467895
13.6261907273
9.99915592169
23.8814059351
51.3689918234
10.2527000721
0.0620960192892
125.979909501
87.8795843113
0.144956349113
0.152150870789
0.0443463355088
16.8725620045
10.6086177658
49.6881309436
50.9506147762
0.172510378788
66.8580046549
50.7289473118
0.281557738477
56.0442981654
29.3165797877
0.270347501305
0.144248576844
24.5818929717
0.180364114348
0.149647389396
0.148457119208
0.182428915623
10.240877219
0.222185216638
0.231470598555
42.193861306
12.8103917416
0.194607170971
0.217009425871
0.203279295172
10.1857409022
65.4099039016
45.9605208104
25.9937497671
35.662603472
10.7726356996
0.0148301571046
45.8025397576
0.0244085818208
87.6396163674
11.08574847
11.7905924034
778.571482213
207.835312452
413.212276368
9.795509059
34.0432049119
22.7893366984
34.3450354526
21.1515755289
13.2956355417
0.0261848253159
0.0578982613468
0.0636762696032
32.2127477438
2096.33906712
58.4984339767
43.9105837032
2088.60138933
33.2771089282
0.0564444252529
0.104826055635
0.091541927863
111.76837079
31.4507323567
12.0049522088
247.946556588
10.2082998336
16.699072
17.3167518188
40.5381254768
20.6323330523
9.8403709745
36.3382283972
10.7720527208
1364.09628703
1395.94395171
1407.35395657
1605.56127303
1535.97943011
1371.67842899
1291.46822072
1173.97127691
1053.75569761
946.714651722
47.5516669202
32.5501098411
44.0547810254
63.7354521331
39.6777043471
21.1875858427
12.7347449504
0.00607917341274
28.9719819001
51.496635621
51.4214733743
26.1789531309
15.2473009694
48.5205693064
0.0144981393104
1553.53832647
1869.5023094
130.560149666
10.0843974862
9.7291726081
10.1773300883
13.4364896427
33.2338079717
10.6189695914
1313.48476887
48.0332304739
63.1543596888
71.1789575751
38.1006814227
59.0275530973
26.5009960259
10.1141889988
46.915295489
74.9205037923
11.484482252
13.3167353302
0.0
45.1959687056
32.4868557281
35.9716013587
0.0
0.0
0.0
0.0
0.0
0.0
0.0
0.0
0.0
0.0
56.5389887907
27.2180108056
18.1627254185
11.0947403252
12.6454007828
29.9015708835
22.7609829447
10.8158063485
93.8057299257
78.2614475779
68.0077329306
31.1506499005
16.2736366858
55.4054166082
0.0830577050415
14.3067303711
0.0891598804688
9.76334107807
0.0834197512723
0.111672034664
63.1508607019
34.1995843735
31.2005588624
21.5933902142
38.1339760427
0.0716870698497
25.2773775545
60.522279106
30.6083631372
25.6365553977
36.751228586
59.1045924111
0.0638474168201
45.1777230101
58.4733041849
48.5420419346
22.7180834254
0.230998646673
0.0967828611256
15.6731013936
1028.26809697
1547.67586534
1342.71233458
1374.31536095
1380.71678537
1396.34650343
1352.20820987
1273.49772799
37.8863014652
23.8967157701
47.0749579819
100.983821568
14.4255998345
18.3227589163
10.8274022791
11.3364520348
31.7807505065
78.674506962
109.199345785
52.8434958328
51.3907576768
18.5567844888
10.474073662
29.3272334184
794.361467102
1070.70796363
89.1647762351
295.869107672
31.9773757317
33.1548479457
46.2343660873
324.66225203
210.508791995
51.2313889152
83.2825595784
39.5416730444
0.121347004257
0.100253942137
10.281121483
0.0977713306496
0.101931779548
0.125180616878
120.973931584
0.166550936584
84.6123726486
74.6590582829
0.114659440287
24.6253929409
60.8627570811
68.8703937886
11.2897580897
41.9980407627
16.3548993378
78.1392636321
0.0977507457096
25.7159725404
33.7437025919
0.181095675076
68.6750909954
0.165518019882
112.61388529
23.8783332545
99.5492545023
12.3795396104
73.2034532947
0.133811126325
223.854128779
225.958714386
44.6574377776
67.2927254009
0.118024860936
0.0405524607266
0.075834016982
19.1387474893
0.0803999947818
36.1788180467
0.0628947607661
0.0905334990839
0.110799557938
0.0978139342544
1927.76542181
29.5657235276
57.5247075145
0.114323679094
68.1213328921
65.2216918044
22.7767194823
0.191875849592
0.164715240107
56.2966957573
50.3352320385
10.5555478362
10.5468275627
50.6441999775
0.110106273232
0.109736199953
22.750435856
39.0052907062
0.0956409413463
57.8044170623
44.9116753354
28.2793567512
1400.8971454
1405.49486391
1582.81051035
1517.46671069
1352.15693113
1252.37375206
1147.89767416
1028.87278787
899.745603667
47.1859648249
44.6458399535
20.9802843422
9.81377108918
13.9234580736
0.0243576387984
30.5772702133
10.6243317223
15.608425465
14.3646911734
0.0141484399328
217.5151245
655.06835243
949.811959882
1313.63437323
1658.19140743
1955.3381372
206.463785405
10.2414370889
9.6478746538
31.5578999596
12.9779487709
0.0035662842435
0.0
47.5914597793
30.0009775087
80.9115718281
35.8724908478
0.00166831424708
17.1183180316
15.7401304211
296.668817652
14.9798915407
19.4973584409
16.5275186205
18.2817580184
28.2627912028
12.0349486018
10.0809256985
12.0348445293
10.3534578619
0.0
0.0
0.0
0.0
0.0
0.0
0.0
0.0
0.0
0.0
0.0
0.0
20.1645575457
83.7737066845
374.686484029
45.5987233353
783.473750765
195.166554183
408.980324192
653.041803083
20.2247336922
58.4365660773
0.00738888083708
33.4772496094
13.3805771514
0.00813340339822
0.0752108642614
56.216951427
10.2298166346
1346.83066188
58.8445870241
55.0711540714
82.4847320973
33.9875240619
53.4017015899
42.3020779305
32.0432083986
69.0937593105
53.480127293
34.2716781214
63.0022173289
78.443330789
67.4582116361
0.0824965367801
56.6970547599
64.5118345414
64.9124383215
68.2953787577
26.9393710636
15.5935486587
0.0
0.0
1551.58065537
1412.35138863
1386.13161314
1336.43031101
1254.12317987
1149.51961393
1051.16159661
0.00182007829829
73.6102899189
40.2844161809
16.0641839835
27.6682937966
0.0
10.0061142268
155.715361736
59.5741332373
80.0224322164
67.0430309655
48.9756111865
16.2450961278
48.2671416799
53.5898653536
20.601923076
9.73124365664
10.9529786533
0.101213807236
34.1313155057
0.224451157345
0.197471892013
33.5521158828
106.242765707
0.253080955732
65.9280767079
42.464316357
0.169848667647
24.0614649364
93.5515676942
22.4159588877
22.5013325919
33.6052147215
10.7065093253
25.755516287
0.288912526371
0.28474632829
0.256292899088
85.6605379907
71.2226663973
68.5199581991
71.7269072578
15.9635992162
0.111839055935
38.3167204071
108.747714646
9.90125890434
12.3869611499
47.0712836067
0.11184963224
14.43021842
60.4661608556
41.1103423391
60.462775083
0.0483724651338
206.86543924
174.446049631
0.0284702166336
9.97332677184
0.0374896773372
118.886755004
0.0206402559655
56.7121560059
49.8734221228
42.6289334331
34.1065083198
0.114666044648
57.1122320975
10.6474450317
11.4075506842
71.5829728232
61.3137734093
38.4177072279
31.3181536034
10.929682585
0.105638043094
0.121024117267
0.180079478867
0.0987181484741
0.128926612566
30.7097044928
10.3949213249
45.9573514852
86.7761701475
44.344840441
10.4165229774
0.0373153148247
13.7451793218
13.9976839233
71.3767953304
19.3056811889
14.7739957635
0.0202493984168
14.9045136956
51.3548880734
52.5331114028
1318.39304224
1217.31859389
1100.23207498
11.6948477665
0.00584420957953
11.6189413364
29.3165310397
9.89335443688
418.840401987
10.4442910743
241.920793223
148.506081734
106.46106596
14.1929961562
12.7906705884
12.8465476198
24.2286375401
25.3952768444
71.692413642
9.94149715075
124.135374486
15.1188776593
209.714126401
83.7928432904
42.1473053775
13.2034959747
50.3945145735
0.00188755219463
0.0136698463799
154.648066015
10.7601828821
16.3683226417
32.8320176437
13.7108442133
0.0148439833972
12.6054256948
19.2179155964
19.7369671311
17.1942632031
0.00332186826861
0.0
0.0
0.0
44.3725036702
116.890614906
0.0
0.0
0.0
0.0
10.4191953844
89.2463077893
73.2927467349
21.5908808811
47.969096001
76.8645977348
21.6738435439
48.3097287189
10.4193468355
10.1083398651
40.4343276856
341.177566157
55.6006270741
727.413402031
107.230761614
393.285065347
10.9238880158
74.0648689174
68.0908745535
88.4603182284
0.0154101733576
107.365334986
75.8271030616
0.118264425105
38.7503173079
0.210299213414
0.16928452033
84.134216015
56.5346855893
10.030679147
11.1675531346
41.3918387176
0.133804811216
20.233591193
17.1730169006
42.4195531335
18.6221816685
13.4698642668
0.0293198851633
14.677281552
123.957810694
22.8652709628
0.0582327877659
116.637641364
38.5873978021
14.4651835164
638.536841154
847.077135606
845.780639757
80.5201537633
102.799701161
209.47122442
205.044263653
177.792040406
108.195548161
0.0194107739036
75.2706699678
27.9644432075
90.0546576031
67.5082515445
1167.7308391
28.3335121195
27.9327690372
785.504114546
652.566692975
540.623638957
62.2117274464
12.4366437386
244.890972825
194.485460082
0.0
49.8306414458
84.4399087912
13.2085073241
0.0291578701103
62.1719672993
13.568843521
119.004392469
0.0
37.5327511672
13.017925226
0.0185783281259
318.540774663
42.7238670707
78.960532037
0.110142943772
175.811351024
129.991917475
12.0779103031
23.9597230652
11.8829952836
371.832395386
136.946422369
53.7184844755
12.2742016277
207.708445011
145.490000888
70.3509499824
111.589201485
21.7527695893
32.7424587611
45.6923157612
12.4913130663
81.5913161983
0.073952500123
25.1898998034
0.0937448418565
57.1503725758
33.653503041
773.621275499
880.794338922
14.6494195149
97.5673614892
77.6825477959
1136.43753618
1132.12948863
1106.55676134
43.2889270647
11.7865943245
0.137921586468
74.1820114946
0.180932047002
14.3155739011
34.7632921158
14.7655206407
16.1241132307
0.15220341554
0.149664369136
0.11899763731
56.9521309014
17.0095172902
15.0773605544
44.6271622916
0.0890014390613
62.0106463346
0.0778417039579
60.8785986194
76.91749676
63.5683271737
0.123818816675
1118.09260056
13.466468745
52.7729424169
17.1102325257
0.0611475566673
87.2585063626
15.3354754268
0.113140953753
15.8617381459
14.8747897746
17.8212657561
36.5364830398
1618.0843155
1632.97546588
1863.5167334
67.1534163541
223.974197219
237.83786649
110.431747974
12.7834729482
1088.05834443
28.1948259288
23.9823235768
17.749978368
39.271636247
107.535862121
316.600213832
238.461934443
86.5574955278
51.7917529212
0.00699315842667
30.5991357571
127.171387927
0.00526170194793
0.0
101.183806683
144.720511606
1973.42010028
52.6607765274
81.2256307643
0.00365737440993
0.00298815899669
12.6409784062
38.3307261938
12.1508204029
1342.47619292
39.6233612284
0.0034895622716
16.5130073906
17.7544582265
46.5793374024
18.2855679504
24.5044649034
14.4991443114
36.9765691393
37.4222304156
144.311293521
12.6460176384
13.1374162769
24.9636901677
70.9014139794
116.739394363
0.0
0.0
0.0
0.0
0.0
17.4552301034
0.0
0.0
0.0
0.0
0.0
0.0
0.0
26.4797210274
33.6917617616
13.1955091242
52.8527963675
0.0115326750634
18.7341098053
0.0364008453851
0.0404334095606
43.5111863514
75.3921898798
161.577276121
0.0206763731169
0.0938817107423
0.125861222978
0.174152059231
119.125167851
75.7039164157
247.820574228
74.1082563563
53.1299129602
12.6428390934
0.0906344832068
0.0782011703247
36.4271043789
13.3283566567
41.9578204258
0.163121605684
0.0468865974116
176.660314919
0.0543086063043
68.6833382155
60.7581305869
0.09066705662
800.090577633
1090.6471008
54.9075307814
245.953940209
140.618919313
1561.17737114
1597.7476503
16.8148543958
201.640324611
114.04726813
34.9620386737
12.2834300177
46.72965654
1135.70284509
102.554088155
65.2845260497
0.00988950888145
16.0332742444
502.990096911
27.4941838508
15.5097644027
0.0101919002049
0.0117756792952
13.1101958
33.6374982392
28.5843302971
20.8439560348
88.3743079448
79.3870502608
0.148988952346
0.152232365677
0.158541243748
13.8548576939
12.96544966
13.4227989264
34.566576524
57.884924318
15.7849454447
12.1330718832
14.1234717198
28.2308934586
0.263807614916
118.276598934
287.315093042
16.8514062158
66.4171816195
111.071965554
0.144341526638
73.8765470064
37.2051046713
207.0045868
109.40211904
51.1583857468
28.2258093888
0.0319568810543
85.4942116772
11.7604047511
0.0
0.0
0.0
0.0
0.0
68.8429876838
37.6530371118
0.00900746633976
14.5314193931
14.2258246744
22.5175811819
18.4516492211
27.4767876067
0.00655634838423
0.0
21.4987745261
21.1471727748
46.8466977361
0.00787622938589
0.008229546523
16.0406311823
19.1780066166
23.9502529536
42.3375780613
49.7648438444
265.485318085
120.716354889
36.9446317738
31.6597913109
23.9895475375
15.9239341204
44.7483430295
86.6249184573
0.0311690877059
41.7007226903
53.3902995821
0.117351527383
112.360831093
99.4138428654
19.5039049796
0.140240341751
65.7441769221
27.6015441024
63.8239754739
57.628362229
52.8109774348
63.5098505129
0.0862372401869
0.141047460334
21.160937064
37.2149826589
16.648592439
14.3537939908
67.9273013663
0.151635696181
12.3271468751
0.00598289245165
0.00615670995805
30.1218238099
53.7157307651
20.3668731757
88.8528584112
77.921814085
0.0847152128414
22.0364217648
0.13102127252
92.2850385836
48.318303774
49.7546035807
0.0736129409008
22.4767882772
22.7686027072
42.3192175321
51.4805198262
84.0774348017
84.9929270039
66.4052758133
88.3189273827
76.1141920244
34.8102221004
0.0423936146896
0.0389426062567
42.1533773803
11.9766591636
12.8963301545
0.0177345241316
110.015156695
0.025972634351
0.0372651336777
27.3363958594
43.4951819744
97.0504879031
43.85620591
59.0976173117
16.5466849277
70.2126291431
76.7532996762
17.8017904136
38.5636424684
16.1476326115
0.0628098567637
61.1493736774
0.117594036939
0.157776844523
0.163523741997
300.893773916
0.0702295146211
11.6959213164
44.8184992799
14.5928671326
62.5232714844
68.6576481156
84.5220173756
126.732846177
39.8415175741
75.3107775393
68.6265703345
65.0407068638
0.0858107950268
0.0243957256011
0.0383036511649
0.0265392698301
0.0290660271127
0.0280130490883
23.6757990438
42.3563476876
103.529796153
93.2568569668
73.4097323888
50.8469637718
49.4927918207
83.2537392646
27.2734608197
14.2462496235
18.0919020732
16.061456197
59.4935248587
56.6640865323
0.0292743415622
12.614625861
0.0909161552986
0.0276632433868
0.0428375932789
0.0141688357139
0.0169239584823
14.7412470107
16.9396276679
23.376381694
21.0880978355
0.110118610738
0.0496992889111
73.4850232174
90.9703089569
68.2743436246
58.6687664477
49.1416951765
0.0634185448498
29.3838629438
0.0377629557533
0.015900876288
26.3888706242
45.7530687533
102.237162774
0.0609068876021
0.0537047735187
326.781185966
34.4562943881
109.342584932
15.9822712874
83.9414510671
47.0307394911
64.3505269484
18.0194209151
43.1904455001
29.8829797718
11.8774805866
25.5517772046
49.211216736
43.141624063
22.8533765831
11.8844965856
23.3645078937
0.0493607847548
15.6596330579
0.0384034843119
0.0914569231997
13.5955540097
24.0165721368
0.0885718187885
0.13764740582
0.152575210709
14.9113087478
0.0300710562158
0.0123005298188
0.0131494759883
0.0130440961427
15.5336784321
15.5787612394
12.3720040444
17.5920916484
122.466692242
106.644839295
161.014396571
126.968870474
62.9580765566
83.8278638433
67.5521975943
109.085786141
65.0651302975
21.7689145382
51.5162331195
24.9361676156
112.878089049
102.199756189
69.3668099946
63.7564048412
55.1946266804
53.230756695
26.1501047905
0.0976062594182
0.104789935287
15.3193381022
0.107434240176
0.118208728341
0.128804811307
51.2844669271
71.2910213872
37.6227930327
14.5714997036
83.2153207555
78.7256419009
34.6880016741
0.0627398731764
58.7778778245
14.2172586186
0.115016292016
0.121597908788
20.1657521549
42.4176720299
11.9228426354
13.3909973436
243.550743941
265.723981763
0.154045223839
146.395859042
0.0509886758075
147.579854038
120.22684092
0.0974921091689
32.7590062152
0.128504093212
35.0624599709
76.8781976185
102.416633533
15.4882825691
0.117617439544
11.8310412226
71.0425138736
14.6938811022
12.502225169
0.117347768355
183.715812405
299.954206166
352.189918361
0.0906648303823
15.828879357
0.0938903027365
0.106241640601
0.0902485205134
38.6039846623
28.1533918051
0.106922513545
0.0889764819771
22.0269138035
13.353385499
0.0914519424873
12.9391610986
22.1922867804
50.4220690333
20.8844152327
93.7203460637
92.562357144
12.506047105
122.754374391
0.0162170827368
0.0183410188891
0.0317945960381
0.0481399932533
13.1416564487
0.055562774044
0.116307917499
46.9401315315
21.0449128498
12.3446836068
12.9182568008
14.132999046
15.5931023412
0.05813401012
0.119650700364
14.0616706983
11.8053845017
0.0815602883304
42.4946404599
0.163987625134
0.110593356525
0.123039269866
0.142006447138
23.4653255817
65.8389314692
0.0848623848649
45.849118935
34.4921151851
60.1583292927
19.2432744415
58.2028706093
36.5977986063
47.4596260106
0.0892267839603
0.0938535577315
0.0869803347287
12.2953964072
12.1159017224
34.6064459385
15.13057944
41.3037522434
13.9644573164
21.9438475904
0.186159634773
42.9509934835
34.7540142018
109.43020766
13.5172821988
14.4386844751
67.0384569845
60.0905527983
0.272881214781
0.374558352034
35.5876563646
0.394415073967
12.1801922475
0.408218395992
0.368392350925
76.513323965
61.4687981673
0.487880837933
75.6406349768
71.1555502995
17.5933815142
17.3774464977
0.401303199955
0.4060712398
0.514731305884
0.83742803581
0.814984198472
16.1614684992
0.817966763495
16.7344750727
117.432317153
59.4705438177
75.2109974287
42.4027502406
23.2311018346
0.723244108142
12.7067068025
26.1761633629
0.633730484651
63.9188527938
29.7582953095
12.3198797982
82.3711685296
0.174326846428
0.20704433524
0.286441796681
0.268281257152
0.787402020705
15.5557139477
63.266777243
12.3281766963
85.8832862853
53.8162609312
49.7718826579
59.386527155
94.7355189867
0.913173842026
0.920686906006
16.4455657118
0.943710439274
29.7568652059
27.661776022
34.3999831544
15.0319947246
58.7923803246
28.666181676
101.069959695
1.04602678645
58.4205934463
88.7765207133
23.0834601775
42.3511797481
0.60256543461
19.6219490285
24.3832327743
19.2878673426
13.9175637162
186.092755386
56.859793924
0.0
0.0
11.7542059542
26.0735983461
66.5106086544
39.3166314327
223.982802031
170.100056205
114.527648439
53.5559416873
0.00375172398326
0.0
244.634391157
95.1224665013
0.0151864661837
67.4056943314
100.967721842
66.9684402743
104.819839639
84.4264125777
51.3475653272
0.0949859242135
0.0866010863818
74.24396324
264.017161112
171.327315758
46.3413540251
0.135154558263
492.54582361
0.089430033032
0.0985887210003
1122.82313412
0.124418372061
25.346609381
30.4520805859
14.110674506
47.3103379028
21.4209342738
0.0312322701229
26.9328131763
22.9548194393
23.672327401
0.0250256808148
13.8631682942
1612.99795977
1834.79872356
1773.77236705
1531.48941285
1499.47897413
1363.7564706
1225.81908012
1090.50643745
956.105717495
810.759076863
695.445057917
574.14727133
460.923800166
330.474761536
240.022831418
161.793800966
73.0566921102
16.0844098534
15.7919004552
0.0
339.901359944
910.397890851
1239.46784573
1652.00118495
1987.63020659
0.0
11.7013631537
0.0
0.0
0.0
0.00350431177036
0.00190006475593
1464.98881844
733.532096178
512.414963669
327.784996286
0.0
52.4254001479
62.0169953602
0.0
16.2535693078
22.9949855103
0.0
0.0
0.0
94.2679153104
178.178175173
101.357922542
29.7636854466
16.1984567749
0.0
48.1129548677
15.2143628382
0.0
0.0
18.6097593699
48.1285778257
0.0
95.2501210384
102.893448109
16.8770095182
15.6312914143
67.0369028282
27.9348669889
0.00554889022826
111.377824802
84.1220057289
0.00397628652564
15.7297407028
60.8058683784
29.5125125849
12.6331441274
0.0325367834349
332.246294316
245.925727713
240.762721608
231.274224647
399.746946109
2139.54583156
2317.36413124
2377.56103391
2303.42666467
78.1741386078
13.5044928028
0.0856850972589
0.107038452594
0.122498893751
0.141836731938
25.3540693633
38.4667985828
12.0898658804
24.8985275372
13.896247308
62.5425959191
0.0412799858524
1318.65505032
1314.97826731
1107.93114174
1152.53941148
1238.8274793
1831.75522997
1835.42840167
1813.35001434
1627.64176746
1578.41261088
1488.89549165
1387.09827286
1259.25964081
1140.45352235
1005.22279155
885.550838413
744.79772837
624.48229892
492.318499087
28.2541965009
84.12192219
0.0
71.8117776386
50.2592068878
15.4061131268
0.00967369723701
60.7159747814
15.107712582
30.7653566795
88.6539230333
154.481982457
53.3327233733
0.0402726781641
16.1346874959
45.6778450222
40.2906995855
94.2763609674
15.7772066553
0.180696141155
74.1576785402
41.8405124097
0.117359946444
89.7675464313
48.503797543
14.4303491397
108.103580459
0.116713555846
0.101019448302
11.8834771069
75.7037780994
74.5976681254
11.8918117988
0.117295364908
14.6461249884
0.105779195139
0.100277003338
1159.67481884
1064.4316056
544.686275094
470.162021508
570.512480065
613.137611934
690.923595824
24.702480544
0.0
27.8779984514
53.7535662933
0.0
244.215421529
158.260156584
115.552517177
30.2924638891
213.871534942
143.293459438
296.645946406
87.3982798606
17.4666325327
70.7782506965
95.6494430765
66.4413722105
108.400619662
68.4890910334
27.7400596083
181.562473808
0.083538183992
33.4848130589
240.066049607
0.0902319008373
13.3522749381
0.135105042995
493.197515888
0.0983892292167
0.0976514710108
0.128248132576
12.4448942636
0.130524219841
21.6993249744
0.0347775759371
36.2133334104
61.5511048331
47.7222632824
34.9186209198
0.0701599423727
36.054534437
13.5199957594
0.0502148376947
1616.61522955
1820.49710374
1576.6889013
1509.59843886
1452.54067931
1333.72614534
1195.59236729
1059.43120508
925.046712023
792.728566053
653.384123152
533.322870436
423.12588483
299.562243465
200.674114406
132.391339747
17.1898594903
15.3574568909
15.7462114858
185.322721895
683.900884754
1012.46687625
1362.3074074
1759.04303049
2073.24518729
11.8214423072
11.8635844956
0.0
15.6089741477
0.0
13.3843797896
0.0
1393.21325739
664.382580656
452.459214403
0.0
78.4023930131
48.1257928043
61.3604861481
71.1836090839
41.818068722
49.7395589392
0.0
0.0
102.789240206
88.9073916421
45.8460012452
45.1154464077
72.2062838407
48.8040506021
43.4760931918
14.992878226
76.4950846182
14.4236186484
26.5858394111
64.8320938961
60.3161543881
27.7525034249
24.7442120502
52.7264026298
0.0
14.0313827649
16.5513837602
41.0944007882
12.2277825006
109.046313366
89.4176581697
25.441962448
116.804919697
79.591306533
12.420103437
12.4156198588
333.981856559
335.072428985
245.018885828
238.713144316
227.964829599
407.137093545
2195.72397013
2351.57757692
2361.64364402
234.882158398
67.6457682353
12.8376184607
0.0905510736354
389.911348071
384.225145679
0.138858600705
27.0084502013
26.5428447319
26.6871992483
0.104833579755
0.00644957515081
38.7067787417
1338.40661498
1318.64393417
1077.8580908
1121.75913904
1210.1011583
1829.14388963
1837.34119513
1834.20907484
1804.40441629
1619.9396989
1542.37990572
1468.68385089
1347.31793283
1235.58667366
1114.65156561
991.803563632
857.366151118
720.710760295
615.698402152
472.682443007
0.0
66.0084593571
0.00679301121646
18.5025575824
29.3291001001
13.3199968348
11.8958177174
79.9714656459
71.767533697
86.5075098496
106.172042696
58.7630467661
13.437130455
0.171660600136
0.138262251808
0.116460390067
51.7176204257
61.1317022261
12.9661883391
32.6696220778
30.1991870228
48.4917909671
40.535335171
51.9546938585
151.974806351
0.206060125681
40.928073693
34.6973796875
0.196280173204
0.263956153664
0.107211497293
12.225269524
0.132297598124
0.139815807078
26.6131649858
33.7936565207
0.105251484701
0.104988621984
0.145788558862
13.23518253
69.1600845312
63.9412871825
42.7382176967
41.5729545471
28.6286445516
0.155972109955
11.7259752963
819.551368468
835.931265754
773.269713726
725.517133739
642.104795643
587.9923535
498.633247145
411.079303281
314.799056642
233.242386141
149.255590642
62.8076901284
0.0
0.0
0.0
0.0
0.0
0.0
0.0
0.0
0.0
0.0
0.0
0.0
0.0
0.0
0.0
0.0
0.0
0.0
0.0
0.0
0.0
0.0
0.0
97.8636780692
110.813559911
36.7913220519
27.7584831316
0.0
0.0
0.0
66.4536554362
0.0
239.909077934
107.705427891
0.0
12.4047509386
31.3886870611
0.00195478362062
21.7096588956
70.3392146042
0.00530438274589
0.00320677004467
22.5534355424
76.0739704805
19.3817653714
17.3830351183
0.0705991109717
0.060890133799
42.4464152544
14.1979673993
38.5744587506
63.0280097997
62.924231678
31.2596778963
63.7881328473
63.8027562523
54.2749309607
55.8929251441
67.1318264051
75.3941145285
0.254407106613
109.617112015
34.0452975889
16.4047872161
17.3313142451
0.0274867449201
12.9871214456
0.208031065707
0.188391413085
0.36831833303
19.4456682007
60.8282842262
78.4393766788
0.0123681712522
109.719666248
47.5463297855
74.9574679496
52.9383489352
54.2052117504
31.9987074161
50.5382192983
46.9967205638
0.242403137391
21.0075868721
14.1803164839
17.7345816377
21.5055014588
0.035528408142
14.0976276349
22.5355533108
46.3983828529
39.0186587523
21.7434136544
23.8298514104
0.109308179757
109.70176092
0.124606392356
14.2407008485
0.034870179597
20.7959262378
88.8612605152
104.228466635
54.0021411037
87.261551026
95.5021837247
48.3587695001
101.714881723
100.806289187
0.155355102552
76.4361216125
52.1867701112
137.946222874
32.0458741751
39.3968703002
32.8969441722
55.0249410681
51.59707367
42.4256425874
53.738266519
60.0215897248
32.6959076191
79.1455547015
39.1232053806
106.426395954
29.1862595694
53.681047033
0.014296263474
0.0115373467851
0.0212332835012
18.8471714835
20.6346749771
19.0209068447
26.2029740209
20.9403831595
15.4606064685
13.1638897996
0.0
0.0151620997568
16.1659954564
35.3243757665
26.78104177
22.1058640906
144.32051931
121.715586916
0.134013377166
39.7923008222
0.150092247771
0.155340401453
0.0360576515958
23.8385710072
62.7846272632
77.405484207
77.443397929
71.7655972571
75.6738766982
89.8575949949
84.0263306895
69.7182635916
12.5701934768
13.7268655034
15.8030151418
20.9407070442
0.156030596822
0.152213163577
0.145540160086
29.6150663122
58.193426327
21.4929962059
21.8957508411
20.722068938
30.2256237223
141.684132564
233.774027551
206.091190912
50.5140702847
60.916539134
38.6696354639
26.1633092909
47.8444420554
0.210407106826
26.5834924499
56.7968383326
16.3325626176
244.035044691
274.545928955
181.862788401
118.834135131
41.1085402404
0.0641988436829
16.9762924009
24.3424434216
22.5167446288
18.3731645887
12.2661641539
70.1027734595
65.5448131969
12.3066348499
0.134139776117
23.1660176418
40.1192498545
16.0172715074
17.6453720643
18.9408518563
29.1662186457
68.7524932064
27.814875613
0.196355464058
30.7950807451
74.0702183838
37.5548500574
44.1430268306
29.7751745046
15.9666410294
0.0458994618752
0.0555059840411
8.60391671818
8.31790491203
9.46842714534
0.0957570623825
0.0886982396166
0.0832261344503
0.0993992900339
9.15408439115
0.0837789274737
0.116832677731
0.128782895677
23.6622702576
19.8602814567
0.0999842514693
54.1393524558
9.62389172268
9.01310245409
8.36882417484
0.0537522508036
0.0459478799946
11.7470985658
0.0745681216612
0.137510672095
0.172712096641
7.788292974
10.3555337555
7.72368566321
0.129008330392
30.1428471364
0.0899339445064
14.5171951179
0.0452125193204
0.0412743779362
0.0699770315836
7.82793540474
0.139400186533
0.139176983778
0.165235170535
0.145810663069
0.119187068701
12.0093320488
0.0971274392344
9.14947023242
13.0550533557
15.8655301696
12.2055804662
7.57752270294
26.9373290201
11.4449784345
11.4386210501
0.243062896993
37.9745834332
0.216444463301
9.00939960178
25.3657030789
9.22604616206
17.4929659092
16.7994552312
26.859194259
39.1445436279
25.5787578828
23.7716413603
61.0146351787
93.4088732706
64.3270881477
0.146358527985
42.7320995628
35.6308757002
20.4657541387
17.7961993891
32.9586173177
12.4565745927
32.5716314995
9.55210081396
11.1633529258
32.0526271878
25.0054372084
12.0198227133
21.0185545771
24.7161648441
12.5730184746
13.4401404498
0.0976879588203
19.3390921113
0.146105785362
10.8539266113
22.7077212182
0.140104533011
8.23509456842
42.3325829331
34.496074813
10.2513066626
7.80716165801
7.68594308373
32.9356178791
0.0517678916627
0.0435536802313
0.112935578748
22.5778430085
32.4928083362
40.4774628562
45.8027679455
0.0392662796634
0.0439681441592
69.6777461259
61.8436682991
62.0868682491
54.2410825529
36.1646241855
68.0688556988
0.132391839767
61.2324570889
55.2920709594
57.0125265182
35.2158027228
32.2776225366
22.567888977
49.7251456723
55.6931117125
60.8528964415
50.124246072
33.9407335717
55.6376649388
49.2256981274
0.129877913919
0.256229190283
21.6736871169
11.2809353673
45.1099974934
34.9022179728
22.7676822222
43.1050011702
32.6989017395
40.5909770511
44.3618277763
11.8427799265
9.47194699763
0.24930371553
0.251583227848
32.4233957685
47.1836982954
26.413680924
25.7578070682
13.1999639378
34.085878012
31.3098464778
8.11579338712
11.6673114064
9.30375008966
12.7718795723
9.07512920947
15.588104182
0.468204431076
0.44837229515
8.92550833274
21.8024685829
0.372427450273
0.410940476057
20.0505089407
7.67592760183
30.371902368
34.6629512682
33.7001664755
20.0365822246
8.08432388164
22.3134933716
0.335314424897
9.57358455625
14.5971688133
10.4759105533
8.7374679697
0.345913488425
24.0842536353
27.5043238049
0.271290865161
30.608688867
8.1893826232
0.339684065014
23.5215364289
8.801566525
0.414669714924
0.3693325537
0.356242103432
0.402086389924
7.973045824
17.6191214198
31.7194386995
24.0619651143
18.2402603781
0.433153824957
48.2251770063
59.0780733342
9.16298692006
16.5461250672
50.8565600977
55.4718872668
38.5668844476
22.6751815089
39.9619415163
18.7938999536
1.01857146516
9.02023715047
47.2593190278
45.1981968152
51.132911158
36.8484687638
34.2313714366
51.0464887537
38.440605385
10.7011936407
15.6836691326
35.3912223453
1.00672529034
1.17051434211
10.0063268201
31.1179758576
30.7435864342
63.1547000015
76.8618126345
23.6508350242
21.2481184419
34.4088795887
57.8360437512
91.0458398064
53.3077387822
52.6671470055
55.9248774181
30.6577513546
7.60979336642
0.0
0.0
0.0
0.0
7.61255691718
77.7434880263
41.2296749467
82.1198510323
73.9779983548
116.176964601
7.83665770414
0.0
7.57131236757
9.50381556915
8.160975951
9.02096345286
9.13604840054
10.425743702
12.0564664307
46.4251449212
57.849386761
0.119446772388
0.209242086102
0.0817134663544
72.8791053415
29.7108873832
0.0487657300785
0.0794861574201
37.6943337312
49.8787314425
64.9950891548
289.306278705
99.6416928923
65.9733905236
14.8306218565
7.96299501539
7.71461295955
0.0608382768854
105.420610553
0.0262834592108
0.0225174705932
9.73351290063
97.8862281117
158.017845683
32.8558138044
0.161573957697
0.202195239032
0.191397756307
0.195085557971
75.6452800506
31.9971932248
0.0510974179963
0.0950058224638
20.3895537671
44.5903751683
18.1378553243
100.643710175
21.6362678244
17.1739055149
48.0286976081
8.45090504665
18.4424813213
8.48073907981
584.765337996
0.0726383181566
8.41187788065
0.0845249508413
86.1461135017
141.74688646
29.6115695951
0.141263212639
0.141772086245
74.778393068
22.301474793
8.99800611356
21.6235126764
0.14875544489
0.212912000385
36.5200410738
49.7218143351
66.1608833511
300.801725044
102.265972622
75.8190663631
15.8709591137
7.86985157006
0.0275517329736
0.0717299669316
38.4219914226
0.0277135765495
0.0213932187609
0.054424326993
0.0783241103811
0.0760132100081
0.110404168095
0.0867996540036
0.0843322057195
0.0788263574459
9.19006605556
8.34580967807
9.44657076501
7.76716536405
8.30381804646
0.0718404848054
8.66862348835
8.00619932356
299.17773346
101.128713918
74.5595291686
13.708470726
9.25682653802
0.073022669836
0.152794962268
9.50021271793
20.7659281921
9.9121541247
9.48652714166
9.64626326596
10.9547412529
29.1800165478
44.2896314015
64.3042495146
0.17499647577
91.661926126
78.6742909801
34.0766519614
0.0840908069452
0.046998796441
32.8162991311
46.564464011
64.8007903648
310.51304956
106.638815724
80.2734736895
17.1426832038
0.0252161754562
7.76823784546
0.0573929528923
0.0279043700593
0.028443843507
0.022721194495
0.0274721968397
80.4944822277
126.937560188
10.1815343543
0.0846424102481
0.127932554742
0.122616921221
0.104718917047
81.7101413993
60.4654870171
0.0560807356152
33.9302722488
0.0598740140915
42.5206314817
0.0471764455846
21.8187588691
28.6093826332
8.70994713702
8.89072344686
0.0411243132401
0.0566300411308
74.822909832
49.3911464465
45.7612007082
21.0417591514
0.0268394242838
0.0776377341189
26.5155275665
8.21146372154
0.130766543021
0.143029459292
0.110438691225
0.101278626866
82.59308221
54.5872955633
0.0491338118856
0.0821286822848
19.075976343
44.4962635996
55.0377427619
68.1004399905
104.229130058
79.3714258378
17.1009396192
13.143007256
0.0555933531474
16.1730006809
25.6006294508
12.6390187703
9.26798107633
0.0558681022468
10.2985288841
132.853274502
19.5878049202
0.187710921871
0.228860503097
0.244156809426
0.0514993391656
82.3668486782
13.6594907882
0.0275262699324
0.0876467677793
0.0862670868095
9.39479466078
0.042396415855
93.1777330455
0.095741383759
75.7955226155
15.0212817522
10.9543526496
0.0559883113299
0.120325781538
0.0978401255475
0.0772323265422
8.41141456682
8.59510863506
8.90346068544
10.2329167629
17.6545830405
38.6235017954
61.1358130453
0.159990095913
0.16018955738
83.2828183461
64.5445485916
0.0464054663446
0.104031664751
16.5362585336
41.6835498587
52.8003938765
66.5343295361
270.610713045
81.1298440914
17.2286359609
13.1952512213
7.68038471497
0.116443606053
0.0640562786085
31.9134998257
0.0354333977798
0.0326535918586
59.3189413365
112.149813905
8.24490088765
36.4944467215
0.127540360934
0.15415204299
0.0894334802506
0.0932867564561
66.4269955187
18.9185316774
0.0557005129172
0.0956232439794
0.0816712518655
33.8536541534
18.083135016
0.132700192835
81.5349160359
26.1781078744
9.7742069669
60.3616801035
0.188968901286
42.9919042124
0.024381484502
0.0231654788294
36.2203101644
32.0799586884
21.1114542109
7.86176379235
0.220995180562
24.4766212381
12.0279793767
9.52468349888
41.4667159097
65.9076921874
0.0441074663113
0.0890475869667
15.6429487466
41.0554481303
53.2637504159
68.1958595615
285.183267705
99.7758648471
64.9750495287
13.9717210189
0.0232719626491
18.6954558317
13.1709977385
0.0358390675315
16.4715114386
9.77421383909
37.5709786429
31.7539078826
0.0851850541137
35.0496299642
0.156683048074
0.195478267477
0.145140159673
0.0852961526902
0.0735727187608
24.2559037539
18.6731795799
35.2590362805
12.3552086342
10.6049404615
0.0858848126978
0.145270206402
80.8079272422
69.2755368438
11.5173676281
0.0508276626961
8.26460627335
10.0789998674
12.6026047664
24.6755849182
30.1915402556
61.718491849
78.3536494381
101.829391596
97.5911986449
23.5339819577
0.187922556324
0.124579620889
25.4562377348
28.6154088108
42.5982785309
44.5861710976
0.13035779738
48.5601001079
61.0920944324
65.811765874
106.795074407
100.519385856
69.0257453567
0.035985507801
44.5377694058
47.8426632205
48.5580133327
44.316121442
0.0356554396786
0.0404784702236
48.8254208208
58.1065759381
69.3156625096
110.460874393
27.1849469158
0.115597044749
0.170263470366
22.8883612861
38.9702785683
21.1946616532
40.6613950908
0.29410247072
0.116039334431
42.8205920259
0.066971692307
8.70818596477
12.8740378251
65.5110582761
9.98346674192
0.265569308192
0.246646721143
0.597155406223
29.8949333282
0.108385014513
31.4519902723
7.61894993894
0.215664592079
36.0109524269
20.8714516944
8.04526222614
8.50884372894
58.1843399087
39.5106635281
0.205198278159
0.21950203206
37.2559009293
56.1797483336
0.112965260545
0.0981106824294
32.7073673729
0.116683439674
0.121044724259
26.1460060623
34.3868312802
0.186493218504
0.16190130182
10.6824546492
8.05749393379
23.7783018539
0.0720482606028
0.237584078503
23.0306322393
0.111986663469
61.173165576
63.5014567533
9.36844123119
0.381550489434
15.6872439308
21.2890664294
0.0684466186531
29.7712585723
31.9190501494
8.27526660261
0.108463175299
8.04743883639
0.0615236102225
9.00620923073
0.146676210598
8.00295649386
0.0615388205812
11.8851038386
266.94777878
209.011152978
150.551498878
103.997722671
52.5230766335
0.0
0.0
0.0
0.0
0.0
0.0
0.0
0.0
0.0
0.0
0.0
0.0
0.0
0.0
0.0
0.0
0.0
0.0
0.0
0.0
0.0
0.0
