0.0
0.0
0.0
0.0
0.0
0.0
0.0
513.40072658
838.297895429
1432.55022734
1948.95062306
2560.65374671
289.039233948
643.796165623
1422.64991856
113.107902752
282.319707232
480.173895685
529.271232368
278.103734747
371.541021365
427.216518487
391.537232274
0.747845722646
0.852111024025
115.020404405
114.64395022
514.260580681
509.128672446
417.805989155
119.814868911
853.758420382
280.008287862
2351.97023638
1677.97913794
3144.39960755
640.984943126
251.392103722
0.0973184434973
656.186942794
0.0
0.0
138.055848933
947.853513477
2725.08385757
3322.7719168
4236.47574387
4888.30673499
296.310253658
132.648110016
0.0451519331204
161.965900454
0.0800081919921
921.211587099
1585.77523029
1319.18869702
0.100164884414
235.576020817
391.401133834
647.373522389
126.792980989
7227.90054393
6298.25690869
5435.29618948
4710.22169725
3824.31381775
3241.11531484
2426.54115845
1834.34754997
1172.4454738
3269.98604955
0.0
340.163468777
0.0165202350035
589.784364636
0.0
0.0
238.052079814
853.93138498
1402.19495071
1925.58231201
2432.74865621
269.968546104
689.155333231
1315.69432798
0.0983066109428
240.527082198
158.902913394
527.146607073
280.684902167
387.970371688
442.813878457
397.355263438
0.773578876678
0.903506401126
118.793150562
111.231425469
516.045991949
490.45476833
374.297908222
1.10124358008
772.544136418
235.691178122
2142.90102461
1590.88543043
3580.18831717
238.714879152
0.126158323411
132.473674437
432.42035943
0.0
0.0
518.402620914
2013.93961027
2812.01797616
3411.46341987
4329.33986033
111.389729266
309.455057959
139.223441652
0.0
173.365456592
0.0
1400.12004485
1841.90182929
1588.04740534
0.0564965392841
0.0321276052435
0.0455054261415
458.378573822
157.053432678
287.585241881
6019.36032328
5207.80770563
4597.92951845
3716.65992527
3039.5267502
2348.87456555
1058.40739495
0.0307682675523
3428.83824329
130.86376079
0.164493117168
0.0709447351457
380.210237563
0.199916565942
745.8380044
1384.10388524
1920.2122729
309.99559178
0.384443339267
3876.63206115
0.432244385778
239.039059504
818.982201358
302.891990288
0.828768893708
1.04994218664
1.00344526985
1.00780425514
0.688972357908
0.568757200437
0.582410778881
0.275834594122
0.421258019856
0.488423793715
112.724375408
0.40189506041
0.668510387714
0.892472346347
488.983524595
0.615372297238
237.848543036
249.506794469
133.581361641
0.320061827824
120.291815356
323.705767932
0.0661454716073
128.819670334
0.0724477824911
134.022818173
772.096766211
611.751675414
251.418009918
2054.76831155
305.998915103
0.4025837727
123.042316044
1766.81060288
222.402380216
0.550081346754
1560.3128856
0.574839262228
0.448920315848
410.505948317
269.806902743
244.956450384
1.43891537786
1.51244342071
547.529627282
438.158248666
434.358569903
451.688717124
374.216442736
211.797824899
157.42727211
140.374403461
533.750191583
1138.81692192
138.565408595
0.316553607864
125.424889078
2575.29872601
0.0
0.0
121.456935687
514.865849173
498.422974771
998.503236167
1608.88350268
0.0
178.9534374
937.704593273
123.681210976
529.793363211
0.291578534636
116.558883694
0.422213157744
0.547482381446
1.32859399527
0.849028973207
0.944614667105
1.06486972565
114.250444917
1.17612679463
0.986581432832
0.680337892043
134.055968032
1.07549163569
805.138791903
678.654153104
662.994870826
1207.64322237
0.598384434045
0.699765262604
269.057511442
295.028928369
778.521284614
750.400080798
366.122554706
150.799716029
293.952737682
251.988602167
0.243737332745
165.94277531
430.510794766
1453.58684979
0.301872558557
0.367301633029
1040.37539406
699.309525658
554.89119509
714.197626587
292.554976182
549.721914761
1.05415258638
115.041510345
1.10655807845
2.05576403572
0.671642787512
139.557363891
0.744182943373
0.639082744036
0.563515178222
0.397784924756
0.230506806915
0.200598182537
0.138640712295
0.12024114881
611.022742915
289.665747489
0.0423357413899
0.0
0.0
0.0426437383879
0.0634570160868
0.105448354442
0.139112287655
0.18213904551
0.247582879856
0.410800635848
0.436255103215
0.891329423819
0.608447706883
0.518088677369
136.109025712
127.793777758
1.1114504123
1.11058931789
158.181216162
239.481734793
1.43580668938
1.22543254574
0.596734904286
0.462952084735
766.835258448
283.555589393
917.251508662
172.652528258
1.56908271928
603.373619614
622.711050465
786.381401763
0.459199056376
0.430105389997
253.571586282
0.527500574856
811.190431001
547.858497851
256.812051693
291.950824377
169.46803508
129.526459269
503.008962944
401.352444131
749.311133513
0.0973377030478
0.125542072563
733.678391568
118.87536945
968.856994919
1.15274062546
1.23165432703
447.66704413
238.621364666
396.226555104
1.14146858159
1.02749483143
0.776215312451
0.820986036183
0.72096637236
0.662477289583
0.915741443565
1.00271608096
0.85327439675
1.08575486147
0.758988262352
248.104557076
535.951850693
500.676162942
110.93844982
464.843779858
0.898452083127
154.197985989
159.803613534
243.672016086
2.00348663073
0.76210632101
357.424203512
125.831286312
209.772177065
0.565296929261
415.577422535
1.26995975424
1.3730145628
1.48844273398
1.57907958591
1.04642578203
0.783594641848
1.95433488821
1.49781805717
1.34443136818
2.63522794489
1.90552528603
2.01234287488
1.74061586728
169.696235422
435.403682797
382.612633395
200.780587891
0.305758232217
182.300315381
258.228357029
1190.99723335
844.514072804
116.110910787
145.525825545
411.275943959
0.0345000535991
0.0328183623682
470.576791928
553.927985238
458.594697667
113.498047941
0.14858010882
0.206372190521
141.456561712
945.364286994
1917.99300007
0.485306446859
0.612183974234
115.066693533
150.760913702
290.58975309
0.827997435715
0.864280982642
0.830460477049
1.20965094342
0.467381496911
0.447891056762
0.772286846752
0.804850752699
0.46518968894
0.777314996273
0.946808558585
1.01326803555
1.18046076826
1.22457474431
1.25996270002
1127.98780902
122.945807112
0.750346886028
125.628731
114.361097193
0.23101804701
0.585559203086
0.477852164509
1.06477067482
1.0419595115
130.630330565
1.12476339769
896.463927305
1.47404055173
900.453128942
1.88418952539
2.3576426335
477.40851125
200.307494159
2.15530442056
376.766438303
2.16146266198
2.65312822659
2.58061185823
2.06731767945
1.71302821225
112.092163395
138.666131618
125.95069778
3.24860648171
115.75669987
114.7893445
115.164285719
177.141527399
3215.02297225
1.10146577077
114.158496207
534.56090499
114.895856358
0.638906676237
0.606105983283
569.327116299
0.684106526324
0.397884560309
884.17617288
1926.2686391
290.287678761
406.621636457
314.937668832
0.410755497185
735.685522121
837.894560042
199.394295135
502.36502354
247.413088609
187.701964861
747.63606123
232.274989196
1.00594374224
0.638960951502
0.657399831141
0.43625081229
0.694366589588
0.821998095436
278.33117797
245.571307131
296.288672923
459.588744287
679.903911323
607.58316337
0.267751858202
119.515044574
0.304874612772
0.266729440911
0.338374096125
0.431852861219
0.587757907519
0.855164875784
0.582192008306
112.042477095
0.84135594466
1.12990488302
1.15305463253
968.133981979
618.284625617
1.2090641051
868.600209923
429.293828845
307.929562469
518.888160458
186.352637793
184.096995088
140.289753327
1.08548338784
1.37863245505
1.73132447178
1.4858871029
1.61976179256
689.61520888
110.973724682
285.408968948
948.501395698
1.0803688804
152.671965503
1.0248358695
0.88979384995
110.7188822
416.122232052
390.928835731
328.693391955
0.0512625759955
0.140124200126
515.566331749
422.14508222
420.697729334
268.465427781
114.441241335
975.622771565
0.457104595021
311.945460569
379.579983796
569.82024804
448.029989415
477.710978654
257.791923119
1.27151867145
558.964980983
132.612384022
1335.142129
118.35746668
0.826933473454
0.831343279068
0.722621540816
487.962032167
464.003921012
390.868402787
319.339103864
0.35681494072
456.166480527
0.208812313807
414.648372834
0.183795052013
0.307297647332
112.597905583
0.407136407597
0.285943693309
0.320875519626
0.321141439735
0.315636669905
1172.64533453
147.558971421
186.414008069
124.84038774
247.407545227
567.950782235
147.228763099
1.97047078079
1.5538350735
1625.57809666
368.755028035
125.185056793
1237.45818931
943.86949894
918.014206053
513.247397425
288.434566239
404.552961718
2719.84973939
739.416943755
733.936975322
474.89108336
723.63448993
1269.87939927
504.945317524
778.781645679
601.413992418
229.739241942
581.325741161
350.326995442
358.468916374
126.228466482
137.984673039
451.508552224
0.285366872521
111.550981772
0.849118772896
128.027763056
1.17174588493
1.50234051954
116.470003627
1.34102173387
153.432361391
111.315855558
1.49599302464
337.224389264
313.596336314
452.506046137
150.264395765
414.37521013
291.256096403
428.834724976
0.732986191105
327.70659007
187.048014008
122.569535695
217.850858923
166.234444504
2186.08929645
560.197774265
321.202570097
572.686454625
500.091380448
553.996005543
612.286835267
234.568867849
141.971209414
1.70687488138
430.885940871
279.406648266
129.852623819
3.07546435175
133.666692302
237.92022522
464.476192535
213.9183589
308.883996559
426.07146133
560.760235414
509.787077785
479.782995819
406.621301816
168.046282857
221.140516262
1.56857064508
1.64828323033
1.63786245635
1.94848158699
919.346938478
736.421522419
652.035233998
402.66547766
1.87609305181
113.764235803
1548.43105476
240.233017477
0.950272780799
309.151474289
413.910039143
408.828433084
133.542531745
0.0500391255182
346.223986009
474.820480526
433.445654646
346.561459135
2293.21309513
0.899922370905
862.879934266
1562.36451318
0.958157571659
1.05883357456
147.725565824
237.822998582
1.32198461351
2.29035237298
2.31000340931
2.25881123997
2.34352844571
554.96460278
147.053724114
127.749814117
137.107030509
487.925553979
0.787632567414
1.17184234599
501.104178072
1.01025648885
0.602241607416
0.352526427228
121.543557414
113.91179373
0.802917953712
514.411575473
201.908169225
0.658062204259
0.867966581336
1.08637897137
446.961932155
1.6924252633
511.243518102
2.53215596663
151.126721748
230.121355161
542.481148517
385.523827539
308.06543087
118.995148472
3.89385625509
1700.65550485
121.716836944
118.886251451
4.91043798387
360.247021315
129.536019631
314.911492303
2.34480845717
2.12793212382
774.380732588
678.343962155
617.345814154
2.88431677171
2.56225645073
118.06508868
842.086589643
285.625896666
406.016457518
193.828114495
134.366421647
441.823427133
0.561313276322
321.85797809
276.528317311
368.729347349
280.602121907
1009.39410141
0.283229131723
247.419488441
0.359074791345
141.348102294
0.837191960556
128.582667628
0.965213225784
1.38257491251
834.498643935
307.900762952
324.876345287
119.544364693
0.959981128814
135.073491604
0.965375310783
393.891828668
548.691298546
585.212995338
417.470040904
283.783498712
238.177505055
182.22753896
635.398286086
404.720283685
506.758254504
585.437143616
0.621858018163
338.200677858
122.68357105
912.061905397
459.27090544
121.260956318
0.416805984988
0.444093603558
1294.49104836
229.900764659
397.000173331
375.103428158
320.537265993
911.572297621
0.995431455411
1.60044426767
1.28572195092
1865.61719409
161.835392839
307.405552934
1480.9085095
1.47267836221
696.947240665
1.7480322579
1.60448258586
1072.95416256
1.14515688905
389.44644201
362.783172566
1874.70399551
287.268682356
181.914466637
913.235504799
549.577330238
677.756645667
618.967093026
953.931989695
0.0516970615484
147.384534727
111.595164763
703.045212594
631.361387365
404.196627631
917.492869658
217.099793713
583.446317099
353.440789716
0.923535350474
747.988921796
113.64558553
124.962018172
1.96836816804
181.228166767
767.616700491
159.185530424
2.8560102948
2.13448064384
2.31374827657
1.99261665417
1.81301658654
1.55969327491
2.14053620098
2.65807868296
2.73826081018
0.931595075194
225.829317074
1107.45672973
640.39997924
1.3987263153
434.539958899
2317.2191325
2333.94830042
1.85914779074
465.101147742
841.890943032
519.301310236
1.51743953876
0.747080832018
380.881078923
1304.30216216
480.648864445
1.0659355666
154.746698233
2.59071086349
147.271436862
1.35284933564
248.785121051
2093.91805399
2.01323447691
2576.17476869
1.65399472033
192.904825527
123.56763907
0.573140205722
0.862493893011
170.549314858
1.73144193306
1.5269327553
181.422971199
1.19667523089
1.05341210753
402.654066898
0.705200411197
633.275643411
124.183905245
0.400868180382
0.180550535141
162.021363516
595.353056985
1867.13415398
224.843101334
1419.82521317
291.572055826
0.742194474195
1203.27346811
1014.72208976
1186.50189427
421.430677678
125.490216681
1.06393476402
170.393052085
273.688383883
1904.52257725
299.251806096
274.078594477
222.796417331
0.737951425889
0.868396662146
444.90664882
0.812716936141
1.0933698538
0.633710885965
1.30491574843
1.32778004887
1.24876407119
133.664293597
582.327368326
856.005258446
675.565674028
760.381906553
1407.96901189
0.767241850997
1124.87448613
833.605213443
685.807465158
831.35743248
0.71492520818
186.607759872
111.471991723
677.615556241
169.32007491
426.491323873
185.783833285
0.484603508434
587.330392034
927.834337875
0.610924509897
151.10626014
925.968991875
117.567422403
422.769948844
1.4981618449
0.769897783236
0.931798354868
0.597967701159
129.311806429
1.53173309113
527.762406383
158.541790053
134.047662878
1.23190580737
140.814062144
0.976883061302
0.764657702989
135.390353611
559.554732544
423.069548225
152.114720874
193.707864077
655.093876802
0.047725413834
260.655387667
174.089870566
0.187036072616
174.037084536
0.174021315715
0.28854972846
742.513020087
0.576574518716
158.597824406
0.568925871874
170.679025135
268.502057563
487.79212684
202.910025849
1.56580498213
1.16425211328
1.33100901463
1.54347627562
1.52125463425
2.40762542887
1.17036521127
2.07044747049
1.20803227976
1.27666475659
1.20141122789
370.377470486
448.211957802
124.077738729
0.844545782122
231.421486201
1.0341263776
156.994892813
126.069468805
131.599013791
185.867710966
2134.12392149
1655.71035062
2.25422545312
1.86092030743
448.701827635
521.900938224
517.184120193
452.866789008
247.309098395
1.60206442352
1.5114816762
124.859045326
577.645848185
556.294406023
1125.42097009
270.546723756
1.67298448428
478.389589905
1.49591275565
470.93397581
617.40522713
1.63909188104
1.44256929183
1.30240647659
310.889792416
0.915223516159
956.318775759
0.826651804351
332.236837606
668.540710363
330.834391022
385.492411917
134.235029683
190.59265886
324.140358316
0.252972385329
0.354521154833
157.757597907
0.441776388939
150.162851763
487.360130948
152.984826333
0.972081305153
0.360364624174
1226.20177827
120.729538338
156.441529097
1.42239154045
1.13796277308
707.072453224
115.171523462
147.12355417
0.738237354483
0.576355418243
477.108497945
132.016490629
460.949348405
0.336237643746
0.348910251095
291.735962367
361.13128508
387.244769068
0.390809927005
0.302673708022
0.300780732423
1776.53188414
147.430426329
0.279133144798
326.709350036
0.88316024289
0.962997828458
1.00088590255
369.904212875
197.223769208
287.049233926
491.829784933
2.11785250255
1.88229822639
2.29133660801
2.52124699648
2.21445654721
246.042991939
409.648288426
152.715903974
2.19043918978
1.87613270574
2.18263366635
177.99621413
190.741969847
462.813379896
1.29575049426
362.580406613
339.068355292
1108.53213445
192.516406753
420.776555114
324.815113501
244.495891487
855.189985725
413.567014665
242.177008663
0.131482221326
309.228403354
625.830097086
604.795815894
412.77829558
375.339383707
747.00072357
651.845617932
0.381503273518
0.524972599096
1.00005600264
162.633030125
144.529683676
137.196691588
189.580633422
310.827033614
1.82165461533
1.50950869143
114.828830377
175.250878414
1.28654333843
1.30019144527
1.48393608406
1.87580951888
1.8259642267
1.59960346355
0.752738602214
0.500736788582
0.719785793298
336.051684566
434.366673194
1.35679273068
480.700706586
1.3889436519
177.262891915
1.41192272256
914.852129953
144.176371529
292.230059581
1006.31584108
0.581449692916
1308.93192442
665.966941461
529.764044902
443.451519199
0.533940967143
196.016279898
1.06566179128
1.18702045237
729.283050572
206.152756935
748.378399496
709.495960783
806.660789245
0.980078120092
1.31370757818
134.74897276
186.996138544
132.180354797
1.26867182185
0.98789276389
139.509486972
0.549487493486
288.417218631
2000.97192702
268.440778408
288.203604233
136.524346205
0.612961417549
0.545965363904
404.821131967
1090.49691406
199.668229161
174.271150978
139.789227016
216.204010181
0.656539715671
0.942362485608
0.867576466011
1.00356483739
1.09940132368
383.129871003
0.740355029634
0.829604013174
0.906028266183
406.574798943
150.188260942
156.555046891
156.381637398
379.59889762
140.302795368
128.606257407
120.063136454
0.81001063238
0.901332325159
153.70694114
152.902980687
150.601807636
300.328474781
128.685516627
724.294185128
111.292204409
390.750065805
1057.26095494
829.699429593
933.182383053
234.760593837
256.697285034
303.79265225
1.51582466143
477.656481511
689.708729825
828.09945824
2.32099200048
2144.17137522
2728.21058652
2.60559825572
1748.1388986
227.908260592
462.272869176
980.811367268
690.866778458
641.481355347
235.434153723
3.94096642329
148.462694893
182.110152623
177.575868583
385.403252836
1.81247918332
0.984604101195
0.705878123906
183.751323066
261.0222786
121.354488303
713.548516276
133.062651682
143.557784543
0.0659407115021
0.0165967235757
0.0147977390524
448.297096425
587.20064384
576.676595052
477.467353234
363.643561703
0.0838426325098
0.164744393213
333.176602269
714.395134371
0.44884621304
0.459157677599
111.473981546
0.368476564296
890.306092292
0.850110129283
904.999469289
128.823223458
584.476045385
0.807350330504
473.707075428
0.48672625411
664.226924595
574.699164215
195.245633799
230.581536194
473.654543253
417.446587488
0.20825573958
2097.06723748
1580.45868545
145.67608411
115.194709567
134.893002649
0.435778682925
0.539213966267
212.617274861
153.685694045
114.252010327
0.511737665089
0.574412306375
216.039387855
0.585194503489
216.947511563
1.21681641453
447.241811317
116.970977577
2.72090178766
328.846982845
2.12502043339
118.700160835
174.517050546
1.62624825519
168.363245803
0.681828525739
189.198646758
0.77754035496
0.97031039303
0.97080298953
331.246873887
0.870966415951
1.19426207182
1.28496890764
1.77749243317
1.75468928019
0.349203878533
0.546672748973
129.692839206
0.251896142942
202.86841658
499.624258177
1727.323197
459.817212888
365.850424445
0.460002601285
0.439948900607
0.800382344732
290.404921846
249.324057501
2.35068272373
2.59760421501
414.179597619
122.07699385
190.097894755
173.135382937
710.893211007
1.41753916271
0.817855154307
182.148267923
1.1189976604
1.38960752957
2.39231107103
2.74901300879
0.791721074071
3.27940196438
0.583226395957
0.675775145288
0.689677916457
131.093761338
0.825581494433
593.395376369
537.644564649
507.424020618
411.81554105
0.836250502018
0.939134137419
0.58382582334
0.597056729759
1346.51763115
388.920119773
191.901307815
0.706877239633
191.656567972
132.137225101
219.965843526
1.15298284048
132.715087608
224.554644598
219.415031109
0.885228974948
1.1000298971
1.03299330811
1.66578597199
153.795387427
755.154578838
156.543331621
993.285936178
461.470098995
190.784300953
150.975744181
2.44323306447
402.33567677
164.805392666
184.256489651
1822.64637761
2.97305087989
1991.73809913
1046.41912565
2.92368876244
1217.29024489
2.96927504164
179.162362819
189.836377284
2.03124957662
205.610562407
445.947869295
175.002793243
1.95293656005
461.439742056
380.958954
128.22023671
228.129518468
707.452950874
133.459417568
1.07636729378
150.620055075
226.322953752
1.45151158465
1.9624044933
442.847264848
153.005296982
3.18367956212
3.36872885827
882.610151322
678.406798676
3.05334888885
2.78104709828
3.20680985295
3.15756043385
302.868365715
365.636565085
2.04268850481
678.69540594
367.766674751
1.88578373872
1.96748087438
467.192247287
799.383343048
1.42351700917
1.21897095742
262.052345037
1.42565029764
169.194619442
1.70703198766
205.930314409
2.23354903312
2.10172649428
197.908636115
187.274110775
132.861382365
137.336280445
144.326484265
141.121573114
1.59016894214
377.380581328
1.83482843328
2.7611541848
1.90975136983
1.9144213851
1.80122570859
1.59398244329
1.56096667716
1.48940864392
800.44320118
414.984405528
157.158867125
1969.91270135
674.443008645
0.907397812549
1.2972252239
422.8189616
1.57094626854
218.115909988
1.31846867186
1.43583529673
1.35667552812
234.814782552
354.365920884
2.19003175477
170.818307786
235.254110743
533.567271499
772.025463633
2.51834727713
150.643654819
2.64486174074
135.898313084
2.59373261655
2.43874010529
149.884067492
248.284419503
462.737890605
2.68664504893
2.11042717331
3.31587482625
290.690456592
3.21579821542
662.23426162
637.981528106
1.65441034712
545.796139164
633.538061787
124.321580328
615.517628233
191.707985331
0.985202508491
141.105306941
0.885574686975
0.785179906805
0.766513738509
0.73506185146
1.01551039963
1.38049926583
1.49355888719
1.53674204495
2.29629106681
1216.09556321
176.234064505
2.59517933425
2.94620299997
2.08321241006
794.904833418
583.377679919
3.04019266978
139.456752354
482.82331061
179.908740042
445.056370639
688.022338181
363.808263914
131.468373798
2.56341502424
169.322255021
223.698916482
516.754986611
813.896078181
0.951042287492
846.847714858
391.446067944
1566.86022783
124.309847347
431.553827809
522.757925997
562.143746384
185.924664229
157.420206888
1793.61284123
138.002260412
1.13046633296
196.144060636
458.931785876
126.683186457
1.86860339372
1.14912756193
190.281030608
1.1168946025
0.93656058719
0.918553360234
1.15719483671
2.78658035108
1.5127744647
684.427285093
1.08577492232
615.805539981
214.629976047
402.073127947
0.629623142838
143.759326109
1.3139288862
1.42965608771
1.27777929298
1.39044204043
1.30864433197
1.36798980922
1.27781161313
1.2573961747
1.28252238098
1.32452792916
1.4747961686
174.977843451
1.29185627765
1.28757197402
1.41331802715
2.06906180612
592.643040751
1.62813966939
147.625772407
467.119195336
207.62242763
156.468287863
189.386775482
604.860074766
202.156080239
634.662775328
481.864545912
138.862048028
1.96565571126
386.987209817
500.344117624
424.058878982
212.343791543
1.5386657291
301.53448521
423.464381164
2.06964417914
316.018964504
400.71638304
376.890022864
212.756313839
151.940597459
4.72484753912
426.437875375
3.00759644885
173.868688447
3.1117069672
3.28566556441
3.42431446067
3.2999007586
3.13084993598
436.066519423
125.962277162
137.085736732
164.846715847
135.025714409
188.88895839
196.79887261
1.27446548238
123.639034819
1.08248630551
276.591276918
215.002492367
238.661149814
1.15361110151
211.105398492
0.81285067696
0.896084936197
226.474176287
1.01376053461
143.94684429
356.316822905
166.520836314
1.10611733096
162.326463312
149.361864625
1.52038932226
678.623693923
334.590010058
729.753134154
0.757047531359
0.494114648824
226.423919129
0.797365562444
0.769146433083
133.350001467
0.87436299805
0.824974332913
178.693253849
121.908280966
0.860441334633
166.566970531
0.545517853182
0.529034754316
155.935538978
138.914667495
356.297520407
550.269171183
482.791351935
164.928262577
132.597130292
0.945696604211
1.09795788616
0.932810379704
152.28173508
227.106385964
184.315074456
136.661042977
731.489245951
1.17165996741
206.479268458
175.926045828
577.423106873
209.736678702
427.583758615
1.47462210085
182.327814186
2.50191764634
388.21525093
0.942874222373
150.674751532
0.787454608082
141.345748808
1.03644051863
1.76232325849
127.014843552
1.10614494038
2.53418067883
1.33533819783
1.72738950435
0.939394387948
1.30849098266
0.793427854134
1.2690116786
1.19999758924
193.55131556
1.09123971562
1331.62377956
2003.11733079
135.840609661
1.10483519783
169.264691967
1.08626627194
849.658958647
162.896448196
128.973882504
0.994287172087
0.928266208953
0.816036451234
753.581286723
286.913193111
313.773292713
0.755501921936
1.03637241853
162.448455243
148.284771199
1.20970451013
1.1578755029
1.48654936756
1.53683528103
691.926982849
593.183313114
124.236117184
1.24872368758
1.42036038126
138.064093142
1.62086474696
1.54238534368
2.15110368998
187.55134517
1.57994555424
1.57673639614
385.589878356
136.542237853
160.714989683
1.92006451748
388.882600012
935.832490043
1.93462228694
1.80886693308
833.637302288
1979.85760627
143.742245222
611.114190033
605.907103246
285.807030246
1.4205751542
1.68816862292
466.866051123
850.644903763
431.318627282
2.0468901633
1.79135903466
181.581991723
132.445893941
202.839865331
2.6249872745
1.77565038399
2.05195906361
1.76092874507
2.14991507426
459.247688824
137.775582003
2.20839823411
1.47040816332
1.55871141404
1.56426673663
130.237538984
1.58951187398
211.631465168
1.61894616155
1.65718862544
1.35727109814
673.292226155
1.39912540118
1.44434991796
683.951977567
377.069734824
1.13187197288
1.07909835182
149.904957658
1.05439797381
510.161314115
1035.19036732
1021.15759319
1.78724870785
2.19030379421
159.101639566
377.711749039
1.94879296901
293.740409468
3.04936152557
167.257428727
3.02939757978
2.62335295453
2.39044636741
400.202309445
2.32419316294
2.82759703535
160.548649482
487.978139324
206.554386151
205.310068889
1.40771594856
264.911421251
170.649964676
0.614107519273
0.97764883997
169.59310148
138.766977135
554.05879375
629.328742048
416.074852732
443.299690057
1.5697918495
248.97549912
1.68011461887
1.83707667641
404.087854747
1.67547067651
477.830229607
380.868565791
1.78514737018
2.33066833438
1.52688978381
1.75628151105
1.63896894189
211.737284152
1.05100920073
1.19434590993
1.29920321378
531.870657075
493.822365121
0.670020885878
0.506995342811
159.5512988
183.157679977
150.801702635
2.11836726331
132.573838508
445.598626984
1.93233539581
1.84270183934
129.486218335
1.79599095481
1.7824972756
127.573341694
1.07727966627
1.11299288146
0.547832764097
0.51087389478
0.853074476258
750.960418293
0.601699616143
356.896422503
139.796149074
1271.55817625
1.33808105134
1.95618987185
154.280858811
159.366668209
199.814132089
229.726830576
1772.05653634
728.588624133
763.866168738
129.633234135
130.997667484
208.745557008
314.812049088
132.704881364
4.21152324741
200.146020341
215.413751333
219.862761696
152.580097818
493.719091376
138.812634873
125.713367449
129.241054456
128.724353373
1.61294488785
0.971058436097
147.398232874
403.232570101
124.269671704
600.429832393
143.896533626
126.122048743
408.708858372
364.335286301
175.40820768
156.958062564
255.946478992
593.413550233
137.41909745
2.82834402036
1.9830483317
122.571155771
394.569808916
1.71179610316
1.73099258982
2.86051976246
1.42978329046
1.17639847981
1.29502078303
1.109288328
137.751741881
141.006122897
1.15310290753
134.856367325
206.923401843
1.5540808895
138.911887822
1.07856688465
196.964682445
209.224432405
137.823090596
0.664180667553
124.26306158
213.961156614
0.791395188157
0.914531967711
1.30490080984
208.58686403
1.00889935672
0.673251745808
145.710428461
1.33509048504
1.13191822292
1.52375279043
207.85323164
1.81250928812
1.56750121974
1.47443843046
135.058266112
142.094376232
162.531566481
209.201079667
1.84650410791
1.88795781278
607.697033335
643.671931759
998.085079423
1.21219517863
1.80985068511
1.58467826724
151.744844644
161.842874079
1.59172418835
133.462546417
1.194317721
580.976802375
1.24374628226
1.23653213227
1.31704526705
136.705381607
1.33465013482
1.56422375606
818.90901328
882.487235118
1.29176881268
1.61012232052
196.46614082
1.69268181754
1.41014102426
0.920634951314
1.25982304472
361.725124142
143.986738996
147.46706585
0.978429074434
1.65467803139
0.893624433067
132.665453907
1.99780855429
1.98641566724
2.09908635109
2.0203484254
133.955191873
173.83246724
1.83186268561
461.499576969
207.778441855
1.83491508101
124.616568716
2.0453437997
517.937587492
1.92328632972
1.70878083505
1.40365281534
136.752925547
204.93632374
154.683121165
0.901290193073
0.91515567367
127.718858411
1.07793266775
994.378894923
1.34887327118
164.496107622
465.395019016
589.930976925
895.34888567
200.822298573
1.23442711592
800.378836179
176.140690288
1.47325561481
180.629849169
148.636956484
1.91649400047
238.85086198
141.220105161
981.842895315
190.381188603
444.95719903
386.562027747
170.477416655
177.718375131
148.558157722
1.38152347657
1.49742182093
238.061231216
268.945371444
208.951374466
260.194690613
1.12599212776
477.257740836
472.454586579
669.636231408
533.171169704
470.908296056
192.967092672
390.028530311
1.31016058201
123.024697286
398.557303271
1.70588326564
436.080462104
533.119709829
481.419880843
137.509892208
415.876066221
377.509587219
1.19662770088
1.05893904485
137.469552113
146.960984075
1.21749944677
1.00837489762
0.827273166829
185.688041534
0.696161165634
0.804880282645
828.196962082
735.900587124
559.381211683
659.973350874
647.04233018
563.645128093
0.500665038911
131.243172114
121.736947903
0.970796343441
1.30227691915
0.81631390209
1.02184607705
149.31150851
0.827409695226
569.888551541
0.779842710112
0.585680051647
0.670574064924
171.905534941
414.195741938
422.94246072
270.17497868
203.854116436
130.710439339
2022.37056167
1629.87236778
0.800391440474
355.379973176
0.670723858784
197.624892426
447.160860505
487.889881808
1.05486528799
956.024956154
530.342865358
1.36263621219
1.62120913354
154.473015156
208.872628007
1102.15005636
173.542642018
1.81813612479
1.52668297893
1.65667889616
2.0842254526
169.705428039
451.429651933
2.59299990515
247.506062031
2699.02535193
469.129116241
1673.65418671
2.32945683422
1.32106237621
2024.79918369
639.30442528
863.108282225
1013.34081516
263.373264796
129.855572449
319.325395684
152.465076818
0.0793302825714
2929.26154466
158.287022407
1381.85047316
1118.95732232
705.337027907
0.0293890145465
122.63058812
802.607900537
151.329745615
163.718865423
594.531579842
0.344760090305
0.371060249861
635.857970625
1922.21815422
654.480742807
2158.62394026
1003.30615243
1273.20653314
1062.60160639
606.616787902
429.355760747
919.315583553
531.180799425
0.496695902262
1815.09407207
161.126311924
129.24377203
926.204603564
0.141891467373
1107.98898454
869.029445256
867.957141065
0.232167886379
785.69451829
280.601841629
1308.5636408
0.0237210605803
775.520689298
744.187926896
1591.38891551
0.180161922785
162.448015694
1021.25051643
1001.92247065
491.967211024
823.779478524
133.751618186
956.128292362
819.662170802
0.831697172294
291.741470083
130.449549882
1043.72738045
293.700724135
0.780921365017
525.892098227
218.746199867
802.942911662
696.433147219
174.053486223
386.160353935
1811.78139549
1034.15004279
188.954572917
256.379861033
1293.81355492
0.0
0.150214707243
311.822497312
1405.80229149
0.0598441037022
0.0
0.0
1377.25914668
142.149618226
532.463589226
557.263171352
1503.11411187
0.127556438204
1077.44787191
843.169184529
1535.04398558
957.754369712
1322.79663511
1227.18624974
0.664673951406
1288.87363092
1545.58163047
0.852001995154
411.24426824
0.968774581293
216.338322568
1128.98154587
2726.87920689
1507.92019016
130.582786282
0.0713115855898
3401.03297627
2851.93113141
464.119822521
1126.95298442
1521.92870868
1186.99979919
294.628130213
1982.33426373
227.458935384
0.0
0.0
0.0491293255328
0.217628388623
362.873585539
178.955801685
700.891934233
363.662158967
0.775378198088
0.80027093767
281.941144692
200.86779476
2418.49313184
1.57795179727
1.63732942105
1.06817771312
266.282000014
1.28244911671
1.28815908358
1.45628405001
130.725092041
441.276973289
170.302037104
0.602190249548
0.685283849658
548.230050639
610.107306294
319.27917589
0.494705432813
133.800214881
273.413951619
0.219161292829
294.421496501
0.285727265626
420.894537115
570.674480391
492.339269876
430.726725289
1755.79218277
313.512630243
1682.73024829
1038.4281787
770.936056511
260.580075933
1740.56406048
1149.60460074
1559.69939127
1792.41549601
1269.73741834
0.938713247561
2719.53892313
1881.22651648
135.988904141
161.240130895
1.78414104879
893.510417525
3483.73605167
3704.32813133
151.676538223
700.764035309
1060.83112016
0.228210267278
0.178093434694
141.553042155
1171.88211556
1992.6009423
0.411007425776
0.324366665096
569.107479411
227.784261569
274.504998132
685.577610926
902.851315729
1495.07746493
0.442681696789
585.591968775
811.690953279
126.848018076
382.928428177
658.488398476
1218.72462809
145.488817234
1047.29862455
963.136046372
145.520723151
1.16397176112
127.229208319
1.19321975017
130.902901386
3842.62707544
131.72785859
984.154518785
1.07759916976
0.978425359248
2272.37346451
342.26766231
627.345286982
905.392236566
0.568423723467
2263.95633875
333.129685602
421.712661288
0.836644290145
587.324564436
408.224843695
647.512668716
1460.3142917
395.421558534
1105.57735734
715.103914622
488.96158257
166.384648853
0.037219973934
0.0677779074333
123.136569705
0.127443371503
0.132444444175
0.129828448256
0.229710149532
0.325518125584
0.287264324012
0.256321340048
404.148583008
0.484774978678
0.421132259292
0.346870358068
1936.63874246
0.498826894581
825.569210604
194.904939727
0.27169798098
0.347272304659
0.370531708984
854.027744225
1281.76213824
0.382822426686
0.463151623677
139.716760981
201.941898407
196.445891965
0.84992831652
1242.43239436
164.815421424
1.09675101654
0.827018786952
0.677803138712
1742.24743555
1948.96863404
0.887113116987
0.889740431826
324.221637669
2.32376992529
124.814014547
3.26356185394
149.149369805
648.299176718
141.145742769
1.95348152532
1.41071887439
1.4970570576
2.05428169581
127.20131191
997.292005652
1742.2169178
133.240947486
307.929781427
328.780059612
140.094750503
2.57949792899
598.4292265
576.14783343
2.95230473796
157.949939607
2.57051153259
2.58746339689
158.211685833
174.761032388
1550.14343098
654.798837429
531.567374862
434.349476777
1074.46936512
2456.37026429
1163.05038531
0.41292707562
432.382997082
173.230353513
148.540444827
2.48975720488
1054.18024104
151.009252055
520.242336617
3.36138391195
303.602998622
462.269593313
2.01887284491
403.157812627
122.472346223
1901.85768959
191.229123738
0.711361678622
0.530219791078
2145.24766931
1387.98861687
1162.70069557
183.031040232
690.152714861
872.535936137
1091.04760473
0.0953957935862
519.130338051
0.0
259.942644349
188.376466121
0.130847011456
1281.94616617
1238.87595752
121.952117786
0.316096116582
0.430305298491
0.623165500506
719.278858473
413.675240354
1346.0062875
1.39643878779
1.16549980159
1.21044936581
171.258923922
1.33499611674
137.624880818
0.974622622503
141.475736727
1.40849740262
216.839842522
160.550628599
1.17508222205
143.219884971
143.048077606
131.263943953
0.386722936816
0.277689024817
129.492590847
154.016152469
0.272906005376
300.97919172
0.0
0.0
541.524219325
0.12760187369
0.129327721883
0.15631454445
1749.83797655
138.508221025
174.71297612
456.27653566
131.797542762
1242.2112971
1314.37311604
751.946009909
896.816695474
144.419206523
1.11416269552
1.20629464325
1.22965918597
1.3490820741
267.46941397
262.744393162
174.339163545
1.36306862533
2327.82996728
478.85296536
0.301242084383
0.22135855948
1509.03539476
145.244393626
401.285409757
714.452020006
807.195840653
1262.86863112
0.0747298559205
0.0581450339602
173.575810278
0.190077743105
203.062329954
197.065440767
0.682992732945
0.662134742645
178.552705052
177.575335796
1.24830562953
1.79506588482
176.043631844
168.35512428
363.087391252
283.190444982
504.926068833
675.154376775
2.57772990253
2.55190350431
2.61064659812
2.91389158294
1015.7091297
1447.01135768
2.4311074936
509.051572657
438.817505219
262.57947057
1.02196569184
1142.27275778
292.468291798
0.959712628544
416.904989064
329.779369856
1060.50595312
574.134063585
516.244435605
0.546712614791
0.569798656764
217.585071776
386.522470747
678.739715537
2028.9944059
0.264426904405
0.611591413488
421.012266478
572.318997354
1252.46837102
575.909158544
125.966333674
1.36097015415
576.568113778
1687.84419713
122.396499066
728.549809772
261.972398688
1.34599320046
361.252646231
136.533677635
140.936758615
0.692578873273
138.417308491
1.15224761292
602.125127345
624.833065383
715.170321451
658.155835744
2.79498967752
745.694519365
1513.45394973
641.610752093
2.87889007491
285.917229728
1306.40853183
878.697612108
156.470191146
586.862025221
2203.69762242
2.64980952619
1202.76535864
1.91907749885
2.05686876252
3.23131928507
3.20249114733
1528.11487134
142.992693552
257.155299387
448.713917411
3.51604040467
123.894355201
195.074456395
198.822719113
241.456495537
274.745259715
461.317229522
233.250513786
317.388490922
597.157553332
615.230443979
687.982560596
609.116874504
126.029856637
1.4349447591
0.364284960871
125.379171343
143.437060686
120.244068613
0.420479595163
0.782379011849
1.11425483971
2533.14671268
1.99666408479
5.28102145996
144.716835355
129.040789646
159.915853134
173.678929531
2.32019703218
156.874526737
407.309257007
494.614173025
195.837369789
135.996992342
214.899963833
219.128271165
104.962879636
304.001005178
614.521337062
257.061452498
349.969975849
2.5710459584
676.636719606
759.288974341
672.413565146
306.355935003
106.801902674
0.821433000695
0.808984209197
0.259766321376
117.154844391
581.126467278
164.899795549
140.091911276
1.00215545884
137.184926338
1.01307209543
1.18179293757
1034.48709471
2011.91244062
1.14072008958
1.54884711704
277.373961495
5.47719045323
744.390176925
525.734385662
441.624694994
2.70403766516
2.91554676599
1.55604478687
145.501402928
267.00866526
170.585798484
151.515289392
1.64950789322
393.317112919
405.724320069
107.137397494
281.923980093
1.23048234954
1258.33989951
1.77552975368
139.293807514
111.918170671
1.48292891463
4.88820851309
126.188475233
144.800339566
1.30646889809
320.796097852
1.97125657885
116.902072812
2.5895092415
638.635502187
333.369542752
522.856320256
522.94436522
416.876248204
126.974042009
191.162000551
459.768916021
827.9995646
409.943497344
1096.02612682
1.71382567749
1.45742425982
1.79799771726
1.15957569666
1.3843764236
1.31442737718
109.171889962
0.648308397564
1.4690689356
663.724502192
323.86832975
857.587172607
295.565390647
327.832460361
0.525287752084
444.375797197
613.232689097
108.343388699
149.359971624
411.705971952
335.967980309
969.35312841
2462.7450247
384.434549493
0.625713110063
582.545089924
0.437546775051
164.329064083
0.292049448622
1394.91061221
718.105129536
182.343660248
471.448741526
279.358243117
525.508309995
234.065685238
235.958088976
0.100098744725
0.0936500029887
150.750909581
136.948554171
0.0231596449809
181.624176158
0.330899610621
438.264366265
368.30398842
361.049373909
1327.44069249
0.587071353942
299.259110474
1778.70335411
193.554197383
645.599862179
0.473078983343
0.475507668963
0.489743098032
630.434886714
422.06076486
494.569529795
323.567203276
493.247829288
480.834054555
110.339629768
0.653876236555
345.192074449
0.61446778281
0.643310107341
0.677927278586
122.396809714
115.119403694
0.599536267016
0.624010801506
352.285023302
0.586531766124
127.06951509
0.469589421111
0.448202004363
0.416849885764
136.947217899
344.772461429
377.946674409
129.018538187
324.587187757
345.383212045
566.728621315
271.251998011
344.599875981
277.057140621
0.0893894880017
0.0426732509741
386.634859037
0.0
0.0
0.0
656.546450905
258.653988899
120.757121364
111.715687298
165.228694185
373.096397118
254.12256636
128.633700763
0.0
0.0
0.0
0.0
0.0
0.0
0.0
0.0
0.0
0.0
250.021574169
657.884816026
1168.29587006
0.0
108.786480477
0.0954890474484
0.178422724289
0.242656613771
193.499264345
0.266538245404
0.177114139224
176.83014981
0.145366525044
1088.57160432
1106.65700294
428.501409597
752.487834138
0.217804750962
0.220587189999
0.189057318762
132.373724227
0.206327295501
0.232954010355
230.735041246
262.324181122
546.58146691
500.857324084
0.529779064765
0.490447699286
228.865120623
175.285428723
0.585843016498
0.658096938863
213.609076645
193.744067804
201.039099099
0.467086601009
0.49623204767
159.600314524
313.346770581
652.989313451
0.567272225653
0.59502711284
0.637156116903
305.69518852
320.189647493
163.829467585
439.008257916
323.988723142
359.531640883
0.601753326368
384.0253321
388.447504918
0.486375320127
0.375420651185
0.332752590062
149.70752207
117.207529325
236.790611989
105.786429645
167.029184119
0.767774604682
0.472596297559
0.632945786595
0.324108208188
0.247991300498
0.0926713401545
947.384616167
0.0
2045.62709207
559.013263763
740.625884633
144.800012659
827.993713057
126.072384953
287.333791782
0.093996169559
136.618514484
399.107945853
0.25593044029
166.369469281
409.935850331
276.50336908
0.273486491805
357.927225545
0.156416941617
366.903955551
108.749036414
914.987536618
246.720487018
0.0
171.815620587
188.150074896
353.666917994
379.263599829
339.685296118
582.147423803
432.837651882
147.483848524
432.746163345
116.313529721
105.286916708
0.0220148764265
438.24929447
134.746739143
0.0112699202552
109.654190509
184.277636094
115.061846801
163.924535547
163.832347847
124.218807473
1852.59571508
0.299915172773
0.50525391395
0.542827256749
0.732523237244
131.38749241
0.939046947279
505.422483561
371.980510091
0.839638620399
0.895298424087
1.50772373482
1.32362718223
127.709771139
144.739828063
272.015885879
1.17544756168
1.47326053913
1898.83591391
1416.69596186
849.291441391
1.19595723019
423.122470714
170.293461209
983.58169506
1.32140360182
146.400489352
190.090600242
399.609897307
111.698986473
0.229284522385
0.74068909748
119.386881395
226.648299849
0.954158626792
0.568126498874
158.837254588
478.701981541
173.165570085
178.304448584
1.12648122187
120.308910594
950.518594067
1.85023264351
2.18467406384
1.38711628499
1.70516438264
150.99903645
2.72100412955
166.416633005
131.418684417
1.85642929917
106.932533645
308.069494881
3.10991201096
300.766693134
115.863434616
113.526853796
107.580453386
131.880236794
133.317420648
1.43880343528
326.507598956
2.58564025768
150.274504923
1.52429050429
172.082355214
1.24437506721
174.897701212
363.588228233
123.842455739
1.01302475068
410.414018053
206.263569737
1.47646906875
108.529996834
1.95479004639
1376.26523411
146.473302348
2.73814409643
2.90581634743
3.93338235526
4.03639529708
340.285821849
119.951534382
104.856386315
1.98533044877
2.2822444711
2.55173067393
1.83186095655
345.610536523
347.557883459
381.809039252
199.30717454
3.89954661156
105.472683179
1.49904266033
139.865501308
1.25227293632
1.06161328599
0.554784113313
418.197495578
1238.31772558
1.07883243599
1.12900516699
116.907753255
182.624653618
131.327794232
276.406845499
1.82783769219
376.527006098
214.815716924
233.987342868
1.12065057472
1.11260854847
468.287683886
404.166958774
125.991295347
1.67630073078
1.38456159306
0.893753436203
151.137854223
121.078666047
0.912645447169
0.731278091123
139.990870266
110.836037616
122.530274727
1.87536409823
3.02338712516
3.50008532934
1.97874708079
2.00305340417
1.88662169636
1.85497637473
1.77858821981
116.834016793
108.403859555
1.86647225493
808.126109606
1.69544112295
1.9434678853
2.22772282714
122.278053062
308.967197879
1.90206729372
1.69075448837
1.58845103226
123.647915984
1.8658814821
472.384291802
461.710050706
200.333796302
1.53991662843
1.05613638548
600.610604419
124.197534956
190.609136528
238.80739231
400.663212276
485.161073671
575.429316649
500.01147357
269.983030911
136.485779828
119.480595556
1.72947445891
175.354594147
126.110530538
1.79045973221
1.55116233048
1.35584678788
124.328649888
115.708614403
1.60421928177
175.182943274
1.39675969077
1.42882881932
115.026575681
1.72704203916
110.714428249
1.87661248845
1.78228357005
1.11741702319
0.923523109002
0.769668048411
669.961795089
127.204787067
165.080169865
112.681274541
170.499227185
480.304851042
1.19653945765
424.047030794
104.843442386
1.17605570685
1.33974556483
1.53951690269
122.474797061
572.593473814
1.64281091058
2.17455670517
2.28893555535
122.479079266
457.133899019
1.46517045225
1.17684696117
111.165001564
265.750317406
0.942899677268
698.991665925
0.662917902895
0.839944730033
129.08215226
0.474654113578
0.441867089879
0.470175066476
0.427350015411
0.361145829363
0.555708186936
0.693015861253
1.09219775997
283.781088201
138.620007864
0.909462460582
1.51261336264
1.52926460357
1.55884254075
105.662163806
1.17159459397
602.154938829
1053.24118068
825.333798167
1880.14769663
677.746103755
835.616387572
767.661009417
829.524122865
424.432440504
302.092861358
414.325954044
133.791918262
261.103284619
1.82233321972
1.21914242554
0.278800997242
122.288016039
385.303495411
452.535169798
270.178144116
366.746368989
180.904458552
404.654911792
0.55589977216
353.492811532
491.245268578
230.517979412
579.969570811
628.442934089
632.402021192
537.548414774
491.313991945
124.086665597
2.03771750177
113.607922316
1.28941719287
136.753273995
394.744951113
2.03917643335
3.67803814117
105.997263192
105.063158438
279.356669586
342.113172148
401.926923393
381.829636717
0.712419906697
108.898924053
1.25198580378
120.882684413
0.831516372307
433.562004907
1.1825526469
0.601417228467
126.253419678
1.01578062624
0.935976297585
146.17635538
168.727153841
183.179191881
1.10739083355
1.22545441877
1.48529249932
128.052748299
109.381146808
1271.67271037
666.96698375
532.397271439
1.90805216698
0.991085198853
620.846058089
454.177173985
615.177004191
337.294500744
132.425601801
2.67371988094
228.93156037
610.003428217
471.042086352
387.547187397
367.229067927
429.105191144
1.40205064977
138.759643228
458.303715076
2.02289604814
431.729284053
115.353790621
141.846678136
158.636892047
397.182550038
322.881012268
187.03623508
129.585958127
4.45871605355
173.944935169
129.664358272
4.1759872511
592.18765262
379.966857299
335.113401356
333.951589729
373.825309123
173.310980971
239.845796881
3.76329417159
129.332342216
215.093206585
115.131578594
204.266039742
265.349604565
124.871688552
1.70946999864
199.208267363
113.371868315
1.24870947153
1.20564795951
151.056487455
353.051069417
242.702509126
1.52441580334
125.291376998
398.128631089
2.98721165567
3.06980935866
503.535377763
680.896218408
2.05234864398
195.064336663
1.42336012612
178.63742143
159.663606648
128.411916642
444.236508939
2.2269098142
1.35357249791
1.38677571025
1.24414292131
2.89975688605
2.36542992385
139.956889839
1.79522131215
107.857253346
729.048270244
131.706390425
611.522334712
3.40091136401
439.134328049
105.706982653
3.52978904722
113.087783319
154.477192156
2.01584730576
166.716364943
168.413481579
111.033074751
1.66741370386
1.67236042111
3.49151861536
105.499445719
291.982407742
470.117495466
1.61569200056
1.60407909746
2.33706977935
2.24730350291
1.91402665421
1.95192294825
2.17867641777
152.528136976
2.70146327788
2.63675858659
2.33998696915
2.12248480558
3.51657528638
359.992235653
0.418380909982
0.413189084755
144.785176629
1.01716675702
2.04772951294
1.93236866808
1.82188550721
1.68706851225
1.60128152131
1.46946745978
1.47292798379
1.58415976039
399.172443728
1.603086872
106.641784682
107.301834694
169.703536548
2.21940387663
1.90603676591
693.373720764
1.57102342481
1.64860299601
1.67756611718
1.75159266391
141.68856086
256.876844375
2.33185292574
222.397521866
2.41379070769
2.37657334734
2.22899524337
2.64739910915
209.676456971
194.333276066
1.53336553957
116.671701128
329.675853684
342.482392006
107.828266987
2.14712951115
376.800118286
323.10747024
170.463879581
2.68301999161
2.14728875779
128.436796445
2.63798872429
749.13502282
1378.49628775
1.65180172177
1.64829243604
2.62508898786
145.622884582
124.977930799
720.97964097
700.648268584
475.66560471
178.836819823
125.864467124
352.012228362
709.484788102
745.474004488
135.145569517
3.55379370017
3.05780174453
156.757408836
541.569700332
342.380773814
385.068184175
3.55460170228
3.2089256923
195.911629677
3.38369961762
315.471949992
504.054868225
127.503963438
3.20424550051
399.864772876
5.65751588232
5.76286595536
5.93865017258
137.642419825
5.48652188394
2.14529791443
375.98364408
1.77206120059
1.15787804397
504.20470435
554.309039715
1.7300312254
2.42606686623
168.983455068
223.082018613
130.998355184
1010.83809386
1.01474203405
1.17586808883
1.54745962613
319.963808572
1.10385634836
115.795832504
1.28166918956
1.70700823721
174.195848471
1.75575072054
1.57815874493
540.815619968
447.391255193
105.077610769
325.803012438
160.820737062
682.675715739
331.262011937
549.052689343
3.75152335963
382.032407115
190.718353332
153.58967656
132.916342065
153.74420023
141.558659415
539.359070272
1.01176360147
1.20870807974
151.974619416
1.55802622605
237.071377008
1.45962574193
1.83737689215
155.487469203
1.19491075852
462.086436887
441.131691356
170.908809317
109.290073977
122.780338712
1.79992722725
1.06277126508
1.06023599787
106.718293753
1.15355929759
1.27960920259
1.06828835448
1.59490719956
120.439856181
1.21203799045
408.181473636
1.56024848227
486.542781413
477.024961464
146.988186499
132.189449157
362.050773658
1.20937676425
116.913011376
150.863848244
304.732131403
0.886353680541
1.11522982809
0.89897948999
124.205569551
134.968095546
1.01889766347
151.254642243
1.21415656549
1.20719912568
1.31673726067
913.553180038
1.31280309725
1.48809970018
152.438486774
1.72885821032
366.411057229
183.076954891
111.448206566
141.795644747
560.322442004
1.56207079716
1.28217097761
1.92619512761
130.872722477
1.80337366079
304.628890574
1.18546685346
203.717377183
354.169220384
121.629178459
1.63444058229
172.570999657
199.219854535
1.22093446682
110.255562764
256.700510152
289.971585352
0.684658031428
357.023395486
395.835637591
0.807758998704
452.009165678
110.099384352
3.55918539131
3.21187623203
228.221742131
136.943376524
382.629999341
610.669509569
213.405034981
3.04520042213
2.92271783923
113.451758872
104.361634448
262.921737908
2.21545329174
2.19626654929
1.74463689875
1.19579203214
115.598486001
1.64463029057
1.60894360408
1.82206884865
241.583649561
147.844617015
207.613770383
223.550417471
178.880146673
0.422991086243
199.980633642
199.402091663
0.54491776828
0.535420657258
0.500663087938
0.701147858354
0.885390073264
0.84747027561
1.3420491501
0.97093947275
120.232700157
0.691588444978
172.629157292
1.05125214032
104.905598158
278.972979292
1.51826474224
147.694022345
1.17184167258
138.257117674
184.940074263
138.454552005
103.046079477
477.856510876
1.20104671482
0.899552999347
834.111432098
136.33639679
0.638148061899
249.101445622
0.661473305285
0.539242713319
228.743801165
109.010796167
1.75815922435
2.6024990734
1.18573615867
1.28476374238
1.4565354261
384.389733839
198.801183217
2.16842008264
120.313017089
2.30563442507
120.884387109
109.316702763
134.227796483
1.74266062882
133.403476623
413.912145229
1.76219992949
152.973451568
1.17510327532
323.625751177
1.18239974517
0.954788266119
153.056032442
0.960515047715
109.831569131
326.514245086
242.157917758
1.27983807015
1.12110182879
1.29098879548
429.282501365
1.11505216714
1.106877794
0.911500616122
427.864422331
210.143776733
119.972053757
133.333840106
1.36242749081
153.953445866
142.565395347
0.80627103199
0.837910692678
330.213335833
526.175051257
0.943231547423
297.607850683
0.700188098565
0.865699567314
1.05485983941
1.73995273554
2.39537721259
505.207371389
120.13641137
1072.19937332
104.161389992
136.419808409
1132.30609521
156.800846788
116.318533193
915.692516725
3.06873299833
183.119094852
373.044065664
174.000542311
2.33235014711
2.65392670062
2.58017487968
109.943644997
2.61181241925
230.402591473
131.815294954
3.41413839333
178.586562631
218.705853302
401.947843544
480.703050378
422.959215035
239.159798014
491.002610092
406.189961803
712.984683628
548.169691533
622.607448311
179.466164586
508.194876768
188.352736834
123.528090462
361.06524219
122.841771893
0.444982631648
796.956626233
907.243790555
729.086729715
1.20136450773
397.082428433
386.83792293
0.853510238584
0.766717235696
0.683934499284
243.439940617
0.622878114954
125.194231424
0.567482119131
0.58088139582
0.691155919676
139.096999873
0.757618041144
878.565542031
123.790736933
729.560227312
0.610410275826
0.600929945094
391.601153607
1.46463195075
1.50795902863
1.43806248131
1.2579622001
1.36488466469
134.814812236
480.544705691
651.443918224
620.207459887
746.637674998
1.25895924559
1.36360004098
3503.53227801
1.09247774311
1.52639602649
1719.39446763
1.23809850176
1.01734653754
1545.32650744
814.817842269
1.07352830171
745.584710145
0.817528638953
1048.55207054
611.910326267
1.8583952938
462.899417601
1.73113874146
340.492449955
2.22120484243
1641.76154295
114.089350168
3.73525957684
1490.49451772
169.346751983
1119.90828556
1406.54587549
2.34912413117
2.58776331542
458.933218444
3.20574361518
353.654310197
196.316573168
117.940298669
261.501393477
207.73326639
201.39204199
338.890039246
1.63360408835
1.34619629409
0.962000067799
130.963641358
0.602222927652
149.804239145
105.619756673
0.678370596475
0.627288946691
0.631776706671
243.370919763
0.310827075208
0.249362180033
0.173763297793
0.0
0.191535391107
0.154460062641
0.0
0.0
0.0
0.142077232785
0.0
125.912436836
0.0308386128904
0.0578418932595
232.829985345
439.076617272
691.459429626
0.141840627827
109.899716663
130.729641603
0.191195888648
0.139573351204
0.134612502673
0.154507715965
428.447199851
1473.02928263
853.319727308
195.868043588
0.184843440945
164.242036239
108.653694144
1783.50225485
0.0963183875158
0.208259433866
1225.93463695
151.936466165
2980.99602387
145.628486539
111.898256312
1439.22534866
159.841983927
134.104640785
325.211285279
0.739609382443
1287.95058575
175.893970549
378.903262646
229.921441052
2166.67440718
201.102703469
460.970631061
0.489801806625
0.507648081848
0.345022720885
376.512420749
0.154007945149
124.281668796
134.921112907
182.066945232
165.0103599
393.767299395
0.0989736210662
152.157204557
153.17417769
0.0352427886
0.0327462829678
124.872589981
177.648236677
289.930180702
0.0529227917734
116.522426175
103.954879707
0.0252571644518
104.321760306
0.0202415415377
0.0177989109108
0.015319479784
0.0128021766704
0.0167916418562
0.014287967263
111.110957317
0.0
115.598473179
147.857854555
117.321115311
0.0759012445925
1289.38925105
501.223944407
889.332904631
270.536142359
572.597784412
0.29184855142
167.829586058
529.875276951
997.948819305
1176.40698935
928.987724626
395.038201631
0.339673986735
0.17735967926
142.07668414
181.616070281
197.984827313
111.278415848
0.0870344564939
0.0853077481728
0.130902344017
2419.6885952
112.338613085
115.858174463
2018.58866331
0.104656227733
0.0902336634639
1224.52290984
233.550733819
0.0442951785643
0.0669863522592
0.112699085201
0.295561938622
178.145714481
149.314432454
362.369914211
530.294086571
0.429370662187
0.332610587168
120.006819628
0.288199325996
0.331339849163
104.068465163
0.302390111893
146.694007796
139.420044211
0.242628625733
0.115363774808
104.911882936
269.505768455
1292.79692568
192.715775097
0.116766478998
389.90023996
206.599553356
0.274846332753
0.0
1807.82745456
0.0465263693151
1411.55752317
727.566292588
1884.07454909
0.0548325566953
0.032398898876
0.278717240626
0.323859599469
412.6414432
468.911657486
147.333181789
0.531114809962
0.344874308255
0.365837659694
138.731465979
0.249211839863
0.304435523595
0.279859368441
164.401718369
177.797472625
0.257916764573
0.121379580132
0.106222445951
0.0886132772058
150.173236444
177.880767816
255.354555289
189.031854143
255.812992788
174.440419013
146.514727973
1054.00701176
744.018995783
265.076395727
158.607595181
437.928413906
338.44839416
0.0
154.240494429
152.532356313
180.167419505
287.623835124
163.256674036
0.0999771860666
0.108038636455
0.181982353595
0.263949229845
0.231030455442
144.911521906
0.182807912661
153.479606465
182.187602146
201.366065248
391.761040614
182.51256009
0.10567826209
154.184974902
0.0874766560669
130.040878775
0.0472185516752
0.0819896348988
0.0859797219896
139.213280036
239.62523639
564.587349962
680.746533716
148.540227278
1473.18333977
126.883105699
0.0808901264841
0.0778238442369
1131.4994806
1101.25923625
1133.80693112
0.0694144603058
0.0999386250141
183.155570524
1748.80431876
775.676531771
908.824611655
553.292383904
356.824872654
460.579320062
219.026489478
155.493267428
556.147067773
141.337800294
0.234041903074
0.198942891161
165.567862321
0.151719053258
3589.86141562
3136.28336951
198.070604619
459.760420244
479.210215205
485.745128993
486.626375158
500.455839203
215.879141587
128.178060313
0.2785935567
160.89951052
2041.13188278
1647.12085262
0.300294074403
1367.29758496
1461.46645048
1847.99012688
0.228057144071
224.406922405
133.581687247
224.343492745
205.747996085
540.731972246
409.860437103
251.03108906
247.720584723
598.613857011
221.744828938
144.077106116
1198.9306916
0.412650838453
164.469372611
1220.3650974
1332.80699578
0.325914013999
0.531322761519
442.287367725
0.182585486009
1864.9752468
715.613821352
1817.4201252
1384.68977927
788.269105841
867.161808058
610.792249194
1705.27866243
326.444948704
3274.32173422
0.329361937841
1026.58902932
0.412022423777
0.345579349619
0.368043511445
0.89005953485
1345.81333725
295.380929118
447.065913281
469.629295547
0.848489678171
420.605334013
504.194899018
425.429807668
186.922141078
267.367239709
131.922978858
169.868669601
212.541268425
0.545485337181
0.480290322297
0.330571003056
0.347866713418
0.340755892939
0.329492219169
0.362307204239
198.388599126
0.373999297489
0.33818661558
0.349249448576
0.408952814105
0.538780651308
0.524843613325
0.573302482598
0.495572272298
0.437364842934
0.405206655515
125.521499483
0.495350405869
1.06113968044
1.25223835056
1.1654153559
258.374034028
816.728888753
768.689808901
0.826474236395
203.27468234
129.746101911
2377.63237942
2359.52370641
0.738694771496
449.895376174
441.149122703
1.69064983674
558.867665358
851.951047636
537.371735273
1.63938903628
1.61864409814
1.6213490751
3338.43204262
175.627213475
321.255637193
189.511749318
302.088680256
250.359115262
2708.70210695
1086.28331743
448.074587444
0.111573453298
0.258737547055
1431.24593457
0.562847889364
1297.07352678
2579.50820937
1.26012271386
129.364432405
323.135370301
267.170686049
1.07148103455
1.07034331847
295.145938039
1.03796981416
162.273053089
0.996216187391
358.081423347
166.042733083
427.560372946
148.128084677
243.653498592
0.562205421936
0.505899895441
126.480944322
197.729009079
1892.88946091
0.291622166851
0.173215611545
189.858200902
166.060072576
214.167768857
214.771314539
182.44184721
129.549683423
0.367620773585
0.394427720846
143.979074813
0.359872224995
467.598452418
234.221189997
0.879125109834
128.087501431
1219.00150594
202.170940436
1.29055443201
1.72062150226
1.29064943537
1.4694143797
544.094129219
2.3952985649
231.159554935
623.441471514
2.16423017286
138.15121033
1.65706403209
128.245761795
1.60580114727
0.28528912351
0.112034785889
0.302818815158
0.349422514742
547.116317991
0.483471779628
0.534671236799
0.573609641097
0.592054475185
0.498116770746
128.609607895
145.63369663
177.263696179
3078.6780183
1432.26395379
446.909698769
377.52854133
2228.91659954
619.097752327
1.29686430183
613.146955022
1116.8511998
0.652755743691
127.657054278
719.725915711
662.687781234
190.543329512
0.776942647049
1.29765969619
381.623169263
128.797404807
1.06543758431
742.67919844
689.502099729
188.691777915
660.985699834
129.585610376
278.161833676
127.13374139
332.480797194
0.103779123525
0.0352071151779
0.0427054064442
0.0515111134208
0.0492907250843
152.232558553
0.0231999732298
0.0137588379294
386.736502421
402.409800821
167.149621907
0.0862708047532
1771.0770553
139.872346644
170.379439104
0.496364336428
2946.56166963
1284.64493513
150.764090091
728.082335162
488.29763416
386.321521165
1822.76731047
1.01572782161
0.57843395141
1886.72117587
0.843010416416
0.689013977746
454.577299997
160.404870916
296.922156126
742.315620887
1557.89816293
1.02812191927
150.254990238
181.902525586
155.169973823
234.986259345
220.280094169
431.073422146
720.592732358
965.488698068
1000.75113785
766.719128201
163.302656385
0.725800630263
1270.32063354
156.695270297
2386.99694008
1021.08705873
2430.15548312
1.29752269848
946.986035747
702.35310313
1144.98826626
1148.7285801
577.751961375
672.141161171
1385.53177037
387.001841756
961.973338986
545.789163892
1197.79998261
879.949032509
1172.45265692
665.783795465
487.495321137
0.238215630334
129.414910901
186.588259937
0.128787884018
361.012256502
502.381239354
594.594285708
494.56082339
525.034057783
0.115343404297
188.874962172
240.562074613
198.219189391
191.703462932
425.962092062
240.369999171
0.0829106874107
0.0809904902643
0.0776532854994
2619.57309032
0.0380288582544
378.497020524
0.0744708281979
0.0701745551362
0.0581496348524
0.096975426917
207.797478825
247.306127491
0.254551681239
0.261622858014
0.264815530102
1371.21517001
2125.95893846
3258.41909927
126.921357225
0.113649145337
0.112859674171
131.369168716
0.16407680289
0.154947731773
1802.68865318
1741.75381178
2404.40930202
1902.49149032
1328.01209362
1595.89244062
1299.4264297
1286.06729152
1268.25851739
1240.78494281
1199.9538254
1151.17937197
623.956513996
145.094338407
372.186146416
677.190719827
194.567036295
0.0527846959733
1240.67377802
1288.15730185
1329.58193847
1364.60961376
1392.16870559
1408.8822163
152.452126387
0.0271456804435
0.0297265760874
173.883553922
513.904588784
0.817513315518
0.933955218637
144.986324722
0.57113228959
0.591503825388
582.24634635
133.764375933
194.455781507
141.614408849
145.203863964
128.060193147
336.796803254
1.84104415282
1.63728887709
448.774223844
1.15454176404
846.544448591
256.236852748
595.913218444
2.15389577811
2.66763765079
278.08693145
232.193761519
795.238140717
2.4209094563
924.853757403
155.614451686
126.108329343
1.68617569798
270.806387007
150.107102278
241.976864053
173.245612857
190.647902086
168.654761896
168.20097116
345.845980299
132.286141168
418.07649474
155.796876683
0.789237856619
1.02806380924
137.12391537
1.14631593465
1116.49182926
999.277477632
671.955677852
399.41964533
138.335288109
150.005587601
2006.94706028
1127.12024143
252.783024347
937.234959899
1104.76253075
195.390243594
182.161127278
177.451792038
717.928441716
141.873637768
395.730695279
1210.88474235
2019.50989695
197.29989838
366.052581564
130.514452204
3.6013497221
229.991986122
3.51063090983
3.41095591275
388.43088479
207.304242311
2.9153699786
2.06105708977
1880.88093256
1.80309532044
1007.84870483
1.52004648584
275.312508264
384.884333868
1.22125144278
488.201601007
673.290803244
475.773934239
1.11405735007
1.29522015409
1834.59223236
446.950107629
0.689228108102
0.59649236777
420.027408428
177.129244105
1.71956961685
156.183992304
139.529736942
290.557102393
626.342323864
683.588021297
674.61993984
399.02411561
202.028044439
135.564267137
748.04187506
909.317335699
759.71209211
555.403212989
1134.27947586
3.5782355622
3.75089877284
3.67416611175
147.793343941
1.8631655286
1768.39668267
1.9337052449
1.7070913729
151.799750472
1244.40983844
204.032515768
1.25568308359
141.105462861
457.271739357
166.804203
1.70917288706
309.307049629
572.920568802
206.406228331
1.78123701464
320.970803756
1119.64646558
914.535806213
772.216851769
1109.77057945
1419.60389779
1032.20643593
167.24409948
2.98981948136
204.419247262
136.165099822
0.793540488951
0.72272977484
224.989308928
299.079695745
132.976055852
212.99989073
168.067510781
787.042624472
250.719731125
1.25600301627
189.38215239
1.43543719367
804.875586566
223.892377802
244.417611011
155.05763719
178.865415359
158.895047215
466.054721461
0.892112500499
1.07772961934
1.22883189987
222.42190338
1.63298690286
145.368657188
498.095745198
591.743021371
787.241872779
1020.22757828
1.88884768123
1273.57584261
2.01957139728
2.95528115558
201.050506457
229.244595569
1.68082220072
0.95709540471
140.76343304
188.266019144
2.34178767414
185.087792717
216.431806637
1.10337631721
135.476186597
532.257253937
269.569842784
131.324202373
1.80252350363
1.76837334493
204.950332528
538.256364354
523.491807345
126.274761375
1.74485542957
255.948715452
1.85307061812
141.700180419
1537.25238545
193.328808417
776.427284408
198.165944125
156.083775087
1.63111852485
1.72658446719
1.68956685128
221.371296651
727.021973077
140.468013596
1.72239986303
1.83356387991
1.69115309997
1.60299773497
1.20060342682
1.02786293272
679.993854109
369.087621718
127.873144652
0.354409194573
0.455082469968
128.198155916
0.53788701513
0.400052624228
846.673092308
152.334141722
0.855790073087
0.982572760501
126.008859846
134.804432374
137.169462599
172.241184813
0.467937888473
1.15476365025
155.411114899
1.17148028253
1.69629796545
1549.16130728
1820.18263782
1084.62609476
1418.41574461
1.29543291773
568.002420737
753.675526037
568.829032983
425.810943924
162.120868092
170.223184804
148.549342325
2.23708272171
2.325375904
2.38243542619
346.043623131
1.8160895396
1.39469708772
335.193253625
1086.05704158
128.280206522
1.3206587125
798.466913836
668.479200906
567.093688924
391.419340939
144.210033299
1.76278573594
131.233234593
188.454995231
2.33592814931
209.417885001
170.489001673
525.250663192
340.794710603
2.38819897411
564.098023797
2.90499682037
3.37736240512
4.09779175285
1078.0248268
672.436421733
578.342120764
847.876326862
1.32081098015
1292.70956452
821.164174048
0.628229853376
154.059638212
1.08231839839
143.930915298
0.583189775654
311.956435119
152.955357124
2820.23726463
2340.52661382
1560.64725767
0.662103165089
1433.12946947
1936.30277688
1505.57566801
1404.04378921
3044.47245558
452.768674123
406.903596875
168.57269729
501.543597733
3179.08917377
427.930848867
1899.35489616
1.60701596722
290.423384709
615.916342569
392.178947253
836.300781339
202.08232253
166.173883721
223.643614032
565.884533955
475.649233185
247.985378417
344.04393337
866.681977443
145.385658623
2.85459783053
3.03456001639
2.29628891284
213.277872492
2.99075950195
2.61594028384
156.24308083
2.6730773768
394.577010294
384.14021047
131.242715551
230.391312748
660.292705482
698.655778503
2.66035100686
176.860359294
2.51909500944
202.145602299
212.323196117
425.446797124
1013.05791665
907.028652518
652.448649686
635.065987018
638.39586179
1016.74669466
154.790056395
191.891615917
150.481596132
156.60157778
195.898489902
9.94023556596
222.722611356
653.939920751
7.19875391715
150.785268594
1.32376134378
1.72769030786
606.961992403
159.409388295
4.30892898965
2.60611839193
1234.47818077
910.071527842
1658.26184797
1.15973327966
513.494391139
256.128167152
1761.99158925
189.169871379
146.358189758
132.035846866
1.21478840128
1.1524452092
0.861051432241
129.768177842
1.18318672728
1.29180638058
1.42498515827
126.59578161
570.43718178
1.9264207275
604.533910496
635.995814896
218.861143224
0.870162686028
2.58035128643
136.105064941
159.438670458
2.94671845968
236.583729758
304.209742107
1691.67586304
203.791881383
160.694115743
510.492780975
136.71065508
3.88463439497
203.267830101
812.013756388
730.36149911
1512.55665196
551.587952919
2.24764442637
133.131491013
2.57138486522
180.06667907
321.433296581
222.223873472
819.39891898
1317.22826168
1.92140897748
782.399420032
3.1409486317
4.3274719924
191.278180556
4.66680966813
4.43059206947
296.597090323
4.05353565816
4.0959888479
3.84687793047
3.78184907748
4.04912863373
4.05802252115
166.217836401
3.73845122956
180.53339771
1.18909024607
2.02198760416
466.994695515
2.3264142967
750.106580002
658.010001511
1.47390835661
211.612813283
3.53639075219
386.341684769
2.82338828328
2.59107832079
2.05594469861
1593.47643239
2.74146297307
3.14874888438
159.874378246
2755.58781288
2863.99753121
1821.84213698
2431.45616508
1491.59824098
130.3960752
1.36086573184
240.282435898
394.321967745
1.01255571312
184.034346016
2.14730456863
2292.78172854
2927.16232636
1365.91906105
236.593010719
4.03531765193
1439.97059396
1423.70077038
1137.6397081
962.269796775
653.187257518
433.769007111
515.989657527
704.514674555
479.785930519
506.864274023
2.34347688104
551.224888161
2.01060975439
499.186509413
1188.87882323
2.10764603363
2.82239994443
2.84685630305
133.634024636
401.098447685
1.83613241461
1.67806454068
141.514663031
131.18723934
132.780839248
1.70368950783
1.83198949891
170.107809095
142.266747576
130.111118829
2.04201506709
2.01378698525
1547.55509761
176.98786817
2.11252116099
154.269066364
2.06812909747
2.42906701191
1.47653905258
173.092575592
197.401467779
1.56505885061
226.694018813
255.420497697
1.56474020711
914.432546306
2684.85187854
2.18595988124
1.47428120254
1.96544044995
128.019584262
2.85506617113
4.33777329431
4.48683043157
197.344997074
3.76260787813
4.01049382294
194.703636769
494.753027802
241.952714232
150.187818552
462.866598604
489.825812429
9.47215163809
448.565171738
147.459204628
314.22078407
602.753269988
211.087619561
174.754117068
451.178927537
3.11522671682
441.274170279
977.536874752
3.61526140671
3.57868044379
132.45640561
3.78753076809
126.841947244
174.55374823
149.53221534
3.02882472256
262.448964907
425.350260977
2.37882918961
1.66541991932
544.491612508
1.78174633733
127.118818634
1.38705328523
618.675713187
127.100367404
2.17415671092
626.703634223
1235.81922413
1209.74009977
205.3096436
440.351916371
828.556714419
532.97290876
573.590674829
421.858149963
426.491546195
143.108685485
156.074830452
630.723044157
2.26307025719
490.129290986
845.982286123
857.836329422
1010.92233549
943.393395822
894.525675125
2.11477100726
293.730311381
2.42205135109
1.77617748593
407.422567167
441.858983461
1.30630579962
1.82244268471
309.491662898
147.7805429
214.596761205
226.488299224
255.28008843
137.387694847
2.99014384896
473.600857515
192.614611904
2.73907944325
2.39303310042
193.44469891
312.58616109
2.87527549408
127.674584031
544.516202732
2.55018867614
1.62267635266
169.975481127
1.31048989114
1.38331264171
2.75551282497
311.743719179
159.203932609
1.44772262917
399.230908499
561.235082737
243.554406061
1.57860405721
2.05177043086
1.81996749202
128.523431567
224.901448634
1.23510029874
1.41898457681
438.771490227
2518.69589924
337.420045643
230.067142963
3.06228652248
848.992724624
1337.31542726
167.477831446
847.800010815
795.674697455
542.194321491
2.31449013829
207.633154869
246.211267095
168.691803609
192.380329377
572.181917866
1.61480290106
1.27859382236
145.228855963
1.62443826494
515.560714051
0.848659904971
335.652838534
251.530651673
142.877797332
158.311762728
171.827749614
248.523001129
246.707861339
217.809532414
189.596909687
243.420486819
152.892668528
421.049672519
1.40032881888
1.82477431249
155.372759461
258.956514923
191.410286051
1.95474947632
165.628551103
146.648271304
144.93707057
373.895294136
1.88142184073
445.648052165
1.29271053315
220.606362966
175.955694405
0.983950455706
126.907102147
744.587229515
0.777982893766
1.21866658774
229.102928455
197.583871905
171.080382569
0.777310061084
154.942633442
361.105148552
206.696590801
1.38744018142
155.030682829
140.548572799
1.76708043922
280.998743343
611.344632659
135.517049149
157.543872641
2.05524792506
448.940007537
140.216783977
422.014620941
1.32439769578
511.129160999
421.048252407
2.60855517614
199.086856234
390.026046228
544.234383176
551.497452859
4.39547235281
405.810396715
363.517552478
3.81064884082
132.938842703
3.44300741062
3.50160554568
446.677697358
214.585985637
361.046731133
167.40365624
200.351178604
506.876904498
450.450341615
198.946954763
1.38235560376
1.24990770703
1.58399209055
436.227897711
277.583320985
137.907142163
1.01808639588
199.794651379
184.242066626
251.126872121
135.444142394
1781.79210075
133.07232151
156.154144777
453.438804313
442.948450145
1.88119363135
470.718190953
215.209977772
2.7274129173
301.599544656
553.803873979
295.542902095
207.29459039
3.31631814291
2.72071083357
1.46762791463
598.169865386
1.07552143718
3.07656429312
171.878001235
373.559523551
1044.16194808
1.8768859719
1.81264978437
2.05418541554
1022.18612028
2.1701312296
2.30639926885
3.14330029315
218.688487767
201.65954182
2.9322937378
151.035028592
261.024177776
3.77180557296
1.957741572
1.56277719494
157.25623035
683.975027258
169.795043613
2.64809234153
1429.31196566
140.672028873
3.2310651887
434.533678321
465.921292013
422.434197993
2.06446562229
1.92329628094
1.67626533182
1.18052255059
131.162990135
0.897250648673
154.428507704
1.27468869286
1.45758290233
950.247922898
888.999978303
2.08534126609
2.39389620582
1.19806083867
432.803770025
510.646427098
308.515166457
139.783419193
2.24180172966
3.70191759455
719.997998386
3.01184519484
726.152957933
639.372192134
447.05565261
417.88361094
2.02287691615
303.63326633
133.769420093
1098.11272112
0.816848327861
686.37450534
0.505542797695
0.14475694757
0.231587764165
149.250955873
0.334974751076
0.767746852721
525.116152073
0.626489923461
0.647031558883
506.494366012
0.89287487376
0.94832148918
1.94409221286
193.822400009
0.886481212824
0.752241730492
0.722018421022
941.662833654
1.20129788575
1774.4254177
1.69043618819
873.422387087
751.88749764
216.240332153
1.86527522614
2.50214957295
2.40571679211
208.25951193
207.313064718
145.773292993
1.21093020606
1.18139786839
1.12078626674
1.03464158639
0.935948577419
0.715039230867
0.629481389882
147.529990367
125.69442798
0.33930977073
0.304521348293
0.0826777906836
0.0771453341346
0.0673652159244
0.0688370902848
289.54477855
287.652287206
0.453763012567
8.17670620504
0.185343587714
1.90040898199
12.0069464019
1.82293808662
9.64542526268
0.568547216905
5.58499535458
2.04764620008
0.60906392478
0.758964714261
2.16538665689
0.538922917837
0.714420773808
0.625725142189
2.93122285789
0.581635064631
0.506257949947
0.488057925295
0.468186160016
6.26835480056
7.42863524831
6.76730602181
4.97713057078
5.82679257868
2.17491071136
0.294457812064
0.277045206847
0.233640926112
4.82387826449
2.89850047252
4.74033829082
0.268723591452
0.263671991023
0.259779914573
15.1017706484
5.51399906917
27.9545710533
1.36160157335
1.38726394185
3.15510808774
6.71102157795
5.13089648538
0.23050912294
5.37963714082
0.432181453664
5.10544546744
0.514556674495
7.4136507677
6.11941216609
1.89266634416
16.2715050227
21.5673161553
21.329599695
16.6963688763
0.449651002764
5.55974634122
14.0669508508
8.9467571725
10.3528003704
7.85658537502
6.54489887872
5.87579005202
9.51317383837
10.5097988179
