0.0
0.0
0.0
0.0
0.0
0.0
0.0
0.0
0.0
39.0876579561
0.0
0.0
0.0
0.0
38.4163529399
21.5312826186
0.0
0.0
0.0
0.0
0.0
0.0
0.0
0.0
0.0
0.0
0.0
0.0
0.0
0.0
48.1198840092
36.9381986982
0.0
0.0
20.6662168543
29.5302696369
18.0293141706
0.0
0.0
0.0
18.8093217525
0.0
15.6938368453
39.6874408499
130.753031734
0.0
0.0
126.540272207
32.2142717596
0.0
27.3124339345
0.0
0.0
0.0
0.0
0.0
0.0
0.0
0.0
0.0
0.0
13.425851482
162.056318061
72.7922317261
0.0
14.9935236445
29.126436437
43.0990110284
135.967535543
13.0684418113
0.00309927893614
0.0
110.954134959
116.140782021
62.0491895398
16.977931681
44.2652214587
0.0
0.0
0.0
0.0
0.0
0.0
0.0
0.0
0.0
12.6143634617
48.7463405585
224.920313467
116.964328323
0.00879735872046
18.7433662112
0.013577145062
0.00998098544223
96.4345613519
79.1832871774
119.163126924
14.1346862388
81.5820594347
74.8145039231
0.0344457900059
16.9979832115
0.0641343857159
106.573072132
0.0045127728121
164.987810847
218.169746918
0.0169359334759
37.4863129801
17.566517966
0.0555440451705
29.6900876549
41.0898203156
39.3615280287
0.0
87.5924363739
0.0350188881612
30.5222916132
22.0726694897
0.0139890436309
0.0412925574654
0.060780760497
21.0815489234
0.0218770845153
16.7452885869
85.3083446623
13.8185928207
14.6463393851
0.00547379510788
0.00765340744115
22.8718481695
0.0291400977042
0.0408894678802
0.0454274395995
14.8523629281
0.0028376939186
0.00414904580943
0.00482269340306
0.00328922994669
0.0
167.930833198
107.917441091
0.0350811470624
156.214552229
30.0452668249
214.383395143
316.915147729
27.3348046338
0.0145937475218
0.0111188303102
0.0270612628483
15.0827752956
0.0278340529182
0.0339936540958
0.0350193097572
12.6087832199
83.4651254394
0.0362387043488
16.6483643191
19.620751489
0.0293304093178
78.1965242854
13.4472669937
0.0604830261592
0.0560173099355
12.8519556592
0.0425909648118
54.3401423509
105.592345926
32.018812469
12.9070523284
15.4267384097
23.9930999413
0.00282964926018
16.9891465369
0.0167627037925
12.870442361
0.0129470437567
17.2737303055
0.0588044454332
0.0666129487223
35.5471103908
191.073329578
115.815117958
13.0282441865
0.0164483873633
15.6693452864
0.00166058001082
15.0949144057
150.688061291
128.697394663
0.0183227597167
21.8477628607
15.9364664584
0.0145319268121
0.0203548115914
0.026870546467
35.8988394512
40.2440348808
93.6159140737
90.3922226598
0.0105302598828
82.8232829049
12.6883901939
40.4024234925
17.9153144193
49.7510472482
19.0658312832
14.5493127985
19.0068768077
60.7162512524
52.9140233106
39.9323818084
40.4713987928
41.3844601704
84.1668858146
144.616725082
56.0570196449
47.8702446705
22.8566894354
15.0232033832
56.7930238749
39.61408864
43.0656829476
85.2334190079
19.6642152666
68.0156271113
20.6745428164
58.1041841246
32.8660033763
59.9773628729
80.7881272224
80.6169031223
71.9115718629
39.1619541846
0.0288195510658
131.870871245
123.171913921
64.5126498941
58.8386157408
40.0198363272
87.1858817169
78.2279453802
69.3318605111
0.0617794346042
78.7744325566
43.2209437026
63.1726431692
50.2850448196
46.9640110213
122.538186827
86.7602469496
34.160149918
0.114885387908
0.0482325985137
63.5775536174
0.0644971727717
47.2041123934
54.8950769897
134.019527131
110.559674979
41.5949656946
44.3183065684
123.628828714
20.7088846963
42.3075954891
44.680041571
77.2145544042
63.26655889
44.7978771166
41.007090085
120.49924485
147.87912699
40.6615895381
0.0764234924168
32.8446847548
16.9066103848
0.0590809142258
54.7477977894
34.4256753019
39.7576967831
86.5339310907
66.0097245248
20.822693882
68.9402222344
66.71489184
0.0329647185187
33.9981601606
54.6634540566
109.897518235
12.771571108
66.9920090759
27.6655606453
32.82724581
55.115766542
44.2239934664
68.2712888394
194.280471636
26.801194578
32.7556720438
31.1086068584
29.9601466846
38.1705955166
67.6712072276
20.9737072608
159.113933863
48.5800434701
0.018678513412
31.3821080749
37.4799702942
65.9084190432
31.8985976948
28.0699523609
13.6885492345
117.612585926
0.123629161239
0.240286192278
0.209063804486
45.6173990775
18.6044661421
35.9236169914
73.7403891864
22.4373429036
19.7376386035
57.9701658338
240.03334799
13.6596408974
44.2143802581
106.176194439
19.780118222
34.2314853862
252.205388672
0.0909028057227
301.542937634
13.2342990667
17.6191138636
0.0618911860224
0.0997958379572
65.8112020179
0.125610777234
0.108603986069
0.145771134952
15.7417411974
0.203023400328
0.180777669323
30.4275334456
27.7808089359
0.201981912579
13.1414747925
16.6593884424
17.8373340436
0.0102275903244
13.5158210138
13.3416149776
0.0376598037058
64.3268701624
0.0102405874019
36.3410133007
40.1888983184
0.0521325940893
53.9998037097
52.2374687669
35.9867398849
36.2766084337
89.8898679906
14.1785141229
13.0091358244
13.3330610404
14.9125352882
63.1287373531
58.4036531833
14.2040706745
15.414084108
13.0284658906
54.5141067711
40.354251703
61.5488763113
43.9593405612
48.6253857842
15.0213941335
123.493705581
84.3503888617
15.1149754257
142.513217696
94.6221152601
0.0372483154718
33.1110692713
101.507167945
94.9883427983
174.029963218
104.849338667
131.209253037
0.00784660541754
0.00736766927343
69.6417719045
0.0
63.5071044464
43.5446378144
47.5158071541
0.0129099242731
72.9834118551
114.770253329
78.340326512
28.8751335139
109.065766392
0.0162992482194
246.123712137
12.6834694537
50.075360548
22.3725118814
24.497100081
27.6367959577
29.9722176939
12.852250133
30.797603348
120.345738014
66.2512373513
61.8628308684
26.8759651617
32.5447555531
228.060234307
272.383537788
14.3971668125
47.6105851804
21.5734461772
17.4624260165
97.0581034018
46.2343797271
42.5629293092
45.617426481
0.0344288406558
1141.70480797
0.0
14.0363705827
0.00328814904908
33.3623262858
14.6648365706
87.2557678358
0.0380109498845
38.8397380439
75.3823441701
0.0244038300073
60.1474357751
40.2150142624
30.2864468226
282.167176541
75.2195892702
0.0161077203699
70.9218552722
85.703973522
129.491729094
133.420068978
126.006082818
80.847763889
60.2902099448
0.04401138871
26.9287614607
39.2346688652
86.1550040722
41.9054656825
13.7232381244
44.2049378315
71.5277189693
58.8349509998
15.1677842445
29.5335940265
18.0583547492
54.6830550059
0.0314210070268
13.1263870101
120.778570989
13.0689113572
53.3721292477
36.4728462538
125.920327698
120.696526752
96.6285279947
97.7463103836
0.140495717072
33.0308357533
30.2644148205
0.199926924159
163.484959139
14.2678162028
137.368130004
12.9878977146
24.30494227
0.0672171252064
282.33867032
13.4968550506
31.1624631193
15.1513217321
12.656710915
16.8402600127
0.0726127189967
18.6501847513
19.2625243823
0.0864738823038
16.0623179883
13.7199966393
22.5525946425
0.0594170948496
0.0795308156416
0.06964320553
0.0434697246372
16.3450054432
16.5836380891
14.5420921685
15.9939681008
274.675751889
382.800307299
33.5029653239
17.9376958418
15.9151559862
17.0404412803
0.0136047015864
0.0260253397716
20.3720314115
71.4817753308
36.1748829187
71.2296976325
0.0139787078819
15.803550883
0.0324807059619
55.8907885639
39.5457109502
168.058818806
187.022818232
92.2895139841
43.0073126013
12.7632677933
0.00508145148907
153.910561895
156.470740983
72.2440227711
118.97397567
46.9124241129
0.0255273571773
54.4889754077
34.4084330079
49.2009226687
39.2264636376
40.5184415688
97.9303881256
88.6776400747
79.6921101699
306.479496729
0.0267284862018
30.8834688119
0.0232971165835
157.969907049
154.163876546
23.0694231077
22.9932243757
134.300661806
44.3807224406
16.9388420822
20.9575763487
0.00648557517151
33.7967663165
0.0153276989827
42.7767552974
89.9763029177
0.0324475482813
28.8103694133
0.00878664234556
36.43790637
68.0754248456
119.031460754
17.8776340158
189.165316878
208.586045888
13.5259705681
21.0853355002
687.731771031
544.193032034
178.186913416
51.2735452693
14.9196348136
117.308195838
61.3905613467
0.0591554380654
14.8489260722
43.9534078616
56.3683951198
0.0440950282538
15.1371598806
15.6176627065
92.98758867
0.0473774303594
0.0434732428176
0.0520575919848
13.9674877471
47.8899300288
12.6785389168
0.0598438043121
98.1801923066
83.4233036142
75.4961922956
0.0565901167123
1482.09701929
60.7832375316
0.0408865717588
114.64776404
17.3476267001
0.0387979130313
107.456947569
35.7718524418
48.2351323081
90.7301771559
81.4818787511
0.00731440281094
0.0
62.4004610531
73.322036304
152.310201027
75.2819470438
52.0908716733
186.675053725
0.0312323709628
43.8268743777
76.615279048
54.3418945317
36.509412663
58.187418641
45.790664876
79.5282671067
72.3648454487
46.1437983564
15.7507484236
16.2667162663
110.4766854
62.9149434966
49.844475847
81.8746881959
71.0492207021
134.495597886
124.415186946
188.446244995
0.0277496099262
108.003044559
17.4740162557
79.002642559
0.0674804609102
33.0593648439
0.157975378471
35.1777019502
25.2517731613
24.7900115052
24.4239679763
0.0114711090156
86.9759932206
138.901873098
15.2658377919
226.961481459
0.0292010917855
196.04834081
245.259403726
14.0343858023
131.126318523
34.3580526062
55.4562463619
0.0387869579922
19.0784455554
0.015297665841
0.0171354430892
73.5689143739
153.447627147
14.0456664539
0.0761997151547
17.7689038457
0.100638367153
0.14296000984
62.5829083166
14.4288907033
0.0614827227073
13.1379651655
15.3640441396
16.4367482294
0.0493257269209
15.6992234806
21.455631078
71.1066851021
231.205122745
22.020019222
131.427805773
0.0607941001867
0.0529529341767
55.0360712621
36.1178396303
16.6186465515
129.486541706
92.9235492867
130.908085004
64.1135442625
17.6761529649
15.3987803096
54.3342627296
98.7381037878
0.0512603479066
13.2817269802
125.300445914
119.920962115
33.1778366994
39.0657403422
38.3236114321
42.3779971235
87.4847474303
82.6225141885
63.6604874265
96.4841633279
110.876398863
14.0338841357
0.0485558819648
15.3231372207
78.2258800303
42.2135100166
0.0216411369036
15.019112805
55.9375429702
21.36464442
37.2618804648
0.00793802422685
62.5516438771
25.5248373132
14.4855250525
97.0962744805
0.0381187206011
66.4952012757
77.1157257805
38.3772417653
70.6171086903
112.675955209
128.614898981
0.0191776713746
71.2693359771
90.3368595613
223.375773
27.8700745724
28.5211178596
29.289459826
17.9896903241
44.2722650136
132.766113333
50.880389797
0.0447872650541
0.0234556132551
136.063468793
12.7047200944
57.1014876249
56.3097859441
54.9768998661
111.520092193
46.9463785827
90.7122418371
0.0739215878875
143.070761171
0.113864586898
0.0772634827813
0.0537896379601
14.4863881594
0.0286844017198
16.7803586005
126.898412374
0.0349927153803
196.511880072
49.9917588945
131.824720972
0.111000357476
15.3070946401
0.113173580665
110.18799754
336.945436793
205.309299099
87.3357971893
120.720155865
145.654936624
60.6284911362
0.0644276967511
74.3689056163
131.612300176
49.1010898194
87.0874439906
42.316641508
42.2872223526
61.8801328843
61.4452494564
0.106407926821
35.6312110067
150.365381616
0.0437314232367
182.346013401
354.027139978
0.0294298255395
15.7908569692
53.9321021219
88.1662451368
29.9906758107
0.00618407845579
0.0264541175432
38.9620165913
72.6662340082
55.8511371415
0.0253308848822
0.010859791895
0.0626215097838
43.99275813
15.5343560304
38.0933886283
0.16060996765
51.4198822736
24.4992108117
25.2769596549
184.214818989
51.0682804125
170.926480953
0.0260194063013
97.4968642513
44.5595991251
159.220335943
0.0734977594351
0.0692290319979
0.0610403066375
18.407097685
17.6572789445
0.0433234080054
16.698672313
16.913411201
0.0428817776573
0.0376552202714
13.5990641837
18.2969812972
0.0727144254795
19.9436608895
0.173114161727
40.9736540831
0.160246564263
100.267508847
37.8342564949
17.2602334723
0.125718168398
0.137889908876
40.4743617498
135.117049595
17.8309077043
75.0349895938
14.5627939949
0.10172189294
0.0589082345493
93.9779727763
0.175501187556
13.0319777523
14.3751484873
16.3331311416
17.4334792689
84.2748016948
0.22523639497
219.157232113
13.4904009287
296.983220358
13.2887498697
164.538868063
134.012694879
70.1064107639
155.410818014
0.0737737576626
25.7410424508
78.4680626852
71.7387548889
54.5738802181
0.141910580285
0.182165243994
14.6274631592
170.488725891
148.304940123
0.0457581137614
44.2063564826
162.772079162
166.674677441
53.694776156
87.0163520922
0.0632557690364
34.0701331098
200.078502292
33.4790241761
17.3945469794
110.823247417
205.663782265
142.624225826
0.0537832424128
95.9106205883
132.729198736
150.708036246
14.9775038949
0.363251222725
135.401230656
17.6226742405
14.0020663363
28.8328980164
65.5722565885
35.2910591882
0.122742922513
21.9358211652
22.3776759064
22.9378247891
17.0063273748
0.119620609807
0.0581323469787
0.0290775237622
0.0252608497953
0.030218457745
0.0391028142417
0.0356590032966
117.329658635
91.4795201694
96.8920561367
165.048673197
212.890930593
0.0889554710153
24.7147607294
112.53192922
100.41977577
20.9206929436
167.137092562
165.296247553
0.0267232629166
0.0171796928479
0.0325970157144
134.367342965
72.3131107554
0.0385785445119
118.485448354
0.0851448537154
0.0952751055492
29.6413453124
16.857269587
15.9090907056
0.0758877227471
22.7535670492
54.8389030325
0.175678604022
88.110784821
20.4758523177
12.6670544821
140.261536198
0.101960384434
0.121285232012
19.1811632997
118.174129626
0.0811440222287
0.0857141866139
30.4045359001
0.174360365326
178.827148895
0.666522910037
73.9378114355
13.6678567248
16.3131016887
136.538699466
0.668603078623
0.680118216378
94.0040170085
100.029405987
68.0522152904
18.046374917
133.410226142
0.0153594523084
13.2141605233
205.431892805
106.021566851
0.0713645613731
0.0284886442371
100.395138397
0.0527460547266
107.668995531
16.7065625402
68.1005581884
102.614714695
15.3788043141
0.315857157685
32.2148490963
36.7545582083
120.279951631
0.334234359279
68.6422504179
108.738249929
19.5446861865
107.2079707
54.5110021459
160.204748783
238.951496068
14.7940644367
44.5196460113
13.8761861825
49.0670295691
0.208747847102
0.231595873491
0.248056944333
0.115287979934
13.367629899
0.148184755543
21.7416889987
208.796012945
0.125413121025
120.284097433
0.324487770912
17.1695351067
0.133861641385
0.142957905385
21.2543560204
100.593404906
104.776675634
0.143315134644
94.7664058993
306.507726092
163.441702701
16.039419733
20.0510329009
13.852255892
100.550892729
102.673621229
82.6757397475
74.6457378537
196.011781595
32.340264883
207.386455419
0.103223523971
271.434433996
242.003464519
17.9783543515
48.9621134441
13.6085835694
0.0653453673986
0.0632570616147
0.161083217153
0.184532634954
85.6612459152
78.7430808817
0.131714899132
16.5381632394
205.06828198
0.107065234608
0.124383034577
71.7708049086
65.8666181569
34.4131766804
0.0365518845704
126.039657091
18.3631607101
34.9850692197
27.1999422114
13.9754508497
0.100977156721
72.9027519406
101.867913245
126.698591663
29.4014310252
15.0273346125
17.8920404717
29.2976996572
148.761052619
201.367250836
198.052732027
147.541687556
54.6706259938
21.2352648063
102.212826078
275.358343434
221.9470195
135.694577505
0.0943829525435
0.0972167010615
0.115470855622
0.137988167958
12.7852254598
0.0897603833062
155.656921603
164.347032473
85.0039139489
0.0902629378141
38.7710767734
0.140148288576
0.133091338988
93.8629632991
27.9801985678
13.184762106
0.0993627161505
0.290133331896
34.4007297742
0.029329945492
12.8310745703
0.029201593301
119.208464591
54.4204266519
0.062125196488
115.640126368
0.0805228764708
80.3954438875
16.6996775069
0.555283320865
50.3011508694
34.3641577583
41.1060583026
146.696196751
45.6584752273
87.1120654097
39.4637391558
13.2958807022
337.805084302
137.550690321
0.037727004453
0.0264293247075
67.515717898
0.0497951988063
50.6754996658
15.8836874804
77.4678157871
184.296361103
22.2579484481
50.9176709187
0.44815533654
28.8814677529
146.290714826
105.921339153
77.9958784272
0.566761756804
13.5829657219
141.334912774
15.2780087881
131.322192696
0.00923042674385
47.6348062488
36.4255490972
15.9271587367
17.0714253737
0.0233046823
103.338383584
0.078871575563
127.694938118
0.0544038158496
0.2367419443
0.228527924869
117.176877885
88.822144068
78.5590486394
0.404995256457
0.41673346832
19.5927726132
0.383132709831
0.218185827658
32.2814596294
19.5490330527
20.8050586058
15.111311507
18.8067260125
0.150753565385
0.174310999659
0.220805137652
0.228782630914
17.0956972656
12.9799072424
0.286267906182
0.180721838759
92.8178725835
22.699945073
0.136525954575
0.112530468936
0.0997306696101
0.189348887795
14.178186181
16.2327667714
0.0872572842603
30.148425321
13.7187200486
13.7352654096
29.9689122972
14.3167341582
103.957381595
31.2114529729
20.0966327778
0.104200082011
190.769550739
14.734412792
34.5337130729
78.2927468021
173.176372716
285.768010529
0.13588405681
74.0183444991
30.74844041
0.0547140854292
55.3174090183
52.026198306
26.4183950807
25.0423877839
29.5454461583
12.8826417966
41.2707819127
0.114563393971
52.9153111846
27.814785775
29.6239756957
0.0269840341261
34.493885242
0.0503317131657
144.354625739
290.966132707
196.066063543
0.0771994308996
31.5866795715
126.103911421
0.069166944231
33.016735536
0.0699942762299
0.0694669020921
15.2407391574
14.8798237142
176.598240798
99.3439179337
36.9937484201
16.1303382581
115.679379424
0.115224352334
16.6499629694
72.1963737156
36.7165896314
116.366978567
102.017636201
31.726462024
0.0455711634779
38.7400044165
0.0461066438569
15.1333271827
0.071708109869
30.3228530622
16.4972124581
182.752415726
27.9273788852
152.937653056
0.0702454127858
16.7089867226
126.986665025
127.61132914
68.3009899625
13.975129777
62.9720052709
14.663578972
31.2824518419
47.3612922086
0.116113410844
0.0443034078609
42.2156762293
55.1757213329
36.1646876004
0.0511554978358
271.874915113
153.164613943
33.9986878921
160.388696204
122.974430448
24.858644013
128.721395104
0.145735660207
72.6355228063
0.325184802269
227.546966699
304.201961848
55.6608891427
30.3485398681
91.7651914693
0.0759421338641
54.571213882
0.0471841825072
0.0368686569826
27.5500501481
13.2755622417
0.0394518382756
14.3291325442
14.4950114011
13.2349411109
0.0928779438963
0.344083333499
15.1356352976
68.4346019673
16.112792191
32.1546966721
0.195629104602
0.0996391566946
0.0678096620101
0.0617291769519
54.475724895
0.0851112535912
13.3309750985
0.0726560746673
98.5111279268
71.2391887405
0.0847743292276
28.4812978875
0.0914719634018
42.9337120321
23.3504154493
45.751553303
50.2310532532
0.0106151087431
22.9259663431
221.931057288
64.9910240058
0.050583449321
157.927723178
49.0555578006
31.5469094878
108.661446393
0.307393164872
62.0593011013
48.3512172044
240.683453741
281.602978082
62.8275041906
86.9819433727
61.0544145225
17.6522929664
62.7697059964
19.2718402086
0.024419259976
21.3936377865
0.0103065699533
0.0172092073412
21.2011147864
21.7431214181
82.2199940136
27.5417174685
0.0686033294225
17.3317812219
51.1919341035
84.1776946427
59.6537101861
0.196692091423
18.3951973329
0.172370024133
39.8317334204
58.7231671281
22.6930883054
218.721612318
0.051223624397
24.4361985929
63.6960988286
0.0739420531585
25.7642842771
39.5436695551
134.012647291
41.1521561868
0.0576719515404
41.3863942228
37.0865133542
0.522743074878
217.73599737
179.735870999
0.5341874951
40.3887699195
0.539873590066
0.538258116131
85.1619381038
23.9968668323
59.3697434281
59.2626681841
21.2482291306
0.0739522394026
26.6438504946
17.3018712062
0.206291780769
0.262134051872
0.326614674873
37.6181123608
17.6737437715
40.3625147935
0.112170228103
20.05219703
0.102871954278
0.0841443333841
182.351535453
223.100970832
146.1591671
24.3643634301
0.181653182102
18.3834441557
0.593441677942
21.4993081628
25.5415050928
0.2950000216
18.8425908215
117.131844389
46.4639994879
53.1128069919
0.14803895867
131.912624233
68.5120655216
0.0749609711139
213.855687124
174.94597243
25.116977374
37.9176094822
59.9347337644
154.162147883
40.1131509182
69.7854302661
20.5481078628
104.666418951
74.4327866326
24.7769937817
19.8202248449
18.0563294478
0.152738546228
54.4315945152
0.25631460589
25.4332368664
0.132880953989
21.7159145412
0.193342062275
43.7361824213
27.6543916008
22.6908352988
0.160192824155
0.16566461767
0.0706124141161
24.3922024107
0.124882329586
75.8877269803
41.9878968304
18.7002742239
30.4050463079
27.9960274361
0.0981722411168
41.6464734228
38.8557543259
25.7917544881
0.136734313083
85.7499402392
170.260749446
216.302298691
30.7719668229
34.1911830507
68.1402991909
0.113167590315
0.109934576498
113.410128202
46.8518272827
19.7936465345
0.062474506197
55.4115634227
27.6571212976
102.206694311
57.2901256513
23.2744910954
26.0735643042
279.451161732
254.329036387
26.897779346
44.4955616159
60.8687535557
114.186665164
27.2605806376
93.1307905434
0.0806315744282
67.5372142659
23.1487133167
17.6849366998
0.137982728804
0.0212346880274
61.8073293463
84.2475193411
24.3720856389
0.0634712100736
0.121682163869
46.4351869378
113.505540458
0.2953756792
200.092221027
0.496355857754
73.297977752
103.155771456
79.4033172479
34.9038030628
150.965645827
82.3656365531
112.408430497
0.112376057769
161.632299851
0.0970757647425
18.2228340696
20.1744142905
0.0817570065903
0.0760319584802
94.7344548376
0.123467644956
36.2212416718
0.499093919751
0.521415391265
96.8854663442
19.7294813795
281.242508131
0.725090473747
0.721188411409
0.726075930457
36.1050060607
18.5337774002
24.8244796112
107.305059662
21.107927439
25.9910776124
17.6586473596
0.0554385871957
27.327206039
33.5818536086
18.3105765211
44.1636809074
0.113801748566
50.2629621889
24.1048505725
0.205425689733
0.470807697822
307.459999395
0.45185318828
307.794689624
342.751190184
55.6900105641
406.568207842
360.821684869
305.039456079
370.62632753
18.4561523797
23.0879099167
0.0516751313638
66.0957909123
451.76119827
0.0439611962084
55.6399081476
18.0216546271
0.115672826341
0.133757868599
0.143926376057
0.0540130602038
0.0781385435265
0.0709336028022
0.0641514075212
0.0640226103766
17.9896488617
17.4578985128
23.5687377509
0.0671233645589
0.0682408959681
58.4868914777
0.0677776140874
47.5451035213
0.0667883843969
45.5871873921
19.5386166748
243.164431773
206.285613887
110.178984934
77.9545009494
20.1348424919
0.0355640186343
1868.18133867
2455.35349773
0.0338279809388
0.0129060991029
54.662563075
0.0527478736173
406.828665248
299.955070924
92.436633714
250.890815581
361.00162812
396.384452572
268.144871736
91.1789470804
151.655841151
29.5218515203
17.4705936912
21.2528914958
29.6800371781
0.240936163749
93.5935011775
0.399512726045
108.493462019
109.810179533
19.1447486876
86.6029599593
116.921310227
30.4624704388
29.7974725684
156.44655969
34.3505769416
38.2435467347
0.0719356929574
0.0748152669378
22.619535443
17.0558081728
0.551095055587
0.657861779298
68.7338034175
314.865107137
309.50475105
25.5454084091
21.8018368004
25.6520363387
0.212847318972
22.3163393571
93.6406510425
46.4586380852
65.2208229986
28.0518461889
0.221439947456
0.234880320624
0.411997733748
0.324133731036
19.0716492852
19.4827793569
63.6220753372
47.5762987625
20.1207605656
0.392308251542
22.8131717418
0.252939317657
0.236397932924
30.7811477187
23.3473850879
85.8356480855
0.170114986043
26.1564526704
19.8550606489
0.296012470007
0.305857991953
57.6807871456
76.5889131111
0.297117505889
0.294554422256
22.7814644367
21.4909608491
0.293534655221
0.0747944710636
84.4316514313
42.8580593968
28.662211045
0.105077593478
58.6070517053
29.5835719655
19.7177201754
0.116683790953
17.4492623877
48.123714607
0.323921160451
17.5254845432
18.1749417633
160.138578428
173.273221999
243.192782487
228.46004134
58.3812914614
24.9884468359
86.6551425968
0.0830668012315
217.528097436
306.746248157
113.335813466
88.9958858432
23.1784281413
24.4776942575
18.7730108618
17.1729985455
93.1188635617
0.0662332621319
204.560159648
0.0606366933266
20.8562380807
0.173735198816
0.141790184783
20.4381483068
0.132987829258
39.4966374369
51.5229305887
0.0737204966071
42.6713076231
18.8117110012
18.013430919
44.1292397808
152.480964124
0.164667369956
19.2541299408
0.0480873523913
40.2170232102
0.0514641346398
0.0504076576587
138.570118923
17.5936560943
90.3513696324
0.214434780744
85.2155257236
0.252065944046
0.17965393752
19.9960371893
24.4764121756
24.4209813152
0.114310934532
41.1492180728
49.1638430696
0.095884218396
47.7176387327
0.0636268186011
25.7555876341
100.28112302
78.4538114121
0.0656543413169
17.5853948816
0.0753418981469
0.0670758706482
20.9953195746
90.3780890188
0.0632020309589
0.0629168627689
211.400307473
0.0634536896765
0.0679151367666
50.2226309412
0.109506082977
18.8704961999
0.0310681897119
0.032401457534
25.8496262384
0.0428661540181
55.1618437837
0.0687468915921
418.23745058
316.952485725
91.4360607304
253.599680039
330.204867134
400.01541678
291.419549912
57.7697593331
76.1320615406
32.9054558331
0.194512381449
44.3917999935
24.9089210308
0.167705433118
0.331994706045
0.433881912297
58.0268159284
24.1103532491
0.17773755424
212.285243613
19.4890631582
84.748718481
36.6873575165
114.977776245
26.7479802335
21.488103534
22.1119918652
175.396450717
20.7589068067
0.281877667762
52.7245801027
46.5417745121
248.895680755
248.597640094
0.113753592749
153.482986745
0.103541713622
31.6959152726
0.272677022176
25.639456853
62.0467470295
26.4163856687
0.166606245052
0.231868113747
232.03542383
17.9483080162
19.4937794832
56.7602230275
85.2221721197
51.9003627578
122.73932978
19.5358957402
21.432506281
18.703133692
18.8414237847
0.249099043321
36.4402622257
31.8698888717
53.9334211847
51.3798658327
30.8257161114
53.3843020381
49.296501158
191.099326755
17.9076889731
0.39825163875
0.374987376708
0.379990310008
0.378378355216
38.3157980859
72.313520653
96.3637533822
93.5568721612
20.6956061138
189.244130254
30.2319510472
0.122449411245
48.9019922029
0.130334983353
114.433370461
21.7635943165
17.3604441112
38.2225482531
0.233403291523
0.294538776999
0.241488163961
64.8742357007
40.9479948789
22.2184503107
35.905651108
20.5858415301
17.7163612205
0.129670743186
0.117768874239
23.4835714357
0.234277711657
87.0805394088
266.986420187
259.945066133
0.0724213858434
20.3940076207
0.0920345678766
72.2441060856
50.2849610587
0.0335907640568
18.6496666416
21.6881271913
0.06388848632
19.8460063468
0.0711437850315
0.0519928395449
56.0367070709
90.6991088367
0.0267830274007
0.0258498391571
20.9388458614
48.3446721126
89.6968628828
0.124708676784
0.12605595232
19.7894396112
0.0765930865735
85.2660088538
33.6054954337
20.1297600153
0.130254038051
0.198981853789
0.199426532092
19.9599593423
23.1143923324
105.150067155
92.976572374
0.186005141086
0.227698535558
49.2613648658
74.5529192598
0.167973680324
27.0014939878
19.6552658685
21.2052455378
21.5093007148
24.2280135504
21.5318990512
0.117451644156
0.11841091464
0.118022651473
38.6037879261
19.5869926806
63.4663000013
22.6099138771
0.118310519738
61.5297888087
0.128245391433
0.118819495444
0.119269062924
0.121563670498
40.7402063727
0.0667775862002
62.1157188682
33.0966500672
34.4274205998
0.0546574390888
0.0531040986875
0.0779562849438
185.312201802
0.257756912785
18.493512128
55.7670336663
32.00183112
18.8761244516
0.236467414929
83.7590794447
84.8554666017
0.10145869331
102.45440772
0.106006039562
189.178901056
19.0229294684
81.8422973488
22.4997626803
25.67013885
23.5623400261
56.3573443734
0.174448942865
41.1926731113
24.7287824577
0.223825421594
0.250080287477
0.234813506784
0.13270410701
89.6262905796
56.1420192824
21.4085683281
29.4890036516
20.3227582287
18.0473537422
18.4360519817
19.5991484576
24.096048484
17.800413983
0.00832825901595
110.666520235
85.906077444
96.7830329328
0.165779624528
0.184350816073
0.155551578863
0.182665293041
0.210089761841
26.011735048
20.2515787265
27.4652379792
0.319525154597
18.7575472913
58.0402631733
85.3387408025
23.526004591
50.3475319074
0.269680458277
50.7153397494
59.8956874428
0.246807861484
0.209634085069
102.91032814
0.166846225186
24.6261390587
0.122090845269
71.7085418447
19.8976967064
0.183325927407
18.6392970678
23.4374141266
20.3802790922
0.188558495756
80.8717145211
0.0756921077483
0.0694443805039
0.0722411393791
74.0697319469
0.0397740720756
129.502256128
29.1664585395
31.2519634323
17.2475296914
17.3199121249
19.4173653968
0.2140954758
19.793990435
0.306168146407
0.31277634871
0.339218948332
0.225077513374
0.220591387458
0.261354141171
0.25192220651
20.2783847675
95.5359940244
0.346889352386
0.353054679468
0.393207628468
24.4416950804
0.0455731609709
0.039338477261
23.4194016491
0.0810648006032
0.0647995353782
22.0085561587
93.6597447461
80.6094975947
19.4493701947
19.8202128711
0.0718366806168
18.4818733274
0.0600603818471
87.8645898152
79.7294166161
0.0463349701771
20.6551868192
0.0404149618264
0.0302317246651
22.8408633442
0.0530037781312
0.155021497197
36.2689802624
19.152910501
0.082178321442
22.4812654069
0.0845132715012
20.4920324179
0.140310673208
0.227187387147
24.1346157208
0.185331832446
0.183839833176
0.209169186839
0.221388372502
29.9678144997
0.193933900983
0.175181022271
0.14703437704
0.132138808477
0.118068090095
0.114573947324
0.105683389252
52.3004425453
0.0628396475362
0.0577127481086
94.9492408167
78.7602821624
49.6466720656
20.048085604
21.6391534136
31.564383055
0.0936246809954
0.0930847396586
452.491848322
119.781594614
95.8186792423
53.6136329684
0.063291088976
19.8237555924
0.0412378337222
19.3105610652
20.0573686678
31.4042408911
0.0646888791548
51.2692728592
18.4685985479
384.455780915
332.479190322
70.6966834803
276.546065286
261.641157319
416.867815944
364.442719207
64.3380845076
113.230183717
20.4315314742
0.133632551344
0.117237146504
56.6946050034
21.799805636
0.225948389439
0.283362891011
0.305126539412
106.85696446
69.4439925992
23.9240968199
113.367803856
94.8301365506
0.406322334334
42.4101251052
61.6750708355
63.7769914463
0.0983960330351
99.8031421075
22.7363080387
0.409776538432
27.6268922895
18.1190355352
107.235546132
127.950641862
280.999005624
0.11223962214
0.07115275035
50.9161302188
0.172703791002
17.0783587234
83.1430989086
106.409434649
65.8284385166
30.4536076215
17.4756300091
0.261344592144
266.574486531
22.5191477823
0.432160247771
56.6133526743
110.14233218
45.1337860864
26.8148156348
0.513522621399
58.9905443385
187.419847183
203.533607036
0.267459925466
0.231036714933
54.5049120308
0.165918546677
29.347842839
18.8647576664
228.876961513
0.244220570734
0.244015914654
302.839653307
0.245939126861
0.246158155605
0.245826633028
0.24584287809
58.7658639738
80.2949246764
197.725000513
0.0689975436088
18.5374238241
43.4054400211
18.7062045207
55.4757009445
0.121094092852
193.548116286
56.7625986396
160.356423709
0.212539962205
0.261329824073
0.273319536493
0.241169597535
0.177454980155
22.023067493
17.2476251382
281.184821541
0.125944917872
29.423067779
208.3042195
179.681781247
0.177730858204
0.183222506102
266.502064379
27.6184909801
18.3913843507
43.0778257606
139.643901099
0.186822554637
107.91746782
0.0373811487205
47.5027979368
43.1183544757
20.9217588425
0.073937326783
0.0746830414486
41.8514329615
218.42745437
24.7530379992
133.936311584
189.131454905
120.315619947
0.0827901963517
37.7045756814
0.0861087900898
0.134901078465
17.9677950945
94.766505974
129.451024971
80.5791620367
0.106552198994
24.2013014392
41.6201771002
20.2752631722
20.7391565782
0.255450314712
18.5724402547
17.9325206287
0.0647876945965
53.4332567553
79.6666924142
134.333443662
19.1778163201
37.6579097129
35.9107477148
42.6074083261
104.428672621
46.5044499995
0.042558970255
133.232998205
19.9980828035
440.639101986
20.2989451288
197.746644033
20.3699415149
104.919570741
114.875924122
55.731578713
230.7706042
25.0272985752
174.856522758
199.552994767
38.9890583242
41.6582970476
42.2099319351
70.4874345894
2291.79279726
46.7268053203
0.0502362636723
176.069148401
21.2947563491
0.0754412298765
38.0815943481
20.4363331893
95.625268477
0.0667378088325
40.2099506947
40.1105259781
87.0199340012
308.617704338
335.340154193
102.19134831
0.0351765737016
194.504605335
17.7898983309
0.0412972292445
128.236670166
118.512631178
41.5299878535
0.105320480873
54.2826244672
33.5059701783
44.3280264013
222.718707154
85.3346673145
187.097929098
44.9152829272
41.0827423982
55.1410401096
41.4270655867
296.245981436
45.8287041853
0.0116922340218
41.8522858673
47.5977898813
39.354150839
83.4347848372
78.7190864261
88.1213087608
22.8118827172
197.123703648
0.0872524831863
122.042558962
577.12209577
53.2694722697
49.7187779172
566.242000957
20.6967168152
463.990744102
24.7955756607
239.67755196
0.0775800373432
277.305801729
45.7379509476
40.0274766243
38.6601849903
93.0678703167
24.4558210019
52.8963893281
45.7369815004
18.2729286356
57.7022200839
46.4248010089
230.111110487
17.4286026031
31.8586907801
84.9442292242
59.4342238305
0.0364055381303
36.9246957083
0.0722565980781
346.144827939
199.727621083
0.0130014162735
45.3121920658
47.1673963163
90.7667091884
21.527556123
22.551622369
110.863650512
244.917336196
45.6224511777
108.814176636
0.129549042836
0.126366819512
208.640139298
21.6669314756
312.639837969
40.3099233594
45.5746244876
45.8813613123
46.3480861855
82.6262611466
0.0250456034513
0.0362027896549
0.0645509793486
0.0666160460598
31.7705728896
55.8432924694
45.2149979546
78.6490663056
28.8390872491
0.0309243860324
54.8231708727
38.8266378328
51.6061683959
252.298027717
48.21709065
84.3292019655
0.0175662093594
55.0774839186
97.4873150976
17.8032382569
36.5256442324
130.883721844
286.767659183
390.337803812
280.588314136
35.1109009264
0.0264255384524
37.050819698
22.2144721384
382.169231847
197.312437231
111.700358861
24.1256337179
38.8182944953
234.116062606
0.0444969376103
0.0278300023207
19.1929586554
18.8367100772
21.9490209304
173.829431247
30.4515710406
0.0573703881475
18.553726834
37.6044656451
35.3627719848
46.8630729656
270.000517768
253.34433974
0.0157207127187
0.0183868021015
0.0414365242478
0.0356671052642
17.5221560765
91.1944656105
0.0181815223249
20.0821228292
0.0222132362546
34.9852045534
0.0453064355678
0.0339518727909
182.934806172
42.8405513722
34.9637582314
45.913835406
119.890250371
189.24638151
18.9684182376
18.3318245109
21.7104595553
0.091855173036
169.035333685
163.071249994
23.3982561246
0.0
17.128706843
0.0281183280099
41.9364283339
40.2358910325
302.201374868
92.6583888585
389.068361296
38.7552362712
24.9457556669
0.123677994167
37.1616132079
0.0959465873364
58.7252925558
99.8220971359
80.1042253416
0.179011464544
29.1589939626
34.3821005444
41.5057842841
34.6837777355
211.524637478
441.944140219
78.8735708231
63.3526871243
84.5126081732
79.0402975572
43.0252457693
35.0319633862
0.0910664027368
41.2217612647
49.5927821378
41.2465620847
91.262055803
80.8083312458
262.674217701
0.0951192103587
40.2294888585
26.2985983357
530.259531689
58.7360289333
49.3917479317
21.6212945917
32.2251772698
28.4510106637
0.280872748949
17.3679611643
271.739518549
265.462872077
171.90903209
44.5868116526
39.0361947855
38.2532907244
38.3035037233
194.977823042
78.2882382127
66.4510806609
86.4796283223
288.391130243
34.2871572325
0.0174342616028
113.379364897
0.0103425667508
71.2676065774
17.6894386751
0.0143185733907
0.0162726058904
0.0234115330438
0.0237258539198
42.5134630463
41.5653611115
40.4200850141
45.2722007867
99.9184605024
57.7825168263
217.6868165
108.891690333
63.4396143515
89.1170113593
113.733452526
0.319855390758
20.4443867223
0.170489998772
17.8680326643
32.052906611
35.7866530298
35.5771226656
62.7885180373
90.6453894828
262.906230651
168.756035119
20.0178372753
0.0607123847514
44.9381594643
85.0663724035
19.0069564902
18.310153496
0.0
45.327226772
59.7627530864
0.0
225.012635002
360.372584068
371.293564809
140.104045989
0.0
87.8130412533
248.242798688
0.0
0.0
132.834993359
60.6592234125
92.4835424978
125.923031383
110.517911741
97.2699934058
40.3726414586
0.0
213.126451112
317.090753017
400.811903889
393.146370376
188.362420918
275.13317373
268.280490943
67.7371934003
30.8949169691
0.014789703351
0.0217631645452
17.74338172
0.0236511575905
192.436012787
22.1815425342
18.0105141838
0.104594848642
19.2771220681
95.0625369197
0.170782529592
255.765475675
0.04803675572
171.84127613
0.111392598687
0.109735735607
0.064736148482
18.7853850279
24.3147521499
0.126409098749
124.422935035
0.0963438076164
0.0801976916259
0.0694229628913
38.8885990642
60.4920756513
38.5353624784
76.4609311273
127.978664738
167.463347669
248.083315805
40.6829108304
0.0786571405891
22.8635512286
46.7542957301
26.7363881635
70.0954130839
0.0150251611301
69.6792918519
104.304290357
43.8213931211
44.3836816893
43.3530020396
89.0859661767
210.991025201
228.926211159
0.0833337954108
38.8537298512
36.1703521042
0.029335188114
25.7808237363
82.1389227905
26.9767978391
49.9397916292
25.0939205216
31.0271764518
40.5956895855
40.2141266873
120.119125279
51.2037038845
82.723668874
24.4648546056
59.0462901482
0.0455533476575
82.1051869034
46.5997929852
20.9281305721
22.9090935066
0.0176749084473
233.459557636
0.0354970712964
39.5070487385
0.0535540780199
81.705768465
61.3802790818
42.9128226336
23.4603773037
116.282092439
39.0523898091
178.02241673
395.150592791
0.0414549367835
61.3954319581
43.4410764404
38.6478609503
72.0118275474
36.1218278652
71.5182111303
0.0
42.4973703641
47.3523703669
46.2327544442
45.6359602227
208.14910496
281.686695535
65.180093337
0.104218729441
0.0351959792953
0.0535306482281
29.3359708766
0.0552344784208
0.0682476369726
17.8764950246
0.129922055395
62.1706974582
0.115523656666
70.5937956264
45.5996659219
81.0082864167
93.8516072346
69.2140487366
0.102943869213
36.3242744681
84.9427326941
55.6778323697
23.725128825
57.6984258083
44.8763099248
43.7496137224
100.366414317
91.8950333123
83.0739158009
112.051543372
18.2581031179
181.590944372
281.146840427
369.397926806
205.968012933
0.0835116237063
32.9627795156
73.6836191596
0.17279377
21.6737599061
17.9583035665
0.147682942329
67.9067858178
60.4920594757
44.7743827926
21.1107351174
49.4124015582
276.374579785
87.4039996108
180.913230909
97.0660001864
23.8634461259
30.4804728355
0.0560865107743
23.5631453418
80.9451302311
69.4920778655
55.9523133166
44.4261662496
29.1493020186
42.8178311501
0.0824057173818
197.83087709
170.10428497
49.6690399734
48.9847623015
177.502711931
228.865125714
497.889101869
0.16457978627
0.0418329130676
30.4789266665
38.0529401051
57.864423837
0.0814370900409
22.128915898
0.100855122856
68.9131152322
26.4122524591
36.4862296257
40.4866577019
42.4615361444
66.9643399297
55.1119507152
74.2466522955
0.0500410462584
214.046232536
0.0579546431413
87.5119340826
48.7703233446
185.743977462
0.0133103997025
22.1238159523
29.9336054324
139.993879079
0.0241823421597
39.3963080535
0.0205170623333
17.4600793925
44.3165253878
22.2323132806
41.9266680257
101.288303871
84.5208118197
53.489717002
27.7253972491
17.891780661
20.5199187509
0.0263140698095
167.141508736
61.4559500872
129.809437209
20.115350869
166.525875061
322.197316883
19.2548431458
259.790504161
0.0314961716157
102.773875677
0.0787486390512
0.107739226564
28.7453556798
0.155760158025
18.2392275247
17.8425377666
316.546390055
0.0488834075965
19.0672989999
16.9927439119
0.0691387698499
291.183003429
108.935167757
164.101721829
37.7221990566
0.0142408973944
27.1244442009
164.359980822
0.0216584030828
53.9593736394
53.5980077355
26.5501098635
32.1956655017
42.390578889
83.7022958375
32.1381590195
23.6628788023
17.1887289909
57.5990485375
44.9901483613
87.1971429107
0.00988185953976
169.383802966
39.7802365078
125.608025956
371.032813623
0.0450797943961
19.7293734994
0.0317126585226
76.9151074959
305.66790781
56.095397549
62.2699188765
38.0001631469
42.8672493013
95.7486473042
96.3818974919
49.5621215865
37.7595076353
0.069898453297
0.146710214157
36.5598055186
86.4813190422
112.077073199
0.181894134276
63.4287242825
101.022996614
42.2330356572
57.8841990125
52.3567948403
144.199216454
137.903969415
52.7838689428
43.5017808888
59.7078473051
17.4522884572
107.306599136
17.5252591942
48.5789160827
84.9498323775
78.8022524101
109.174520795
111.913375342
177.923307451
102.472817392
58.8611766162
57.3963407177
100.05292042
285.917721823
88.7416397102
170.340424417
351.675276993
165.538854874
0.225577206885
0.219236212598
58.3807224175
0.199382992019
26.3290520927
180.023903514
0.127313016109
0.134607965435
52.9765482666
90.7863070987
18.8015733717
290.259197186
17.1731754145
200.401632816
0.0317376547491
69.6875241492
24.8844186819
37.8892895281
278.353956132
127.642115368
28.0149907023
28.3459424196
49.1942970347
64.9652385381
99.3039008822
24.9490919851
205.992111267
39.7132620745
95.8744689363
95.2339868327
19.9241554191
53.4681441857
31.811969111
298.172748028
63.9209537453
70.9158560635
136.364031426
111.824431944
107.616223048
140.090694554
158.282914154
41.1408256054
43.3524024166
20.6431751936
48.3891198853
36.9220262404
0.0426589813668
0.0329342498507
0.0282940563538
0.0203923561658
0.0165834057279
23.1459158653
35.0912301352
0.0
17.9627308907
68.9948363936
337.156466936
318.672585067
0.0
380.127753143
330.5613978
101.914513924
35.5602934559
50.8446205628
74.1489355706
293.223647433
394.795064179
345.233604063
300.264074848
0.0
18.0254402338
0.003215616571
0.0
0.0109672933973
21.449332318
69.8673244857
17.8802242117
0.0413385134016
44.2473516895
22.9071647356
0.080556492734
0.116481482099
0.11058061155
31.145656764
297.0710457
0.150824031389
48.2817338978
0.121074237195
0.371334839323
74.1993341222
0.359501218672
102.035085763
0.450017900001
30.3475669133
26.4533087122
17.6020382012
0.195613968943
19.3385963085
52.4163706772
0.11642804962
102.631254653
18.9820345389
0.143396885858
0.210938986671
41.7656800116
25.1008910894
194.498559811
340.727494651
19.4385260688
50.5359969752
19.8405073966
59.2833990139
186.456990722
113.058904144
0.139120309437
125.97229262
139.271005972
0.112086376771
0.126256652402
0.170132656229
55.1697654155
19.6476269263
0.123218857862
16.9394000318
19.6090896459
299.498704982
242.127099502
156.276953081
227.531536057
0.133254166647
0.15257448448
62.4539601331
0.114226115291
50.2846560927
93.2209414251
0.246595474694
297.819531575
265.12890794
66.6071274182
0.123270685465
57.8616104604
0.13072426704
70.6360993963
20.9400294299
34.3479469497
39.744954734
21.4267164851
178.34852278
0.831501487391
17.6114458903
0.89207750024
174.570453927
17.9666779786
391.857347536
23.711743243
94.9707146602
171.192446826
289.159605149
21.911708038
27.3764797472
0.167651000253
19.0489312661
0.171007917728
0.15233845899
0.167895587575
63.5910809494
0.235075707197
18.1430599067
17.7561051001
66.3545540321
0.433664790926
130.212310408
217.299735792
37.7592580965
71.3355862873
17.9328017468
0.101636872487
176.672965952
158.63350519
28.4889560478
0.0150718258415
0.00975537742631
20.5168956121
0.0541702276718
0.0360125531105
0.082869241977
48.641843709
23.7925889631
102.451122499
288.026077192
0.0734548562926
135.711258878
0.125833542459
65.8353664021
60.4055887666
233.622193178
103.481365513
292.554771052
54.4097111292
36.0937564065
22.5256593175
248.42766618
0.0194201283187
0.032079634438
17.973474919
16.7677859509
21.8749487533
0.0425965458314
42.9448618761
241.073440287
76.5161310956
19.4578861872
217.191379455
30.946911475
56.6409205243
128.01611521
93.5722582265
69.2008798918
375.321604647
62.5526424821
24.6465734271
67.4990411547
0.012880247337
175.825432733
286.705386942
54.9167788263
221.965631168
44.3233645261
0.0789522597229
39.8202894907
91.093091158
385.140584951
22.1412994883
38.6368705968
69.1251045764
32.5307368534
41.7395724302
161.364233498
0.481123149092
37.8399598894
24.6661574935
17.7054143969
336.868718277
41.1232632791
74.730303586
0.158142291416
24.0968381981
172.125719483
0.264283485655
42.0252227902
0.429667656899
0.129297910603
0.0742009592165
0.0807747527728
0.0815042410561
283.055601141
132.154817321
0.125512822648
0.149208978073
59.0062484538
77.9544921695
17.5494961543
37.1193902523
0.113607069175
175.416366549
0.122914848791
62.1428462776
237.578797482
44.3203408582
16.8785637212
73.1012814677
30.1067520442
91.5306728343
26.0303295375
85.7134911393
0.0626895982172
18.2633023287
181.373436732
75.1490504296
188.658675285
96.6301882302
54.1011431313
0.128586419648
24.5190684332
57.5774367638
18.0240546622
168.454508384
56.799508595
0.0976413815069
0.125062183657
100.420369055
17.7312628882
57.6175171106
0.0703302164467
88.0153623874
76.308111668
232.335138243
0.0782972979143
0.0917701658869
98.8210327531
25.5641195555
50.1652131029
0.0725192868787
0.0870007452886
0.103413364331
234.299317695
0.0650041342753
59.4401728915
39.8241837943
110.304912241
0.169848015785
18.0012235057
492.21648486
0.138445594861
0.13581774346
244.200117326
87.8942608815
0.125712783817
0.133454335834
0.0994528962509
452.659219152
72.5240994662
79.6397595225
0.119060456717
0.103569818425
0.0987057669309
0.0942733056753
0.094083271722
115.095946719
54.5001198045
19.1469435736
248.710294051
21.4132561628
30.9814445654
0.193177464579
48.8889364529
210.189414693
0.109447461235
113.755134845
31.7017117653
37.8825157982
131.747211933
129.771624525
0.226900381559
0.0
20.293292383
125.795928159
20.081882027
25.8770337266
20.6107650516
50.0896862721
26.2568331997
67.6999299834
120.558261363
100.015230182
68.0191223382
263.975329048
124.73705204
170.931096701
0.0114015119037
17.6834107705
237.85373446
0.0184232703708
158.274429092
39.4117622511
16.9581993238
72.7556110098
193.733699341
0.0243034294985
19.6621573957
0.0305557703928
341.542678779
61.6622276273
103.86828786
275.939272195
88.9227876537
0.16576005656
28.2911254703
110.286039325
96.876814816
0.148826620313
190.256145557
29.5010290317
26.0268115112
18.5422776891
117.199629131
66.4294992888
87.4454584742
31.3970468832
339.354730403
26.7992706652
48.1460836996
371.547607038
74.2602077405
342.245885818
0.155262682058
0.446107230408
132.178346161
22.358431562
182.162141874
0.424368262631
0.42746079208
310.104984638
281.983877547
0.230471177079
0.0519286193972
0.141065170144
22.1938425138
22.6417273584
0.199335194859
224.966390243
17.5835041151
0.120066368957
21.9161038727
85.7495604053
493.995639486
0.0932334415745
17.8644169861
16.990729648
200.765199639
103.426935263
209.449336825
92.4376181858
0.179066502707
52.4486234819
25.6299962267
274.143703369
114.10387299
0.122802223291
24.1198802624
278.141158662
0.0582989718499
46.6529313767
24.5183584848
316.38189712
160.344777288
77.6547306696
156.149173382
0.0703854212611
336.434431595
0.115675718751
337.678889868
51.5969298997
65.3519616493
28.5243870382
48.6513856539
0.179543491197
119.0237995
182.187209083
209.064814265
322.731960619
489.374383609
26.4532910116
0.232199855895
0.156570310608
78.1493830038
113.946068898
150.446243899
0.0842472573594
225.040775788
0.0760819705872
178.544585841
231.143050291
91.3091653483
142.68802314
0.0710886573533
0.11034417187
257.611484843
56.9626147849
227.062864004
18.0761298799
0.14624615326
0.103657097159
109.066546207
38.3158451969
290.5486903
97.3501733664
45.6936375333
91.3047774882
0.196737373581
73.8548910788
0.191860732498
436.520129707
22.7009495488
68.6720674729
100.861085807
100.36984903
60.4112769893
18.4531275898
115.748752787
250.232314129
17.3391047343
182.841426804
90.2374967884
30.3525969213
41.8931808076
103.122060043
20.2773494732
17.110714999
0.0725807187905
0.0764516926592
0.0618285491178
108.823589027
195.823498618
29.05539365
70.7350540794
0.129262048509
183.12608067
0.0557744144786
0.0543562978078
325.957842815
87.8230985007
165.714161292
0.0639124867822
119.205448462
24.6413480451
68.926541482
0.159297991441
112.842472566
17.4282261185
47.8287166046
0.123403723988
168.694673441
19.2131034619
88.2560878979
96.643286845
21.5722650334
485.491241639
76.7866303242
22.5415539352
16.870938239
0.0504280517158
301.66710443
114.214627188
0.0612176351355
104.488248828
35.1190870036
48.5182452124
97.3002481697
25.5399487877
73.9971741888
42.4697887838
20.142011967
189.516647525
216.622925536
153.152711621
145.34310854
0.516300345144
0.0258196158548
0.0601382267653
0.0512261919728
69.488467377
113.522553278
149.603268123
237.666104719
105.799147458
20.6648712782
44.9921641358
87.1455657795
51.9075627881
21.5222527946
321.359205738
419.448019598
237.201198351
50.7128709295
61.2428876519
84.131950813
21.9936793049
36.3632284191
21.051463811
229.263077856
128.836817484
42.1774929353
111.664331072
24.5007861297
0.13759744013
0.159911002503
44.4816712783
79.9452499188
55.2662905733
213.599149434
20.3771413028
0.0810360213969
0.0567108504671
61.3925618591
328.94947621
21.3119032869
0.0994741129202
0.0724241159577
0.0652962536999
0.0707724462792
20.6310800975
59.2569843592
0.0535022825838
0.0517304470954
0.138513982615
104.224554455
49.0402718194
166.375097523
182.428080142
78.5545613863
119.169974493
269.602203495
59.5905836222
0.0498693028303
217.037468948
53.5653250806
0.0822459178533
87.8898858288
0.0749214978414
0.0545826520746
129.068017104
0.0876821683317
133.307157735
25.3717116803
228.665057287
0.131105905459
29.7675437266
293.268973432
252.802930711
122.405841522
0.0539415875008
24.6600964213
0.0818007437352
312.212377682
297.173571558
25.6406412415
60.0592288296
62.06532623
0.0761324068599
0.0753950609994
0.0945382591473
61.503818036
209.442147926
125.610979129
193.01381561
0.113893936341
87.8150458314
43.7127424581
217.79871597
111.015616378
201.429792388
54.7218286087
289.885129236
85.462007259
0.191121034051
151.326953152
18.0398804621
44.0411544981
0.194297513812
60.5630628759
190.568347691
17.3131201262
129.580960548
359.963213181
22.4482743535
130.944431913
0.191223304555
29.1136238673
42.20051035
260.777847822
155.45998386
65.227174473
17.9757980122
207.347411174
0.101615047684
99.872542951
0.10801715004
0.110250384961
19.0594599014
0.292530475007
0.366555129229
103.754987361
272.940077856
27.6450848465
95.0653512149
221.907956226
0.0832053160048
112.30227249
0.0721933224695
277.489826261
239.553873799
62.9856967562
24.5879436818
18.0258848174
24.1908653727
89.2244568914
370.242700079
50.082592789
0.233629551256
20.9747442136
238.885770825
92.0473347261
0.0939213283355
214.97850878
56.2028427429
297.147931254
175.736365663
0.0734425496945
0.138381315974
25.2666693201
162.036519211
67.4221761645
58.8129050263
195.679059277
61.8078648764
0.684246863837
364.352502087
57.5968785585
63.7733037398
204.191870301
16.9024121541
0.0442188882294
0.0347546959165
18.635049721
0.0382858203823
0.027825762314
0.040221490708
100.171869698
0.0671631200499
222.768148401
274.126225383
103.000620052
133.616328941
0.0426517491243
206.373947675
46.6264517346
0.0133723430315
20.3473652379
0.0
858.434646382
318.64320285
235.669163708
0.00396131982133
354.840658094
751.660857582
1248.8873973
0.00844374999026
70.870175676
19.797275919
0.0
22.2428892775
0.0564329027806
0.0579646787194
0.0609441383529
0.0497387773763
0.140326550023
0.05007942878
0.0
0.0
76.1093366732
245.979605742
36.3459234623
0.00286811364351
232.641006876
322.750768166
0.00929763760657
101.688577308
83.4189489875
0.0165354652554
33.1602576526
77.0313088602
66.8051005677
0.00252649952069
142.31189185
0.103850139671
0.0416799911751
1990.67316023
0.0336685552195
25.4478217967
0.0626438221653
60.3092040794
0.0656663183557
438.146284131
332.158064701
98.0134577226
273.519204305
352.46195665
422.405196611
368.064127281
90.8971878249
176.993864983
29.7500858531
0.160672412077
45.385548591
66.3845455466
21.9090746753
0.310745878554
0.390223453604
0.456874980588
20.4768154706
19.5825684411
39.2271973728
28.3654622485
34.4745491746
30.9764253848
28.4999466767
32.4763721173
23.7284252034
0.19292204106
86.2941055659
25.2684041238
0.310203956747
0.487227358282
0.969495290847
23.4838251094
65.3581013009
0.056163626173
273.422783008
25.3778336098
26.4136829357
0.09749897548
22.4269492991
77.8750227242
59.8265641373
233.685043136
0.215370479205
0.240529532557
0.264644855264
17.2356123109
19.5256464526
0.362614908397
24.2761423489
0.524876022919
19.0133402566
0.364866383768
24.6991103476
24.8217556569
0.264282647954
0.248108415005
49.4182303269
0.20241986923
118.213615702
21.877680584
0.135845171426
0.326731413386
0.262914843441
0.265801766591
32.6354040927
18.1844805243
18.9741574376
0.25052711822
0.250588592619
229.697460627
0.249685598347
0.0555866856967
0.0560557231821
229.20626775
26.6637053309
39.4671571957
46.5629294283
39.4306131781
26.5767500186
55.2755045193
0.133477978036
0.182868955442
0.21269945118
0.268084471275
46.643704815
42.3497863929
20.6847985198
20.3810066704
77.7910023909
46.9512331156
23.4020123364
0.24736579472
69.8616988458
0.359484680043
24.3506648579
0.329439287985
18.6436809951
0.0602942120552
94.6283866939
0.103151859532
0.106013278763
0.102548026891
45.9155111199
54.4271057432
0.0772677364597
19.8528721538
24.8148282179
18.3207442881
38.2923537176
37.1621222085
0.127922305295
19.841898679
0.0297180725274
0.0139855089388
23.4526521887
19.5930785831
0.105032694503
18.6581601481
101.549328173
52.7510395616
0.0850377016308
18.6834767812
0.0745492369912
47.5981543005
20.9233278915
145.46903875
162.541481534
18.5686247836
0.26691514582
31.5853591555
25.3480690509
0.229636683956
102.859357341
25.5640224722
0.22347047792
0.19563419114
18.4325321798
48.5996131739
95.7959792876
16.8924453722
86.4105301968
39.1080203296
34.150430726
34.6626086642
329.013048771
0.0720875772067
87.3159643069
120.405408089
110.15618809
45.3380991196
28.33389477
82.6478851193
23.3366337067
77.1101674955
19.1281898816
0.159936170117
0.0434835410235
23.0793401113
0.0458104824068
28.8019536821
16.9914038208
57.4504973927
18.2790402366
430.184599155
346.170926749
75.5535424917
289.823484799
302.654660361
429.713235004
368.750756515
90.2146582343
48.0878824012
34.1332256652
0.0768263960847
49.3244626616
26.2333792489
24.0031364059
0.194694069362
0.319002065118
0.358618185267
0.325295776578
0.213589821469
0.159840159744
95.9923437428
96.8031723704
108.109289296
20.3334986598
28.7854127071
0.0881187710872
25.4894541818
0.491130352391
26.0573168587
0.145575623258
0.523946053512
26.0940317405
110.03242911
0.0638709004469
113.935111721
94.6120604508
0.0264251869844
33.51045265
48.6667456865
215.702853081
0.235359272339
0.212896546572
0.289593929961
0.339187275413
20.2935493824
43.4043078546
17.1415133293
24.7197245826
57.8857955666
0.440777297563
0.43021419704
19.6819318086
112.67522754
0.436615285945
17.364525579
312.850600967
0.399681783422
27.3464829601
24.6884023188
22.3486310759
19.1843366475
0.228085001226
23.2267859482
22.4681272051
109.544782149
0.552702662503
79.9449250472
27.2032588088
24.2022165304
17.6576706376
69.1126875148
56.2406984279
62.5417995272
20.136401098
57.6450179745
58.1536388758
21.6111916062
23.2100938768
52.3718165714
44.3039035278
88.9653830895
0.186115319733
0.21440177833
0.220320275379
0.272567771062
174.243517556
19.6135654488
0.207534907861
0.216610225084
0.208981844253
17.441441382
84.8596116264
76.3255392695
22.8752017423
0.343502992915
371.4962888
0.370782420876
18.5333063166
55.5472291564
28.8588012726
20.8445275334
46.7852602454
124.714668001
46.4522411198
19.3050611604
23.1474327733
47.7170612218
116.336896991
0.0794451061715
0.0751543405701
0.0896478306846
0.113197200809
98.548086436
40.2736085937
0.0137226166208
0.0
0.0504391518205
57.8873480871
0.118712425324
0.176489839656
53.9162923471
0.196698217211
68.1092684142
114.117095167
21.5994591988
125.908614615
0.291666973975
0.329667562443
79.012097506
99.6547537056
32.9099410256
0.0987094063989
0.0962117367607
0.0801938554615
139.594192512
0.0308753477793
118.618841899
0.0291453044918
0.0519550809544
0.0643877561608
73.6085061061
73.549128373
0.191379184147
28.8019102568
0.211208795971
132.13626002
57.2521101621
48.5306963548
29.4984798879
18.5388155983
160.390092447
122.037774403
45.3214041825
49.2574472371
0.0321337320949
59.2481633227
19.3716613159
0.138419814624
0.135443356188
59.3367146902
32.8450866936
111.661540239
21.2943927423
15.6689682733
0.0617170504045
16.7227756141
79.3235485331
0.0613242556036
0.136360227576
19.3070219782
23.3278587893
17.5133430293
0.104085621007
25.5595190598
0.110315617985
0.127701444025
17.8221668066
0.206321175503
0.210074704945
0.275853432701
0.295918893815
63.3516471721
77.3484321265
132.9632361
20.8304037354
0.199860654957
0.183990221968
0.165711044861
0.114755373943
16.3130266679
116.816930551
24.0637670437
21.0812875976
35.8423975829
17.7569323574
0.0914583328947
0.0849488031844
0.0891244871631
54.1138846248
19.1960636139
358.963503274
0.105453854916
16.002265206
39.6794974188
21.7762602616
16.1220110361
97.1891616257
0.0657194028011
99.0057867338
0.0587146203743
21.4918375328
43.8377372016
129.579368434
0.0741215037064
0.0978545396771
0.121808653884
0.124704665022
56.1838289541
58.9915769568
0.154075033705
0.140841179568
42.4597438272
0.101532333308
32.9880193186
0.129234948112
19.8069510769
22.7779448207
72.2241237767
23.3687950514
0.262136891452
18.7510170095
17.0014075975
96.7087382043
59.2219190622
0.121482751806
32.5043191826
0.121984003218
106.937666882
214.888119361
60.8241852786
57.6101592998
48.1341172266
16.9295320974
24.1434615072
0.331254011365
0.379149712286
26.7993392317
34.0618250743
50.2421144053
0.0603349182788
26.450575308
16.9426068223
57.8924386971
0.14033312269
0.14536988975
21.6818275445
0.163192130919
0.16995658838
0.19192146675
0.338244711067
20.5968989081
27.3629757621
0.350196047829
138.950382762
25.079579693
41.6825874318
0.332459377444
51.915005729
37.3867088325
103.40974707
0.261761584989
28.7134460853
193.101301493
136.620434771
20.9602632328
0.0801069010135
0.294988297442
0.354283710889
22.0197478303
56.076454143
0.359562205931
0.354974719645
268.888418244
71.1480320491
17.5514134738
0.0396113740062
0.0436725244633
20.9666066633
109.888866287
131.163701206
0.0992457490058
19.0123748601
0.130715568429
0.168045058159
217.103174208
97.5138608936
0.259829527661
18.9265713148
0.441332828712
40.293343007
0.276655867097
54.8269851683
27.5591109472
0.361772450459
0.253877154615
30.0841942244
21.0756145749
24.6926504186
47.3267753737
18.149578206
0.0588757604323
22.5840282677
19.2263069467
117.064924107
19.4791377026
0.0162781847111
2682.78786569
88.3284271328
0.0146542258368
31.9454647613
29.9672421773
0.0608123543364
0.0601131458424
0.0771604503371
46.7009000711
0.0256493701268
158.162808231
0.0225680798496
28.2780222744
16.2433997534
32.5914002501
17.7808527545
61.1615876616
49.248379272
0.143539324197
87.9704904982
0.0668032168824
21.7403767628
0.104131677151
0.0908744056529
0.0978284218832
16.3739857254
17.7340105537
17.1759960434
19.1797645597
0.127234095974
23.1817157039
0.106561296086
0.105481855078
0.0898871837375
21.5903706084
20.8794017598
0.0883361321172
19.5715717921
67.7633084155
0.0784169397929
0.0683415391943
0.072202119136
58.1103767258
16.0678817308
89.5244198207
109.731269616
54.6770358241
0.122885774189
66.3268812096
52.115784621
0.0728042187465
50.9390043792
16.4968425773
22.1090025886
20.036498577
0.0570427062697
0.064977978441
54.993556382
52.3234419303
133.551727213
0.050350608908
409.860085325
402.2624006
207.245150554
359.752250172
213.005009862
556.651732022
448.368727517
91.1801284368
144.091015048
111.465831308
112.467247858
142.509865496
0.0956450614075
30.3981912051
149.278030259
0.221532313596
42.5099536243
33.1865194589
16.8161907923
165.163228454
0.115305682925
65.124520519
17.8161121831
213.461401052
156.044184651
18.4491420511
30.6356491898
51.7812230547
56.454421782
0.22518819992
70.0862749404
33.624122629
47.9666864916
74.8224395098
277.693094484
474.356039553
374.779589172
22.7696438757
26.2843605679
23.3667136202
22.9971694076
51.2536243552
25.0044145396
39.3216996332
25.1497656488
77.5477130044
86.3954503099
49.4372749374
0.489619508138
72.4633800325
59.7086331019
31.5906100915
104.182682106
0.469367089478
18.5038714739
112.144793665
0.291880990682
30.7814129054
33.1468061538
17.3831605723
58.7848671887
0.20794631355
0.190032675924
21.5121101052
17.2759061171
49.1843365435
0.382651624662
24.8280737005
0.373221489001
311.501106327
17.1338668593
34.9769474915
73.3467879512
20.3572940336
0.0838688575428
0.0560365507365
93.1906443884
20.4104030772
16.802528977
20.581286834
48.4963366797
21.4124791512
18.0709357194
19.1081728902
0.316881206931
0.344086112693
18.8997963491
0.176017008844
0.299701496367
0.296890151462
35.650355904
144.229037685
59.002267306
17.509400506
18.4279946959
20.8479460641
0.116827911549
0.0376858187773
20.341011182
30.036325254
24.3474664581
27.2720268706
87.1225339902
25.1511175029
26.6269934165
21.6561053806
119.242546918
19.0651331534
0.0786225598917
0.0711302501731
0.0614454609856
0.0529374222121
90.7052012592
52.823731483
60.9786892859
0.0374041011062
0.0181262116576
28.1077983567
0.0220558808964
60.1008168
51.2006043346
16.55248499
101.181690276
61.4582873362
28.1713697458
33.1241031446
0.0848407823064
19.59527223
24.2756880974
17.2884289359
22.7253820097
0.080354392515
21.7566666674
25.7496780074
23.2893607007
17.5124718733
16.8958218486
0.0209578574692
0.0239124353399
1752.61702423
25.1613141525
17.5347634132
21.9072654718
0.0107377884046
0.0107766778743
0.0115062716393
1435.21909464
0.010617303261
27.7278122693
0.012036340848
0.010903665961
16.5624931831
0.0106668230021
46.204715804
60.7435484734
0.0140986987132
0.0105980965121
40.155908979
43.9910321384
49.0045570026
22.6690099712
29.5633358064
23.3340490357
160.072748798
20.9794724533
0.0
0.0
0.0
26.4100365626
0.0
0.0
21.4667482507
19.2298494992
24.7029443773
26.3794930046
24.1088245542
0.0
0.0
0.0120039204357
0.00687385412931
17.3537573138
23.7201102108
0.0111616304828
0.0116526653232
16.0066599749
218.826582768
92.0527976886
0.0158060771135
18.2102991046
22.9286287296
57.1161324066
37.7415105403
0.0268579730538
0.0195123357033
20.2081703588
0.0273305881325
169.249963654
97.6578857616
0.014136844249
22.6313210072
45.3455783988
20.4547307386
15.7611913849
98.9693126859
67.5550918442
92.5766550406
84.4656298153
123.608291676
0.0223069473473
149.930315151
24.1799591781
26.1771344204
16.9523013969
0.00762176320935
0.0111552314234
26.1974696289
20.1722492295
18.4992566741
0.0127994157619
0.0102096207564
0.00859160917306
0.0135397404623
23.4165651943
19.2163162923
21.749187531
0.00558739497453
0.00557794333652
1525.72259057
1468.91257764
0.00765785074706
24.973859489
0.0061108352879
23.8078386936
22.2065894858
0.00535825260236
53.0931226696
85.2119974863
0.0462335021477
0.0348223032795
22.4711027429
63.4505729648
71.2473527767
22.7463960242
54.163754832
42.1297991125
0.00276859705604
16.6079156552
0.0
0.0
16.0139774728
20.6388209386
195.780959662
45.631327786
0.00607804733285
16.0486932847
17.8251684018
16.2944994362
0.00504326317879
16.7467159605
0.00667756024345
0.0151625441923
0.039029559507
0.049238088464
15.7108285968
0.0
0.00758984048255
61.2800718168
0.0321648095895
0.0388535209196
0.0307621639789
18.9048674121
79.6472144225
88.6670449643
0.00691300757257
18.1596248312
0.00362622434148
127.103176618
21.9852534013
18.9106280003
0.00675295114119
0.00540629970976
25.4205186795
132.279052434
0.0
20.1373381111
19.6196081603
72.7090336774
292.409790394
196.825431005
89.0108155617
87.7063831415
0.0214014739171
0.0156627277769
0.00452723938331
0.00446919838655
19.8987394701
137.755189209
279.568107131
0.0454044058675
21.5567965664
17.477890336
105.173779568
0.0919345317204
0.100073717307
26.4778519307
103.559588848
150.883341508
69.6622732585
47.671761897
16.0727219812
20.3067185278
15.7585663524
28.2868712084
20.1858835366
25.6546858015
15.9650364028
20.6894112962
46.1913248718
58.405637255
0.098599563579
0.0957845031459
0.10150981742
55.6459052218
33.5689845877
21.1096615342
37.5228430456
24.9966544704
68.5050879471
16.9359850898
18.4547564792
0.0890450988942
35.847949892
0.0476662259313
0.0554392188882
25.1593651419
58.94847803
43.9918957906
0.0636462149072
0.0692090166476
25.6707759579
23.0595576201
0.0868418468452
44.7588289631
0.0861661804279
523.416571886
49.2316945376
0.0866424157101
0.0902114291691
0.0974225366207
125.488520571
69.0937206461
154.10280126
21.6548926271
24.4651639412
125.008822669
19.3873679547
60.6367585899
170.274025222
0.100505643467
0.0923852850899
201.894583619
38.492815468
105.752891818
0.076992900433
20.2153767871
15.7373553071
202.062584017
153.611005072
139.678296973
103.438322075
20.6545153946
0.0479166192159
0.040853786229
76.0513522078
76.3710073079
152.599988788
35.3618726889
18.6863197906
47.50287521
0.0529522410386
28.2065050281
110.881157712
48.9013612692
0.148830930407
48.4489310662
0.123954202794
36.271032943
0.130586740077
23.1320650068
0.12940532312
0.135357001741
0.132254284224
81.0719115362
17.2345686809
18.4550221997
19.6102444577
18.6086536598
27.0177418867
21.4697248808
16.3578099567
25.1254654655
0.134287906305
17.9311846538
0.135245714762
31.5886397077
30.8239764088
24.1422827905
24.3864215206
0.00984062236776
0.0119454259331
75.197584144
0.0123189736518
22.953801846
62.5062005414
32.0312304092
33.4442192768
0.0369343001089
69.5909976965
0.0532413546543
19.4872758585
0.125094849253
16.2657345212
119.835778378
164.085611869
270.483402878
216.989365807
0.0933974215695
0.0943186029504
0.0926006483331
0.101456840582
0.0959845062379
39.8187133533
0.0809194790857
63.9230221061
0.0941386620952
42.5140477832
126.491011841
51.7139842259
176.346357659
34.7957953581
15.7315267541
19.7346009028
84.8913273316
15.972895635
245.93351974
261.942960292
176.344560566
131.057419983
46.4168858655
114.030585688
45.4532025297
71.1280828287
18.0649806783
115.824600261
134.70211808
256.999614113
0.0727702074515
208.786428408
0.102564425841
66.7639233417
85.5356488379
187.794371155
144.507726834
104.39046492
96.8414132768
115.581282698
17.527818876
0.0755040535825
188.224459498
69.5661551126
28.9684392482
0.122732648924
16.1231129817
0.12319360809
36.7507874051
125.293694684
220.561282865
18.807710647
16.9007406718
21.7803049355
47.2323166159
85.2086599984
0.164252013215
0.0714849102207
0.0757736618574
49.8399162915
21.5395685054
27.7682729427
115.961288587
40.6368109333
0.0945807663005
0.0758660664811
42.1170251648
50.7785696551
52.0050152656
0.1512620584
23.7736840928
20.2741016335
0.118232415113
25.8312040638
19.4169766187
0.115903855751
0.131980258458
55.0581837702
144.538178924
143.288048545
0.141676564318
0.128680679061
0.124040838909
35.365884914
87.2265523646
214.885886432
113.11914765
23.8751177669
17.1354172735
0.075986178204
0.081438709615
80.8593434417
0.0800783812739
0.0888511446607
22.6136553985
89.294385141
32.8682376895
0.290756930706
0.254472189631
47.5317266413
0.150167745694
0.148234641876
17.5690350161
309.47828464
80.5065445085
0.0860873450936
21.7733068486
182.665759243
0.0316236710319
0.0404980686389
0.049200439363
150.873196231
44.7742249412
0.0734792001904
102.247754467
0.101401245039
48.965765951
76.8266463291
20.8094312906
0.107787713646
27.0893393286
0.0989354274712
54.8152805105
42.383453629
69.2810557727
48.4086694836
0.188382468058
0.162354533788
0.479043488061
146.297614457
113.176454116
27.0577740035
41.1506928513
138.336023982
64.9190433082
18.1680628679
47.7200192965
0.100574798839
55.8802292387
144.893529667
171.294622002
0.281264350195
71.1563054482
0.177037075929
44.5362500505
38.1402476293
20.4349879887
295.973538192
32.2942695971
208.411995216
504.824289637
0.0305781927027
64.9938891319
107.270891173
0.0642297523507
0.0646511151241
0.0462921326053
46.9192329973
0.0369123725242
26.0899692383
18.7710772367
23.9785957652
0.178149311303
18.9358156071
0.145814881349
53.1467657265
20.6783203601
89.6179735133
122.22631041
20.8963144876
139.585359829
22.0247711232
0.0542078555825
0.00503372828221
0.0132888120529
17.7465042317
0.0365625690612
0.0585920726073
17.2043665029
16.1661129236
24.9709375177
59.8804769283
459.681515769
57.2998999309
79.0554167161
17.5623856976
0.140314386604
67.3107154043
0.185097992075
192.759941903
0.117644397545
0.0300412321363
25.2135127878
0.029415415105
0.0330302408644
0.0422763328386
0.0664187955419
37.8650499152
172.527992974
193.135657858
42.4581891076
153.035932562
121.01784771
171.920195129
83.2984275612
131.284121868
148.025095561
0.129299743995
61.5430281823
17.4306850176
0.29520984316
0.277138895982
21.1806974761
0.0985423532188
0.100351863539
22.6914873739
43.3670695234
94.329411938
89.0060110344
0.161015358337
16.2699750919
0.347092539937
39.2277348365
34.2939024757
107.333254483
206.575395752
23.4659518103
15.6574746311
0.147433692057
0.15207191023
90.1469998422
138.05057018
25.6741893982
22.3788489579
39.4918608167
0.106305549927
63.8369565325
63.2903701579
45.1908212811
97.1442778823
131.066378391
44.94401523
0.089964327267
0.147207276273
0.152444197558
0.154885764212
19.0734749611
24.8296878708
21.1498943398
0.138655870026
0.145454455489
277.515770824
318.686866938
74.6516598366
161.904680292
166.235483929
17.0647329943
15.8138983427
0.183529460204
62.6309516212
16.0845710452
31.2705556124
24.7950877011
26.7877227324
0.378105466178
0.389917517887
19.1932659204
0.368417662593
22.7979313578
19.6853926774
18.9160868144
0.27831343945
52.9061926788
0.102351907432
21.616124141
40.5541171037
41.5455857229
16.1700288973
22.9127901999
0.20321435136
0.23922578971
0.225456878711
0.187679606098
0.256625642203
0.368908323494
34.9291460796
289.962061346
365.862888148
18.5507479128
0.248739471891
0.169992274971
27.9733806364
0.219193256021
0.226279216651
0.0845205068365
0.134835058541
18.7890286062
84.7037007667
22.9611916633
22.2760322536
43.2401268706
119.853979479
114.852171374
0.2385312453
0.285896173963
0.286518979318
0.213213858567
30.450970818
332.228289858
0.424624584774
0.339972680654
0.251427250096
136.754170343
117.881002834
0.107277966981
92.4309672426
22.1391250531
18.3305308861
17.6924817265
27.2595924353
23.6562649433
90.7440666341
50.0086328134
0.691136522026
0.746730084884
0.161477940672
38.5800186168
0.737349915578
0.740827751313
17.1013268956
20.1641242317
64.9114198074
0.803622884919
417.457799254
254.313421545
59.8985183453
0.113657383293
16.4484781324
126.109205391
524.484267439
38.0545742807
39.9080680162
133.109391712
0.17856820555
280.47861962
267.379192803
271.882189228
209.468605523
0.11067554362
0.141360063141
547.642815725
0.143634850812
0.18394798292
60.4578250658
0.0766467088387
0.0654800743663
19.185664934
18.5313870803
0.0535511363179
0.055950958399
0.0623929337165
16.8265506431
0.0398765746728
0.0316006155366
0.0349700234244
16.3304185677
0.057390067979
15.7838374232
0.070106712095
27.0522088684
0.116486112197
0.0627271590172
0.0699932630111
28.0001580936
16.7767346464
41.0537039789
0.0661417075613
0.0667778722643
0.0708176272177
17.5191569457
18.3182755247
52.2304608342
46.2110692421
285.660757736
183.757068823
100.341711823
80.6806795155
0.0572233507726
0.0368692649136
0.0501241095472
22.5344378163
19.0159906293
34.9138733915
52.118074851
456.864779978
439.088309874
297.825787852
250.140883771
248.135670257
462.978055044
434.883611691
255.866787857
118.17853296
161.338977611
76.7946790209
28.2540239935
0.095879820866
91.8101841504
0.123146390836
16.7562431354
27.82896736
0.482550307379
0.350929800007
50.4934072037
0.10562214813
121.247988914
85.4651076749
0.224906214803
26.090790404
0.160154426118
36.1584255278
45.9104908635
54.7753527977
46.0057646104
0.1338298266
25.043911141
73.9524158431
75.2516733825
259.535038183
0.12068236516
40.9209667448
15.5798785352
0.0641255559714
0.181906242178
31.0459595064
74.2329593481
31.7147842227
83.3760443248
129.933179544
38.3524395001
0.332368725064
129.91568205
0.334281370192
60.0320338941
0.315554205984
79.4431982721
75.4838365472
0.40687118934
24.9139324328
16.4194037783
0.313443251035
0.284246702028
30.1494326027
30.4449404124
0.195015030327
48.7482250593
31.0044403988
24.9791834175
17.5178189778
76.1442189029
58.7028567185
0.588607751485
17.047848367
17.677228772
0.57729259282
0.591892800659
31.5699538961
0.0694872493811
92.1978479076
18.6422905244
38.1449730385
38.4891706327
75.072503903
16.4598700393
110.804821647
21.6065731012
0.210782553
61.8386909088
24.9567458025
17.633207798
16.0855642896
161.526285606
211.432913997
0.183894309262
255.762109447
98.5190481153
57.8271533059
84.417721179
0.150426888178
0.198039968638
297.297760392
105.249465849
78.035193974
66.538586635
0.111495823553
26.8729110725
0.106743315735
99.2998122424
0.115075802088
216.980715026
0.0785987293487
20.5348236956
16.6474574893
0.129633219088
36.9152121872
0.135140406991
64.6529947709
50.293882342
0.0574158225082
0.0491143165932
48.8188724819
0.0525386849227
20.1311066397
122.001491721
0.2317023428
51.435896858
46.408154591
94.0156936933
0.0806642179577
0.0629308323654
0.162031260616
17.1615798169
33.3513514571
17.9847858476
23.8952182735
0.238501380284
0.217269739541
97.9263678078
24.2169448761
0.184990642778
17.621835372
37.2187873743
0.146540104083
0.149435287044
0.141298662614
16.563515163
16.9867908603
114.775723005
92.8496683404
22.7497919459
17.5695582929
0.106440402366
0.0933505611348
0.101940404028
128.810384893
0.122055581996
38.4466556776
262.948324627
0.103905887576
0.108839893102
75.3868885674
0.120337272376
0.087163991292
0.0758999363625
56.7880138484
53.0558913146
0.0502027327778
55.2075430311
0.0528012287604
443.524239428
310.064966246
158.814418176
250.954882173
436.065170954
434.758420788
278.624077234
79.9350355338
94.94430496
57.5294967835
24.2138468565
37.314800259
27.2087675989
0.140155197152
0.198126012744
25.5589484105
73.9125630284
32.1188609464
0.135798209787
196.271734405
0.176054992859
144.176088216
41.2724200916
134.05315453
209.693573289
17.0336109693
51.6853265976
26.4690581883
61.386536159
0.0762031648727
147.117453719
26.2553232858
20.2186953179
0.674002832207
23.8230768352
127.8437661
99.5510967669
154.082049102
118.586756096
72.3952123779
78.6143490637
30.0454632561
17.1461899056
0.201763638741
0.246651167839
0.240589704367
49.3830144989
0.394784752583
80.9677869112
43.1704460561
122.937031028
20.4458421953
30.5900512446
26.4668443269
0.253111273998
46.336366307
0.288274265391
0.305920827126
79.4012218586
0.284528583884
0.187379491871
0.194992758437
9.31843606565
0.393452890919
0.289250929801
0.266507128497
24.6962892882
9.89179148579
8.53281282029
54.0443828184
33.8037219488
16.1403838831
12.6439506322
16.9785827382
16.9871615968
0.0479354868991
0.0944528075619
0.200717031384
14.7149611163
0.289688482094
49.3624609301
65.027787781
47.4437992016
0.699507863485
24.7217560836
30.1748850267
33.730334319
0.170214084184
16.1879652936
11.9335894303
24.2838899642
9.89476966488
0.189857181944
24.7555724674
0.335624188143
0.388552075792
11.5841745025
0.414059584839
16.0198906955
15.7538052852
31.9223008973
7.65874493461
0.497512516944
0.429487397227
0.264713563369
8.39833722715
11.7241479581
0.24364169009
11.0342278627
18.9077535394
11.2115461758
0.223339894194
31.6667563017
52.1214729512
0.251167156919
0.243862107131
0.238614956127
0.237513547964
0.247345181518
9.11668223779
35.8849887754
30.4520196153
26.088521142
8.35163890858
37.6418160805
0.0532398489243
0.0775108655895
7.87136640951
8.97878536213
56.2592531332
7.7084782928
0.102208682614
7.3620110511
0.120082401372
7.21487537008
24.4943664682
37.2027374324
0.0972030038832
0.135294768384
7.49363524462
8.03103424067
31.0128792053
0.178218407403
0.17426590715
9.68356169637
82.5926743955
37.754579686
107.912018834
10.0565264575
9.47110839211
0.0321784137115
10.1321543427
15.5575375902
10.4364298285
10.7093361241
0.133456578356
8.27297473685
21.2054111804
50.110046193
0.0727423547927
0.0840066656775
11.1199044219
16.7292688942
0.079180557145
10.2582295765
7.60532249963
0.032921620916
27.7454913808
8.75090840769
0.126054609034
7.46321475023
0.130544949285
51.1192090668
19.7077289308
34.9491986598
0.0934976192365
8.84083567988
0.164869612002
49.5192747443
7.35836598526
21.5533636104
32.3166733252
0.0785833739398
36.0246293243
0.104242004016
24.6979089956
8.20995849231
0.118859502448
0.130994490558
27.4527235889
0.166111674153
10.4285350822
0.119871776421
19.3331232229
0.123575705304
0.123027186112
24.6393811307
0.115941989325
9.28331774746
165.244747117
7.75902788834
0.115610337635
28.5720328439
7.59728947574
0.118970297861
7.41449915834
0.0976571837372
0.198771441945
16.7604524824
0.0724760717864
0.0580713561126
7.4278282123
9.97832411984
64.2748215318
11.8971675687
125.696887696
7.17627199165
8.0580268955
7.35674249892
7.19874612407
0.234226038799
50.8192073072
10.1440859614
27.6569229753
0.134171693248
0.145460813924
70.4333103779
23.6035607303
30.5644280712
0.457544879024
0.506735657983
0.495588918087
22.7035672273
0.430359484299
37.8033432433
0.309685010666
0.385776189493
0.215240617695
8.79988032399
20.7274857726
48.6387490921
9.90302940584
20.3638219232
0.316480655501
0.335931737437
1.65128932325
9.40155398613
1.61504925762
8.50263834271
22.3478293542
10.084429535
10.2958114302
35.6365702578
45.2422150506
0.0609110220362
0.0650143419609
0.0621611846694
0.301737554185
0.322918351892
0.400384173308
0.399645230709
0.623024298075
7.81605315135
8.13593646658
11.0143391095
0.485936577802
11.8860733128
11.88467546
0.347809927094
0.337036344315
26.7047986875
0.26998600271
45.6937639618
25.1484753361
9.11379632063
7.62688683032
0.300143178651
25.3761539403
0.302035796819
0.304626350982
0.301601928979
0.300726936169
63.4381609693
8.30454306365
29.073127955
0.301060250117
0.298398516303
8.232675551
18.0858592804
0.0416661242093
15.1145304295
9.05579790669
11.4291306539
27.3029959994
0.0987634779868
8.94678190549
38.0840223202
0.168088240112
0.201836468437
0.148433756174
20.8461894349
11.3859363321
0.113040035334
0.151517394155
0.129486262137
35.2117666215
7.43969924879
0.161299179798
8.58114896767
21.2211875439
0.180236516083
0.00494055245573
0.00833073492723
0.0883650906593
8.55229729415
0.102541740078
7.41349537975
11.6019614834
26.7285741051
17.6176263274
24.2468588976
24.9192666259
7.45072542338
7.37751970275
45.1973668904
10.0418329475
8.07059696521
9.95372491314
0.0427358079287
7.36234057928
9.23959308141
0.0330882699735
9.75986862257
8.29202609695
7.50120809846
0.0621479009143
9.44427614592
0.120572028691
0.153057828435
0.255059867134
9.13171511525
0.327655287274
8.77477108539
0.372362584025
0.429857769071
18.8342220616
0.403693284968
0.388806185327
0.400411612539
0.361607958733
0.36602032814
0.356190023115
0.301247114065
10.2366434679
11.4390609625
7.72112824216
0.357561192653
36.5544786634
0.368012854118
8.92116990448
0.379988740593
8.89566163726
8.93908507898
102.653430719
0.436728531536
0.411374148341
23.2834553929
9.39379575043
22.5558704794
0.423984466406
9.3664606507
9.74662925703
9.61804288338
0.417589571475
9.52954611575
7.78622673101
8.41255100894
139.447162346
144.527170895
101.620000852
49.2500795098
84.3581782399
145.382289385
140.012451027
92.5399514849
29.5327112232
38.968754282
11.3705685432
7.90310770201
0.198663219044
9.63719715104
7.54627480334
0.591995925008
0.647577081244
18.6232325593
0.599124188952
20.9600163966
11.5234047274
10.837607526
28.8646147789
51.0407832593
0.711253461932
85.3017487648
0.651440826903
0.163088923575
67.9649730068
8.92772400377
9.06408955865
10.1043645891
8.46997090828
1.10462640311
31.6329328938
82.6081711373
0.193954419341
7.15736221767
13.7346870995
0.288024884863
0.290424379227
13.150945601
18.2264851768
27.2253404256
0.279808801134
9.05883488177
54.0052496104
105.418580054
0.527935897658
8.34075785533
40.777220691
32.7746572502
11.7844406708
0.624646405114
18.5966291506
8.0638200174
74.5010538995
0.465579875499
0.399849805051
0.290491813558
0.180563718891
9.10066082389
0.118790522587
0.118205307023
83.7405947038
0.13209112224
11.1805192096
0.132295177168
7.36515366588
0.130417849009
9.08248096908
0.12490248905
24.0230094161
24.1766371998
17.5588915054
29.102475145
0.0219510317675
0.0589970018282
9.84651341931
19.5228333461
29.9272336034
0.0743367361777
22.2396421994
0.112835339177
0.154415709681
0.187306932646
8.88481646656
0.112006857721
0.104542648256
0.104358884856
0.15311880756
26.2296877512
0.124760811793
10.7550987193
0.170604462995
0.0722845287415
7.77475430875
47.2171312345
96.9161001506
0.0969289841194
10.1918474183
15.6816174154
0.10467129034
12.709056387
15.6036908612
0.0396328453668
7.43184611802
0.0968898510959
48.5739032873
0.0726140806437
0.072358094054
7.43736231478
0.186371173009
0.0865095231422
0.0239670054125
0.0300049143606
0.0411101658756
9.41584931193
0.0153527564387
0.089916176232
9.26194385387
7.41776472063
49.5683984663
43.6219975081
14.2831056952
40.7139634809
0.125945023538
9.9702109893
17.5865712827
0.0928628465522
7.16269274263
0.108981304284
0.111305723578
10.3859958563
0.0305361968428
0.0811351168006
