0.0
0.0
0.0
0.0
0.0
0.0
0.0
0.0
0.0
0.0
0.0
0.0
0.0
0.0
0.0
98.3456337692
108.75622003
0.0104839443277
115.753949708
0.0318747815802
84.3284588231
0.0791432534661
80.0628604707
54.1940089396
96.245575086
60.1867267336
34.8406207441
0.0927021597971
0.0725720484046
0.106299730179
488.287846481
40.2161427543
34.0861546368
38.2200108536
120.631787276
0.0660761635295
0.0887111345301
24.8599739119
246.828425731
324.321560898
0.189429841192
255.589995607
214.225681651
191.891543279
180.044308172
230.900789645
36.2258006974
26.3261002677
0.253948491047
249.925239641
180.43681486
79.6355202803
84.6824860291
774.874169851
69.2019738483
29.9213010448
0.206481338622
0.352734763905
85.6042407139
0.448411460133
0.374171440361
0.294615943071
27.4315530786
0.275158919866
28.2588110481
0.151760607519
59.6703828973
0.30153394494
26.5821875413
130.162415909
191.705049168
127.023359663
86.8258385558
0.26597399837
25.1366951163
0.0444574518148
26.5873728915
85.6924730284
0.0337968434956
25.738323357
0.014936194162
0.0319927095172
25.8374506784
24.5406130965
0.0152296691798
0.00596504244966
0.00573187396246
0.00571721415644
0.00589400050927
0.00740875347938
0.00813605890741
0.00881553995598
32.7972578714
623.469795369
0.0910056842695
25.7203044401
31.4313906232
119.25350381
29.1621791736
33.0862809718
0.17261351994
0.17269096656
42.3385371095
87.0148548106
33.6540606073
38.4151584019
34.2514756154
305.09319859
0.155778419655
30.7230078907
433.013733322
29.4934691092
46.4677241362
36.0044219928
206.027111204
0.124622550902
25.2590374723
110.555057912
290.31958331
358.673141581
155.965258651
143.942221372
102.961429983
0.546787089722
0.215108324161
0.0915781325198
0.10819077591
240.745035605
490.522301735
0.149841428337
133.11001625
70.523295427
112.998321683
31.7309570204
90.0297958197
163.640947551
109.005071409
27.5151589219
0.11470579549
0.115100414315
97.4885083894
0.103743278107
76.496994983
0.106361912119
88.0581140123
0.0778179735802
0.0648953412811
0.0480546753637
0.0631166754465
27.9162464002
117.985813831
0.0669573476969
0.0453301565103
0.0384160689032
66.4194984459
0.118436316022
0.23282324506
0.27140724712
0.259168291148
36.2819731174
0.232878102818
0.257977361707
35.513629077
0.182174598929
78.5561742755
0.117320134789
0.0714586364318
66.1451446816
40.768931502
981.980175855
50.3174915805
119.499183627
140.950298354
75.9885952668
0.217857790096
0.1322822623
0.0855128745962
0.129765056155
0.134940998548
53.7177868177
44.7471787767
94.243680421
0.102587173417
0.105751050102
0.159475945321
0.120972853716
0.126756884386
0.150130425256
0.122631166613
0.149170047995
0.122207226357
0.141177265514
101.413751552
119.551252508
97.4107827124
0.120061258741
0.106303343756
89.9327621318
131.69097443
164.102208828
131.07441383
135.502864412
184.337605345
186.561219482
164.099724956
0.0521672400623
832.153661771
0.0381301783367
24.5963847385
46.4894851716
0.0739956209872
0.0837945316893
0.187239085344
127.337721985
0.133422552651
42.5318439868
0.242564556703
0.331336854392
0.369456238394
0.243720858779
94.0637769254
78.0850984805
0.231430336484
0.195971970773
0.160772371185
120.265260687
0.0837030699774
691.353151957
55.3582659541
0.0939187591754
609.533793173
34.8560951846
24.4232066274
0.0366799928115
0.0435148517204
31.689535051
0.0607444669342
0.0431838343859
0.0444462078546
0.0455185846808
0.0464215911741
0.0472473522067
0.0479958025726
122.938359803
0.0568925411877
65.1011739705
49.8708200098
159.249841045
189.445189524
0.061132872489
0.0390219648578
0.0502170145094
279.578129694
166.972215328
111.64524325
170.846291005
182.606043017
0.144456884621
0.151750734807
0.140245311905
0.166457894981
0.0810977237621
0.0698853725712
0.0638095838249
0.0848582195019
0.0793843809382
0.0703983476817
0.0755693197333
98.3502186461
93.6717843444
85.8184772535
84.2741296812
0.0539845330137
0.0475163697285
0.0377343058613
0.0355799345608
217.238298653
222.425905312
0.0331422096149
0.0335550914408
0.0336967142309
231.315923276
0.0280493069429
0.0219722116688
183.270252455
200.159938625
225.647995689
210.518142495
161.685580583
147.574444228
172.607325209
191.26033374
0.0254219159983
0.0309973375856
77.8877549988
0.113294006355
0.153093073509
76.1941014201
0.157113007985
50.2265001745
62.4532175223
85.7213799238
50.7574831966
47.9662286662
82.8648555683
283.699215791
390.570584764
0.270668980047
0.243660347388
0.248119171054
28.2519536733
29.4067497908
27.8684235306
27.1620911369
25.650630745
0.386962732131
1.21097784039
210.634234606
91.5500345301
225.301022
0.250234200231
0.243664105927
370.763747824
0.265247184123
213.285836931
60.7503404579
51.5210660897
104.171702186
40.3991052034
91.6645288926
44.819106272
101.180866006
85.5093047697
25.4299969162
24.5887514096
0.671107989917
372.984056133
0.471107814088
0.656523624729
0.531103367937
254.009279758
0.346996706054
291.834576561
245.500471647
171.90073641
153.411114203
309.159623385
410.417047374
211.706976845
78.4856453861
337.463982945
385.541040382
43.4915527216
0.371992465799
108.010791583
0.347173534494
87.8274695054
37.6621617392
48.2578273785
31.1140925252
26.8913986934
0.420642081121
25.2726872332
71.1219691469
0.387466973296
186.356050259
140.216775956
188.103925529
144.564316744
157.019424953
107.753887212
28.0604222336
71.6308296716
107.38864469
167.186820426
162.011436751
166.490136254
131.15456458
31.9915337616
0.412713729665
0.309219526361
80.1907962299
27.2587734882
0.301566531486
0.281390008487
152.774242426
39.8737169515
41.6127422611
338.331151794
127.912245471
160.57253593
61.2284503318
0.251797574759
36.4656832084
46.66168275
0.142433040881
0.201495257293
0.149099814503
0.141138274237
0.134554853581
0.116079177926
0.134566585762
0.142544932741
0.141338825537
84.6224020076
91.7813099894
0.15667551959
0.146533183089
97.0226154338
0.113413360286
194.655847125
173.520842159
0.163362299305
82.7288121162
151.543188329
41.1723855732
25.9893635576
182.458436546
145.599789947
192.07388736
0.376163255265
0.336457016863
238.536768866
28.1378603279
52.4593311841
122.461388437
77.0937273961
0.232706552857
42.0528727024
37.1468874717
47.0275938931
0.189684176452
27.8646684924
94.0142159738
38.0796448922
114.519781974
277.364684668
0.344606159377
38.9658923605
0.337583769282
0.468505248419
0.604856702118
0.347453739744
0.219844109662
166.338821167
145.568332832
154.305211139
0.213707668335
93.7344918556
51.964030399
49.0470906215
134.598994906
176.49247616
0.255902285877
25.2773207309
65.4248177244
217.019121866
41.2599489676
0.418522084135
0.548929177974
0.36502634929
0.410309706355
29.3288193932
33.8907083968
31.3231729041
27.7899391469
28.6789464297
27.3368848885
29.6273187198
0.348613692726
91.4780098393
0.361939376293
44.7804457239
0.401874932265
0.357947139403
0.367409759822
0.567998586336
0.501607689334
39.0160827529
112.69625503
25.5112750775
39.7098379769
90.7047434235
0.312533976817
109.694551422
211.37566951
223.432399442
389.860160742
237.952364201
228.466302849
157.092087403
165.472963243
194.646676804
64.9715880075
144.88701006
59.401282627
40.3631395516
139.685447917
167.335821096
164.799598491
0.321866292911
0.666894261884
0.619196705731
26.0590097395
108.043305051
0.398337408937
87.9780918662
40.4190753498
0.813534276185
0.811025052191
336.540157174
39.9902754254
40.9512152737
1.02224960504
214.554579086
27.700584924
125.304628204
117.936385907
111.380986819
129.097695893
168.450798612
0.800061467443
216.491420145
126.316127422
65.9856789342
87.6275514156
0.852519228312
0.81041893235
0.826357261361
0.156850490065
311.270679386
0.145758642513
84.9590343189
0.147272029756
48.0123743555
41.8297015898
0.168743404142
0.181282762299
0.229088665465
0.150246221906
0.0928760580952
0.176474803268
0.149957962678
0.155614431448
83.6488725954
72.0966457174
0.291755692012
0.278428856503
84.8744564754
36.4838952742
0.244961210589
74.7526067805
32.1703385554
49.6487616771
41.4067491761
41.276570667
0.765864029822
0.540773787859
0.537083596574
0.53028088488
0.530264889135
0.550729464623
0.574956806163
27.0729610484
0.654267885496
35.6805154033
26.4625220487
28.858548602
29.5522145848
29.4087552992
31.4814593283
0.629684292848
0.572612369139
0.632379992123
0.811861424507
328.791206129
328.71822919
426.277101341
0.828050019545
495.114225322
331.369887911
424.205243765
302.121494159
206.483872849
262.984389325
264.136674218
205.42004238
182.185077684
250.392612388
154.163667378
308.646261158
290.298426555
268.848840323
193.34362277
248.083381087
130.325392192
181.039129349
207.059808245
200.236922421
165.089299751
166.855073754
135.565251342
97.7900572472
45.7265623482
102.862160205
111.081404189
105.008744258
34.1346563235
96.9699514577
115.007003641
104.495835158
35.5122594242
48.8219388973
86.3890312877
65.0080754221
68.5540057445
91.7858404445
53.4479375265
59.566527724
91.5894479048
57.1022568692
47.7322869192
50.4287080928
54.5259884998
52.8719961622
52.5286403198
47.983001342
42.9441204082
46.1926733517
43.5895248099
41.0027533341
36.2347830618
487.927514888
107.215526409
70.0671973819
34.1121848067
119.634304387
0.434073230512
93.1389136631
0.455253869481
30.2545270699
37.7174528634
44.2659290202
29.2119731381
0.190972953003
0.166209322295
0.429611990972
103.06006248
71.379200565
129.550429042
101.822380133
36.5710205662
250.127434308
0.443903098199
0.767204810688
592.291427413
616.076878647
56.6370669363
0.567227403783
28.2609575338
0.376449917823
44.4590190974
31.2255320037
0.342832758724
0.391301948675
1321.80803194
25.9534492391
0.528914456135
0.584275509034
0.631371897398
0.655281961809
0.619393090452
0.486026519917
0.55725057492
1683.87850018
0.571596635032
0.607615906026
0.590974109334
0.588316768059
0.532373990132
1508.23776035
0.560425377112
0.582050303015
0.558789281959
0.902566706266
0.841269234611
0.806684305868
0.89542906358
0.930449356632
888.487364172
473.475692193
291.604769474
79.3771845918
0.761858872882
1389.19711177
953.176675412
1092.72373126
857.982458115
764.655750301
1003.31385811
741.056375757
736.344018087
786.332081909
802.778557152
718.939055348
664.749164475
799.41577471
735.04781839
624.104254337
714.847847478
967.880868149
679.075775584
660.723914526
805.228979024
708.911599385
836.73044612
951.871200736
916.276594898
400.624904355
114.060298776
172.050982543
40.9660647694
0.955063736957
164.524858155
252.403769565
418.272961019
589.590235165
408.035769271
476.076472362
353.312931526
501.891526274
594.73326054
465.503682531
515.859058463
384.175976293
389.985168979
0.70992247097
300.204752931
504.08821961
277.769590454
255.67132293
251.685640627
26.6960177431
173.985506578
366.342364289
181.548689774
116.358168712
0.84209131613
0.815121168955
84.9987668749
0.574126551179
42.1654922948
0.773321915598
0.582461675065
0.597357125368
0.747252772422
25.7479587832
0.518416466752
0.652161844763
0.440356302182
0.466214215133
0.459608412164
0.433004888988
84.9884688369
0.4140133107
28.0897598273
166.521775894
453.729560528
238.417149853
106.467677521
0.566703821781
0.607172748751
71.3593002338
0.949005135585
824.434341641
1122.5710222
1006.41833549
0.303604031524
800.871077171
731.242757821
701.095439413
587.767133512
33.9553730435
68.1936504931
84.3109869106
0.766798134902
120.498573257
0.45484017306
654.968196878
1109.84134957
934.972022797
1.26574903607
1.46254110656
1.34955224837
1094.59547347
2.18477710413
1.71815853085
1.39927598939
27.2749988451
1.36657226957
1.51946836292
1.60137968523
1.34469411331
1.41393479246
1.40569747896
1.32877474416
1.26625771077
1.1593484523
1.01510272995
1.09957101389
0.869897665591
0.968274789088
0.809173535773
1.21035860814
1.43877000517
60.5689785597
55.0556823709
1.41040433502
40.4592552031
32.3690456101
0.906182650819
1.118787702
100.086800027
284.625894817
294.224852016
99.1852656359
141.823535745
1.07052005599
0.596994641969
0.702232793536
180.89278666
0.986938128421
0.694427789124
0.678060182141
214.162878082
170.535295031
263.548742797
41.4608749092
0.594751147131
0.692620052547
148.837369326
782.62498889
268.698906344
827.884091479
28.3195649692
1359.42395192
818.307159009
432.906542737
494.503199789
413.621749821
84.7684924422
80.966508096
191.326560599
0.714556235262
30.8293390233
0.919722745566
269.99145234
253.628845122
212.210438447
235.125121336
324.676259822
250.839640028
194.727956923
264.695009619
336.923470893
242.004816398
0.678120004765
0.613871349017
333.431111611
293.059598965
310.911509796
293.854965637
351.161758491
293.871649415
385.461995674
234.48630989
331.7275275
110.596045678
0.383333836673
0.36987134235
31.9614884671
78.4563720393
135.288835764
195.578189403
312.228514677
372.647294758
501.93481046
367.831309304
282.467263543
298.534442789
282.374779286
517.986720966
519.615443427
285.866938856
311.464292888
368.351687004
297.004564724
356.138094358
360.562024053
274.64588641
279.676935472
259.121374384
31.0666671179
168.811118127
81.8239389098
1.00345336356
0.86596733618
0.925864231124
84.547452958
26.4746073911
0.81692458719
0.769031172289
1.17427725678
1.14183112704
1.23057691405
0.778844148777
30.271593459
26.8964682761
0.668649144458
196.457250372
28.8415526702
40.2991961435
39.000448191
32.1141447507
64.0512415249
1.0876931558
1.24842972168
60.3115190439
683.844545315
696.523449882
475.910660305
1.70404239829
1.58703766919
442.617605858
473.631580352
431.191293284
584.631650982
288.919047898
324.823154419
197.249635523
1.55233841964
1.32783901374
1.44254887511
92.5457625288
28.9508544709
56.2566665106
366.910670492
127.184277599
252.195094852
1581.25464569
183.706188029
114.860109738
154.017109089
472.504964556
272.959600515
101.155956744
0.40930558147
0.444954456491
0.551921165569
639.422211567
522.873032541
593.151809427
562.717979765
151.790760286
369.578088801
364.974299233
92.2197149244
83.8433458777
0.439824988765
28.346943947
0.407262565713
0.608322388492
264.807311116
298.82081664
277.15078963
1.01450470194
762.421761441
0.981772326146
26.6976293116
63.1852606394
67.2101533975
0.890536250249
127.358388172
185.296649694
213.994063473
0.923289591815
0.688823731263
0.748074455978
43.2593730502
32.1100765424
0.629548448514
0.721592934513
933.185456419
534.870232037
619.793260378
0.233550940931
0.280483381718
0.294816861288
0.284428607913
0.593957814752
0.616853784022
0.570764793834
1.20658174198
0.208276819977
33.3762470451
0.286308962816
0.325259562684
56.2391490369
0.44268137455
0.391197328391
24.9386299648
29.2311113154
0.787482202866
0.48610646019
24.5807114308
0.300880568302
622.302911109
985.053328228
595.269544955
570.749476515
0.794577093397
26.6400117094
258.881389388
777.398684287
0.540362366547
907.358636501
0.711214844122
210.578611718
40.431063588
80.3759637751
26.0235713861
81.0197846131
0.33254833076
0.584482164128
0.535274338237
0.617818979776
383.985166064
0.289719979764
72.8160101356
0.427098831272
0.326845108553
0.365121791628
92.0738809828
50.458124911
0.62446652245
39.7931989734
0.248228549514
0.29799787289
38.484864777
0.766565548522
533.037798602
356.228176312
315.504031222
321.477105331
220.92724411
0.899296002115
0.925599053912
271.440756342
454.977604298
374.850884007
441.310458566
362.748003933
52.816130738
362.094761722
368.10620197
92.1719471202
101.389437162
117.264242437
0.924253513239
0.941851607507
0.912541930679
25.6042788144
1.02025178039
35.6819441714
1.26834470672
0.930726367198
39.7336290888
103.319661954
0.896027045761
44.9784471591
25.3262439666
30.5353716965
898.745710572
946.759021451
743.423086592
1005.02562493
285.11436382
33.191261167
25.47920864
0.530243771
0.502368858613
1383.40705382
1088.86207787
521.783823065
775.240465773
551.0486189
29.1161768575
201.335323748
235.56222011
0.782593734903
25.0882036154
0.832425143789
1.00342547141
0.944815508201
0.800424746418
97.959670015
53.6288337192
0.895544321818
29.528190799
0.517842314532
28.1207398361
0.503514964058
0.98965912445
1.00940265797
0.958859903816
42.5949572718
0.732149657667
26.3674506719
0.941802545663
91.0100342538
0.911525266882
1.02073888825
328.985095904
142.001428879
54.1130981893
51.5059696112
32.6574157958
456.914356519
691.363253913
1.19497104675
1.20961038178
1.29121028744
280.875973342
388.371869058
1.50204580908
1.16170023779
57.8916906211
0.894489997743
0.867826975308
32.668719715
74.1476374836
0.967850527855
97.1820843312
94.0968380107
0.777918301118
160.746302005
99.6689230622
148.355462764
66.9386086762
84.9455747605
45.5003035757
28.346184535
0.492053155999
32.151231018
78.60192196
0.799194972834
0.80980259302
35.2582127746
0.953943770438
0.97357650549
29.6426307743
1.07287044962
540.076675713
623.788934835
486.747221837
332.825593004
606.235528297
822.235816078
768.363948299
532.722048617
819.592652957
818.99270336
513.355377442
649.351021415
564.874876734
308.620655242
145.414372001
458.694470062
630.946618348
537.152784401
420.127987481
562.899455035
203.796098729
205.30286505
323.97896202
144.628407208
129.993380019
137.852121765
0.545799494794
0.458642677194
55.4792172397
30.3403093785
85.2201417495
0.568062764566
0.485481698763
110.081193799
0.560041527638
94.5563316143
151.229692594
120.005146793
35.5414356
132.570395415
173.849560593
185.083258913
254.799339206
185.16057551
277.046626919
708.578301815
796.562844493
765.033067676
607.25510267
478.736877334
526.745355455
514.374564365
396.355684743
359.82845797
256.241309783
308.969956086
184.754782265
25.1753916196
42.7354387462
113.211415737
31.4522810146
0.579502005583
0.82309743486
0.833150188854
1.2919213103
26.4138054101
30.273633911
98.5273592607
28.117245039
45.1669037556
40.7129926986
48.8048347637
86.8837126536
0.693770864309
0.674544539082
248.736535428
212.605022303
159.240143016
125.049432232
0.638828575566
31.8333943958
113.587737889
133.924601902
136.58179565
151.986601079
68.9523081803
26.7182414883
0.826067450043
102.705799777
115.185024282
103.498346264
100.663072045
0.878568133963
0.872398075755
0.699767985669
85.5277037573
81.6133378559
0.783923655405
0.82415608588
0.801113842779
45.0945574246
0.328051253342
0.393428392487
0.442685607232
0.467556968597
0.470208932818
126.023133693
127.232977994
129.380477486
34.2569683689
51.9461550057
80.9016554752
41.8564485556
39.5582157824
404.24622832
0.982475452399
536.154159631
39.0212195106
247.396201012
240.460525311
116.103764413
0.636078259595
1992.07723649
95.5873638539
309.211893883
354.563036071
346.950014927
506.88653011
746.812275496
384.325544927
343.98945685
644.57116611
663.861537409
0.0843952878197
0.081085612047
0.0789672718664
82.4815394564
48.4812824729
53.790263375
0.0514573660145
0.0864329781913
0.091994509331
0.110497254808
0.0860888915455
0.0712428218023
0.0737549133651
0.0671108710967
0.0781143551249
0.0771919451251
0.0672326460462
0.0472265374088
0.0455327714957
0.0507859941664
89.0542373467
122.187090201
0.0414392976256
46.5031397167
0.0670123275475
97.863579998
86.4196483354
81.0056774275
45.0690497737
44.8837079321
0.0493861890318
0.0476664429408
74.5165846371
0.0347111271617
102.113389211
0.0450425280931
52.1769750329
46.7243654953
47.9893326914
151.685423191
48.5018185575
1645.5609946
1492.33375803
1630.66449941
211.396927776
212.153031279
325.904211598
349.677086853
499.948897057
155.030654621
129.19120622
0.114579118084
0.0715314618498
0.0517262136935
361.561344361
0.126822900456
0.118201781035
130.479569632
66.9059884716
56.1875354887
55.340446529
109.135240731
51.7705763306
123.048565332
0.009182158564
70.1935856169
127.216292734
0.0
0.0
66.6552853215
81.6980237371
52.2748798372
0.0
0.0
0.0
0.0
0.00447784608363
0.0182285954188
487.497097868
178.624079783
48.0154033816
107.626995584
198.350444676
0.138151431864
171.258250545
344.347267494
391.321974408
292.396552849
393.28358091
327.642829818
225.881044591
271.140778162
91.158388533
0.122594722364
0.154891723427
392.728462502
508.142230957
349.307366559
340.04017187
463.129042211
232.917288227
268.044380157
0.373903481569
47.5689098616
893.524395473
918.629049783
544.789216278
352.971263355
58.8323958501
133.138150392
0.0411994980852
249.343536868
244.351470418
239.347911311
234.142822345
228.837687812
223.398638764
217.73254451
211.895432482
206.636476268
179.134737469
0.0317728729143
106.185209989
97.3809965813
102.903465517
206.860294378
77.7551377663
0.190675475857
295.972796646
407.937431504
260.696567395
278.03940859
344.97710805
306.479206367
82.9652103538
50.3261765812
642.182457341
0.22647545604
658.893267049
0.16222126786
0.196199543256
0.204852683177
361.177103246
225.115717922
364.983624561
0.0605369492671
0.0614240343948
73.5287383903
0.10304227816
0.098304937435
0.0933104805012
0.0896485700477
0.0882288146632
0.0865908678089
0.0820932090434
0.073662053445
0.062052122688
80.258114118
0.044691651269
0.0440875358179
49.8873080853
76.9536188017
99.1777523314
162.505041033
176.982463303
231.731746025
598.152237307
0.0991311231235
0.139645744282
286.365850097
212.404043091
704.664505001
141.124217875
84.3541856249
0.127145936088
0.13678349205
69.5696387874
153.840643185
114.275973321
0.15880036855
61.5588927673
70.3456359578
118.660305761
156.753013958
0.147755328586
102.976944886
70.7322247412
50.3204903004
51.3009688338
53.7797434488
55.8269637253
59.7570651292
0.111189784883
0.0995059236837
0.0822833095112
0.108308100147
0.142113619913
0.192152679119
311.576935213
151.618542474
405.459721219
0.19949797428
139.80218362
345.251999237
0.160778993338
351.953178819
126.856661013
0.251093349109
0.370375876454
0.417749835316
362.61933743
394.43370656
420.297435309
428.022059091
402.526298506
353.273890885
0.440907692918
0.428322649503
0.350635708723
0.383775014554
0.391864084962
63.883377964
0.358645736444
0.332447337546
0.26989346018
0.295003661387
61.334801473
0.329130280716
0.270882683086
0.250880646284
0.260927372373
0.195194265562
0.206039219911
0.209715632717
0.150381101279
0.10999074459
75.4582172153
87.630220363
90.9186690417
93.377472577
88.4226134693
77.9782564826
0.0949869952221
0.101672222215
167.675099877
0.18837591005
0.234448360661
0.245898293086
0.268454547807
53.7820610375
0.260845885726
0.214596953897
247.139320184
0.142539164395
0.0953670495446
0.168493228069
88.3024826529
91.274371797
87.1680378507
81.6440695946
0.125352338549
0.115037420969
0.232518526385
0.240240374812
86.7213268834
275.795617734
201.434870749
178.360039087
173.072823049
150.9117751
100.315226607
91.1350807793
85.3278810594
80.3306455356
71.427018132
1138.73695631
795.542006267
608.806461076
243.4211502
47.3915880689
182.885036103
112.288432417
64.6292282761
0.323307839827
0.263391459214
77.164512048
153.808968204
477.046215327
732.583022885
836.702127414
871.521162764
812.746495723
531.855185207
388.234984811
318.559880916
0.374037360586
67.1455910263
610.216685582
0.251920567063
0.266320420386
0.256275426076
0.189623056566
0.183097927989
165.229677525
70.8721834927
157.093355198
71.0869690291
0.180190819773
69.6872850118
0.183065245199
0.177059485582
0.160961527626
0.15738768144
0.152319009113
512.077353683
0.144507737318
481.870760073
312.961919153
160.576973399
289.864514349
265.655073054
235.669180566
272.198889913
0.0767176943596
224.98352071
241.88819873
0.226451095268
0.262164087708
0.201454257604
0.202157957578
0.18068546997
0.16179215443
0.139428026078
0.135326700656
0.175277674583
0.191691757911
0.188040762193
157.95424127
137.492662894
45.8166762695
0.125656902539
0.106603251978
0.108811537715
0.1143441705
0.122168646287
0.136903156934
0.148565560934
0.139133790228
0.131972246556
0.141344039696
0.170458165577
198.769706417
67.0705133026
59.5226146799
57.5369447927
219.723383864
682.290179279
631.035260122
223.227353316
115.732310279
518.738618063
353.467888214
227.109816555
222.446943988
50.175746262
0.255792982383
0.258107729616
0.213412388788
0.164965675717
0.132948929556
0.153741338506
55.6172668418
61.7080273154
52.6319452305
0.0929287866945
354.812007975
325.448523116
545.100908243
485.714358471
511.006865805
438.301125768
498.215471459
0.0630356355773
445.75019464
256.826859485
206.134739164
109.379199157
193.009735966
282.604576185
114.594290356
73.9332532929
0.0331556507979
0.02019086962
0.0386343004622
179.118139047
221.621927723
210.751601568
114.122608006
97.8574439511
0.0550030933035
0.0642877303893
184.552369497
0.0634417878454
0.0547786865665
0.0677609279925
90.4387330913
191.52825186
48.3532133367
192.671998909
0.064687838984
64.7644320029
98.185532587
108.118462826
91.2869434843
0.0595164345786
236.821300274
162.151492661
87.334274122
88.5731442094
83.1572100724
812.409279639
174.718218749
323.006594381
311.204316434
261.656965444
105.495305477
130.185635635
120.931114756
55.3106861919
0.10098302925
278.320533164
390.908348565
374.760239479
112.524623267
154.428150149
86.2926068556
82.4153717422
0.272200517475
367.19175558
73.7917840292
144.412796893
92.0624225985
0.160241894484
0.264436640988
53.8716937594
75.3165031171
125.218829029
62.8641198905
0.4929704758
0.475748041698
282.607427252
0.339840164942
49.5246155981
0.222856742263
170.416938152
143.255475787
352.814174409
155.3797151
205.594211028
153.3160671
80.726348505
54.7015035494
158.505188895
167.808036303
56.4135218455
50.9572352395
237.591003328
411.455275677
330.533804471
329.159711205
296.824501067
273.268182941
353.181115522
261.667444806
0.39875493547
333.137159207
458.210808278
66.8544072616
0.737523858454
0.461017041912
0.376177668587
60.1494148282
74.2847335358
131.524938748
70.0170391369
68.0774005993
0.590894013953
0.407110702177
0.376081374985
0.438644340158
0.654330925994
0.722802453244
0.611431224319
0.564546613378
1075.92648822
252.618800773
348.428728937
0.6643342088
232.30801585
129.725130657
100.053346806
0.567191506418
52.9971485187
49.6102254405
180.985714241
198.491536324
71.9698197574
182.13940285
70.6040428243
72.6713463716
188.765185248
202.036905223
223.513454403
229.808706991
199.15389548
70.5845936716
66.3458016964
61.5379240248
60.3430622956
54.2008121218
148.973561493
129.448966352
0.262804653811
0.332025366857
165.829363434
97.5517422323
0.647086837192
0.574810269433
99.285488151
0.342628863552
139.904100228
0.375187173777
0.53374483183
0.836902868304
0.940101962802
146.426670244
142.015390217
153.469599849
0.601304792092
87.1651966457
56.498072436
0.887982969102
414.12075331
0.380105781217
0.500552292672
127.200363862
222.411087424
244.136403922
329.704722913
363.002508664
303.751194679
231.264257325
65.7217432727
139.496884133
1.26861097369
224.92720221
176.292768311
60.9518505604
105.207425265
183.772577755
647.343468317
77.9504038487
121.921635861
0.684286035476
59.0683556288
0.566875637774
1.21543135998
1.20692206365
1.08749558686
0.974699432662
0.989175176433
188.704015272
46.1122704511
0.493212174207
54.9054565316
0.425197097735
0.394470178824
0.489043282713
0.49789110247
0.496012088885
215.672026064
210.991080165
202.03006843
0.380002855115
0.494513642338
123.321892955
0.288900114758
137.310240535
65.5887558116
0.540584625043
83.4204986342
66.0541409808
187.249170402
0.618822916421
193.714882964
424.12855005
415.374226425
107.919480687
235.861718566
317.683815086
273.459004752
365.873772101
329.796729361
268.324969328
324.782770947
330.212205601
423.445453527
0.509056026202
0.5746837369
0.326923909616
0.304941738285
0.569542746592
0.427617463146
82.7312767766
73.7488788535
0.994114085064
0.297726744062
49.0552462555
0.275800969118
62.5994713713
67.3129474693
0.723615679419
72.9063327648
147.91022065
194.431874731
58.3910947247
56.2739243696
64.0613817786
58.9553176704
47.4620086042
188.725353127
231.730423488
303.785209491
160.079510491
154.188996344
68.0892721454
52.1945694561
79.7737281522
0.661034332687
1.11121229793
228.151068624
0.74869216806
0.64519451424
229.803578288
303.31393582
235.799231062
75.2917362363
161.45256363
2.10073203792
61.2547953163
67.0855784782
191.805854207
220.183022535
216.836512455
0.928119448709
58.7348093839
1.28057519869
2.28852646334
2.21375085836
423.007193708
177.778382747
249.612643936
426.776100116
431.892154948
509.729647917
724.423017179
463.647834223
0.56341200383
0.307519388137
301.664090764
175.402725961
92.8601864621
0.49723498866
51.9467720906
0.714500960111
0.892240988009
55.3774206931
64.7986725959
229.092529351
0.946240941887
69.6882460755
194.993199305
143.839077517
340.12475897
363.104556708
51.7746120445
223.357236561
192.979084788
62.0502113857
64.7111578733
58.1961693258
64.6469143831
57.8738686652
48.4572591648
0.450017360624
0.451208515678
0.433801005098
0.417634065648
52.5188953549
0.37058177947
46.2610960415
0.220308040091
0.270514535118
0.262217461049
153.748762619
201.478430185
226.009994147
195.560818636
89.9035099442
45.5177804814
47.1291350318
0.603822176104
149.290245833
214.679471034
230.706698373
170.709238822
0.353419469816
46.2353196663
0.40891147186
0.300635768426
0.468259439658
0.324183782114
71.2493462838
85.5077423331
48.112646998
51.5389479338
168.815550752
186.857104718
207.991441185
239.511217216
239.353766952
202.005348999
196.007324043
166.261396312
0.975242645944
70.0679501153
0.961981893332
0.909840580308
93.7587903652
0.834922757037
0.884036197589
124.802932845
134.824868412
45.2868298778
70.2198702245
0.8565771725
1.0615038384
0.67950526861
142.982142201
0.890018988403
280.653945467
289.052469896
153.292047886
185.931321061
168.06318055
0.681178222355
157.106592248
92.1829797789
0.648871967797
0.561947227489
0.787089055305
0.806368515456
0.861693711271
0.859818722642
0.816876214484
627.271307808
408.041948892
490.847842622
63.3345163095
0.659055932438
0.641265965755
63.8773153494
52.5971904694
0.635121703519
0.768346659307
0.762274993428
0.73643344786
0.616098857166
0.834190217897
0.831002588103
0.759294370692
0.667544983101
0.377525687289
0.822344905581
0.296307405571
1304.72123567
0.353855076765
0.404727751897
0.456786552868
1039.68232019
0.293158716126
0.355678506165
692.785015146
0.46853842367
0.509663050682
1176.60774654
772.098475497
347.868360834
0.442992197101
0.469885818294
73.2918211715
57.7520998913
1208.70119238
1448.4418542
0.619641342192
809.697497863
526.313713524
434.88840696
211.800071944
419.128337057
396.715358619
377.439942791
464.57738236
485.774026346
643.944528047
549.596099005
511.547049721
399.26241127
472.414606032
593.314209903
396.192945612
431.633206888
0.491441781549
518.36577543
577.574402348
503.126107064
381.814277722
494.782860673
178.815863543
0.361562118638
212.22288489
80.3931652492
136.68574451
1897.49658516
52.7861317464
202.923814289
50.8118615824
114.543626478
233.0473622
424.156056089
216.372957999
364.733857514
116.056373184
264.569933288
179.641693211
92.3347529184
159.434359999
227.046400038
98.284397186
161.349688645
120.698062005
73.3614628978
70.2670112563
59.6522983736
786.732457292
736.888779769
574.545244456
0.62418136337
221.402948622
162.036188102
165.970648162
236.393811237
0.1464155026
131.776220979
80.2476865166
0.312882345162
0.315477790642
0.465956684696
0.377371469824
0.365738201621
0.459609165294
0.37474072552
177.861263947
0.499154313944
0.369671306234
67.2915699209
0.500852640536
283.57488159
51.2484808286
712.572404397
0.397309607161
60.3236715306
212.20324204
59.3344275487
50.7563757021
0.862406496978
0.725809573541
0.669522156539
0.659086161433
674.735692783
0.736021264925
0.860075575987
0.937275507513
0.75851956161
49.3173247853
0.986466910122
70.6691053248
0.982898189484
653.175919056
761.298098736
652.008957349
121.53451691
53.6625870016
744.113137135
766.109953825
395.274813546
355.457640148
163.1899676
0.707314646451
0.833340769195
0.536395334716
0.497716968641
0.79023255371
1.77113601637
1.93392553998
1.79654913362
1.58587794826
1541.76354103
1.39976168819
1.38518215686
1161.2755827
0.95509733399
0.524795199646
128.323028366
837.946876065
0.698747577725
155.502676085
0.912759486338
0.911729928714
1.14248406501
205.679113602
316.529099125
1.15486132001
79.9794306237
0.681254918217
0.415448814208
0.400537018618
56.5815314848
0.461891768478
47.5346724688
156.132042448
411.098859009
1.25718232883
0.391124940033
0.254458818542
0.396502226844
51.588679467
0.185578163533
318.824333912
0.411437619241
0.496870901915
0.494463237851
0.667698732598
994.066332945
888.709586835
1506.6157659
568.577588713
539.515165423
544.834874873
415.104719438
3429.1561488
133.574364406
56.2060781686
50.9022422803
0.321100990751
310.647652676
46.5141981765
156.379345296
74.5430777869
71.8878189004
204.549128444
216.816287921
119.041685994
219.310878707
225.224527218
262.060299348
309.277327855
122.764791979
124.236823191
273.159352499
296.052863412
270.832492874
258.747722421
236.152335045
108.336849596
175.026540757
0.710018219838
0.482428291956
0.416482204116
145.447183809
90.4941146872
0.860674152966
219.997625344
268.688819642
242.263457158
248.614487259
479.461807985
405.131819357
360.608038147
498.971393573
402.112757478
362.962275957
368.395912582
371.035473915
425.1073192
393.820720053
391.057610262
266.963824456
364.731244407
419.842823651
419.188154241
107.207905564
129.881560476
265.116705661
60.8611633946
107.182731649
210.721823203
55.3779103186
60.8439247393
62.5767540046
0.764233393895
112.099342884
143.745422567
69.518092535
54.2381434828
47.9518292062
0.446383405116
392.651889358
287.298169303
0.364299639717
50.0761867764
162.925933401
50.5476035735
141.193585747
0.468401071957
0.68057997421
74.976342989
1.12635287713
178.123799353
1.07794589548
79.9968600536
473.323872043
423.875936304
425.018603299
777.642781306
520.142753381
528.148582565
402.455101024
88.1404684892
2.63104881706
2.75662480072
47.117404668
1.13729918995
1.10335610631
958.040168905
0.816012636902
0.594648059348
0.70168947711
0.702892198681
0.50282324388
0.699465292248
379.70785804
509.650296775
129.870116282
142.804603776
0.399528644361
48.809451245
191.084531903
342.136037744
409.552901819
351.368726123
369.88972927
376.315138271
227.7997007
330.06882115
268.504784553
325.059061867
273.849889614
174.475331314
0.554555875645
49.2890733706
0.580342761783
51.7593899534
181.553677615
170.77585926
0.945648697775
0.898199627422
1.15961726849
1.21832742044
1.1704040229
1.0858597983
75.1568930551
1.3768345311
84.2458961031
150.16871436
70.947066086
1.24918201493
79.8564308656
78.9619465759
49.0867305769
0.97982642941
693.583467513
720.307486385
525.777802043
47.3508507304
47.0635255028
0.142440977992
90.8091148392
140.114466094
78.6191174738
0.420518225099
0.406093596808
0.72685916248
0.647269165986
1309.58439908
218.432645788
147.336735258
1.06537384196
0.795457451862
0.781857011215
0.716343465235
0.744110796123
0.9390678655
72.0162893835
2411.75136887
0.691624809582
355.142026804
661.807421795
503.747683047
408.079080494
66.0290578437
468.878576529
306.543624762
671.482513223
969.619306825
0.654388893821
125.145897253
0.592350983988
0.53120189875
180.545858406
0.37504320277
218.231910872
0.372144556708
0.477797064198
910.486923663
896.975710224
592.664249824
556.693755284
170.403521008
0.761899169518
1683.43776307
1132.40120903
1.1050940293
1917.64917448
48.4290496431
48.2216292463
1.21529955206
1.34583919831
0.810578458905
126.470262603
1386.18286573
876.116085063
0.830887389104
474.312831736
48.568372217
180.197457835
136.776127594
376.337496113
216.325848727
222.959227518
381.217200732
161.352046964
2.60698882928
47.3807548117
203.794213347
1.99562435403
1.89452175737
1.53878589247
95.9354472392
1.18715232795
0.507734700684
46.4753601391
1.09264617981
0.775237864818
0.756862689412
1.1274622394
1.21810333784
0.993204826779
364.808685466
237.211321389
82.751253466
247.693642716
782.751402578
461.243633858
200.143905327
0.730740017136
47.397798893
1562.09400433
0.676024008304
56.4154450132
0.709029511984
0.53621090727
1172.31336802
835.519971826
0.489641604809
0.658402828311
276.768277635
53.2003530609
0.423326104594
55.3204477726
0.266134664033
0.187984832099
0.218367347111
54.5176354786
51.369436044
0.427811324828
0.436204203038
0.391609043176
213.104702344
0.403112747681
45.1096145878
76.971481736
0.384461878163
45.7152966073
133.54374604
0.318865661681
53.3977273403
0.70860534573
141.174327196
1246.03134036
86.6476554761
1.03177624614
0.804975803936
1.41250719068
0.574314815082
904.240458214
878.396068155
829.053001603
653.094708562
1313.89853657
0.928423406981
967.526005185
850.780982831
0.959889187767
147.1249932
0.764796384869
605.439386792
0.591663842985
47.7288373123
1174.47156647
1490.59260463
72.5378153464
0.532819565255
375.641034516
330.769924217
97.6909130299
0.599055972726
57.6274022192
56.6335030306
48.4019855501
262.82567668
301.034398952
226.512016442
253.947561177
50.2359861809
102.835962575
165.966448448
176.160845497
0.360833922018
0.649529432531
106.355420271
1.13122011617
1.16530878721
49.2990140069
0.713241710916
590.004427243
978.915849633
596.917751535
781.947481586
1132.80136288
707.422978049
852.033558063
1.34570418827
618.982397617
406.342347701
1.32720699015
315.954015676
917.596978821
988.526774049
864.026349408
654.436322955
137.737391845
1023.48347007
114.14934409
0.632861758794
925.673306302
454.124561724
0.807469611956
0.784085542426
539.426625562
1423.21336628
0.597278753156
1563.26387366
1416.62462714
96.2396533294
785.034679163
268.377470105
442.572772815
104.343887652
0.521990489444
0.503879562168
682.701060459
0.433012551027
93.0938777805
343.397003137
273.305661361
291.492385607
0.39628907152
0.554228667783
134.680432616
0.338926897123
173.59427589
385.247356731
89.3819465609
0.494186786851
0.614212893898
0.668156945978
0.667170463325
389.671374841
934.506363297
592.556182414
808.661106589
973.440994999
759.130274954
0.415359158635
750.894191187
693.058414698
191.753422394
185.597044728
315.773908424
699.05227517
1062.55190856
814.009087181
618.013663742
761.270957075
914.699241262
492.712112702
89.847452815
903.461114008
0.550922470008
84.4625232415
81.8594453009
0.476642747062
396.730224045
115.105915894
406.085369496
400.165754449
0.306546667514
90.124314963
0.237551617574
97.7416957117
271.339197922
0.455843122901
614.727131208
450.70384061
533.791746305
849.559452742
691.586507842
92.5919399161
610.076298813
853.896654761
710.739570902
440.906939072
791.563668693
793.057537549
863.10173438
706.726657467
139.170963091
694.770234497
511.382693134
266.854474978
177.856811584
0.782962244933
0.795597327583
900.740985279
207.312498858
242.826503283
279.88234999
116.268070152
0.413636726979
0.41098174152
242.600956367
0.350813843441
0.356424337611
0.440528092996
0.318681800939
0.289901820802
0.140192972637
0.286047448881
79.9215784519
0.260523415657
0.371058343277
0.433091178621
0.434953335106
276.792847908
245.731892431
252.390953484
255.915908505
265.258106013
0.431016086384
100.102206499
0.590360233724
0.632917410771
145.368163894
256.337568835
108.875963096
0.418935714476
0.458198547018
0.49540720156
0.761148581285
0.682403801055
0.33747415075
142.292892899
147.993422395
230.909619012
225.819323576
417.88140531
0.70981412707
76.8916342889
325.630000833
190.209207623
316.500272428
0.801326938259
0.851226438851
102.412518203
96.2024422569
0.579523860865
439.815181066
461.044983258
91.6867229163
631.113889569
0.86294144989
0.653887284518
505.752016618
372.522067845
111.936221347
214.495259836
1.29505985353
133.549931004
75.5164762921
120.748042031
266.817317347
1.2539654813
96.8057053459
91.8427305788
145.358124265
134.831355517
0.903363957851
0.874339372794
0.853566843577
395.765384777
758.036229558
816.920198682
622.044379593
271.736885902
0.262316502772
0.309680166152
0.341297546186
178.116772267
602.981325176
895.454483935
1077.56958753
719.220636236
801.693320008
991.786572049
601.727381615
681.218672512
1137.9872413
771.328265516
87.84327991
0.282298783361
153.357254157
377.051718214
0.47723948833
235.90318072
165.325067248
0.663378588347
232.435618336
153.303630109
429.727022374
697.270702564
933.533238057
937.872753068
933.17031761
559.214951984
911.873025011
570.173559692
560.638184574
490.220127671
188.707900829
128.160620886
148.424293392
267.239116408
0.556296044391
75.7465504493
1079.04271607
746.736828195
958.779681761
87.413694669
86.7186653472
915.583827569
530.052245948
877.854108531
243.519667145
135.618993409
144.110051426
156.20158497
0.706629191207
129.563642628
507.107682706
803.763420868
1151.86721531
559.450348323
619.168890931
518.755037323
685.527677148
1.39117329952
1.38020869066
76.548241762
73.6802362648
640.683051093
289.450351647
121.354916271
268.259063908
557.335350214
419.876755069
527.671380386
832.047195462
779.859938048
798.593276436
754.077054139
609.535713183
0.718731370843
464.546038865
320.884407324
281.80082863
399.819234118
281.493066203
272.892436302
90.0717604521
0.624021318517
169.750998356
131.254413097
0.519270642857
0.454694274629
0.609860735417
0.555486994349
121.381562433
143.241018529
0.530853046884
0.613332338732
154.616847012
221.494140856
101.896827013
0.977241193265
0.768753542268
0.711937302961
0.737492294504
105.745553676
0.503811201982
120.84119999
0.59309497472
0.883401103813
0.761781406496
0.876759700689
90.2615303303
235.317217508
248.800368714
1.31426757568
87.4991715818
86.7651685708
95.0080967381
334.283876824
362.493067591
287.57881188
1.2904021018
1.30174892684
272.637717031
302.742753317
1115.28220293
148.115341165
244.374819412
1030.4105755
425.14948463
440.87303253
1497.87269948
138.270403184
1855.88821962
92.8091814313
135.717124829
82.5161043044
0.63597861453
0.616091238135
0.612015902314
130.265578826
79.2536507628
0.784099304603
107.198939403
0.998133826997
0.907094128803
1.13594175199
0.985198137426
458.426492209
343.251926566
644.798836929
637.775054688
607.237324211
318.766760348
648.483144911
457.455961783
0.548860396444
0.626811455397
124.054303793
152.879790512
304.944168662
0.44257176547
119.74835959
0.775991439769
465.130395381
394.943895958
79.4582907072
1.14397177528
1.09467006283
0.906332872225
0.773024412985
0.559793139587
0.651740947393
0.919588060321
0.554764974009
0.598536267226
0.573091135543
81.9998230178
123.639042618
0.732167046047
0.53291082461
416.001839287
404.098842283
0.750928277895
107.685724266
93.5952105951
305.750980189
76.0555882416
0.86027605517
1.06342781615
1.21189394658
1.01748894453
1.28089748143
243.369585271
1.09000804984
2.02492448031
2.11504689913
472.516684769
550.175115392
611.272182492
501.543947474
224.537955177
206.392433029
1.14050656953
207.712242335
267.27704184
771.651250469
108.253978879
265.201186058
243.809762312
0.919851286395
0.570944025608
251.56044663
0.764167844217
909.479572408
838.538947768
586.948407039
441.842919304
393.473891611
546.760750224
0.587367566711
1025.98547396
1032.39379991
2.10243928877
595.524945711
94.1481193426
1.41509590213
970.076304443
1215.67527023
843.427733559
906.505718454
1104.93163407
757.268639557
949.490205472
1009.07213088
647.814459283
548.346278796
900.88265789
350.753997348
471.27175159
365.829888376
298.898555093
265.464543644
75.6077890298
119.038360163
322.153656992
75.2775616033
83.4476537173
0.617762635365
0.615961311302
0.62221537619
513.693936099
491.434533948
0.764815087596
121.699108724
127.927911136
0.631931508773
104.152662656
0.624881645809
0.766391055922
0.711137518994
0.759743337304
1.05925784796
77.4885019785
0.550704120156
475.91063878
1641.21211953
84.7268263881
91.259652614
2167.57309351
557.290000048
173.943827777
0.858791061623
0.621579950438
144.702697788
0.596668483034
1106.67503268
1101.1397072
551.784113364
806.261164206
419.044731179
136.168700102
729.657500879
407.161402384
552.395518215
452.639244175
499.845108945
476.334290222
422.836146861
971.84293055
180.863093267
0.977493103241
126.739102808
76.1070175434
0.513749032596
1163.13433538
1321.89475751
1581.02632507
499.684409637
0.647230221376
249.509287075
90.9940960571
1.1617889987
1.17319627481
1.1676385748
81.5885904078
1.51666696372
254.129273743
595.722170108
902.023316411
1086.32429187
599.075753433
712.801208644
510.324811426
323.525392829
77.949362909
483.28529032
545.481686851
387.680663377
104.721914455
142.454015121
0.954408364926
592.278108843
227.959372057
135.541190035
76.9916432748
0.478506873042
142.14884257
289.135444485
0.410253783253
0.390801679016
0.391370471175
107.376675278
105.136759098
873.487804841
374.813748827
0.646870144383
1490.51893863
724.827479314
457.203757029
181.397537516
0.309251845758
1833.38944046
2070.01589548
804.287540121
767.11939827
1285.61611682
765.481812277
665.508823697
210.715615
127.515596841
235.201963155
1.17015717061
1.24270728867
139.079109356
406.598830919
3304.108821
1278.85464896
1173.17531363
662.396031714
141.20842455
537.375365476
337.324472885
862.548949635
1253.67702309
1420.91008812
693.19961328
838.763429953
807.665386788
664.313035366
390.633930478
0.415599389801
0.802063686697
0.849306571987
0.703264105179
77.1203616817
0.595562373199
0.606561539983
0.874641002152
271.827346768
453.06940416
1.32952493452
1.26946290573
104.057332372
1.11200412874
81.4609113463
0.868575584715
0.870194113034
117.905585096
187.489419966
393.868420719
104.359658964
381.860093155
0.227083285414
0.371238710222
175.379635949
299.374253088
206.505665872
119.233235041
412.262143581
204.272635602
410.24575783
296.996779147
518.946911726
182.92270311
75.2766429548
0.922750346522
75.667703489
308.216266657
0.867434073251
0.932488034905
0.884238054018
133.401356364
93.9416537408
0.385874115628
0.618744705898
0.552028523276
0.717932067831
135.66641861
268.854594209
199.078579381
298.251541484
170.692998271
284.894308726
232.922040117
559.049112704
79.5901073482
296.59355264
0.786276738515
0.545864388691
172.822299104
0.718183279497
139.092525865
138.192900412
0.741380529424
100.076043422
118.951811941
0.770175352965
990.033800743
103.263130502
108.06005901
113.305321255
106.818006993
242.007186481
0.879142463139
233.795689738
0.890712539906
0.880795198473
86.4820564542
0.845000151698
0.845041917133
124.748076435
0.854825453673
0.849240653931
0.832635003129
153.216441045
152.572538441
108.886857405
0.790517882989
0.779485055476
126.417818234
126.955660259
0.734579075397
0.726103175681
0.723598218001
0.722322495685
0.706583288872
0.693378636224
264.162940543
265.100343959
234.292183168
0.602334745178
0.593325508043
0.586921224249
0.581663136324
0.575962205119
0.569603565398
0.563642783538
0.55868075725
0.553513469538
0.546520605472
461.628454386
452.661072557
441.410577123
0.497848095499
406.278916029
377.64288007
344.519652743
312.55615116
283.572945426
255.380520361
0.301911489055
75.8669050675
74.0579445211
76.9525120223
0.266730314031
0.260725936788
92.921196592
75.5093363062
141.837138525
142.205956192
144.42611179
147.095900354
149.191599661
150.354001175
150.825286259
151.444811543
152.292653776
153.159976821
154.163379173
154.853249755
155.229406129
156.891362781
162.371956105
171.851062402
305.870011556
387.170139783
0.310565415109
953.769869769
511.986180117
752.550591647
990.45550315
0.209031745353
429.574510849
0.412792146716
96.7710796983
0.650068123564
0.678330574299
133.030897823
83.4098790397
270.882432716
258.572703569
103.433230067
98.2935367328
139.762054394
0.639987397008
183.527232905
124.684577723
105.681854223
102.747047985
229.174631691
0.545221393791
91.1861749081
95.8501977362
0.645454649264
0.600497211075
622.852540269
1195.07357996
408.999063207
0.757199694988
135.334960548
0.601163178123
0.593918526373
0.591751407766
0.600409907851
0.685383294856
0.550662475471
0.538851316285
868.798315405
0.65735385752
0.642763978613
1391.88841934
0.666779478395
0.602488626088
178.380233356
0.895172100391
0.695981574101
0.535899558487
0.366766858829
0.408592352736
0.290904039187
97.0279728401
0.50233968706
0.533635661437
0.631964048291
0.818808729923
1.19342634859
1.51051074646
1578.97768724
0.865853695135
1555.54735709
662.970216457
0.763893285462
238.571592802
1685.87736439
2843.45085844
79.3254463447
118.091762231
98.1453815747
0.892559877232
1.39072708252
2.18733289714
2.9035605789
589.773872298
3.25623535557
1.57463447545
1187.00049398
1.52899575573
1040.29834174
1013.9217571
977.330291043
2.99236839376
1117.98873091
85.2540191238
1030.61283809
1070.92301355
1029.53817408
784.30586146
1223.47538343
1430.63471459
502.342673647
104.330291413
117.107400407
82.9815452559
176.510565042
394.364576616
463.786195753
543.316418998
612.914947644
338.885534863
618.804995394
671.796435715
418.287196124
454.339448489
420.764591571
301.969232363
410.833870448
739.443743241
584.190670674
525.304608302
288.660532148
463.400443786
528.105437443
97.225611933
0.750377034997
0.65682681393
0.633516287232
135.424114702
0.616442579416
0.535487506399
0.234468767192
101.294817674
0.219264329739
0.236018169603
0.343508174823
0.495140770636
172.014309714
282.404094817
0.792042898389
239.948378789
243.901487113
277.104321302
146.523589722
141.234691187
0.427269332555
0.435681287286
0.598811050453
0.678044442705
0.571317417793
260.257730047
0.587972186965
0.520008790223
143.412422524
95.5039464182
86.1547977901
284.452773237
586.087054269
792.486892631
502.803984321
471.023246737
424.816084395
623.724562813
208.707227782
729.260092609
1331.65624883
1690.45853283
1550.56719143
1471.39685492
522.035544432
1351.02625108
1675.09741862
999.75235853
848.488390101
220.326433236
1.09948439266
868.494753638
1019.18939206
1074.3096804
77.7705086539
1321.41477678
1513.5545491
85.4818288453
0.528702754136
141.830767715
0.952733278257
289.147938926
1.35819718212
76.4761468664
848.643354633
1446.36749318
0.966410456674
0.777022733813
1459.02380511
0.864766368204
1937.89989666
1329.23707921
1681.35313005
146.768441396
699.801636226
1213.18675946
0.875969316946
1140.53671302
836.458906495
130.874185277
0.861952795284
185.209645668
0.783071329725
0.712956254621
77.7545409883
141.374619374
271.091996076
269.564403883
0.483943556221
0.705214330598
117.102216146
291.29258435
0.596643634115
0.628046948708
0.602447588884
0.489125069707
0.816203627386
2254.23815172
0.807479724232
0.821572846553
1.03505491545
990.837434908
0.88251884184
1604.63047604
771.092914139
682.563015835
436.173154069
90.3171646596
244.696794241
73.6150886905
210.340747406
110.493543177
413.540607189
128.622089572
354.00683287
420.091205526
210.307383138
398.373672225
132.991046795
302.922392606
355.467792254
203.832009249
486.85946907
385.297595008
273.870304334
329.313341867
233.989520639
469.854071337
311.875483226
134.024131387
462.787847891
493.40040033
511.583273194
382.945418879
203.33849212
268.604427491
87.8755715306
2.26790158267
133.243524296
2.57260578751
184.93579559
170.700670918
220.677068187
557.635687424
260.798540984
421.589620031
196.115108488
218.519652604
259.888974711
263.314424173
190.63794842
470.236512454
208.110618725
193.648334374
783.44301764
638.88522244
410.764562295
555.070367506
677.57630454
376.182308944
420.939260421
479.440248149
368.766334239
221.316667216
115.564794218
155.115577993
249.9265815
825.321061525
85.2551457522
0.501916421211
699.505359945
0.551220954308
0.584207336796
0.610508160165
151.783081981
120.18230322
150.628574145
73.7399177177
77.6434468931
87.8228388643
0.733494354774
0.985940567484
0.983690855612
438.432629453
183.141819857
1.65394575518
853.01990464
1.52242956132
75.8786746172
296.472488312
269.170152162
557.983941312
408.849354426
459.79153489
416.562695139
272.874993667
89.4193495742
138.3571998
0.619670784553
613.620849457
803.625232666
889.84620151
604.45573323
225.323845284
1600.48301655
2240.29464982
0.388009688222
1896.51333204
79.3201958519
114.546143719
0.74137421721
101.224135987
0.443797045431
93.6715266767
90.0229881583
109.433161731
157.479421981
270.415371634
157.250639276
144.970774649
0.715931227749
210.20418184
138.723676909
238.122741153
1.05639859012
108.923281838
1.43798875214
1.69028003038
1948.52867274
128.670319975
385.368979088
388.99302528
2060.87663579
86.1739307803
1611.76013587
302.704853008
177.085802504
204.476881576
198.456027184
193.121164413
145.11960636
99.1180000791
126.819928939
305.74848798
152.787736142
0.788203729011
116.017983592
100.960158
1359.2134496
868.430986687
867.76188051
1203.80185063
330.571859476
562.194914064
1.05831867174
0.781197679344
0.992133366132
83.4956204529
2716.88828413
0.82683531679
2723.26814851
1748.38876081
1267.78117732
1424.33443562
0.963197373703
1.21805863665
1245.37958137
106.318380072
89.6255654725
1120.96081574
0.550549263706
81.9502096918
5238.93635323
365.46755078
1187.86793696
1442.06723098
739.217848602
271.70417562
92.0470248941
181.064958469
797.26445498
1036.64937644
969.839462226
1089.48572114
997.636191717
670.696139773
0.38245498107
0.340711113484
0.390088446201
0.52380088497
83.7013230056
0.516376469537
133.460085011
371.030341407
0.54397709705
183.392596936
0.380236429368
568.556764642
0.747193200887
2004.82795264
2399.3525498
1458.06695294
716.892938178
1.2337104432
2957.74956244
93.0816993248
83.0564324041
0.67978349886
969.765895959
510.403366376
527.36653646
683.447223319
474.069516963
0.73028574883
425.128229986
550.851744914
851.470174268
892.978810739
1214.71961861
1135.89604518
1134.39931172
1146.52894976
397.560816603
318.640947414
228.725741636
0.417646935384
1266.49031586
215.715605099
77.4767668207
0.31230118702
235.776235908
127.427359844
0.451124017819
138.824624907
163.532837432
142.49301179
0.25639119461
0.477345893097
114.883097276
73.5665679745
211.286812689
749.333456778
1058.59936334
817.994832918
0.652499924916
1155.50119844
1259.63009757
1216.92854015
1196.65811254
1295.17379566
865.452001479
1199.11049282
745.268710361
551.034705627
0.662644173864
292.252249736
0.647324390467
102.698304232
0.803511528294
0.754471081741
222.1736791
0.715857877529
0.665631892072
240.567004342
81.4893168185
77.1224329782
105.015981597
110.482354356
0.389407723129
0.380858836951
0.340441476517
0.27539605306
0.274611101918
0.283589327026
82.4968839305
0.365204567245
220.839364955
111.496682994
479.157080254
438.490045902
433.464902714
0.50984258991
0.72204670634
394.88230238
599.585970769
898.134604399
1033.37874434
1521.94223435
1.22580968538
868.501855767
0.854510154431
0.68550284495
387.31846955
265.297356444
1156.23041563
1505.48099452
97.1544463501
1427.58707637
0.538727636855
1466.32649682
974.229067987
1074.3238914
0.4553685832
257.723811719
269.453583316
122.328110635
90.6798234712
315.878036664
84.7861450615
159.04257097
80.600181064
0.219294331471
0.238722850303
0.398131239852
0.420485270842
109.400361921
110.702078508
85.281778465
900.306661557
1282.21512777
1006.47296121
540.895934131
209.119613159
830.332061575
948.502372657
1084.4227866
575.186286641
1369.81392057
172.34091944
1.91860071959
1.65783599133
464.767198448
1.80174835216
385.736115944
794.576840336
943.482593541
952.456292191
1360.7435965
942.86952816
423.808603417
831.615579337
248.130966952
124.416666184
0.723072800526
0.644286430632
235.526719536
0.598965094573
105.895788662
0.686526007282
0.41526080612
119.778043707
0.739677017478
109.495611232
314.283195663
368.750044656
409.585070787
728.919745296
970.189749201
0.614620216359
440.056477163
411.309911915
399.973106877
407.838774419
184.564648224
919.8467652
1135.06319389
1165.55020458
975.066888961
1123.65212881
594.524728104
1160.60513543
1040.96354877
746.873096952
400.71490051
495.118532172
368.776883877
0.92078484201
231.149252043
107.124980787
101.85878199
225.123429716
74.9319985988
0.455831550777
0.457747434531
0.430195054632
198.498025193
101.61365543
0.0867687034586
5.46125035184
0.249879919771
0.236373227925
0.309009133282
5.57835665455
0.229143855612
12.7804234061
0.203550579891
0.222383161224
93.2171073286
176.813099837
112.386996274
0.128865491475
5.8742547062
0.179784401272
4.35715870985
43.3773534934
20.1772325594
16.2318423247
30.1461804946
37.4187684114
44.8128174744
24.2787214552
153.483743314
5.99154985763
256.677083453
5.66418723518
229.33789334
0.365900742357
495.447006955
515.767473713
546.563878903
5.360648582
4.23416955445
434.345225457
421.230709032
0.411023458348
0.727680152248
181.372346145
209.720955018
151.667477129
6.44272653151
120.827242065
106.613928692
1.08647837568
1.18801364862
75.2832626911
35.5518944726
24.0752999135
41.2260215472
39.3857140043
6.98953355532
107.66625541
27.6876297464
15.3779145356
57.0142066083
7.55391273898
37.9527201122
32.6335139013
47.7497268153
51.5584805332
4.30877860535
5.8559281128
5.31901143099
5.0061927034
28.2703467096
5.05236417817
47.6287264557
0.13860261996
0.201862004315
57.6908384297
52.2938824
41.1382407123
27.6024108708
11.8739544591
23.6569881026
9.54496640332
15.265795799
23.9377593991
15.9179693827
19.1924814668
30.0345079221
39.6580500516
33.4809134422
11.6551285659
7.84224949832
20.2039135563
43.6349102147
7.05473094362
6.08977405123
53.3236034562
19.9246895174
0.27216489022
0.308333082769
30.1859936322
8.25367549677
1.31541719656
16.7435279349
64.9402881961
81.8920131194
35.3015793476
9.61124494276
0.806933103676
162.912051544
28.7677483508
17.289712735
33.7153419659
190.717507668
261.182849116
216.407717502
0.184793472815
4.92763339172
51.0922100495
24.0323634017
9.57186745711
0.252047575069
27.5638949261
13.8756156654
5.82312140189
39.3333656585
16.4703421131
6.2901284145
39.3306643905
18.9960926184
8.73551649663
20.5999257156
0.162935553148
0.165300958295
12.9274786971
5.69809626672
19.3997871128
11.4474619046
0.130815608081
33.4936870277
27.5172443941
18.4415225616
11.4432990382
25.0265051878
15.0305229248
36.9099041251
158.229994369
287.150173454
0.117975523221
190.357968761
180.698881907
129.465342882
174.776366522
169.015674484
224.913860983
226.529320143
271.415484239
297.853191287
0.189746663899
167.537428545
152.159245656
5.09682106679
99.0959189952
9.95266399591
124.234571125
188.662809764
163.277625567
200.27669835
0.15768427075
131.330677494
100.422159301
184.412623195
4.99722794255
65.4355935316
50.7184278512
14.9473035149
6.64652732333
6.51736121367
4.79065023786
4.53728955211
4.68694507203
0.287717164026
0.281126703828
0.272863129203
0.26609489767
0.260363318488
0.248612851148
0.238829223317
0.233367742891
24.6084681642
17.2163345305
15.8552039938
0.20632240755
0.204426094122
0.201528780774
13.1046299727
14.4892189755
15.4894763737
15.5586927938
14.7653681633
13.4649606552
4.25671396792
0.169930539346
0.171563451162
4.45062763077
0.164412789297
4.17538645933
4.14836834369
4.23767268198
0.14034578263
0.136049066137
0.128829257613
0.123085726462
0.118970041663
0.114900978736
0.110913776753
0.10497308669
0.101130338143
0.0972354352856
0.0922288142232
0.0882098955612
0.0841262358939
0.0800221147402
0.0759548270043
0.0719748260072
0.0681131414221
0.0643789717411
0.0607687433351
0.0572784035776
0.0539007852227
0.0506210146317
0.0474198823071
0.044286528689
0.0412255000455
0.038245477597
0.0353476912985
0.03252740813
0.0147081073465
0.0134038155269
0.0121644758154
0.0109988159267
0.0
0.0
0.0
0.0
0.0
0.0
0.0
0.0
0.0
0.0
0.0
0.0
0.0
0.0
0.0
0.0
0.0
0.0
4.18022227058
4.23536288631
4.25983208126
4.31558555323
4.41817637011
4.48588942243
4.48303889272
4.47730278334
4.44622300992
4.35985215598
154.454690431
38.1963664047
29.3398003135
26.5034498274
27.053153229
32.8706557231
23.8352951861
31.5520879559
6.65566415974
5.52784594872
82.4810326856
0.218669828557
0.250773415903
143.391951641
114.128017276
55.2648662298
111.823596538
120.617557341
107.296151957
79.1890576617
88.7819241321
69.0785099059
33.3894050598
23.4992293372
9.59793731965
6.23742426866
6.54465125176
4.77004116918
4.6243447444
0.249159349862
0.254954865415
0.276962912295
0.436034993897
0.345107436183
42.9996323119
0.270143482471
0.276210900651
62.8331958325
74.6476173381
5.17452739175
5.33821147419
4.73135943372
4.73231587432
4.85020205015
4.95073416158
4.73242975555
4.36849209939
0.223118581781
4.34291043588
0.315625998174
6.44025313883
0.218876503395
22.4372795807
27.2170816521
0.438170009003
0.197663939465
8.97977341573
14.1518242753
7.58651257496
0.144495195766
0.0911832161038
0.0818955846756
0.0650647114955
0.103013178196
30.0263672097
0.073265860344
4.81699616053
20.4913021459
16.3121001597
12.6792894623
17.4375188057
16.8540946541
16.0861691127
0.106799164268
17.2685302288
15.7571643398
13.7132110162
0.090013159394
7.90204681198
4.66323085964
5.41131369006
15.7556679335
9.38348443814
8.65300336045
0.204440595482
0.116225916882
5.37655438588
0.0926712897426
6.01481403581
0.10738175025
6.32007895955
5.08062004198
0.0778826252962
0.0825710272882
0.0859389825766
0.0860511571695
0.12051328948
0.113789874429
14.8298086018
14.9769116252
14.5372180735
7.90185731883
6.8002131451
0.103097125978
0.113266140661
0.109803942835
0.10910048113
0.0972815843995
0.0835948624696
0.0620406695081
0.0561897770381
0.0452412190258
0.0525631688579
0.0611213347831
0.0658097475565
0.0693969815169
25.0985651454
22.7070251371
0.0508288716224
0.0416392809319
0.0304541270132
0.0288635487762
0.0288494579921
0.0352119828944
0.0366677892612
0.0362946023791
0.0340666122015
0.0108771915924
0.0106175919049
0.00721144332843
0.00702946088695
0.0114915671473
0.0683694930206
0.0594188603803
0.0545591213235
12.2373337569
22.2929069652
17.0642571345
0.268725710069
32.977556885
39.34715882
27.0361473672
0.314192635543
0.105918632765
4.8094322452
15.2720191126
14.7040013723
26.1531577688
0.0766822799104
0.064744828507
0.0570525601266
0.0506348590709
0.0535315367318
0.0642853037158
0.0679427928302
0.0687270847642
0.0684200137232
0.0660968388124
0.0593854009243
0.0463606031887
0.0447696192413
0.0533943353586
0.0594336978289
0.0747484372409
161.798781939
145.845901974
0.0676159506513
0.0645283035253
125.190053566
0.0677752648512
0.0714882480792
137.535563069
0.0770665267172
126.226433117
115.793520878
111.847982541
112.175423394
113.578850296
0.0844015361015
111.62933287
105.803084045
96.0438707531
77.5983837521
71.2065655311
75.78940947
79.1662149866
79.1929541178
75.7441141832
72.1884466223
66.6405285613
58.1775159773
57.8774379547
63.0442410519
0.0713918823532
53.5123579508
47.9080012875
47.1713614655
45.2707012767
38.1523499229
34.0684297739
36.7579885489
39.28383143
37.1078249265
0.0684029583146
0.0681771587021
0.0705698028146
0.0671109100838
27.842564118
0.0627424567718
5.07370619621
0.059906596821
20.1459568224
24.2573525007
27.3207650324
23.310552886
22.0566743264
26.8455737233
27.1046726947
21.9963735953
17.8190782077
16.9440328919
9.05731875284
0.0461129275549
0.0468214831638
8.82163706468
14.8394012973
13.3977065321
12.4173713187
0.0456348725944
0.0478522010052
8.44973946884
0.0500363287522
0.0528241187478
0.0582858956729
0.0628535701774
5.8287149592
5.08709198108
4.87369235408
0.0580695972311
6.84464841047
7.50447012945
7.18268387011
0.0581057054918
8.17697077374
8.64091821221
16.3069270346
17.0818008994
14.0703062422
6.19654259538
8.30856333169
0.0294996851083
6.48594385196
4.99202846247
0.0229863426398
0.0260242911753
22.2591469197
21.9956277988
21.7405271534
0.0350629603857
0.0322692245806
0.0326663917133
0.0299948744896
16.0309189828
0.0226366805432
6.55465526558
8.9103102185
10.7092430154
0.0183554420594
0.0190213023804
9.00657401609
8.578990945
7.37818745381
6.3751809072
0.0235249625823
