0.0
0.0
0.0
0.0
0.0
0.0
0.0
22.607743343
30.1732960871
4.39138096393
0.0122891363674
0.0101163583975
0.00980717217888
0.00948993359637
25.8224382366
22.9530818797
19.9408000422
19.4490647552
14.9545732117
15.5470516398
8.23927920764
11.8960542147
6.42819031512
0.00342378827975
0.00324583959792
0.00306810165178
0.00289756494522
0.0015967411151
0.0
0.0
0.0
0.0
0.0
0.0
0.0
0.0
0.0
0.0
0.0
0.0
0.0
0.0
0.0
0.0
0.0
0.0
0.0
0.0
0.0
0.0
0.0
0.0
0.0
0.0
0.0
0.0
0.0
0.0
0.0
0.0
0.0
0.0
0.0
0.0
0.0
0.0
0.0
0.0
0.0
0.0
0.0
0.0
0.0
0.0
0.0
0.0
0.0
0.0
0.0
0.0
0.0
0.0
0.0
0.0
0.0
0.0
0.0
0.0
0.0
0.0
0.0
0.0
0.0
0.0
0.0
0.0
0.0
0.0
0.0
0.0
0.0
0.0
0.0
0.0
0.0
0.0
0.0
0.0
0.0
0.0
0.0
0.0
0.0
0.0
0.0
12.3848997207
3.55054162788
5.41893280925
0.0
0.0
6.84062684803
0.0
0.0
0.0
0.0
0.0
0.0
0.0
0.0
0.0
0.0
0.0
14.6664009406
13.7500220747
12.891498815
12.0772400284
4.02867145675
0.0
0.0
0.0
0.0
0.0
0.0
0.0
0.0
0.0
0.0
0.0
0.0
0.0
0.0
0.0
0.0
0.0
0.0
0.0
0.0
0.0
0.0
0.0
0.0
0.0
0.0
0.0
0.0
0.0
0.0
0.0
0.00441361269355
0.00476294999908
5.58877331723
6.47482944889
5.83054296909
6.20082635224
9.87590433836
5.58117130577
5.95369809399
0.017786000681
0.0174939921998
0.0172432947014
0.0162835873527
0.0162075087056
0.0161530606376
0.0148224390917
4.47343850551
0.0146521105736
4.03773535578
3.87146656317
3.70735047003
3.53841509183
0.0131330545825
0.0129788299305
0.01282405625
0.01266973348
0.0125185059978
0.012370854515
0.0122240321686
0.0120766471046
0.0119303304073
32.2634023296
31.8552895551
31.445615986
31.0387688144
30.6338002978
30.2342130111
29.8415765378
29.4534915077
29.0706771934
28.6898641852
28.2837285522
27.8201459584
27.2899888261
11.8733258069
12.3813345086
7.61735122714
7.2305136307
6.81309524234
6.32974989452
0.0088940624252
0.00875113337397
0.00859007063583
0.00839778288254
0.0081544368362
0.00783818687268
4.40158052984
32.3709817311
24.6853022171
19.7883677652
19.6659144296
13.6236630364
14.5099254177
7.32097788802
0.0125419325926
0.0122599493559
0.0120823829612
0.0106275909223
0.0103760858693
0.0101690996146
0.00993114881756
11.8627786339
11.4433062593
7.49236223269
7.07705871392
6.71865310348
6.36366279665
0.00746437471155
16.4639697546
17.5337707821
16.9951028971
16.1351100944
15.3483001503
14.1807885405
13.0579386508
11.7202253244
7.16250584714
0.00284178503841
0.00275519088102
0.00134492156305
0.00129303385623
0.00123863920271
0.00118351539978
0.00112930509669
0.00107707809324
0.00102716029662
0.000979745781066
0.000934104763723
0.000888840014242
0.000843176819435
0.000797634061103
0.0
0.0
0.0
0.0
0.0
0.0
0.0
0.0
0.0
0.0
0.0
0.0
0.0
0.0
0.0
0.0
0.0
0.0
0.0
0.0
0.0
0.0
0.0
0.0
15.9103152067
18.9517490082
16.0185615775
9.80573892084
7.82803562136
5.73246316562
0.0
0.0
0.0
0.0
0.0
0.0
0.0
0.0
4.47073482065
14.1572590602
12.4193372613
11.5539070817
0.0
0.0
0.0
0.0
0.0
0.0
0.0
0.0
0.0
0.0
41.8500070488
33.6000054265
30.2769681705
27.4138405558
23.8929338106
21.5385165173
19.314784393
17.0255300924
14.4594163786
12.734810118
11.0786756884
0.0
0.0
8.41499959603
9.3630642469
8.02131272044
6.11899541252
0.0148289411478
0.0125550826629
0.0116762030499
0.0107514542939
0.0128884667846
0.0118290280927
0.0107338343391
11.2910095086
0.00403435027226
0.00305244995053
0.00289630462242
0.00274060969556
0.00257666229516
13.1723650779
12.3460401566
4.09758934004
3.84995117344
3.62926035432
0.0
0.0
0.0
0.0
0.0
0.0
0.0
0.0
0.0
0.0
0.0
0.0
0.0
0.0
0.0
0.0
0.0
0.0
0.0
0.00218630175634
0.00292244574564
0.00317185570238
0.00317323872263
0.0031157731932
16.537211993
16.0771328605
15.5279256482
14.922598964
14.2729920258
13.6157030925
13.0061622739
12.3277858379
0.00814956180245
0.00869706164223
0.0106885796101
0.0191910421577
5.82102148941
0.0188097683544
0.0221913273938
0.0215732573631
0.020755751095
0.0200925468993
0.0194940202263
17.5147769785
17.0630349136
16.4613789753
15.1668257821
14.147869722
13.2370927895
11.9399843212
7.38332267487
6.68847271468
0.0117157088457
0.0102943590166
0.0101447995619
0.00999240049285
0.00983860961374
0.0096920842664
0.00880990460627
0.00871991122865
0.00862582040462
0.00852746542919
0.00842587555452
0.00832043082599
0.00821249137904
0.00810535212966
0.00799807309898
21.5939594728
21.2877353492
20.9690625152
20.6234981671
20.2628011671
19.9315472698
19.6688535486
10.1404909416
12.8706312602
11.4616837505
10.4672018352
0.00679029011723
0.00665277350143
0.00650108860036
0.00634782236005
0.00620408551209
16.5683208892
16.2458718319
15.9529352702
15.694724723
15.4774080731
15.3137316985
15.2132335554
6.29164419737
5.4174487421
0.00547806041323
14.8636385921
14.6567140851
14.4229120925
14.2091039593
14.0464523369
13.9365798606
13.8577274845
13.775304127
13.6574198397
13.4920389943
13.2852101057
13.043482196
12.7750811241
12.4927169886
12.203567909
11.9108402779
4.14622483063
4.03980637181
3.93773439582
3.83990088075
3.74721377327
3.65855390017
3.57045194299
3.48147939078
0.0
0.0
0.0
0.0
0.0
0.0
0.0
0.0
0.0
0.0
0.0
0.0
0.0
0.0
0.0
0.0
0.0
0.0
0.0
0.0
1170.04900362
1515.10597874
7.11792032023
7.29484706482
34.0727524151
8.9389476739
12.9452079446
21.4370738544
12.3646197211
3.84516043167
979.712898876
3.6730932271
0.0150348272913
12.0410892995
1343.06105498
1664.79604881
40.5230859974
12.9160797933
27.4376147429
3.93112015778
4.53974752375
1549.03232067
1290.38043216
3.87622820312
19.0989949818
22.8209267611
102.005151496
96.6189281278
31.8076987748
28.275383958
0.0159017312654
0.0219878448376
15.9451292253
14.2491029667
35.4236358796
13.5162118698
0.00835762323034
0.0125528232089
3.87495153091
4.00901892326
3.75381005298
0.0237552297244
8.31065285057
8.39326767908
0.0547837420326
0.0481053902771
36.4708530844
0.0539530460293
0.0537985981178
0.062156445368
0.0715727785422
31.3607317052
0.0634404259584
22.8270439466
0.0337063593826
18.1829365478
22.6548582577
12.7746282523
35.2793815745
6.36899914113
0.0429649869293
11.1085765605
11.7504473685
12.1998177268
0.015533479668
3.62127636216
0.0256401856158
0.0229547759187
0.0241050886577
5.39751647955
4.67092854453
16.7723316631
0.0142193496282
0.0104166385529
0.00715841440008
16.0873509597
6.98240209441
4.91221220444
72.0409672221
47.1432951268
49.80695995
24.5119949745
4.52306564416
12.2663949199
0.0155983745672
50.8448725638
32.9791153086
0.0134681652613
0.0226527083094
38.9405765678
0.0150909924609
100.87070724
32.6404843844
0.0178305131385
23.1012034803
28.1554958711
4.15639926106
0.00899369108432
0.00631636358085
0.0183742393355
12.8964739236
132.718146907
101.962798322
0.016108123565
104.48081581
0.00773358483336
57.1346960467
98.2083373855
58.0473602906
4.69959577545
4.48943575114
6.18208425533
6.92364996873
11.9947563972
19.486088958
0.0509908536578
21.1686186701
32.8337608022
0.0552990278406
40.0273039798
104.31999453
24.7881956779
0.0159042671016
0.0156567452673
0.0156696750638
0.0129381996527
38.620643518
11.7305350122
150.074230681
0.0
0.00110702410338
46.4731299925
8.47125934408
24.8672364086
8.22074957659
10.9168434581
9.38402919615
8.61683036138
0.00926324980524
4.84106506332
0.0109954924633
11.1526852924
9.55207321227
0.00761780810272
22.704655033
19.8556145665
21.8477772005
9.7841692971
0.0333562625447
3.61570407269
0.00898907891765
75.130521769
4.81086790845
3.53098722236
4.57356001135
0.0241968824342
0.0269971132757
0.0167204941977
58.0512812472
113.187165278
0.0335012123385
19.6341977365
28.4165504192
1918.61490864
0.0121136300017
0.00549925749188
43.2504727529
26.151586716
0.0277430642038
19.5202876343
0.0278163276172
0.0253306805757
0.037738166575
0.0362849018841
0.0311260550514
0.0378515855421
17.6644430487
0.0430885819853
0.0366212510654
0.023203595735
89.2585642073
0.0221689997485
20.3022548794
16.2712018352
4.35412484746
3.4993041057
13.6505117057
14.8422684468
12.7898567008
3.63464172907
0.00120827559199
0.00116446857482
5.79856382311
32.2177373946
3.68324976936
116.639480566
53.3513356828
0.0118856580078
74.5802429147
60.223261331
18.1290741405
10.1104227374
79.7596995032
163.605545045
0.00489896257145
92.0733612021
0.0111556955953
15.9355436126
4.09581829215
0.0436275556948
0.0199559383301
13.745624689
10.9634719717
4.08191492584
116.933109887
32.9054428058
4.49576616879
6.9858957973
32.7542231586
0.0900713400733
109.716154419
0.0436045127603
0.0294403972911
0.0352294152548
55.2382948677
0.0392725476745
11.530742859
14.8380943811
0.0332862405071
4.43899551523
31.573566891
5.47577352255
0.0165862110321
0.0143457655574
0.0135532588515
28.637525137
19.7312428654
14.2520717095
18.5566074041
165.471597293
134.725081732
0.006364619861
0.00257122493
0.0039592980794
17.0698836277
0.0106680299147
23.5747704921
13.260244818
23.5841285836
38.3379399888
46.6710870969
18.6170319807
4.35454599165
19.3729513558
0.0118355998607
4.2741346062
0.0146761745486
0.016323291474
0.0226408790036
0.00784688692257
79.0526107419
0.00652111145001
37.7281356987
7.55668462318
133.952075919
7.23165321939
25.4209265495
0.025375992411
0.0250983952683
3.71025386764
7.98890332821
17.496522579
4.25295536995
5.16325477615
0.0172374674519
7.26056923437
3.91472719111
0.0218200441635
0.025530413345
10.856932884
11.1074244867
11.5398191571
0.0328260323074
3.86829633674
0.0315441318981
0.0356074215632
0.0332209786085
0.028073998043
16.8793122685
0.0363425714769
3.76582955137
25.1033685028
4.32133610306
24.2698413379
13.9974240385
40.8786484102
0.0250188738333
0.0125133713156
34.7792604664
0.0153987612436
4.7602359898
10.5795584364
21.2511926553
4.29030282471
16.8690430035
57.2341329044
123.596679493
95.3576011783
123.543510122
85.0366160908
92.57069767
31.004860478
12.8895510316
0.0136963446742
0.0169796829971
53.9731206576
27.1961802012
0.0704723964287
122.262755084
20.318871418
13.7272012607
68.2423847374
10.0315059687
29.1710365052
31.9860302073
0.0263030607344
0.0111801398764
3.92862976409
14.593332172
0.0128291400418
31.3555033831
19.2364030549
25.7870023581
41.1192950233
4.23642992518
27.586893809
1003.39267523
809.047503267
636.16963852
0.0193396611731
0.0177648010269
0.0184083876815
6.19238861812
0.0149797908867
0.0111465562157
3.54420510352
315.943284807
186.384421303
0.0
0.0
4.43426778113
41.1089996906
90.91361501
111.787500315
5.02694869848
161.243411854
60.2454948171
401.411215857
569.867850884
0.0
67.9692250141
133.803479036
0.00156522653894
26.5066333251
28.3036951828
18.8285508925
0.0146566255287
22.1658671134
3.65596174331
4.77083206065
15.4111539123
0.01719864822
0.0370976982314
0.0203030612717
29.4923875376
110.967913967
0.0153079280483
29.0070944376
48.6316956615
0.0216186517531
33.3935648082
4.78985372859
279.467225597
28.2349466711
23.4950381086
0.0167839485749
0.0213062786363
6.10941508258
0.0174174048782
5.59628692495
0.0098305026902
0.0142879289302
0.0110092059028
0.0106620224702
0.0102533741847
21.1540524519
21.1993216764
19.8596111382
17.6079808138
4.12277000337
15.3462528744
10.6430499091
138.552430085
85.3621856242
151.744219423
0.00669300258335
11.1151597253
107.520534289
63.6647752707
32.5102640245
0.0216311914076
111.18968549
82.1648956492
0.00220494598176
0.00579970676982
4.41324150169
28.4379524161
48.0707562495
7.98133960617
38.7653091456
142.187056073
16.6166763292
53.465521733
5.73625450959
26.966331291
0.00767637078773
3.75719334212
53.5656508669
4.14790960814
3.92734453821
7.98996270484
0.0127141659232
46.4058001236
4.35226838104
27.0356904062
3.88302243434
0.0737164172935
41.3276042301
87.6469915205
0.0351782809307
70.8594998591
0.0328459908283
4.75351160008
0.0431008093323
17.4792039232
6.51897050942
0.0227180274214
0.0201426723587
164.601335384
5.67676381279
0.0213704664462
114.240404544
142.721705785
0.0131460769525
40.5573766012
4.44224908573
45.2927402155
4.55123999644
0.00739835693704
5.59262853935
0.0120539885094
20.2513649081
4.40364607654
9.82678524155
14.744107907
66.4609265505
8.19032080476
28.820908036
0.0239129908205
17.9200102224
25.8395397064
24.6118555544
21.0140137617
21.8461616273
9.3817901105
4.17453569153
0.0291653478991
22.3968211571
29.0076207525
73.3708803257
0.0501270602414
15.4843613042
16.1888133813
52.2261771204
53.0370300812
42.0309825641
52.5879214444
3.57719504173
0.0267159187411
26.5596898279
0.00568800653582
9.95264284108
0.0328829099521
17.4703559092
40.870819871
48.4723254545
50.8998119419
49.7718200143
64.032744761
0.0310252762115
25.3931518846
3.92363822675
30.8941839769
0.0280913117112
0.0340252893027
5.32748811957
3.52833536689
10.2428649498
11.9600648257
4.33576648625
16.7040529168
0.0320877440353
5.0173701336
12.3158580287
0.0190826373091
0.00420990950797
0.00692732661296
0.0120612165564
4.3507573052
66.5099800534
32.1462485911
0.0314470678775
0.0044336439654
0.00292595093267
0.000884888098769
0.0119316967491
3.5852843812
0.0230485425183
0.0289203676264
10.630092539
0.0122832244646
0.00660634619543
0.0372507033553
0.0105542954646
0.0170454986876
51.3135745112
56.1573030276
37.7583469081
0.0231579738492
0.00514840955607
0.00811348535992
3.78410805961
0.028627803341
5.23885409351
0.0387320706497
13.3973986711
24.0404088419
33.411641579
9.34523451343
5.16860255853
0.0281414640496
11.5262325994
21.1673128454
3.77790664947
54.9899141042
20.7956693357
0.0121957405398
4.85960832681
94.2257708276
95.2978510864
170.813455055
0.0147930971455
131.478214406
0.0108446333189
0.0080669317557
8.04781657358
10.2565518272
0.00769317717592
0.0
119.084124909
0.0
0.0
99.0556487704
130.765436253
14.8787412803
11.4424393854
9.12482739632
53.2610030684
23.9644271511
0.00772434488748
60.1711347191
28.3064325396
22.7836064309
7.97470681654
42.0132149531
40.1028585681
110.438145838
6.10955993411
13.8846721612
15.9512547933
55.2944710477
5.96729273605
117.270714297
14.5088548635
53.2724058581
19.8395189804
3.71696017012
0.0213277509669
4.62439455523
0.00924804732122
3.99202790608
20.694412991
25.1375314493
3.51083242254
0.0137348848013
0.0274015765745
0.0232292447917
0.0281134772541
0.0252495634755
0.033389038826
0.0382783884544
39.3728456951
15.9570398527
0.0352516509993
0.0353218925987
0.0391229439635
0.0500390120461
0.04407292385
8.14411249844
136.129451182
0.013206344389
14.0496581019
13.7514973535
11.8197159578
4.52019833776
0.0143192661206
0.011094716167
0.0129379142668
0.00314272791956
0.0
0.00290503775025
0.00222987897065
0.00183561902078
0.00334728274124
0.00374256814697
0.00499553146959
0.0114314000617
0.0194321915629
4.40271028904
48.5525521637
0.0183720837777
12.4711502883
3.50645323865
0.0262610860371
12.2357761735
4.78189123119
22.70047088
0.0142015102971
0.0226865238109
26.079927511
0.0163416348194
0.0225458032259
36.8983798576
0.0281299927928
48.814520781
0.0231248686597
8.58891963482
13.2892351332
10.1425487543
6.1919234359
0.0398126562507
0.0465747497912
5.01705630161
0.0577053323403
0.0357756394256
0.0323398386329
50.5421160114
0.0247293111554
136.048528407
3.81704797295
0.025810063564
14.8746783482
6.03078216384
12.0488202947
62.3870539982
3.55041991574
87.2305012375
21.1992947398
0.030254308188
19.5955882469
54.7683652495
5.85421920506
0.00939981412618
77.6457313145
46.5198407713
5.66356067252
8.5511774047
90.6234865207
5.81169924032
0.0218077899002
8.24177458643
11.3175219064
12.8503391293
54.7816736577
94.5734937053
39.274581612
4.26960510647
36.7294171561
0.051690594141
81.2223907112
22.3770168379
91.6975785694
4.47444722431
0.0220229428437
7.30726431443
35.4244253145
22.4240609073
0.0210454240975
67.1167199684
63.3480180481
29.4040510898
36.1275889509
47.7387141061
10.8277973439
0.0261462845169
4.88616784818
11.8793162891
0.0233937184953
0.0273176260363
0.0276519611225
59.6426462893
7.21658975374
0.0375434192455
0.0449195724904
0.0457323826072
0.0188476988978
0.0236474318837
24.0564379466
3.5037363325
0.0137741147784
56.746533318
0.014302190034
0.0141728389068
0.00448332073859
0.00170667625708
3.72243440369
0.0
0.0
0.0
0.00152538998461
0.00713285064998
0.010559508199
0.01141683929
0.0114771682103
0.00472642884055
0.0190548743399
9.79959455359
17.7820285188
10.7298327148
12.8728164858
29.1913936881
32.9491945379
35.350953701
48.9056016329
4.36546966874
168.20441391
0.00898612247931
0.010008875949
4.25334518503
55.4011279155
12.7163890912
50.0617126124
0.0401512571775
42.6578727209
0.0336667939292
20.2149162463
8.05312608569
64.3157128464
134.443452838
9.67949435856
4.16838417146
26.7967369054
39.7272751235
83.6515034464
41.8797237973
28.1490243226
28.2546999405
4.01362414419
0.0170289759548
0.0196162095388
0.0235430819151
13.3559021532
8.64776757616
0.0124753208986
6.49969606247
0.0437150113276
50.4667407312
0.0116707840418
60.3290846168
0.00582958738448
27.6741820225
0.00929511088414
0.00589575833598
22.3900204672
14.664154129
5.06652243218
31.2868451475
0.0102486556652
4.55447353913
63.166555009
0.0
11.3347663051
40.2064280944
39.209367038
29.5477352972
54.8368540894
32.6552406337
24.5120758443
12.0481970824
98.3041101232
17.2646129613
0.0130250207794
0.00540142051647
201.527978249
108.639699149
11.8847611734
98.9745976387
88.1488685059
168.254785699
0.00334741412941
0.0
32.4903115558
105.879208379
29.7033054153
24.0329688986
14.3250237067
54.5837891625
24.0692209055
0.00992323196613
91.0999344264
33.4649692061
114.954302075
222.863796824
80.5406102285
132.163612107
195.64690132
58.6572095709
1119.15213952
93.3017177491
139.055158178
226.725490933
106.601801841
16.1936217623
10.7666678531
10.507945752
0.0533892332817
48.0590740784
32.1590872025
10.8089221619
47.7574151388
65.6612727053
10.1531864556
0.138274364416
11.608152606
0.133008737343
10.9536731803
11.1908916012
0.0972635881747
0.0800558416634
0.0541934460726
122.499434181
32.5945315911
33.886626837
0.0359743365659
19.1335188545
0.0071684038407
0.0446511319273
0.0555480225767
10.2073845024
0.0384741330756
211.315233216
0.00310190698887
16.7756610687
40.5918535106
0.00281996446491
0.0
228.746591894
183.281189767
0.00421549935752
129.374876233
198.925894901
194.240688359
0.0
205.846421493
173.78522554
21.7708371484
37.322685204
97.0288332355
11.2157217138
109.566530623
0.0
0.00329523637231
28.6736734529
194.417527268
264.908106383
91.4783590776
0.00612204131215
11.8544211431
47.3412327556
32.237614001
0.0153087125615
82.2318303809
80.2924567775
0.0455254577744
12.1308916267
0.0508423373456
102.038761084
133.859650352
16.8585719747
51.1298099907
75.9431966595
63.1458042774
0.0170447166855
0.0186678540291
0.0227512897139
0.0150397947606
169.451732327
297.361888254
0.00279318705123
0.0
136.752446898
151.204156925
14.5406105509
30.5959369303
27.3994188716
0.0
0.0
51.6345345408
134.425752786
178.709748328
100.162431504
110.04177298
14.2040359588
47.3880343882
230.87342981
216.80143292
143.769540953
0.0
208.848765667
75.2319269019
0.0
10.192306232
89.0846590752
0.0
0.0
0.0
83.5101196385
88.374268597
32.621030435
17.6152847504
38.0999228167
17.891447606
0.00588089091244
18.837334699
31.7676725206
91.5099908487
46.343249854
0.0119091543372
24.891867309
47.4535990148
124.165831838
109.060788704
149.223764577
135.585038306
98.2573806597
105.967866449
105.768110001
54.628633623
68.3587264288
100.120068203
85.1859029251
52.6452274446
74.0036664523
0.0312020562444
0.0211232770194
12.9366383642
0.00720420140053
0.00747819527459
0.0148127544318
13.4501328362
74.8342229495
95.1448384901
262.482942961
122.769879741
98.397917034
203.188063099
126.771554737
49.2567657909
60.7315205333
43.3978849909
22.3873187594
25.4635731552
136.726057707
116.88152204
82.3851832609
61.1594078982
143.497933202
47.4701582796
94.1412038593
13.1961191843
0.157323554082
23.0773456303
99.2031100567
57.3097019395
73.1442049101
69.4469873695
51.8174672244
0.0910662065771
0.0373962404223
125.961617262
116.217353913
59.3202597987
93.3778163802
10.8477305632
31.1573685437
80.8171391242
0.0287580053006
0.100760567475
0.0579644855391
0.0521143437318
64.8936203534
0.0717050704175
12.533397489
0.05770755965
0.0610318939213
12.9438393273
0.0523436983296
25.6500720553
14.8983192407
33.7708796902
0.032965974907
11.919531633
0.0273878959761
0.0165932352531
10.4182189205
11.2547296504
23.4464719035
117.596493926
11.4091423185
30.8255693043
14.7176146509
0.0466576952964
0.0747973769402
87.9358084776
12.074060295
33.785172112
11.3683661908
30.8077474115
12.2349589678
0.045823893656
0.0471311533661
0.0294081182926
0.0204483393349
0.0436772637166
0.188614978421
13.5411990725
57.2744877475
0.116080688894
14.8316222754
0.115664408104
18.5617024827
16.4531059421
18.8583166029
15.4219440012
28.1774899988
47.0497362795
13.1492805322
0.0523963099492
0.0552544941041
0.0566880943236
202.566792417
88.0782181264
14.5932436265
99.6267504102
31.8890479389
20.8666907673
92.4157603624
89.577803411
125.866221616
39.9545769002
75.7664788205
35.7132007197
19.6174095122
11.653976118
0.11103178517
0.104639999349
0.0942174275641
38.7110203207
39.6443704772
122.933759987
24.3746693966
0.00232845059813
0.00722358515319
12.7493710426
40.2968183976
0.0381910004964
48.0376576725
11.6092722051
15.3754763256
0.0264026839501
36.0459231734
109.561998021
61.7047301185
240.148484229
64.3404789719
85.7165414983
41.512058809
29.9031177309
69.3330208801
11.456584737
0.116699768785
13.8205911804
17.272756381
17.2085218064
23.8610706879
25.9541214398
42.879077365
64.3311385025
0.0422917907523
60.1317137415
0.0641367512562
13.3113475508
0.0656795797236
39.8725027812
80.4398125412
79.0851787895
96.2931377093
122.536452845
100.789187789
84.803389169
50.95808605
21.2825595261
22.2637826641
21.3458922772
0.0800334649608
0.0706134808413
0.0634113064628
13.6050792488
0.015938559271
0.0105263742939
0.00986380915996
10.249808452
13.6951564244
0.0212646118263
81.3392674773
92.2084880488
188.982232375
60.8001451026
96.0469510331
0.0513105619253
11.8509118757
101.579981823
146.813844134
140.880985233
187.60488445
88.044477178
114.805669489
148.10775538
0.0849199107152
38.8407675261
0.0567343945744
10.7089830047
14.1268956603
0.104665878509
0.145813985492
15.1201091828
14.09821484
35.3077978676
14.4146566704
0.13491456911
40.2820272082
12.8265757665
0.0764644613643
41.9833553847
0.0532082990158
20.2507209359
11.6769363981
82.0678553483
60.1012295682
53.1697585995
52.576885009
59.8072238061
40.8696693026
40.6360900542
13.4931290427
0.0553221679399
34.0124310615
28.896398025
30.3383045717
12.487745393
10.0995097464
15.3909776082
10.2837078717
0.0300305864618
0.0294662777062
10.4224509957
0.0337372298662
0.0342681589245
155.313045874
0.0892029637029
175.770324755
126.129620937
73.8975038106
98.7011097835
37.6968040541
50.3202283996
47.9727593301
77.9386790357
15.7931103085
15.6021064533
0.0227625908397
22.4391776836
15.1183999426
57.2470515289
0.0835831830925
0.0995983107311
0.113998219405
18.0462768498
0.156221523649
18.1141698637
82.1087344199
23.6843863605
35.4943427575
51.6227498662
0.0993877984417
34.0453327262
0.0355245257117
108.018557099
141.207534959
14.9452773154
37.4791859217
15.6404834277
73.9539331523
102.562751699
108.88466572
89.0232290639
0.13648567972
0.133591334889
110.872381331
35.0721400541
36.2602363453
0.0481280513964
0.0454204511898
0.0425566433737
13.662886749
0.0487179450985
0.0348301748955
32.7635824917
24.5634065723
15.08096906
33.9508915247
0.01199589359
10.9464731356
97.6439544081
59.0109376201
11.7175125182
13.3947228
30.0024418897
31.9360370267
101.435562464
47.7032664429
180.701193697
107.915660666
197.441980772
99.6903881858
33.6166120148
156.477128911
67.7026938494
73.4962943746
80.36656615
173.915259874
0.119673079346
96.2787413331
0.184425694688
0.166709744625
0.185909836784
11.3094756208
32.0290662081
10.3965595447
29.6647631586
28.5199397618
97.4436254353
174.265221407
138.232813921
33.6435236792
10.2324585424
0.00799532023061
26.3469275899
58.8603860344
10.9729901155
128.621880159
185.405727218
19.1256151394
10.0960573671
0.118719561508
66.4198941575
75.6417053322
124.322557517
95.8422194825
93.3405126712
28.2060647609
0.0375826226799
34.9979500053
12.3265753052
10.2235456831
0.0387493876783
0.0152954297389
64.1914772691
0.0127041527349
10.4541139342
53.8247971314
100.240887211
16.0534398812
12.2619128887
0.0626079877025
12.6807937741
73.3350450476
61.1952629531
103.309765522
127.275620738
0.0757231963033
0.0877970009436
10.8865936337
0.0546576441239
136.132079517
228.367399955
114.510245756
28.5551031628
0.137363027198
21.2495368569
11.9146901445
31.8841202236
0.0601224089392
10.4769961537
0.0515378354229
60.8982629819
46.2884335998
12.454271505
13.5639941804
0.140374485103
22.3528572044
0.187966678245
17.3423851609
34.7623323581
64.3612730196
16.3812981392
81.9369909419
0.0684659582469
45.0788648488
59.0839337601
109.572901355
46.3481042897
16.2680860229
38.1195694911
10.4486503864
38.6072991995
10.0856162543
14.3611399281
0.0104440473362
13.2555898729
0.0167849662337
10.9422010009
17.6598201944
283.242536798
189.549193908
297.894906805
61.7257286632
0.0214844522151
12.8238703125
85.5635199759
36.9142092531
49.5753255008
43.101571321
14.7834214194
29.5827947785
0.0686268494701
48.4049622944
80.1960063985
12.3942629241
14.1816798325
0.137985821213
21.0733152885
35.5086433386
50.9347352406
147.451674247
13.8448179048
13.939164653
11.4003926376
19.8788596012
0.231140335216
14.5947131002
0.132463420805
11.296109219
16.4141915561
21.0322803314
17.5345529294
12.537817759
27.3636539956
13.2153659234
49.2108938347
69.4220940422
62.8185223923
17.523526966
18.3432083339
32.4880831783
13.8826799237
40.0312074558
11.9400652527
107.521474245
34.1828826822
0.0219971813444
63.7825743666
12.0151666324
0.0144023787966
17.1525437975
11.7228398175
0.00886589409216
33.2757171874
130.849653825
39.3398549194
70.8567370847
138.40235596
11.6385478278
30.8620732032
29.3080895809
61.5998422532
0.00317946567188
40.149198155
157.978020685
28.4390775244
0.0144211941753
96.0105264186
11.5851546295
0.00564762865082
69.1642421978
0.0154925951309
93.0464164072
76.2188382311
0.0322436251182
13.3757973346
0.0210539821799
0.0195436158886
0.02115546641
0.0225856352304
10.3289263222
13.8469757926
0.0280210163119
18.0868397386
18.4010554476
31.728249953
0.0237787777593
10.296247176
16.0296116108
12.3247812488
0.0400126344094
12.8171643091
15.2699600878
11.8608165464
0.0441391405224
14.5128035133
19.5881851354
49.3304805406
35.5377237961
78.5405379024
17.2672241132
61.9831339185
0.0254914069017
14.4139313909
67.5642657065
62.8178484761
11.1601880928
11.6564049313
0.0
17.4487801324
42.6390794716
167.783204949
15.8526645357
0.0270787413391
34.2508069665
48.5712762184
0.0222648506464
61.6823058576
0.0279930799644
29.1913638587
0.0214907527265
0.0244926636947
0.0218410720134
0.00594260234191
0.0290460058798
55.3207967627
35.2650475178
62.1043940574
34.6001781939
0.0147749455414
80.8331918531
42.6188510946
11.8612937642
20.6102927262
75.4942026248
129.467779449
0.0601915133827
0.0308306608966
56.2488610282
33.9690721561
0.0236274539901
0.0299334553916
10.3439705751
32.2131262972
47.0468477771
0.0395990050611
26.5399946274
12.222963905
14.1300917767
0.0792529878134
0.0810537198176
0.0561686689342
0.0543289918357
86.0426259784
57.50754066
92.3085728955
0.024162840993
16.209990768
15.0050385302
10.5121556148
0.00914871330712
0.0077699519663
0.0143261381447
0.0184738488791
18.414619388
10.6552474512
14.2630054009
15.7654159333
14.2586625515
0.0103587181164
0.0103407527486
10.7101499539
0.0110899166365
49.1591524548
0.0109623241576
0.0107483930502
0.0105272274783
0.0103239950189
33.6018569258
33.34408127
12.7127286756
11.3957137528
10.8307297919
30.9769204495
32.5973444096
24.7711921064
234.97104309
11.0416412042
75.9155172261
96.124249446
141.416762111
93.6973264267
0.0137343405656
84.212181361
0.017626919019
17.0352706755
0.0171194308039
0.0307629880358
53.432184909
87.6732196778
74.2616977994
0.018874934004
42.8005589683
0.0216182595423
61.3366138998
13.098350919
74.0359027093
167.662337256
66.8001717432
0.0205586820912
86.2442380769
11.2579836975
0.014951450548
13.3550209034
0.0194858062155
53.5184345699
60.9541243295
63.5980317083
64.0638035311
59.3099230071
45.6293996763
16.8778780766
0.0191175032836
0.0174055947636
10.1548571117
11.5176725152
12.8049667354
14.4291333937
15.07130593
40.9744591221
0.01219445433
0.00537194193458
0.00535233307021
12.9855714338
10.3418582815
0.0
10.4766848372
98.4118021268
89.1106921485
37.7902676684
0.0137668995511
10.3023235695
0.0162694892156
0.0308698581706
11.4172862518
10.7872178035
0.0629240876051
13.6886292448
20.7466046684
0.0721735396765
0.103061346996
0.114068062175
13.7222819809
0.134475548961
11.7361209036
0.129120927341
11.7509135883
0.117845566105
15.1573502994
27.0670434283
37.1614342643
30.683236952
65.4319410533
0.0933244207359
60.7819047373
43.4398269915
0.0871220889292
0.0984255102871
79.0319203438
0.151088659141
0.12622480233
0.100236443136
0.0933120065859
0.0761520939815
101.036769525
13.4410982444
10.1085415845
0.0824088034886
79.4024125455
0.0683087958951
83.140783195
104.421653814
43.4022115171
0.108732514469
0.0958848511925
56.6457087188
0.0109870650121
60.444108178
33.2850874297
0.022272994384
43.9835698482
10.212540326
0.0422305082618
0.023794651915
0.0258498327185
0.0303718735396
0.0340218420402
0.0416035286513
104.219407567
0.0294949745705
11.5487008605
13.8784924169
0.0436106089785
0.0469085673942
0.085623703554
0.148231598733
0.180581195793
0.123810219549
0.153754742048
0.094041968937
18.124112673
15.5488479697
10.2641017054
18.76065916
39.0975077129
36.4605092948
66.061106403
22.4965950314
68.9191572914
11.8127837298
44.8619099996
45.1823088474
11.4026439448
0.245220551979
0.146259518067
15.8718928708
48.1158669543
46.4399073442
214.918120506
113.00399635
16.1348661238
11.296711443
69.6494111759
0.103700125057
64.0653752172
26.5508550951
0.0855479873989
15.4818096257
11.4790708255
0.104384425629
0.100934035474
167.708089158
14.5521991069
90.4143342319
49.9072145316
78.5497025951
149.710849265
24.7669407041
140.761638151
33.7064646528
16.6842295983
0.115860984131
130.307691362
0.0900344995467
0.111737657139
98.5406050992
134.635432894
36.2811924
0.107323982619
14.0197709881
10.1942956829
0.144969695712
35.8850721703
10.7517226465
27.3136165198
173.339105986
48.7245754168
0.117382279526
0.106623436979
10.472637953
14.2488765089
76.4853301289
112.52645782
152.866669791
10.6535836141
0.119816042965
0.117313050299
0.114695808302
11.3659912173
13.0250844414
0.0951721348908
55.6409443239
2131.98795397
2403.04912155
10.2220353398
0.0912865083827
12.4248710616
15.9249272618
15.3027424561
11.156532491
14.673883944
11.4089605167
41.9643509095
47.1062697439
51.0535632631
82.9036997651
2209.08147906
0.0683146644845
0.0708259337659
0.0767197336731
0.074481504718
32.4329019286
58.9966472697
44.5540602267
23.2484019196
23.0491546559
12.8784197372
0.110029755304
79.8990785325
0.0913548554396
40.2960835676
0.118423504028
0.082926602795
0.0681033331568
0.188579829879
12.3846385485
137.743308337
52.4396232866
53.2552210557
0.0551225964684
149.543817533
121.149176
45.0336741365
0.0334137886551
38.584908229
75.6514414468
0.0455228871186
0.0420274863783
10.6922114766
27.4080842899
13.9836160987
0.0672792842538
12.4061496317
201.326007806
74.8438860359
88.5911698105
10.5245396327
0.0337181078549
35.8692473212
10.9407931505
0.024743076936
0.0131304869884
0.0239983177682
0.03402013816
0.0401371078166
0.0337558883194
12.8121304277
17.62743728
0.100673388013
28.6760441122
27.3414034864
10.7704158434
11.9047124592
11.3320878846
0.0402281817753
10.1201598315
14.782438309
0.0801304428508
0.0985049724849
0.111818795777
12.5904804831
41.984946598
53.9399181837
57.541381786
54.6054574254
50.45080895
0.0902239079999
0.0911913107606
0.110475679238
0.096220738011
0.0397149913376
0.0314563927496
0.0173182402747
0.0118787395122
0.0117890628986
0.0114636193603
0.0109580970186
31.4034039762
37.1329799316
38.7414895365
30.8588743398
79.549185047
35.6211600553
63.3146406465
102.89513053
51.3119499728
33.7631219239
41.4031965279
0.0150218529165
0.0238902541659
0.0184922893145
0.0162411894533
0.0249959286602
0.025949398736
0.0307135391363
10.7679702215
0.00545496849535
0.0109145673025
0.011838745674
0.0139118966099
0.0118430000267
0.0
0.0
0.0
0.0
0.0
0.0
0.0
0.0
32.5272947731
60.9683242109
42.3762924426
0.0
12.3850665608
16.4190012203
61.4423075524
78.6050768808
33.1689109211
0.00494639711028
16.9035093259
11.3240708834
0.0
77.6114259006
13.0245946611
12.5698338331
10.5809597501
0.00726438400661
23.9484492624
39.4442611322
14.6221502111
12.0682625918
0.0
0.0
0.0
22.8788005187
120.257269824
24.8461899753
15.9221844586
26.7154573786
0.00872952782701
132.004907103
182.253968879
30.4456400591
69.8855354733
11.9860977854
43.2956029622
0.0077705471492
12.3924825732
17.6354799315
71.6323773553
70.0963065262
64.6940715791
94.4681014844
11.7057630487
10.4899964102
29.233649351
64.45026286
42.8285930383
10.3259567849
0.003649222582
60.4445711171
0.00760242920503
0.0231056040874
171.507813142
49.5788006501
0.00186171461059
0.00196117314913
63.0179858906
10.5165098036
50.4868201734
66.3482593365
14.0462576138
0.0568860126123
69.6104545461
58.1086226627
0.0198285519231
27.4736765469
23.1086772879
0.0412678184104
50.227147052
0.0654583231642
28.1737309181
0.0668141626773
0.0546943378179
67.6216396509
59.3469667117
14.9536403508
47.9112765046
0.040133214742
95.8534018824
40.227475968
0.0335442740903
39.4434199625
22.842712058
15.4971089883
61.8722403553
67.1476887696
0.0691708463389
11.8912179929
12.2437546113
0.0432764164814
27.727758499
29.5455460434
70.6147117216
10.6506026575
22.1424667668
51.9074661455
0.0136781300011
0.0222807728513
10.579012563
23.2328683285
64.6953216075
25.0600174543
39.5883990351
17.7469061672
0.0578117329117
44.7048572223
71.1063776203
40.4047464419
122.278548439
63.2183730616
58.4378147658
117.04639085
39.5240715315
43.2938577486
16.8872047776
15.208269283
32.8370105058
44.222220629
0.103871342329
38.5147707051
0.0993789407657
11.8914637458
52.1148060954
0.0794308454751
41.3543654867
23.8040197559
13.0634108113
0.0292369980922
61.4212824531
38.3662136076
13.3151381905
18.7056587444
11.6842557087
30.4450894108
42.9526186882
135.231637048
44.0527803441
0.0123854168011
126.136674299
27.9194648221
0.0205099912758
0.0195121434928
17.8286177605
14.0929601705
10.3321496121
23.5580125874
0.00841961752854
43.1037694897
0.00157239783121
0.00445373975987
46.5607988881
39.9237457406
19.7046862856
12.214391187
14.2357655768
102.07798411
23.2635695988
0.0259203151256
0.0423534748658
0.0361143473363
0.0499776800913
173.113894823
98.8404649772
0.00724128537703
0.00731218964399
10.5528957577
32.5894279845
45.7282811529
53.8784798288
49.2461758199
43.8246622454
39.4130962681
33.9331508513
11.1541955638
39.6387116958
12.5827513722
51.0203083806
0.0503722143289
0.0501861901244
18.2123158893
11.7764354597
0.0298174101706
27.1713516927
44.4202246816
0.0110551715017
0.03357264758
10.29860393
10.2675164803
0.0443548007771
10.55897711
25.8886106103
0.034534197574
13.288401542
39.5406723463
0.0421986565677
0.0397071797038
170.495857558
110.484335191
0.021354436754
13.2322843231
97.6919314366
0.0697493883938
11.0515684382
53.3266379773
0.00651493535237
100.235765611
38.2269315466
48.9593889215
0.0242042994612
78.5555092354
56.2356797384
0.00614415943605
35.1588473002
39.0911659067
25.9852958722
0.0130965539901
21.4990188154
37.1197986538
0.0105115975162
25.5322687536
0.0193640258725
46.1090834007
28.583760714
20.6625865438
7.57137238255
9.32350255349
0.0242334002222
8.24934857007
0.0232589087191
0.0084214968757
0.0233690094966
136.574728612
27.2720395129
12.6277445894
99.8556954809
0.0157581642396
9.62842410757
37.7923276332
78.5248907528
0.0217593397466
34.5022622559
36.491117288
0.0167128314752
0.00925588746819
42.6859943084
63.6776367022
0.05167167398
0.00779334045075
170.552967936
174.200684076
27.4360904828
8.03322941846
8.82066476159
18.6725394934
43.4859084489
60.8427790511
8.98779954022
0.0363190571323
36.8766589032
0.0442033101414
8.94905076204
0.0477799415421
28.0772521448
35.7321341854
8.49433826481
17.188422485
25.0138273718
22.9909870121
0.0313259519873
8.00324498382
0.0165497271508
0.020261632014
0.0172043222317
0.0142680719987
40.7256911042
250.571257943
251.412250835
8.48994612482
0.00521982777521
0.00700860311686
0.010153557198
47.0840849622
37.7186031566
0.020079487113
171.997438605
209.995878965
112.00386326
0.0162387051637
10.6285322753
0.00142997298167
10.3373426934
8.70809080534
42.1494031228
0.0157036591733
25.3417198279
20.2724299982
9.7900994782
0.0249895485543
11.9377854846
0.054083531493
0.0433591375237
8.69485665595
51.7590974212
50.0858848117
20.2687717006
37.4532422756
34.9290625303
31.0861340243
26.5017492806
15.8902506456
0.00791567615958
0.0107289997262
0.0183447685131
0.0257306286212
11.2967253641
0.0337176559498
7.81232998975
0.0434739806296
0.0448130252396
24.1698996211
0.0333276102441
0.0387764161543
202.747847567
29.6568151026
38.5954094359
34.4230205279
9.20766945171
17.7404314215
7.68864507932
15.5017283404
62.0341120461
0.00256491436255
25.4506345843
0.00670100075905
49.2906982605
11.7427392111
36.8182583118
27.5804793395
41.5081231224
9.11556066519
65.8201457933
33.5341201563
141.639903201
78.934938311
0.0137399844098
9.41231521195
32.5946770752
45.7400560911
0.0138192922842
154.399020828
75.8050303573
0.00635765221588
7.56785709646
12.5228205699
0.0507628029119
37.0919600261
18.1916201837
62.1343945056
0.00537649099644
0.00686898780614
27.6964662147
18.2568397498
0.0217613132096
20.0922921613
0.0758209594685
34.5877684162
85.1010240574
0.0180661250815
34.9359160317
0.0577535734141
8.41250236117
10.0478019532
0.0275137901319
44.6868096555
33.2196709468
30.4049888578
0.0301737377557
24.6247036096
8.52331441572
10.3095841014
8.94993270168
23.2284270663
0.0238063281658
234.920382956
76.0285352984
65.5676007859
0.00702477486287
24.7227824252
0.00692419502753
31.5506954322
23.7534539018
0.00674534399439
0.00668882592594
87.4039791401
0.0263097046791
36.181636658
14.6729916868
11.5540324331
18.800244574
0.0249917049062
0.0317228864307
9.42970314163
0.0255768541946
112.117581129
65.1830270267
24.3097994464
17.7161204353
36.7660591791
0.0509854672061
26.6423978136
62.2247415053
235.994879389
18.1880772843
0.022500934391
42.2083497151
64.8648220581
0.0174871971571
0.0140054205403
0.0399420890103
40.0077640502
35.4928505815
28.9563198111
15.1069284528
11.6586757204
27.1442129903
14.1024100312
0.0567216787205
0.0248517585807
0.0299873548618
0.0426847209115
47.4169940967
256.909073798
182.934788376
134.717640608
162.514477638
29.8799063627
0.0152655034566
228.201584462
96.8284810323
0.0298827014035
11.9262253703
19.6901893592
7.4659807868
24.9279106485
170.979504188
182.569711398
7.59456052354
0.0134343485112
146.526060041
101.716713073
57.4660131568
212.277085334
10.0591939832
156.271989566
124.10376984
33.0289234895
50.51674472
21.8723308583
15.9653544235
0.0173535879967
151.040550906
18.877897224
21.3526278907
0.0257099142825
103.529681009
76.2161261071
9.75808683165
52.4683243829
39.3320035729
47.8117355009
109.548027708
0.0267121472447
105.767460735
27.2829699186
21.461767982
46.4219126724
0.00308853177946
8.15827889709
215.402184835
10.2525395692
17.0470658408
12.9965396674
0.00498513435584
7.97301490268
53.8799319612
30.2795895217
122.964248075
0.00363438039301
0.00425596747972
0.00827997956524
0.00901037598699
127.467571452
0.00953507712388
55.324823642
0.0111815303493
0.0109638409683
0.0131713624118
9.90988420984
113.24191952
82.7630644607
0.00674588943465
10.2479964111
8.68271242686
7.80186346526
30.961000305
184.7518939
66.3016906479
0.0
15.4685179126
47.3884512363
14.0753675692
104.966144137
40.5149760911
120.354623534
0.00106451779267
37.7819166736
0.0162021739529
46.157400425
0.00497258745835
19.8596386009
0.010454444733
56.7672706658
19.6171217781
44.7436365372
0.0221569350177
0.0302203061354
34.980760263
63.5690821278
22.4151094638
30.8312593932
18.3640671408
14.7635242767
11.1648633226
21.3566066862
8.33239193221
0.0878878275205
65.0615182411
0.011546619269
0.00465667637818
0.0184275983346
9.25724543471
7.52585479652
0.0197292569119
74.0450310541
108.149215136
0.00793124463151
187.388852872
66.0820502307
8.32637123204
7.80032159743
47.6564370648
49.7247915493
41.5356625326
8.15743932258
18.4006376148
15.5932716243
186.058175532
8.60772777127
0.00944104625542
16.0255685704
43.1145856466
0.0136021579327
11.8877971582
82.0782365374
19.6254614659
31.2720271975
49.3394741562
75.9764148006
35.7563534117
0.0
0.0
28.6819483995
0.0
190.98077048
0.00349245343855
0.00274709148323
0.0
28.2456591781
76.725677044
0.00291489002247
33.8650313632
71.0829457198
33.6004428683
9.01395411079
54.3845971701
8.75988766737
58.574048654
37.0982907013
22.7981212676
18.7602540617
14.1576675798
10.4063257552
0.0156739649665
0.0105314061584
7.7574375963
196.341924833
174.948087993
0.0140462372002
199.760429447
108.173826585
123.008956224
36.9079281485
26.9729517318
27.8177815842
80.1106910691
0.0155705879111
173.2821099
146.332768434
0.00438636118988
43.8524071544
29.3107401798
50.1056572775
0.00402590988502
62.2130349407
56.2110199617
176.242946966
19.4118836204
80.5182626574
109.163360042
0.0478479419554
189.819242404
111.856519745
0.0356702745273
16.6615893736
0.0169677469836
53.993986194
0.0337332089666
40.725851959
0.11116869091
57.3831735218
0.0769268979932
0.031045750644
29.2171111541
57.9017935992
0.0145054484363
23.0857098773
35.3922343803
19.100324416
15.7880704616
11.5632132056
0.0567682432064
0.0587651609703
0.0494990407472
0.066983822903
8.83427351595
0.0547826196261
19.3385552468
0.0679648708551
0.0437649032994
7.47183463824
77.900170261
29.0447403231
0.063830169557
7.66037030942
13.7448944174
12.1204237574
41.6913583081
42.4876346364
23.2471377527
23.3179640036
25.3097877879
0.0146231486366
16.4234150785
224.877405394
51.5944119452
63.6901824053
12.4083635755
43.6652677992
11.2186762421
105.343378457
70.4367928559
10.2765155833
0.00119999430947
65.0519847978
114.049407076
0.00925314441493
0.00972037261436
41.1260764966
44.8719770093
9.34725969412
22.277995652
18.1888083021
39.7200577872
120.305502843
56.3897645504
44.4045227119
165.066994161
76.0579277861
79.0061767085
0.00639472690727
8.87477182347
0.00529237570758
88.2480769676
84.9483523797
48.6552232052
19.8241394423
0.022816149553
0.0255484670898
0.0221622542173
108.314269807
38.7925105528
28.408335129
40.9063541665
36.0820829302
29.8935706518
25.6409901725
11.8533344585
43.1616499758
40.0053117677
0.001385043585
0.00442476604012
7.72778581729
74.8158969811
89.3152763924
0.0308882244165
0.0076379048625
0.0250328300428
0.0212678764221
0.00502076675902
19.3233154272
243.79291621
200.012420945
30.0368662136
7.90587949386
216.214805532
58.424247436
0.00731266623976
11.115548503
26.7468417951
192.314111922
48.0929971865
21.110409042
27.6369167985
0.00244495683206
8.20734583051
19.0406748553
0.00845500703525
0.0101394498544
0.0141836921765
0.0130843371093
0.0146711954876
14.1116085222
13.1849347778
0.0143074033775
0.0143530649454
0.0172071444049
17.1069974314
14.6145509501
13.6752619387
26.7310739874
18.3577335649
0.0522009831613
0.0602918257917
0.059472979897
0.0562982883172
0.0717314375854
0.052960833696
0.0525710052942
179.657726167
92.9637455573
16.2813591541
0.0363423150702
0.0439365660857
0.0533476908743
8.51648008737
0.0432103384675
31.3406943519
7.56457364216
0.0287054889534
8.54810416951
0.022222001769
0.00912374194659
0.0026612450895
0.00258241439696
0.00104366998703
0.00100159226241
0.0
0.0
55.0835285304
143.160793631
17.2830519585
0.00482913343401
48.9151013735
87.4751911188
24.2736733384
56.6262564509
9.45573149672
8.96088141761
109.686047753
39.1505226221
7.68621557457
101.637268422
256.190885054
60.1646004469
55.1284826871
49.0870713505
44.1441795504
43.1158879206
40.5921512544
37.5006454845
35.0993647927
31.6914905161
32.789392585
23.9988921977
0.0221135455624
8.12629733397
0.0377258627409
0.0315370022258
0.0298580943264
23.6577373837
21.554450462
0.0345668433189
25.4322691319
0.0177661878822
7.45780328807
20.9632430947
49.5290555895
0.0228974450944
0.0299756134937
0.0185015462863
0.0292475310877
35.7418308173
130.780943647
0.0402322500165
0.0428300238483
0.0274370006364
10.6283115005
0.0276078816149
0.0224190609695
0.0179509712391
0.0117702042323
0.0
140.412990544
259.623578476
0.00368877467391
39.7818983471
39.1011235535
38.0678141357
36.838552895
35.5622979843
34.3551681386
0.0
39.6803240139
0.0
53.8881319342
51.151834992
0.00309344455841
32.8653449588
102.545982272
29.3079509059
27.7275883821
27.8158586923
26.750326413
25.8482881262
19.166027524
56.8722688296
7.80765709701
8.68951865463
25.3787879281
0.00258694589461
0.00117561758486
0.00280264242302
0.00218750286609
0.0
20.2282612201
12.1664586422
14.1219086287
0.00413465203253
29.4748522701
37.7326841124
7.89222944821
11.2701622681
0.00527718430731
0.0054539667568
11.2741670195
9.69666538291
0.00404077894649
11.3951433827
10.417275868
9.57907693984
0.014877492304
0.0123136304762
0.0117983190279
0.0115947990502
0.0140682689248
0.010787997664
0.0221220128812
0.0169878543265
24.880501141
14.9244481587
12.0465898052
7.80906927063
36.1825771941
17.7856330334
0.0239954139529
0.0263066473261
0.0523700343711
47.6961912489
119.954441916
23.5384593429
34.5361862203
17.0476183764
44.2263887385
0.007699502052
59.9238167201
17.0494967267
0.00409757308785
100.244100103
0.0
0.00529553842282
8.3161449205
0.0142782694997
216.177792171
103.793236869
152.147224079
162.131912676
105.5575736
124.114883821
94.0294048674
42.6977913332
83.2594825928
96.3334529296
132.212621889
87.6210862109
18.7278550925
19.7946523577
11.9765986588
0.0382712490366
0.0365104478147
0.0377470754518
0.0484358696984
0.0508920713538
0.0522391297784
344.496088377
0.0378158635318
122.820964214
241.472903903
148.797141577
82.9087182311
66.842437575
58.0222622071
42.6024518755
38.3370501169
95.318639262
197.962250441
118.001354819
0.0684389307902
159.548822378
154.248543779
61.3389773261
95.7923902308
0.147006972462
13.1966920441
177.610044736
77.9958136492
90.5783519241
64.113932235
115.896335985
32.4156541008
12.3335247865
33.549153443
154.975167314
84.3698891968
77.5638843811
55.6770643794
0.0533260028599
9.17627559274
31.6319031742
11.5624876203
7.89767499611
8.85169600408
8.51074615256
0.0784543629793
0.0721480049868
0.0778781718511
29.5370931951
8.30069088422
0.094648175309
0.0320156062817
21.1853329343
0.033917014349
0.0447331555759
0.0408719024368
0.0347954329701
24.9527434156
28.0407290585
0.019705888382
0.0114664321027
101.373117337
18.9886523775
31.7202284244
29.1576803812
19.62429523
65.9143721043
56.5690234305
164.617854267
38.9926319342
12.1635485074
15.6189927698
31.4028169915
9.44934866273
0.012891465632
13.8434087686
7.93730315902
12.6239707066
0.037260472014
0.0591002669514
9.64688762694
20.4342650487
10.4618793903
29.4366528783
35.9139173429
22.61966253
31.1400280034
19.6757801211
0.104645981622
42.6408103632
51.7590078603
8.67222252531
8.32633741542
0.0703059799905
273.113182508
163.285889717
13.5821146428
157.309666757
106.175561874
39.1320752716
67.4561881705
93.9950239813
88.4497778476
83.9481400562
92.5225055087
11.1136815844
57.1087468034
34.9299935457
0.067908120248
21.7843008644
0.0436549163399
0.0420942672325
7.79113268991
38.7831692491
8.24606185796
0.0322331887706
0.0326582939761
7.71540185165
0.0468585685562
7.91846481411
0.0783703666581
28.1776044582
13.7354205259
13.119942235
16.66031802
67.4623703068
54.8926853499
113.991980776
192.440492489
57.3003512139
95.9592261402
36.8278184573
87.833112581
0.117339922376
0.0585485462259
11.7668326921
16.752583303
15.5803833034
20.1183012427
25.5848803326
8.27478901535
65.1812060156
61.8383031768
117.179583409
0.0306733439017
11.1820937564
7.50224323744
7.77127812629
50.5805723303
146.762499716
105.761288481
109.618047736
103.209858885
105.835038239
77.3978971184
73.4554323692
19.8619889364
34.1430825707
15.7159744172
0.0873065044042
0.071101075575
27.748495431
0.0562125504971
0.048611935011
0.0533547580194
8.31246092402
31.2251903373
8.51348037624
19.4650560073
114.651746952
151.160178074
97.2307494368
115.049058564
31.8030668223
0.0133137390951
77.007035913
202.620405048
85.6815559413
219.112160032
153.080589309
91.3865453769
120.824406552
88.005297494
0.0460289256918
11.9968041214
0.0373569526827
0.0300932912053
0.0388424385316
26.5970342013
7.53452226773
18.2449624284
29.6735512805
9.47719358477
28.7336321217
43.8974807402
0.0905012513894
13.4871318246
12.8251111103
0.0676943982577
10.5320807977
37.2165434695
0.0275063692854
103.708319364
13.2219626035
46.5093265065
63.1325535677
62.6965730064
30.9628504445
35.7706567493
10.9003120418
0.0584465791533
0.0551574335623
20.8819276968
12.5295586451
0.0358842136881
9.21557224585
0.0668149513466
0.0559222697019
8.00504673629
20.8243039875
25.2235286258
0.0558226849218
7.89517659694
169.275543157
92.7828356352
155.763662662
119.700564872
66.6322256145
78.3501714993
54.8261978479
88.537178752
99.5025518079
11.7746518463
38.5060026218
17.6373492792
28.4998009588
42.320851643
0.0366677148281
16.2340588328
9.16419050114
10.1677181441
25.9181823706
18.4004571991
0.114930771627
31.1489215311
49.8709012051
33.6133174019
44.8385716947
63.0880594372
44.2745287034
0.0488538287104
0.0274673667308
113.907064696
0.0520494898656
46.3967350835
64.2131203092
30.8876145768
16.4204245918
7.88311811209
9.69829111454
0.150368941842
0.139264922596
9.10831209562
57.1686765288
23.1728110275
13.7713119241
7.98065914303
0.0284161202746
22.3661492505
8.81048300934
0.0293185049553
9.27136806664
29.824860613
19.5890569062
0.0156088384704
8.52966864797
0.0155767959657
37.0846600914
66.1291105487
68.7956868742
12.3326801046
11.7633101588
50.3963130555
0.0258848663708
55.7958032675
0.0535435192747
209.69460152
43.188853277
179.103358875
80.3014517168
154.345526846
30.2584906835
76.6131319286
18.9392041106
112.374997728
121.65195817
154.09317963
29.5174655333
9.70750699118
0.0944829298054
0.134697102841
30.9284722988
31.4549231974
31.6660703753
27.6063107186
46.9043226552
33.3748913965
143.641253052
126.918317483
0.00607727085555
69.2880151018
0.0492906185691
18.5445719038
8.79049311191
8.32512578763
208.272765905
99.2291875829
27.8907533521
31.3019417842
8.00091676797
0.168283043027
31.2714629714
116.330316314
0.142505400813
10.302674255
8.13078994462
0.0699131950896
9.27671858921
0.0606325282324
14.01564684
0.0184891128128
7.57219426623
0.022196365896
24.4406209809
33.9506187008
32.7473670474
102.221875202
8.32301021645
0.0379058771534
16.2176835884
9.25644785344
9.21182869245
0.0801785597739
153.155320115
17.1416207948
0.171239945389
10.0608009023
52.3677174401
0.0713211204089
0.0845677045741
185.229880043
17.7534616244
7.78114679517
0.0489718839378
0.0501392664008
0.0311800966599
0.0238352057432
0.016012465413
10.2642273076
53.4805961356
0.0395871758692
33.9161865859
18.8946115186
0.114475952922
10.0567156852
0.13813677503
0.18339040784
38.1825736109
0.0920722329577
43.4855392962
18.4189069055
116.744931854
12.1859977357
42.2715196864
52.5025246723
0.144348487656
58.810406829
23.6373606806
26.2692507199
20.2780360669
0.0716838185235
0.0473241040654
9.95248676344
14.2049600672
0.0237307900782
9.53459418944
12.5301572267
9.37761601355
324.356259277
0.0244897185493
23.4968992671
31.9658587684
8.18668006024
50.3304104784
58.6996885477
0.0531466844388
48.2473066093
12.984889745
36.7533446628
49.4769478636
56.5726789012
162.969227609
8.64241105524
0.020597293148
36.8041394515
8.37082991878
21.7775572178
93.2132696545
185.137704404
23.285299864
44.753870695
22.5650981557
26.2468029457
0.0775862980473
10.3148069741
12.3412843825
9.82113629284
16.9952653233
42.2372980641
58.7750235224
23.0504407128
37.8718562596
27.3975433348
65.0454081505
52.5347406733
74.6139898773
45.452050348
35.1675205337
16.1701220513
27.5764649093
9.12282664228
25.3160379963
60.6253785334
107.566494875
35.0393791078
34.2169234051
8.68872319246
10.5539736623
25.759330366
16.9701734786
0.0162875011577
27.0140340924
0.0337450720151
53.6704701515
21.3671361021
135.557642377
120.953551282
0.0800553884312
30.0690813135
81.4790817784
17.4497786059
0.0165901349639
134.656122489
154.025375308
9.19691371882
72.5633788807
83.3066644814
0.0213135329316
0.0221602352535
85.38680602
95.888660796
60.2659990286
0.0372795319725
0.03627302892
10.35801062
0.0329953413377
9.24336257318
8.73580094352
14.3496744018
11.2305028334
14.0098156607
14.8693064313
15.966321143
31.02445475
40.4639707516
14.8185234682
10.9467086211
0.0567770623346
0.064007450072
33.8297394751
38.5788169454
13.0533557053
26.079545038
7.66881377232
30.3755549837
0.07207349829
0.0940923646593
99.7317178722
0.0557977391561
54.5253508191
153.790160895
27.1156555505
79.8205225411
78.8743687747
0.0299856461478
0.0306082948886
0.0212272129543
83.4661481185
8.91956256564
0.0369434399302
136.726417835
0.0408557566792
0.0386140370073
31.2949826413
0.031951204556
0.0377617833801
18.3176132062
0.0400982661156
0.0285999790805
8.01113463736
14.4929559905
0.0281670674177
13.1276031364
10.9375099503
74.7091759274
7.83626837812
57.6900503085
66.4460813818
0.00649018574252
8.42887973177
50.2828160638
32.9862001291
129.281779112
187.81117865
43.1505174518
0.00574278274347
0.0237799906475
9.33752715037
10.7147646891
0.0501194916047
9.30019659873
60.8387794357
0.0706241397513
7.59398640213
0.0791564008081
8.26332256165
0.0695368982928
8.26414131555
0.0775011472682
0.0712353519958
66.4998582009
68.496082995
0.069730891006
0.0538192610813
71.6843851508
16.4668997014
0.041126993431
0.0316660321476
7.52591273229
0.0149302825431
25.3328376331
13.0327781776
0.021930655009
0.0199342785048
0.0188619357731
0.019005376411
0.0213049432963
12.8606496935
0.020923390138
0.0257698219415
10.3074924936
18.7891350671
0.0257739804071
0.0259618339675
0.0347770113872
8.38040106216
7.67416927784
0.0310522543156
41.6457734649
0.0234837741106
10.389388226
0.0261138566306
0.0253606759459
0.0278368659286
177.826094387
150.992354383
0.0119064752705
27.3789570695
36.2567182921
116.415205964
0.032956241829
64.5701103288
0.0245561498272
0.0275326289915
0.00518883674115
0.00786298633988
10.2057042357
0.00879848223181
7.33658987916
8.23745754279
0.0108886722003
0.0103694679776
0.00987641681431
0.00902460855102
8.56357375448
7.03749209498
7.02447818531
9.08060183575
7.14969856538
9.25753533582
0.00877731740304
21.7829554537
7.76175977041
8.91848642992
7.90260044422
290.708467462
0.0151826397193
0.0128470947984
7.28906438499
170.629113643
65.3144799616
0.00829264726161
8.70634268202
26.8094940994
0.017983226235
15.2695141013
0.0306082762468
73.4529576296
126.250894702
7.5232975858
44.4439212585
0.0325231558148
49.8284508217
0.0415067567348
0.0356405773803
0.0281476897201
6.80587424951
82.8639704589
58.3138545108
0.0196388840466
33.277767312
7.09330117371
8.1524213082
10.7263928023
10.4216611687
7.98387237398
33.3330361248
0.0258568816156
0.0197364467138
62.8386291948
6.96425369707
0.0226292088645
7.28789864454
7.7528040817
37.8878781125
41.925607504
8.91466251286
49.1645178829
0.0235578664675
21.7413259709
25.3384667163
23.7367084154
8.06942257688
7.09885663458
7.59842920409
47.1223729736
220.094037641
141.124051772
0.0406732874706
26.8930584114
24.779693793
10.5276452156
23.3840180545
23.2015606746
12.5734440969
27.5850489713
20.4522524247
34.4598852527
46.1488985279
38.4614156085
23.8435318759
39.5467459257
10.7230698143
28.5292591346
45.9591316864
8.19829007823
27.8901557407
45.6936595506
69.4928059402
98.987715929
36.9936641271
139.10846671
31.4236305398
65.0104733264
89.3276060681
0.126542158647
0.0692719177988
0.0817793193659
19.3272139123
0.164938840038
26.2984160508
40.9572700803
124.01974744
9.75026358895
0.0521839943286
0.0507932917042
0.047920597453
101.248773647
28.689144917
78.2380671915
175.573465156
109.484605062
10.1467325749
12.5854709896
0.0625117245586
0.0323115163375
27.9084433181
12.43329141
58.3745295625
0.0682048723697
0.0592350482641
12.725474255
10.6208478485
17.3103903918
24.5679753564
25.3389247157
13.0301787071
13.8847548871
28.9242698306
34.8560659515
18.6944396794
32.4845431405
36.4876191724
7.53943468189
60.5702343585
0.112205799674
0.145498283595
0.155193915099
0.15519004915
36.6215678176
54.6037909848
29.1986925136
19.1897107126
106.494563919
35.6552127189
111.713088068
44.629714095
122.232158803
20.3861625603
30.7847934935
82.7214455176
58.3621318348
21.8678753855
9.85412226729
29.4773321491
6.94617228112
8.32681726972
11.415787027
0.127074308347
7.3265093877
20.4809830915
117.287443831
39.7768902998
0.104794922802
56.6183645657
61.1723670089
26.3684668652
37.0818985198
23.5182930632
13.2511726272
0.0718542562201
64.4964913905
126.398247859
7.91324545903
101.60565015
30.1714798394
0.158694715749
240.294418453
121.526568852
15.4483750155
8.76171446431
134.766913137
8.41729008528
0.0863998635251
9.61093979543
119.317135314
112.701829726
18.0277972818
0.0961592994401
8.24875431888
0.120740461436
0.156267869254
22.5895823332
0.141174065267
0.17013548246
0.139866867282
15.8361779547
29.1265854099
25.4996016496
0.137827012225
146.541014412
0.13903762922
166.315657662
0.126034528874
0.12411270566
0.145825693749
12.8648342805
8.84037770326
19.647319645
9.41515472876
0.102709671042
8.87300880758
0.113265361114
0.122914433701
17.0885618031
0.116001554635
46.8309216429
49.0752935379
0.126568829944
0.126988684986
15.2860028727
0.154112261444
8.27695328259
8.74240154787
7.55268906238
21.3441546749
7.26372016782
33.0908171539
0.131158725901
26.3032972422
0.11571992749
70.5170169172
37.9497922246
94.190532521
0.233757071095
23.7967788612
0.216533313457
0.213688955858
0.226555819028
13.623321722
11.8268797822
0.262242542443
0.277560792539
29.3512861811
7.45061320326
29.2117766164
0.0357553960639
0.0106836655716
0.0329345433806
0.0399380952616
0.0475038901247
122.791326601
0.029987945198
46.4274539899
89.8365187626
26.4596217427
0.0395151508303
0.0306820728402
69.1334523903
29.3881494901
8.11210078039
8.47460004743
0.0364301764331
9.63900872316
27.3375281376
9.07544835104
10.9017446635
10.8889884368
7.74725557833
0.0145549399782
0.00838400249129
0.0166046112189
0.0178207766331
30.825665339
28.7885125008
23.3613242476
7.10485389365
12.5478813379
0.0293102610856
0.0311835456049
0.0319062131592
0.0336692372126
16.8928293515
18.4497921033
41.6200383911
21.1889088941
0.0407900460951
0.0380657965637
69.768865203
30.5729086135
10.7995518963
114.197278905
30.8040210588
6.94981891177
0.0325980153623
7.69759846402
423.564013699
157.580564679
236.093235586
288.36213296
119.337284505
161.004931647
127.291609644
41.5832580136
101.293519347
129.41320078
180.097360661
59.8416405195
0.0486878294632
0.0375334888662
7.95343131898
11.7800294623
13.3199572886
8.67358616569
0.0371465877129
9.14246228285
0.0329495556412
0.0660445710252
0.0395094492605
175.074622324
262.80942041
203.22243013
126.71916717
98.8326645171
81.5672701393
56.8745348937
49.849513148
99.7437025957
0.0114794918154
0.00757099179711
0.00503289266789
0.0163229366351
213.908865873
86.791913815
152.567390418
0.019915431746
0.0214576961406
278.803323709
105.815892612
125.423986345
103.231294578
162.394736983
65.7919435989
59.6697571149
0.0349670869252
211.932173281
0.0405917076648
0.0367962918953
99.6620340208
6.99763152916
0.0609436245908
0.0567147622523
34.7211893636
8.71897018354
10.5691852171
7.66382560767
7.717646452
8.23810346972
23.6525953703
18.5315032931
10.4631705957
7.40645598985
0.0329530351773
0.0275400720133
0.024620829039
0.0252121551258
9.61952296093
8.41853153713
0.0230355702033
6.82980187407
0.0181906294603
0.0214109754561
113.252611137
0.018544088267
114.216368861
38.302414451
30.499915225
0.0272080488179
71.7891632467
211.108688037
0.03697893552
13.1458233006
19.295286478
51.1911811863
20.8454816112
26.847038695
27.1469991999
23.8824972882
23.6985667297
24.3348880628
0.0163197436587
0.0184253071995
28.026724257
11.5378671774
31.0254142427
44.9534794633
39.0165368666
0.0424625551012
8.46060741436
25.2468416527
52.3426707381
6.9105245122
12.105570252
22.5084620075
0.0425774146116
370.542672518
267.878149746
179.450974705
206.402253807
151.563437227
52.0216845963
74.2034141183
123.364984222
117.039068614
163.739457262
112.673517754
54.7676763002
110.213626454
20.6054469981
11.2432408059
31.3897359368
11.4813183034
0.0151091169932
7.41672176712
0.0130254686298
0.011934004098
0.0121774177759
7.0177700814
26.4079289455
0.0220476360882
10.2774799503
8.82680358951
7.20706447238
17.4437725858
17.772026998
11.446506214
98.9088940749
68.732197094
134.470840115
297.78137641
78.6165664068
103.991079312
57.1452600339
28.0614879776
7.50076900418
118.784504053
41.317689121
30.3272087044
33.8445687053
35.3574408902
41.2585257332
34.217385302
0.0331331505309
17.7625059501
0.0294628611314
0.0324559371513
30.8342967776
24.393294778
0.0226516834807
100.206196569
198.309082022
120.250846458
131.344962565
169.630491994
149.49993998
119.142445647
104.259533022
33.6449540156
44.3828791539
48.56457942
14.2817711833
21.5693074665
0.0259930702609
0.0226762822265
0.02156529583
0.0154285557669
26.5036610769
7.42343881905
10.602486455
0.0399406933926
142.416365393
189.157260519
212.612491928
131.750301379
74.5192565834
0.0410142813672
0.0431322535566
289.13773595
137.522831406
285.035176452
214.672274004
116.280375193
170.040179224
139.781640434
36.0834208326
0.0439897386688
17.2144112642
10.429581139
0.0232489186261
21.51985712
0.0228353389106
44.5924061828
44.5835456708
11.4900602364
37.2463620701
8.07216499176
0.0443025012276
18.1713451161
26.0582454495
0.0621913893943
11.6348948796
45.3404259163
20.6447545505
6.95781488233
13.4232520113
115.021257625
79.8688669584
84.4161614502
45.6529018824
49.4843399558
12.7101734409
0.0513535925187
8.57437257286
7.03103003542
0.0394947714878
11.2690041959
8.30589074554
0.0400064536602
0.0334511948403
0.0389599871685
24.391290945
32.4627377615
0.0516299600897
40.0210891492
252.691679785
7.30020376115
205.573330203
158.152029532
98.8971196707
118.106740933
72.2962953497
0.0554234028249
115.571818145
13.1351320296
53.0398893953
22.2645417064
36.6442844728
68.0317872323
8.87560191818
82.8280318471
0.0320963288585
0.0311135353921
33.5230277728
8.88761312852
20.2259740087
41.0834571834
7.0794832342
0.0225644657764
8.17749341042
0.0318535306651
69.515298803
0.0172756342887
24.9778157589
151.361182587
7.54347617145
57.2259274098
74.0782050952
50.823822656
38.5000867492
21.1396632205
19.8234604429
20.0347897139
6.90017185856
0.0916287943845
0.102041897967
29.9754889785
40.3785236011
20.6253538369
0.107906357049
8.19717102879
15.9026058869
9.43643023467
9.44417156234
0.0781185606778
26.1210361336
0.0372131626666
0.0685850111066
0.0819969735695
22.7867592047
132.957094394
7.92469396785
27.4399698364
15.4047567407
60.593020177
153.694095387
65.1781152291
92.5698231275
336.109984383
40.4186778221
270.733042258
121.483803567
217.228351672
152.695524472
124.024415779
99.9150398301
163.265521755
7.54452581887
8.48532305724
169.542770347
0.0239451270576
8.93970163519
7.12007273574
18.6339340429
40.7935680137
41.3506038757
37.8998721531
77.5071393313
6.83479531682
215.718070329
188.386780562
14.0097953639
0.0465177286001
24.8780642593
18.6574565306
9.50549797269
0.0566474043879
17.3533928467
0.0719812425363
8.07354263218
0.0379192820966
24.152243679
11.6384381969
7.96663826067
6.96268572606
19.8923274101
0.0511080791115
8.81001395178
0.0369054260457
10.5925140674
9.66743993068
7.71971881404
15.337670107
9.91485552293
9.54268931903
27.4744738809
40.8835305462
47.1196969393
152.767143263
11.4867801763
8.69612369105
45.4814521225
44.0791399722
21.4527270397
7.15290043802
0.0508439148596
18.1874259479
8.38059006403
11.9111108274
86.5143908358
7.83849244048
24.3325781368
289.951066188
131.982534545
0.00795274937295
15.4233413501
0.0260872740471
12.3627769598
9.53648766641
10.1694763001
46.1108237117
58.1416335321
22.7445145364
0.005470013168
50.6903502976
7.1139103273
0.0178584217045
45.5433263657
0.0259366578975
0.0326964428256
8.18203877468
76.4222525126
20.0204891454
136.558449811
14.8654335926
7.11345517534
42.6424977937
19.5847745827
0.0516347773566
0.0269897256578
0.0521603066761
0.0162749497849
0.0323075182804
20.0466034015
31.1760212569
16.0685813433
14.7829308446
10.9022563774
0.0408264389208
33.7272473393
428.790983107
7.02711274878
28.8526439379
67.2685679404
8.3695880269
23.1597354382
93.086070875
27.4779012413
92.9527723822
30.7077363442
69.0079247704
71.8084099348
56.4657526875
9.08811955839
33.9617873452
10.3517761847
10.8436877976
0.0929449503037
66.2922021468
139.05887886
0.118374345083
247.371893362
55.1414493262
9.47432390345
10.5661422036
0.0427474873292
12.563934112
23.4495557661
13.3484319684
28.5927073974
50.0458738643
67.1869145452
77.0373906325
61.7524513811
53.7537175129
95.1012695189
70.3423174357
98.3762993503
83.8197947859
66.119129139
42.9538961783
33.9868533884
27.7677613649
0.0916240543853
56.0157018893
158.047120523
0.0620872896001
42.1996575433
59.3605473375
45.6695562539
24.9178344476
78.058497413
36.9038562848
6.85881974326
8.43355871794
60.5471380589
33.0524309383
168.882233132
174.401491819
8.24372161213
37.5445543486
0.0378363538727
49.8698300005
9.45561105399
0.0384064511268
230.516919309
10.9615498404
91.9408633336
0.0659959271795
8.59959162226
7.1857887434
81.946402222
116.012210806
0.0168288234772
23.7618882064
0.0228453930466
7.96194667237
9.1751857489
9.56695761199
26.9575719633
26.9518461822
13.5076774941
15.9062224792
18.7031378417
21.8458507133
33.3851975509
73.9104992614
17.2699619099
15.2974226316
0.0884565281562
0.116065323693
0.0998997335682
66.2986424376
44.26327623
31.2186569647
9.19092588849
33.0719984607
15.5111294124
103.653851345
129.361036558
10.3985090461
71.2474657821
253.514975986
6.94902888978
100.702681601
92.5119301761
37.4048763592
0.051574013907
0.0359677911278
18.6834517529
23.0515637125
16.3210064957
7.36223287927
9.29981141102
0.072633256294
61.3979611824
0.0597911109214
0.0413636465179
19.5514494671
30.030480629
10.836833141
26.9421392549
26.3966402716
25.1889136574
15.8363379827
15.0769655743
102.184098344
8.3518728521
73.2964116088
18.8703311357
0.0249846602575
9.01376225286
82.135827541
0.0290744685259
0.0376398695301
211.947130907
118.706434824
17.7171305257
0.036716912901
25.4552502903
0.0471422834843
0.0422037051322
18.6588881615
71.194480302
7.45126152843
23.1212536737
0.0431689863918
24.4919658071
9.13595174539
0.0774238185148
8.30732475382
0.112197723128
63.112409897
85.3568065546
0.0978719730124
0.123858517082
7.56068698121
0.0953330191056
0.0720585352731
10.305297852
0.0473777558989
8.31856383698
38.5298037311
0.0658175977617
0.0524410436631
7.61434253054
0.0357818351605
0.0396723319998
0.0367078885056
0.0405470336882
9.32106289316
0.051523828902
0.0530908953474
0.0541171038873
0.0523452413863
8.10176269467
8.9020450818
0.0648660033517
9.51957089295
7.04110947592
0.0492256246289
22.8833191219
11.0901012044
15.4520487627
7.23480566432
10.1659522118
176.651878821
237.316271154
0.0538906691464
0.052383313649
44.2476261428
7.02088916311
0.0393457783395
0.0353043126571
7.31329445159
0.0505067894463
13.2260436059
19.1821028764
47.463641307
101.881076246
0.0534719287704
85.7201887195
8.27509335193
25.5513510354
32.8101681595
0.0605832909128
45.872755897
7.80445862266
0.0540525139502
101.604538333
0.0447227124186
30.0334722427
48.904272508
0.0664134974143
0.0665570905787
10.7184981759
9.24785996369
40.8206011492
0.0533355855387
0.0402966406228
0.064036558572
48.3435702275
0.0574251636306
0.0563793123695
8.1970709402
36.1927657482
40.2528805616
9.67114816461
8.84713233586
50.0789061226
7.06265865294
24.9280803304
24.7221728548
8.80710010508
0.0337857344342
19.9270945292
0.0345458259934
0.0501745255166
85.5836844194
17.3657578335
10.9627748392
23.4945025663
10.6632801621
10.8561991826
11.7833720279
11.3511431067
26.4151501749
20.5779141834
34.3503753926
25.1036564218
16.4815458743
30.0427040759
24.0848563479
8.48873586466
22.312692791
33.8924671158
0.140907315684
35.5003401188
39.631376455
61.0188103075
116.931967477
0.0647835029365
94.3002496073
0.0673904718072
27.3400362073
103.903378281
14.4915828353
9.24059850618
27.1486042125
28.2606101131
7.55540686605
11.3183880116
0.0530441964321
32.5668508817
9.99203447661
18.4226786127
8.07673291754
0.0516667094109
52.0330318267
96.0127151511
11.6372506842
0.0572209472307
0.0701916085543
44.2877318529
7.30073250189
7.92180524868
51.8577329369
0.0400963496531
251.473922202
110.310870056
0.0609167568539
0.0518278238302
23.6296959742
10.7335976312
0.090113985797
22.6175108383
13.9895628904
32.6406635389
25.9459692138
28.238623673
9.44967873253
36.4935829095
19.3559727701
39.5593989164
38.3584518558
34.5970357679
0.084571298386
7.88609145915
48.5375071514
0.133882941398
29.6145961096
0.13610788007
31.2370395512
13.9172163755
82.9841642952
84.3013150192
108.444204812
61.19823065
100.387534911
176.054521822
0.0941224184864
64.6506686206
87.9748367187
52.1954727618
0.15027152944
26.5624183808
22.9500447956
8.81536200975
9.36745836729
0.133904366622
0.127799314384
0.103442219151
58.1660173011
98.5821404071
0.0850539293999
12.3015187397
65.6858563599
7.30266696798
35.2988664276
30.1640467433
21.824111639
0.0459841003456
15.9783387858
123.605241811
72.8090052993
91.5045487531
72.089369894
133.387097866
176.350260157
47.2936646898
9.34627750233
34.1599417094
0.196216021787
215.983151449
14.2782220681
23.5108220137
0.0969309355023
186.535246064
15.4149100969
48.3565325312
19.3879457213
0.159024399334
0.166734594621
0.219843980087
0.180207015933
0.207713738307
9.10547923239
0.147523530487
29.4964862146
0.125048580907
35.5980236695
125.623891471
90.2784380428
8.37812478128
181.657842017
0.123610651683
0.103182451652
12.7305011253
9.15228222501
9.36161316483
28.2111977869
0.0865523582295
8.28705692911
0.0839001617817
0.0977880261532
0.104585716194
0.115248635139
7.79504378719
49.1799161786
0.113041416981
0.108878029723
0.117609747953
0.116389311939
7.6616052562
8.67294560564
0.0886687248311
22.8915493342
0.100154157719
0.106444910356
0.117152444436
22.3651886644
22.9911871772
0.108673321533
155.897288877
102.108447406
0.214026160096
6.92891969602
0.189615096186
0.182764533083
103.256453987
15.207065522
8.98744601011
8.38794237411
6.9611048585
8.35141645626
6.98064514432
37.6097967879
0.0655227214597
7.35643001389
0.0335791590422
9.93797833477
0.0718214891374
7.83408717336
65.2023949463
0.0431504303433
8.19359487169
327.015232426
142.651165671
0.0786674712892
85.5271861332
76.0888376985
7.77010900094
0.0908540864514
11.4110498463
11.7043621811
0.101200552032
0.10136391936
9.94716588007
11.3285459419
84.0824021021
0.050959747087
11.0853011881
12.5196739672
0.102653504962
14.9451688739
0.109824292653
11.4868446485
11.8321531284
0.0874162627779
0.0739199080687
0.0854554557629
0.0826077972524
0.0767379341621
113.46576178
74.5992607983
60.3049674877
52.9514901033
27.5923952856
27.9219850884
18.7999213759
18.1459436854
28.418266013
18.3900025612
14.0061508625
11.3555894997
0.0479821575349
0.0425920090921
0.0676229054111
24.8653728768
13.2389597319
0.0566846167734
6.8410866768
0.0972251499626
61.8552730874
55.4961685089
47.3913729302
0.105310702983
0.0992425522166
34.7438301999
0.0880480707593
0.0801001480895
12.7390993704
0.0682508676193
8.94192275003
26.820213948
25.8763348546
22.376389488
0.0547302024611
0.0544585339433
0.0550754779923
0.0516663791674
0.0481469192573
0.0446781721208
0.0403831963642
0.0326533027324
0.0256932829385
0.017780960873
0.0153397122969
0.00592184657789
0.00472379156128
0.00457130508181
0.00436850750282
24.2520784222
0.00198089547069
0.00148379416115
0.00143009674978
7.03086761028
0.0
0.0
0.0
0.0
0.0
0.0
0.0
0.0
0.0
0.0
0.0
0.0
0.0
0.0
0.0
0.0
0.0
0.0
0.0
0.0
0.0
0.0
0.0
0.0
0.0
0.0
0.0
0.0
0.0
0.0
0.0
0.0
0.0
0.0
0.0
0.0
0.0
0.0
0.0
0.0
0.0
0.0
0.0
0.0
0.0
0.0
33.6604282921
33.0953739518
32.8015893019
31.2692889197
29.3830495328
50.6044083245
144.068276644
62.5882796523
57.5315494142
54.1261316611
47.6990322652
41.4870449149
35.1964523478
31.8046716727
7.13106876608
52.6247309519
46.7579543802
37.8401925303
33.6343770523
19.1329294351
15.8356287783
14.623786902
24.2478296382
0.0328280943148
15.7455420406
21.5688117155
0.0277287113274
0.0376485768481
0.0396326253433
0.042323581503
0.0359574026108
0.0191473987148
0.0199507600644
0.0269500780236
87.7526901961
0.00253398604376
40.2859499604
1.58212560601
0.960223672122
0.871181042376
0.760728456849
0.730979029401
0.734548549556
0.625477528376
0.623175303053
41.9209495545
25.1194012121
18.3943287287
14.7051455909
16.7285717586
9.4346818481
7.86164274738
8.20457568094
8.54627157775
0.0105700650781
2.15210599695
2.92529116261
0.792642277126
0.309771767486
0.310911080565
1.413692499
1.35859580111
0.230831539742
3.09463191081
1.19993130195
1.00600009213
5.91703640364
6.05597890052
0.740791824068
1.4130672442
5.44523544951
1.42509547275
0.612895660645
0.744501348427
0.28027569793
0.335204547803
0.331667079671
0.0273705560289
0.27797253199
0.0268940800975
0.026300737469
0.0263701262635
0.0261854055976
0.0266907232164
0.679741150255
0.375524589956
0.269851417888
0.0212692411053
0.0283217771133
0.0290339931137
0.0292157358342
0.0280629159449
0.797366907877
0.815215721074
0.199715435478
0.441302734559
0.673747084131
0.656957414128
0.636558428429
0.426070110343
0.375108364718
0.333277563548
0.300158489241
0.266479502946
0.281695430349
0.267033861768
0.280796913676
0.272539631425
0.00606493703921
0.292416752292
0.019115916578
0.297995881293
0.374771883718
0.612900834762
0.663021993215
0.686268712778
0.679137003797
0.690235863863
0.63522574901
0.433349822917
0.390190350572
0.361406090273
0.326397826916
0.0516821212744
0.0507919142651
0.0491797484678
0.047819706823
0.0466095878483
0.0453066042686
0.0446392061907
0.0434343593921
0.0428786988064
0.0424967718041
0.0419186560568
0.0414454481613
0.0409603878947
0.0403215625252
0.0398320379456
0.0392841819317
0.0385591477182
0.0381688577301
0.209622673897
0.037279244761
0.0120975472786
0.0427508076813
0.0456142307542
0.018369490463
0.0345037555897
0.457915912699
0.849629730537
0.337947642909
0.013658749542
0.0183077688
0.0230905125631
1.04744218266
0.536977201554
0.0399307977602
1.4071444485
4.25421151499
0.0173873995779
0.384612852797
0.0169085052318
0.021542075893
0.0185211307989
0.0186271478647
11.5179640282
0.0223910039227
0.0209925283617
1.12272662296
1.14222233394
1.72074301
0.568006050769
0.710412024791
0.947398884002
0.545867018695
3.23503556739
8.63827273589
0.94258946945
4.41774479508
2.32247566658
0.267621315709
0.0466249326582
0.0163105889862
0.178754181929
0.0201715771905
0.747995733052
0.223552074571
0.20907452196
0.764871579661
0.44242731953
0.189585378313
0.238809095503
3.77983957315
0.0217420002049
0.0229311039509
0.0245170203135
0.319065568122
0.305919195395
0.311550680951
0.312344440092
0.307155153657
0.29418337547
2.64167817134
0.0166371056357
0.901241973785
0.924423943794
0.00974232785472
0.0128243351932
0.0121113505368
0.0091247019342
0.00874844797753
0.00772974658533
0.524709807055
0.00939458476751
1.15173665666
1.27270235801
0.774528922368
0.0268520762419
18.6932256267
0.292241790286
0.340922352366
0.0270806742404
0.0247844132467
0.668475089438
0.736831492894
0.746185401849
0.740475059283
0.0205400733942
1.56646347573
1.36117504517
1.23183301682
1.24477283188
1.10460448456
1.03432338021
0.926293384813
0.724622319132
0.611532916473
0.0172776467758
0.0474409786618
0.0131041151796
2.49508563344
0.998104733221
0.49875052137
0.780013919873
1.07861510427
0.0133128513441
0.0158346953098
0.0149483781587
0.308919435484
0.316561032245
0.33099526574
0.319800471748
0.339732991109
1.77200800089
0.988084866661
0.966804125883
1.06141832283
1.05230856028
1.12419429496
1.10666046321
0.983241209173
1.00578696322
1.82922853109
1.17255120662
0.932090714857
0.686881446869
0.34725071878
0.0242950979058
0.023845815909
0.0171921392865
0.546699394792
0.00841657225075
0.0227139801219
0.0199222181147
0.0194694790196
0.0410527979669
0.0257543282286
0.0464587712935
0.040573369919
0.0390789630275
0.0375592869244
0.0358198844752
1.61920666246
1.66885442933
1.67536361237
1.6058811334
1.50383918181
1.3696365743
1.24000785886
1.0906759637
0.939232047242
0.793661650044
0.652912656621
0.380532895453
0.292939596187
0.0199141899477
0.0194532897985
0.0189489362615
0.0184313582161
0.0172526584946
0.0175770075183
0.283122815727
0.315505146869
0.33178350378
0.348676017732
0.353771929843
0.32343476712
0.315417256112
0.327494841564
0.333706075122
0.336910517603
0.338682715644
0.337651475968
0.337355821111
0.334054755851
0.0168623664805
0.0175637945396
0.0165514764691
0.263281939266
0.0152769168504
0.0146356779934
0.014144737021
0.0143403097193
0.0140558246932
0.00631180398947
0.00519018382582
0.240551758849
0.868078256848
1.12676571203
0.0207401153897
1.03144347983
1.01438448504
0.984072625392
0.948723394333
0.852835610296
0.785114485515
0.721818464908
0.669434185732
0.643532361866
0.614632780094
0.588980069873
0.397963057596
0.363913441111
0.337801324222
0.308074196931
0.304770645146
0.29522506343
0.0267694388883
0.0254542660532
0.0252667176965
0.025422150835
0.0248938195093
0.0242710216604
0.0214153573056
0.021470646267
0.0214298570509
0.0284092023873
0.027767023312
0.0266604530781
0.0264213656851
0.0196128981591
0.0192953621103
0.0311055810414
0.388788974822
0.606135229017
0.731441114557
0.675688617846
0.447270307069
0.371261871434
0.312435495672
0.279244505178
0.259820715978
0.285887330799
0.289282745489
0.320664236748
0.307812240787
0.320857734585
0.293372139264
0.273094968779
0.0217778506332
0.0211988400393
0.0207224128906
0.0203983163159
0.192582699339
8.3649668489
0.0187657436212
0.0183866760635
0.0179541822766
0.0176366319785
0.235299454718
1.11443316757
0.987169463181
1.05861658198
0.953484128933
0.91347764569
3.07009375483
0.857895623947
0.543731895069
0.756967383017
0.728723629406
0.705501094182
0.45093813573
