0.0
0.0
0.0
0.0
0.0
0.0
0.0
0.0
0.0
0.0
0.0
0.0
0.0
0.0
619.06544205
665.649082677
812.692821884
0.0
324.386410306
0.0
0.0
0.0
1048.56455177
902.597114864
479.718031492
485.5257381
0.0
0.0
730.606452493
249.457879229
481.62804821
1846.12593576
1126.07437458
1825.55675548
982.943169398
555.9664921
202.820393939
259.540621793
0.0
834.751238136
1603.68766628
2300.53934386
2156.49340189
1013.09027792
1562.9595783
1664.25454062
1334.16753681
318.768879002
314.415525067
0.150327188063
5629.24496934
202.392317991
3283.07787921
0.22754709852
0.0912859612762
0.0
1660.30449385
2462.03139147
2247.24131256
242.708637246
3112.53564564
1912.19561224
2347.44243901
2044.48366703
1911.59906965
1852.60668253
1816.62004792
1745.07230496
1846.25189472
1675.44989364
1833.6946185
1704.60226993
1617.15199294
1623.84639894
1572.20909388
1492.32141879
1470.82284392
1608.12930147
1565.99691961
1571.38774082
1306.81735016
964.748438584
739.35776213
0.203498007382
1171.00562396
240.348936421
3591.48604434
4709.62078692
0.0
5052.04492206
4333.33458596
0.0
2608.51119354
3349.31257541
0.0
2523.35856176
0.0
3792.99757794
2352.53519489
2963.86959718
284.272756856
3477.42241357
2469.17884578
0.0
0.0
0.0
0.0
0.0
0.0
0.0
0.0
0.0
0.0
0.0
0.0
242.926074074
1082.23709616
0.0239273292329
2081.28411806
1414.33627423
1104.71740691
1271.15157132
1541.14573546
1877.54027769
2213.1496517
2080.26086827
933.238894517
2979.74660798
3088.92557041
2042.83405892
1904.46964171
1345.30678197
0.125443518743
223.922652152
864.246167378
1083.54322149
0.0
1283.79213489
696.089715951
0.0
0.0
0.0
0.0
2668.19772538
2929.82584491
2560.50157819
339.241538407
0.099709034767
0.0705831066228
0.0642774869296
0.0
0.0
0.0
0.0
2239.85390581
1669.27803958
1878.99289154
1388.16343679
1407.06617904
1272.75363587
1249.21683324
0.0
230.972699051
1922.40105477
3021.14560468
2273.91968167
1395.69826538
1582.24949881
2696.58176033
1168.531515
344.49046637
283.241547448
2008.60236576
2325.03480009
1774.12503296
0.029256424564
0.0245874664471
0.0534009243529
0.0547100632671
0.078589564758
0.0840336596278
0.0813165546668
0.0758547246991
0.0
0.0
2431.85596883
0.0
2217.81609776
2485.36147163
2427.84074488
0.0
0.0
0.0
1676.37236933
1235.43993528
0.0414751009818
222.912548127
3130.99549498
4780.89314246
634.080858518
410.733322249
2467.68911846
385.756057369
314.067710272
2065.96249429
391.700810012
752.411767444
2117.71761025
673.198314859
573.167060133
1598.75978143
2990.7568196
0.0
0.0
0.0
0.0
0.0
0.0
0.0
0.0
0.0
0.0
0.0
0.0
0.0
0.0
583.268481073
1698.68127717
4360.30364908
3725.55228812
2970.3277229
3819.30709597
2280.66260822
2532.0061958
2138.411714
2044.24245666
1884.60389222
0.0
598.877577794
4504.69080527
0.0
0.0
0.0
0.0
221.255615342
0.0
0.0
301.713257172
0.0349713084716
440.584219521
552.690611096
0.0
0.0
0.0
2300.06176343
725.401522836
1295.45001596
602.614270252
2834.91488412
0.122051346877
0.0973362733426
0.0861801873543
0.0636086915796
0.0
0.0
0.0
0.0
1754.26099794
311.219149165
1351.72993252
762.454498153
646.96424845
842.033311018
619.519304899
2369.21551802
281.888624455
328.420465496
1075.41772155
0.0
0.0
0.0
942.918385311
658.424085204
774.948962732
201.173303176
840.648683746
871.719240751
1064.01493222
807.479529785
642.946539992
701.898924907
280.155842577
867.694962278
1108.6527081
1045.63862571
1036.37042659
980.6070798
874.931102369
242.779122544
852.663975265
1001.2456199
1022.04371015
1071.73730088
885.358054045
528.997357151
1011.96323213
0.260627188998
0.0
242.197470116
4169.85325169
3888.93436439
1898.34241306
1118.5758642
0.0
0.0
0.0
0.0
0.0
0.0
243.563255278
0.0215981494183
3183.13055627
1608.95556899
1478.67971657
686.822466708
0.0
0.0
0.0
0.0
0.0
0.0
0.0
0.0
0.0
243.01140709
0.0
259.994037988
1009.71949538
2236.15779036
0.212806484903
1812.77943293
897.946177869
913.41765702
212.480391688
0.214891660301
0.124528392466
0.0
3501.9932612
6634.65091993
2338.65990454
3719.28490008
0.0
220.491131732
0.0
0.139441405541
0.252298767669
0.232058479986
2386.16972483
3407.87771314
0.0
217.812000063
0.225150633231
199.395492528
0.0241536660101
354.786982613
3851.69888818
5630.83854311
2013.614393
2724.47681455
2743.60295553
367.155709618
0.0
275.121878535
0.0
0.0
4381.76160944
0.0
0.0
0.0
651.404273814
3185.11753154
610.20255569
2034.17156681
7170.53045294
2319.74561576
0.0
0.0
260.429911806
194.878372847
0.0
0.0
0.0
0.0
2400.29720726
2345.70141361
2934.54830347
2163.46912588
1003.52007253
997.464481362
611.96049671
0.0751250928286
297.721971872
668.730022428
971.609660255
0.115552695974
247.762629933
0.0
870.281391726
1223.55350199
270.607680217
3247.04045247
0.0
0.0314828221236
2778.8005309
3008.96037441
2968.65488636
3078.43577055
228.835520244
8087.96110134
3287.01260049
3503.01694142
3723.58931962
4017.19642298
3490.48135829
3570.97331338
340.831850796
277.103383533
0.0222179211746
0.0
0.0
0.0
0.0
257.062846976
597.905627561
0.0350911124329
230.429807177
1014.69617323
642.137184372
0.101561922807
1129.74281205
0.236883612499
1523.82334053
248.213941182
271.660313144
304.881695236
980.767649035
913.659858819
934.436044858
751.477355154
2650.97808696
7338.47609968
3199.01559431
2189.27831391
2087.32124602
4150.76676783
1704.78494994
2462.2097983
2.50175595165
1.38512022139
2236.05397066
212.925495384
2866.81386086
644.159938098
216.24971483
195.58855264
2.00262922508
899.329821872
5710.07916758
3411.03311654
2966.850053
3220.96412263
1.47860342375
1100.07442852
244.299959676
421.624560908
3.16779752067
0.742921911416
0.72330419589
1.28893084444
2375.38615231
2805.97385571
1120.36447212
1190.62535603
1378.22816531
448.313212313
1185.44613434
1566.97021898
1.48578946628
2332.41312476
210.848151487
1.15764302833
509.7113035
2205.523965
0.0
0.0591363708815
6192.02918198
280.802679259
212.973879587
2416.31917851
0.306851424623
1638.11982259
216.553128796
709.893105008
1504.74226922
1033.88969593
861.666400839
1368.40075416
4698.02559807
204.31836539
4098.50890728
0.975914725215
2825.34525162
2654.29267772
3210.9997069
2417.31692234
2623.59484594
0.295168475719
1601.67550054
1728.22715826
1.0587261308
3359.21400283
1010.06912128
1.66598055079
266.007179439
1.02761842899
0.560879982995
0.416369470995
1.20773800244
2370.6140776
221.377377356
637.823577668
0.664540045805
0.639792126904
0.254535966776
0.781023243764
457.863245558
0.769583262642
436.16888948
1.25318691665
1.15453386429
263.833030279
962.193671716
673.793543192
1128.00229045
1304.01525106
918.616531772
609.024696404
1.89940471724
237.140685356
474.617531644
223.796510319
241.790850119
194.918262522
1737.67226101
451.630045953
0.231577320443
768.733342048
0.0495958257743
0.218986763986
198.457715902
0.49590480844
0.716512850667
0.608049225175
213.42069745
1.24396289473
745.051883375
1.17680831118
0.712150941611
1.51846456219
410.589645269
1164.47587806
0.359966118826
528.890564595
369.770197901
1.85481666637
1.53755512268
1.54243035475
1.52551248583
0.771272034589
244.499689892
269.339747742
0.491676377436
0.463278404174
1886.53915063
1.22716546842
1.14706125493
2491.78095443
1494.19944386
277.520313535
1546.2721952
447.327809907
219.202023524
0.827383078723
1794.0031475
409.129427631
558.495000683
283.851719843
0.69378936198
0.745614131688
1.08206866758
389.992495648
1.41898716274
1.29403867539
1.3901954304
565.54982148
257.94255232
1.41473566733
844.664174554
1.26530529289
0.909586464555
1018.64024002
1433.42189095
1018.57410165
0.404093671756
0.702955151492
1.06721900176
1256.25047987
1422.62525532
1192.0383713
0.669285222782
0.933622362741
369.662507623
922.026252992
419.693842779
550.616253151
245.01986463
763.185908247
648.892398436
590.488260136
2.14335405022
212.071537402
610.90479132
267.422792441
0.680206542512
0.722789414862
284.901935928
1007.47586492
0.483210877978
197.967760526
503.903301104
817.734706408
1.45326370167
1.63386632715
2137.794117
0.525227135811
212.470374816
3129.05161939
432.460185096
5534.85266443
1.24635111953
266.929222139
241.693634381
1.51918650168
218.659870063
952.810280846
545.231215431
354.130668157
2.58504248601
1378.27241638
0.507423560608
862.935309957
1.28266292741
207.022910207
495.758903555
2231.25231564
1098.44283688
970.759282735
428.573748933
814.318081169
327.894694333
1321.29320051
698.475438252
1638.22516815
244.616263957
213.435931037
1784.12836353
5242.94909108
4462.67174067
1.52917919751
1.29008094855
1.31000037525
0.754787673021
1054.27535773
480.716158244
1185.31001939
1.09315203985
569.025898726
243.869807166
587.570968173
589.327405523
2.25634589844
755.555693292
270.280950192
2.55106329579
1.79123285486
1903.34739164
2523.05761586
1649.30701519
251.443451985
368.263342277
2.74438277897
280.267912452
250.555782155
740.346542121
1.25146791549
685.560866002
1066.45605866
1250.14610706
227.73663321
244.911829119
228.794545388
754.212892408
233.242190983
1236.27182515
736.598366481
198.868668442
2376.35968093
740.9200179
426.320753595
0.0650528191925
235.534722927
3698.43877324
1373.59102264
2545.00881706
476.471115141
1552.47941183
198.364843848
219.455828674
0.232024452649
348.254871078
454.778395477
0.282499979614
1191.23007463
0.757650459822
879.047148764
460.39389163
712.81851654
197.964283404
334.289405509
743.998196425
484.678841802
547.030693775
1.44911319175
2.08697850131
2.11559816801
301.472892304
826.017359083
815.388609964
0.833227089285
575.752195931
324.240100007
245.463220261
373.838491167
431.548973325
660.344893623
874.846807752
0.452341361268
236.5245835
278.646511115
965.251579171
1176.1148349
5078.39463549
244.32374583
321.767057399
298.575675814
0.694288172616
0.546216063048
0.418292796179
0.473817054157
0.18542560816
515.211711235
1226.99458058
1.18906047307
2258.56220037
2076.74940898
207.563513159
0.977973844402
1.19234868173
0.547144279411
0.268155113439
223.823406328
1324.23691815
447.268215078
0.422272010032
0.508184311457
0.672398891338
0.973902548788
516.8724847
224.33156849
460.394857303
1187.49334376
1.8816191242
2.36962592795
2.06704216905
1.47751214797
1.16881810525
1044.312039
198.922170656
2.06548015063
1.62083007928
200.86591742
892.214899785
1.11773218982
1.26805492124
0.883568519769
0.44093575891
0.535638123883
0.222267295088
0.153997800641
1296.33202149
1887.67961961
637.347570109
480.029889747
0.518419559041
768.561622039
1.31351951197
3826.69439998
0.185842617751
967.931514095
1.41388610343
321.607420538
246.444949839
0.684750986485
0.56603130691
0.372025594042
1180.98459761
258.350594392
1067.36984346
214.545149068
1.23354379894
1.36401948157
201.99590792
242.692086663
0.593791256116
1091.54874208
257.255698629
245.141954553
0.0431709895746
442.914160288
1147.22973453
229.059339709
0.323116983395
0.440582707844
536.923798541
0.59068193571
0.485829607414
1330.74336272
1436.95958105
1336.51690538
247.918545358
0.642277522025
0.338916794572
1160.4856961
0.701880235465
1.68796914673
315.567290462
1002.48028718
2.08584993791
2.4058872706
1.97271024677
324.630118427
1.18469243991
1.11131612463
0.407722635616
0.830695552927
1.09820335368
247.520489948
1022.25204007
2613.36769922
423.639931369
0.32607081555
0.349469010113
473.494096377
1.25588021839
751.112134694
806.54878903
1829.64514836
310.026022309
0.818221909242
0.518895983333
983.49060217
0.521566852958
229.925258996
1.29543601231
387.374225954
705.512925045
2.63224542918
405.70144029
247.241134426
1253.92347328
634.464046055
1339.7878093
678.33310941
218.517147096
647.510131432
361.032466715
253.486714426
0.663875389801
214.876431193
2814.18483048
413.179598728
1.505689589
1428.49198672
207.490102593
207.19912411
924.774320493
0.37981128255
1784.20627276
2221.35533574
1904.90713307
1.23983763536
1.81234030749
2.70314149552
1744.64778456
2564.10428227
431.714532267
522.125963042
1073.80738881
198.112904449
1.18899491022
509.078365563
0.762742820347
1464.35697477
250.21944605
0.430304639468
693.448625377
456.204789211
242.271785421
267.694269878
5141.31127276
0.237327868588
1625.48178996
277.639236618
337.557798031
311.401057189
0.761242928097
0.593664347915
1.20777178496
2429.68679243
2.01035706303
227.664489019
701.199606894
2.00524879092
839.451975731
2.06088146114
514.632124922
254.601661002
1.10781055904
200.00519959
620.938638531
753.381097819
1373.51959561
3.75977127853
1620.82413435
1538.23084385
2.33115173452
235.37595143
4815.19360565
4832.684812
0.296020297344
0.138589444313
0.431722093359
0.492225457586
196.436919909
0.511590876007
1.20127820928
1.15157738389
1.09374402608
2.74254051061
711.343931651
1.94735687104
919.015956419
1.82309086056
1.09771829209
269.85109297
300.224548464
3.09591011388
1310.32323064
5.17237521323
1074.07777767
6.97897215129
635.089580874
723.323406353
0.534511792453
707.018091734
635.729859517
554.663902362
0.546081997111
341.328305765
332.539660084
1.3999254802
260.040752406
1.48372438435
218.28506533
274.609755464
0.756519767912
0.58410889393
0.637271419849
302.102902381
0.677288454078
0.773308016569
0.850192871889
0.737331585504
0.687630635905
1.23511380647
0.837710723738
218.689879541
928.142233525
357.981271615
356.864982326
562.178505525
0.796098742359
0.508049302998
0.696373033439
4780.65661961
0.496170269269
1.26568715348
1.043281873
0.958626427846
0.708797287334
0.844781464945
1.14371189609
203.456330594
2.67769809778
2.82254237676
2.75651187572
380.389581904
234.136103405
215.516593399
3.19592028788
736.480477651
3.98487370646
4.06624499336
201.318053702
850.954302562
316.780652184
235.534382383
5.45431422481
3.48021595287
0.63189077255
1.39114242191
1.44392209546
1105.86171923
944.365581975
1.51167335279
1.05699209072
1.54897380197
1.15668137314
214.046502896
243.828592061
211.17601714
2.50636484632
3.45403710436
1772.30899082
585.865506862
0.938388659751
1.02530243972
305.391707324
1.65858750288
1.56861636838
224.466907695
515.43616903
2.77584118278
1.99899818219
1672.99075749
234.397501627
1.45195385542
596.650007183
311.275566595
1.56195121389
1.48948280033
1.03215086083
0.877302886816
1.21224643118
242.69248429
1.61206230286
1.40366272681
1.06964969194
1.26380267464
563.97274554
387.321371363
323.717053309
2.75264144407
3.55041226025
3.40411636848
365.343343344
218.692621287
261.55928105
427.567977941
284.362703623
235.964866131
291.438158418
275.055510736
2.70649826864
377.786196715
203.067781346
0.374211005312
0.953033199178
0.773369253715
1.3861102054
639.253468362
386.032879577
352.631906869
1.61220373837
238.502240822
218.897160194
1.48639642114
201.147694896
4.30784454573
4.51033584162
277.630749818
5.2389181271
225.679750911
2.25025843518
257.593077462
345.073219032
959.339373092
316.767464588
274.822329015
684.444140535
219.256054328
436.423670565
606.681676916
3.61560938794
238.467134588
2.88850797625
2.52154585359
900.812083216
1444.96369619
312.582740402
1.97541022602
196.502749425
269.60427614
657.548829443
784.102725011
374.7342935
242.576678381
269.095567451
2.7696299397
2.11157811364
914.150551941
2.57712254443
212.162931482
356.889141188
680.889899332
332.7638037
381.720557549
356.081148615
689.878368007
300.789816728
0.69610729772
0.492124304815
0.460349994394
0.56199316204
1831.38146215
839.193649773
1.34311945692
302.163947708
1.9968008149
1.81001797772
1.69852161122
3233.39456023
1931.6703418
551.686284717
601.849614112
287.447938188
1027.17118152
263.933120061
231.261521407
844.887679576
0.963415836484
250.594996458
805.439891133
0.789594699397
1945.8788789
2089.90111074
224.643985535
1023.31669225
1784.14814018
1018.64819996
627.508998634
196.633490652
1833.22410638
914.21623774
4.51383870603
0.275717595519
396.921703112
374.666020848
551.822393759
0.903136814151
273.667147214
198.779800102
374.942406997
678.927774366
2.56658583687
232.606985114
523.628296979
1.29017096843
949.024034422
341.613814993
1.52421958322
1.61003211143
2010.55980008
638.843277871
2.82100684745
214.005011205
1.81558043418
0.871795415228
1.18832322042
1.72986044994
645.002438142
375.601146839
289.218245337
366.191353989
340.444359813
1.83682537698
1.49021277092
1.09559616353
1570.78338341
1.93414069978
1103.03645011
768.394193859
1842.99657716
1556.16167066
1381.45748353
1.19006653287
269.161068956
0.471486899922
1721.12705115
1031.64366228
856.967280805
640.784954558
1616.66864262
339.287920588
1445.45684761
1.40916178144
279.55945029
245.264291313
315.889497467
8187.08032879
235.446703807
2.16889017393
3.07008843083
2.2793006833
1.09056348386
0.909576321523
0.876261914201
483.366213621
1.87290240821
2.76451427821
3.91110429683
365.00962157
209.794774732
232.498038408
325.832501498
221.419023855
199.050511546
2.91401696134
290.375824935
206.229264906
7.38806399326
631.792104342
2.18168567794
0.384178000702
4318.26168069
0.962000781254
219.271667667
306.465677785
2.03180403844
281.964894296
1.92461415839
2.18213432364
1.48468412918
1.12767439096
0.679489609773
1.46359931452
1795.34491501
592.005272488
258.696683599
1.98865237486
2.10920652769
196.388760413
392.909190191
1057.47168255
1.68638978424
2.52742373734
3.339680378
489.707513568
293.733423364
835.249549086
487.927224041
1201.64435581
241.626939374
0.249694244436
0.177477315008
0.600393349749
317.518813585
571.514396891
1164.32125351
610.330639751
1298.48576089
1.52008837782
314.357252206
1.8484133939
1.42857580053
1.73851764233
1.91064093661
1.55271577354
1.23654777466
2.41354708105
2.83621822934
2.75989671064
2.72230271691
0.274465593159
2992.9933539
0.187837580556
0.279310483591
375.671788969
0.911072587027
353.953284905
3361.65703091
2618.06420624
1.51587774965
2315.86682734
2.37614920088
305.800279662
3.00382772124
1915.98116805
3.15732042061
630.16709997
1058.11660139
1652.87988708
5.89968623181
4.62237357144
3499.21104941
2007.59181219
2756.164322
1.70943482572
4690.84524669
1.70029787608
1022.71080037
421.031137453
1.20763209592
1.39173987816
602.321273665
3780.04843418
1.173864573
354.399941665
2859.96646365
1539.94539388
1.07677901107
1.80303720078
689.473182983
3.29487081042
1000.32218297
2062.26373802
4.43327967502
1.75489440147
663.957996941
333.80853353
2396.64994123
2960.7577345
2581.82968318
692.100254029
3034.55180886
657.257455318
1.09008970305
306.447894612
417.04241225
312.112783293
1.68649049007
1144.93032353
972.333513301
1.85285293857
1546.62201755
966.564184772
1878.1164769
1.73989482112
719.410804824
1.19399884579
578.523721532
2.12914101129
1155.86921684
409.385721446
2.78170714227
834.202248633
979.641221805
572.445468197
1496.99234688
1048.11990763
704.017336808
1.21319162001
0.975693681793
347.650717161
634.319480269
1757.89297372
727.834900385
420.467482779
1199.59675826
517.683854394
547.19175271
1.175972826
1101.28407177
1280.69117271
1654.89524037
2572.21514865
4359.63474928
3525.08652204
2323.98778973
1.12764769802
0.993972545669
2276.78137205
2415.96436158
1906.98039687
2485.40013337
841.917607841
735.748952453
1548.26178197
1287.97680439
1108.31225286
1215.69609003
1363.82075691
1168.97785704
616.598145974
1003.10677923
1038.86972264
1322.49623193
1388.13138679
1252.5005242
1055.08147263
7.18742762567
6.65895695762
1318.61064282
1735.26323996
1599.57408034
1481.10798693
3.47434693958
1179.56942192
2.67296366984
1188.55479114
845.584135386
2755.51899914
2652.18811295
1675.46910123
1635.93931444
2767.57528889
2336.31288422
1673.80921075
0.402253814893
404.005802204
3333.7666199
3496.43267216
312.278338424
0.0
1491.56942941
408.810742656
3081.55025953
772.657873217
859.235362514
294.570046652
0.0
391.395703344
401.077941702
322.833027347
2221.14168358
2026.43379079
0.671335977199
0.785502155835
843.376888629
0.937902674061
994.312523
296.164888673
805.054469687
1410.74306181
1708.40767124
3.76739570572
299.697336512
600.727424818
1120.30216869
1170.65848246
1487.84376658
815.552059343
619.553555321
649.893480188
884.360274499
2.44204663961
3.18550502916
2.78627170136
2.4517184283
2475.79702743
911.307111778
1221.04977608
702.64668719
890.655990128
369.081864499
7.86189601221
355.373980385
1059.34105263
995.855510456
729.858664496
1.98005178179
2.01258667767
523.773482217
1412.01853947
1.27501812109
0.518825951656
778.856507033
335.761464029
312.198586132
311.590286019
1.15001323217
341.803650553
437.33715603
1326.00360364
623.506529954
1.50234451709
1110.09732363
369.625578188
825.157865213
1800.93084767
1.33990923247
495.348972745
404.285289722
3.82456813026
4.66408619388
1313.6291628
707.828668862
2.78891436241
3.49528714198
368.612876876
3.26658767201
4.64058523094
4.96774080921
2.67355035219
2.99698152637
2.66030308533
3.84054446744
1284.28097143
1317.31117269
1443.45956324
1424.50355023
1184.39748231
1352.66285832
1789.32543046
1467.74406231
1363.44155263
1496.64445808
328.839186518
6.56288888408
7.38725258727
14.1261919473
10.9454233886
720.003170058
2785.6850109
4056.55901552
1920.80422743
2569.07908302
2537.89524166
2288.35649214
2076.43392537
2426.99999487
964.672080341
0.597127401214
1558.22753113
516.438189434
1901.53972528
2271.08960418
1363.30662942
1.2517148247
754.947204915
396.881052278
467.247155948
345.485658879
0.816703905726
1.07212301762
1.21838853565
1.11328994658
542.781806999
541.498554732
1560.11361128
2.55004524377
1280.84851714
780.833974556
1607.41581752
1776.86893324
847.516377126
1487.49370873
3159.66907474
1559.86763049
521.71726526
1064.52649021
922.733952906
3.66190732451
5.11511375893
2784.20538808
803.19814981
1.56291480616
1547.40290977
898.852104231
1012.92347722
577.509186404
724.605199082
1716.46639169
340.524577092
3.62473547636
4.64215030197
4.68755131263
5.15954681472
346.3927263
2036.35549606
311.842184287
4.49471230849
1343.17642169
4.36902761343
435.790875199
1962.9244221
330.994626274
865.708295711
2.78709430289
1.85782487637
2.9709294907
2.66116828247
2.66308513585
1424.73943052
2.87098540799
840.645935502
2.8521873097
331.814126069
453.696937512
411.524360655
564.42341803
563.710099006
584.512566601
301.724087019
2.31884070786
536.677208671
321.322078302
374.582919137
351.273419303
328.054750952
1.81745396983
1.78497839062
618.832997336
1.29543412685
1.00520232475
0.823809063107
304.825421151
1.52495422645
516.68702658
1062.65159729
900.908372708
2.77939119284
948.814979121
3.50403091725
837.951568469
354.32192193
1126.04773203
1091.43424696
1013.14129817
1118.72714619
1193.4521828
1587.12584503
1737.81763718
743.773792295
330.984401239
2348.72025847
2012.09798872
395.708284315
487.180638603
357.259775517
466.153585233
2.46383539238
1532.45377289
416.650208985
0.311584721945
886.854230056
1870.58418412
1.49810281459
2010.79402411
1281.94657708
354.698017548
297.38464087
1.27501357875
366.439926971
427.691505605
0.594414196966
1198.45799775
0.611928347892
0.72205625461
1406.73622589
344.917623179
1.14106340027
1.77882779625
444.759333172
1092.93903849
1095.64275957
296.85026518
1020.63610128
1355.79775811
435.12655745
1.26427639711
1.7686891058
1695.33486759
2821.90180947
4.01823475585
4.18923591752
1712.28600779
517.444364462
4.88378879109
1103.44612904
2456.20090515
2348.77773912
610.970980005
1729.89745732
1387.54508919
2964.43016014
3718.131083
3.54961065898
3.74233350627
2.82534452623
2.55837910884
3713.17398857
865.756613099
851.725950665
3.5154289011
2.51968306352
1074.90700978
1.26275627758
2.05965676074
1.41035150729
0.77015764569
4283.25404709
2.59098590289
1.57303038297
1.48422304244
1.10131180242
971.76615716
305.254820214
975.778705466
1958.04910911
401.464423146
458.961557063
1818.03380868
1.22448873303
1301.74210309
1596.65407476
1368.0034862
1.54069943544
1277.48011253
1149.8320233
462.635598388
448.601468889
742.307220912
499.93380566
968.35069767
996.577600621
1.0922548599
856.857558395
415.504484506
398.848128309
1.87320031204
368.429163506
310.54098056
1.83402694515
1094.18419256
1.66053262455
1334.01222099
746.649253291
1406.89493966
1.45815253703
1.22492180469
1.28947588022
2.89192672745
343.691174387
2044.33531263
536.039973979
1254.84852523
383.043272244
439.978310124
5.44310261682
960.980528005
363.329188931
297.52587428
603.374387299
558.818501746
968.79124094
975.342257596
976.691036366
609.375190499
945.56290999
602.523494175
1.46008660219
1.74611369732
1.81635768971
2.18832332276
992.592796408
412.571617661
1395.36988598
2022.473531
2.02141973215
1.82226575256
2.94410486931
841.521929195
2.32967337147
2.06033052695
2.70374687369
362.662668893
3495.33662192
491.75865455
1579.94288216
1116.73142909
1913.37436256
1820.01841805
1248.95685159
903.307094399
2146.95786643
807.57770316
1697.04400644
2008.54149055
2.84230602906
3.57672055207
3.10493370398
1560.93787091
514.948984906
1694.53125299
2284.5390878
0.931088014261
1.06034147365
3411.84137077
378.810845283
410.302312315
319.162138476
1093.37977635
1086.65540678
320.905263738
584.715592108
1126.33849056
1732.00977664
328.375194628
1.10578671482
1.67135293783
414.541684248
0.564193287385
2150.44365631
1652.70730971
0.790180444587
703.740288834
1901.05452821
735.760852132
1396.43385004
1760.75398019
2873.872082
1.47826792069
1531.92894065
1161.39605858
580.305692356
1495.34238812
3.00832145848
1.6764467663
0.592929475988
788.332680504
371.494961115
741.093713013
605.564444952
723.537720963
391.41910166
2.46270132879
2.24321213651
370.183028771
420.815870379
1066.08568838
0.0788192891768
714.081283019
1.97889946121
2.69095525996
301.535521347
2.77378808516
1062.24051086
355.957689743
2.77255487489
2.20938358297
0.187825488018
299.130962937
5506.22936826
8712.46640563
937.22091071
1.6890408515
2.25509325916
10090.2129594
1.27607707501
0.266858001306
1.40080949115
1291.48593091
605.390436422
2.08327574075
2.2401388554
1.76751368345
3354.94779605
2423.99694697
0.0
314.769827121
601.288128414
1.67029728631
1132.52607374
0.553273151491
745.95664811
1.00173851705
0.732184580147
315.363562272
0.365987538158
1251.88143299
703.882194885
2535.1790767
386.843089148
874.23701372
1045.26364755
0.34673193166
474.436240158
1480.53431546
0.778677006198
607.019506203
1211.38012198
909.652398334
1.34636791802
1.03106632272
6628.7297741
304.67723599
0.177644400434
0.249825262128
0.294983312787
0.402222136894
0.505705094992
0.422963870586
5900.59430655
4814.84760221
0.809294447937
0.696949446542
0.852381974862
0.0964979573438
2696.28853802
0.781772738544
0.850158824196
1651.86141014
1224.25779329
354.756842399
0.376246280907
345.13725321
320.520894292
0.499403622488
0.581139834372
1.13347542529
0.672230911954
0.701439400629
464.471330259
0.600377286092
1563.05999447
1746.851896
1.02078094306
2.46407814659
303.712154563
1.27991510831
519.970544341
1.49618552505
2150.79721794
1.07440322975
0.649260266185
0.46989442934
1028.46822142
0.181234963502
0.257285364347
0.208243736341
1462.71437019
1053.47207384
415.183973252
1.26617454639
1389.02947397
867.659896928
1360.5403881
1675.20573242
1.28730513028
1.2118854544
529.808423768
0.400986061336
508.753811697
0.335238795527
1148.74423889
1.56705438582
0.658716518453
374.944250339
320.356473906
449.256457476
0.933600829332
0.545569602777
1667.23937379
1643.36737436
0.464722429425
1860.44437682
990.411314984
316.220011099
836.839716209
0.877999059694
343.280513099
0.667095936239
0.0928646563999
930.316267884
914.659322841
969.905477826
4305.21184754
1158.45647045
302.98559665
2864.43113007
0.0
0.0
0.0990092569259
0.415832727762
292.392063544
0.270564454364
867.780019239
0.649074810312
0.515118967099
385.733721989
348.303176312
1434.67645396
877.216648683
1635.57890499
0.0588561907204
1577.06133058
818.116170742
322.133746982
396.786500679
408.36936322
403.271191116
0.384582945896
1908.51423562
389.823637944
5618.47636327
0.546619217561
832.254631812
0.452295757833
0.0
1082.16483818
0.521732553018
909.081713474
1.09836747286
2596.63270269
1.1939391484
497.05450629
1.34867652629
1.39085685445
0.664481633528
0.220208026079
0.392493927784
306.248002517
1.55812529699
2.64625907618
0.883792750312
1315.24099393
483.004144992
1498.25340867
2266.58027099
1.65367055931
1448.86464173
1.81827105457
1966.3058747
1.6412933303
1.39101289647
0.691438923775
0.164006210713
0.12447654305
1211.76885637
1994.37293831
0.776122910747
1896.73753899
1284.45095869
678.09490959
1810.12381625
718.884359606
3542.68166139
2411.6383901
303.750920953
0.0
3499.62276936
8119.09610529
0.0
1598.27451927
635.514834508
636.802770948
640.313679633
0.0
986.426817145
0.278194927955
667.954862738
0.391444341413
0.402101933415
0.474865946996
431.093749665
350.48985323
0.512566039521
0.62947184331
0.750547012168
0.771155819144
0.933906526869
357.052093165
325.671406744
0.982625569714
639.451373276
0.0932558253772
545.108539131
487.982240683
324.209289466
1230.58898988
0.427724132722
0.68800709422
588.172006041
0.359685942815
829.47204971
686.73420495
0.741788949463
349.889865316
1.91452116631
1101.94865629
722.740247388
3330.90762908
2404.92365971
0.328085316968
0.363562108076
0.477784152398
1488.77834032
0.606427380121
0.666985750599
0.722936042731
1272.55934724
0.757270240227
707.351531936
0.291980409977
293.149626294
0.259129180839
1410.80826311
672.419654823
1895.17366465
0.471023759609
1404.59837035
0.741986786324
1.11271976517
686.522812577
342.099873226
620.300341432
1.52239605377
1.06340159187
1.08389437469
691.313682719
739.373597076
0.648291656274
1212.25896617
1088.960389
1.07473586405
1237.72393233
484.589453158
612.954756291
767.096773373
1004.83542357
2547.13491668
292.268095628
1147.09704053
1615.59284578
727.241200783
408.791003733
522.558424592
1.89286172505
1.56667161495
1.40841740488
1.46276223599
0.917621709041
1.49495968173
1.02850509826
0.414163010877
0.0
0.0
0.0
412.012007034
0.0
0.0
0.0
0.0
0.0
0.0
4425.98237846
712.893039157
426.145428772
820.955142979
870.873645805
0.0709712500926
332.74644954
0.0
0.0
303.953944491
1823.54402275
1311.37096579
962.621937386
885.06580068
0.510410693605
2037.39502725
679.67974977
298.78042593
0.871920303469
2979.13582197
793.015761918
2807.25259696
0.0954071188751
433.332933078
1036.27366684
0.895466089755
0.861656159274
0.870998410555
0.917249506774
650.485948529
953.526950632
1794.44827437
400.009651759
362.979946055
1199.13894659
1414.58164686
0.875857704562
331.967945583
857.257932101
1.13423844252
1755.8853594
1.02136932622
293.318925959
958.779915766
0.893804798452
446.793043728
611.527993194
482.361155033
511.487572698
1.01440038328
0.48347838175
0.0697172259805
0.937798643494
1.10707049734
1.17262509819
1.1793167741
1.26897250198
323.941334954
1.19401633916
1863.29853157
1238.85259755
883.633089512
689.896551379
1454.692826
0.214331771209
332.901010293
1029.00502985
3052.26062159
896.403262122
708.190694006
0.543354033948
0.577641534233
0.710469787518
1921.97157128
408.037213261
717.396341055
0.609197767787
932.140986994
1325.96328663
0.269647382229
654.407884523
1.34394889287
301.81267985
1.58669271041
1.4591617391
1.93489938792
323.082637397
1.41915794585
0.269861296056
0.257126343302
790.320608431
621.223427074
1.99091050048
3.05381185316
357.235447362
504.753947524
1.69670537802
370.100138356
536.002061051
1.18593162945
619.3565936
1.03485321909
1.16705577816
410.889456503
1.37437921748
0.700021351894
1.20662695512
0.076365852772
1.22510306374
1.76604173181
300.322233528
1.85458973773
1.77767375679
2.44333205452
814.474289308
5721.36097851
1094.34180607
1852.71749285
696.147043463
0.0
4004.83392412
0.0
0.0
443.887855154
0.460741384551
483.433335987
513.625554544
403.825923857
301.181317308
1474.40756603
1.14232985664
0.929373734645
0.834564652217
0.686696956006
345.245498973
380.777522558
0.860319358639
1.09488738094
1.35035564997
900.542271847
336.806271046
1.51125361537
1.36150930932
1.09153791752
1164.37820886
0.0905339694265
423.91969835
325.521009731
341.990505058
837.194152941
1078.79819572
2.07453568119
1804.36606564
378.982979957
0.415365330623
0.477473822004
1009.50006953
2.83817107503
849.005312526
2.51233808705
3.5082915859
453.455140738
893.705559987
893.540033003
3133.67314074
298.328263925
1.97942768929
294.731937386
2.16587328969
2.42815731004
2.32675304077
1240.87408836
1549.71554283
467.524410245
0.689115260594
645.222679664
813.114785655
1580.67333026
0.0
0.137499052662
2347.61341146
2135.62922737
693.586254382
0.510591061559
643.863143822
1513.64909347
2248.74700233
1428.51487802
1.39854494997
916.518359567
785.045496111
294.966639856
1559.88986424
432.136978146
0.716505619218
0.8020896939
660.052710359
1527.61222146
800.239604888
368.973951177
0.360768797581
0.291414369211
1123.80892215
3318.14922469
339.578603586
697.669716503
1691.70621112
2.16053076573
1.41184156766
305.573178883
1148.36873442
1384.85720538
313.085566741
687.70287675
298.0418012
0.0
818.140218843
0.0
344.172374751
680.776522592
0.0
1463.72670864
1389.58802098
0.0
413.358783724
326.969958026
1089.5900437
0.474442010286
359.288757168
309.043839655
0.0
336.571180354
697.800533882
0.157979404966
0.194708753183
372.253188727
0.35777017402
0.368766944566
466.607715697
0.540414056502
1038.98859534
0.837335165516
468.880094363
1003.19849448
0.961506048141
1339.28397193
0.684289488755
1724.30075391
3380.91274466
1.26019403776
1.78479983963
472.449035381
2061.62153589
766.375781357
704.767309039
1.68472966969
0.51357376545
2138.46622644
1173.11589547
664.315571518
7290.53555398
659.865076299
3214.32401655
4744.93157602
2248.35352507
0.324956488883
792.883902432
1089.47305453
974.368848046
303.342825663
1.17736785927
334.284751934
0.876673187109
3850.84356812
0.398957322929
0.227930119627
290.398073237
1418.48110661
0.535333259921
1750.45846216
1673.87364601
1013.76719919
324.29915833
429.80697511
340.380369557
739.429341001
841.87521207
330.087423249
0.0
4599.40549599
0.0
370.727188629
1908.77740772
2514.32750683
839.559389131
775.404966735
967.229389115
294.678534581
692.416230764
0.933896109331
1093.10009776
971.867852042
379.529476315
767.104455021
306.095281033
418.123888065
0.88885332278
2252.58427374
764.122715261
1.1684914496
339.797583941
1750.69809154
1.1227894967
340.859029121
0.0703526198362
611.115899342
388.300415328
311.961207214
352.009654367
1212.05106054
2.64575742596
1.32070966369
754.684863958
300.76559654
627.007111362
292.803624011
315.027924025
2.27375733105
303.600355946
1.94398347066
1.36591677026
0.165167320325
824.850202902
2255.5056682
1567.69160767
311.860181691
1.64600322475
1.38359919302
1.51227346952
750.098530803
1.30761431647
1.05921155563
1960.05074405
735.755109707
330.743562549
1243.76053903
1013.99200687
1.06328237617
0.877295140164
0.967679612985
1.47438302229
1.28559977646
641.134868118
1046.93290696
1009.10412283
318.993582966
0.711679013191
1.57974918072
1.12084193993
2678.11516708
318.452484625
318.039238963
1.96597549521
1525.47471598
1461.16113561
2.6004234647
4.4028691268
4.74183207951
310.005828111
2.40219583076
416.381943924
309.918209504
346.47679249
3.73732455238
2.73764292582
362.835347442
834.160704684
5.44491625174
880.161080288
1066.67456748
826.065783713
304.375773684
1.08779424009
1.19033316775
1.10226455636
0.778055825385
0.995637336455
343.011538835
936.045429134
347.02435394
0.964945189193
710.859929784
1137.3253905
1.98449238591
374.819367283
813.104078757
2.31309625017
818.718026058
430.883408409
0.849286134323
605.93633287
0.75327343877
1367.47153597
1.1591568196
668.275545672
781.746735123
1.0756585493
3015.00903935
1.64899272743
4079.41531017
3722.35268244
3592.08957706
1.78494816828
864.098605733
5344.14399393
4.59478703432
1685.46054112
689.005843805
16.4840353931
6.38327844524
5.19457306891
4.11631303506
4124.27435806
23.1940942864
592.022723924
33.3887081354
646.394666646
10.3727662802
29.0494427538
12.4051082228
719.849547613
3337.41134036
7.93826777349
863.324459581
7.85617893289
610.963256105
2374.34954608
5555.43506502
3107.43976477
14.0901661755
15.8001920773
58.5806879991
2589.97116105
155.392913955
1361.39668769
1442.13896982
199.140728484
57.3800372134
81.1986648895
2561.28006767
3374.75109908
9.40623163371
762.299868323
2755.95728705
27.0802069448
18.3465459848
15.7971434958
8.72289227961
11.9760723724
583.2190733
3301.62436953
8.5732782161
5.91770448165
6.40406954731
5.36993290788
8.64869025045
17.622371618
14.6586185415
102.764323771
157.575211547
35.6869326064
161.585661118
1751.02789865
58.4675779924
689.11209252
31.7360548791
3116.93987127
2359.24675316
879.923657199
12.9873314235
20.296037636
93.0265691725
33.1317328599
16.7733899696
65.4418354435
48.2735258211
561.116901446
899.197907234
106.601396845
693.026202477
644.699445548
848.138975038
870.18670674
583.836451688
772.223084128
51.9476522686
136.008920864
165.551863253
3071.68583395
743.05052026
2014.10173241
669.348994511
92.1786305639
90.9158744683
73.6743163583
617.209717391
85.1508518857
163.837215237
780.49050742
2071.15408919
973.825613965
21.9078663843
25.6629226756
21.6605400832
17.8699341824
745.473923205
37.1790142341
525.442312595
16.7476937959
1522.11166156
8.97761642117
603.657958448
3291.81070728
636.883699193
188.976843375
125.263650477
213.639243541
68.6177456811
84.4359909233
1348.46587975
1336.01805256
310.192416428
885.477783402
501.172647907
62.2092543783
2257.89128441
210.277188969
1402.05093359
2054.00240998
595.489336342
656.628713382
87.1616757405
721.92159939
2513.20672671
57.5967443191
1178.38355859
2601.12811756
1171.82170022
55.588479306
50.5194793227
631.324744181
2252.02853777
1090.48085841
100.087689786
7451.55527862
431.431735428
76.4946260135
1431.49369722
450.477812328
2590.30171591
3321.40453925
274.356881374
81.0574564853
77.8525090112
50.8838608457
569.547717825
27.3783413972
44.3443645787
72.7983282428
640.934514335
772.268130335
1759.7472337
1931.71408262
634.355791734
1434.66627354
737.725207103
63.4418371614
84.540847559
638.708933701
367.92710163
587.514741177
526.086442065
734.336507859
107.209701184
920.601545198
1204.39457291
327.967374587
1149.69780379
135.39543572
662.321752903
167.509195298
2066.58034142
635.296693353
90.5832213869
590.641190818
2845.94713482
959.4471411
85.6501469922
632.375397226
6421.15133677
2169.6050692
2351.79046314
599.352279766
2431.37549628
66.7873465966
83.1748426308
88.4703602637
692.08854616
121.818629923
162.781841992
1493.13434596
1542.43654013
798.468532168
1391.7207584
665.949970726
8209.26670433
156.467831207
504.370909443
132.41372863
1983.62124464
1944.70386289
1276.05145646
83.7470228073
1294.5944281
179.122177698
789.878346921
913.611316917
1426.49488481
774.048125277
69.6241071225
4125.58039543
1665.06035897
1268.40014338
1362.21311388
36.0045253562
1831.54090486
398.654841034
2951.49623858
3145.80204802
2608.65209167
2305.43438771
1742.27242212
684.857795659
1141.22425542
3038.39813631
3344.62597954
2266.03056012
2252.03948099
105.969120349
580.272082117
455.890813595
144.291451489
219.433927934
250.672292647
202.851484096
1388.75173269
2468.39455024
1948.54617725
101.025200251
737.933317707
533.17792044
2806.21949119
4503.4353506
596.119300764
246.0177853
160.273852868
2728.65605821
3037.27857523
2038.52573515
2586.0433118
1719.57947983
474.136491763
606.786833852
220.711979949
337.425002033
131.567950446
45.716693453
1310.28027577
76.0668615836
2127.16289616
968.325104029
1964.51472902
1131.67888602
3319.41234898
1879.85340356
4112.87357569
4978.21789807
2158.07142315
36.8268562597
13.3661490103
22.5437242839
65.5248640768
163.23128228
840.036044596
1641.98747899
1325.52975463
2740.45520082
873.134732951
1872.64505569
2030.65494635
247.580036373
267.57692771
2871.38588214
904.159666202
717.724996647
127.272221446
997.541880598
89.5117138066
165.194123037
645.003522835
702.153518928
725.70656616
6559.05317648
188.103212803
3044.70055613
75.1447420456
4321.6699075
1212.55751468
602.817596777
880.602156409
311.885903197
353.20043578
349.419688906
2119.27456343
2649.28550511
3216.72674599
285.210628268
4113.83376315
429.272819521
246.10769862
2085.5349885
4161.58804594
47.3533163869
1188.1962314
620.822543413
4182.02736817
4119.03450478
2256.82037953
152.234085103
284.067501729
2240.64002516
1634.65950725
252.693114519
3987.92295236
2401.96749231
2449.7150733
62.8935494699
92.4014308944
870.231317323
4721.13093208
1745.56775729
1142.86786888
466.032121415
1772.4508346
241.226148182
4207.66171229
2386.00880015
3110.4631575
715.78260559
4199.73020615
87.5612760364
3125.64939775
2143.91233871
3742.56771264
1444.99213894
1668.19608178
2080.13994538
3215.97243562
681.976083671
1754.02734745
858.438496632
1887.27233097
741.364068682
1470.90721717
1840.34200303
73.0951994436
2371.39111295
550.005180988
350.633586082
1541.20827165
208.710276165
2373.29940694
1815.08917426
697.834161037
1192.24706334
1552.54962744
275.848009854
4143.44433868
52.6827822042
717.340710805
2399.50052243
2129.37916557
189.835104553
769.008796768
155.776115549
739.061043153
143.807635067
1716.52853239
844.614350073
701.450428362
709.822596839
5074.80400638
5793.9606219
3845.55630667
6035.1108193
851.767703739
1192.9784832
384.610145089
6268.06391868
6383.82097301
1263.99840594
2191.86665587
2970.30232947
830.706020866
988.757373673
2217.33206426
1723.73300927
1493.89259795
2632.69147122
883.12541128
607.668049658
1203.02001388
229.788839298
755.236148788
273.194825241
1572.88737417
1437.70315009
559.653995724
109.735970637
2121.45534033
2438.28964224
1542.69652748
663.080836061
994.839362489
1566.40057822
1443.93505608
1586.27849767
3147.49047533
2415.33624861
3370.37334558
3211.0532447
4761.23049258
266.286785346
263.198976162
2394.23419904
484.7424369
110.824374271
3513.67440494
195.208803726
4045.4381726
4346.83410977
701.189437605
876.248624483
2660.02864799
1336.19179032
668.267175489
32.3207194533
768.611522303
225.398388292
911.152683166
842.40687543
158.857767475
861.197250376
2559.64179998
237.592786714
696.098285871
845.31942721
2412.5354169
427.906005149
812.101039639
1516.80880244
236.622894626
1085.87728516
1533.36411896
1641.3469164
1158.24526616
181.683696599
814.429231519
220.578371236
178.623806285
705.816562183
726.296260077
186.99089543
149.842310058
205.65230954
2153.28522424
1917.02305203
551.316393084
965.318962884
336.343616169
270.719570049
260.907685138
1234.76714268
1155.92120575
3334.76061563
2224.30025915
408.98810786
1060.64008651
744.798806813
341.91878165
473.412818359
101.978520244
80.0281595261
136.370110772
1672.62424725
352.484774992
3308.36488043
2298.91663801
1181.56700501
1728.00538308
194.759156752
143.997558025
1816.51764583
598.197012574
3350.31894144
2215.39074215
2039.29225589
1652.23323356
1361.48163606
855.71722474
1556.59929443
620.033011343
2657.15557096
874.246389301
487.50913238
476.608543159
681.287401628
2294.67568352
1820.08516726
2639.63791397
177.638136532
528.132439316
2539.20782962
2419.63454396
2459.84817756
2988.9264414
3596.93834218
2474.32495991
1186.34195412
1715.02868443
1952.4901999
299.898311201
1117.51246424
131.379717402
1502.32745418
1914.1478485
1789.3615726
3057.89063782
463.04755896
1621.54311717
861.05516979
4890.40280899
4637.89024706
3321.481062
3059.66793876
705.975242788
2342.90952261
3169.94180869
592.781581837
2197.9276302
1675.0841931
511.155820546
4074.5716019
200.074739013
2554.37063839
226.664751613
526.660497561
1336.36695618
532.626670345
111.645225428
120.694208969
142.471331271
817.483009554
868.964874554
764.181461256
508.441750927
4380.2588853
956.761413966
750.073805522
3498.115883
3608.32287926
4972.67351668
3873.16197254
5180.09769348
1837.06419565
1936.32788474
3104.32528025
2347.65572986
168.198952299
1081.74244592
4783.484638
863.706834544
564.25343806
2994.36016175
1303.44298845
233.210629899
804.928379773
3708.61125061
5293.88077848
1181.62578029
894.826316099
2577.96310679
1492.02572499
356.533984295
4904.22386471
1875.45645882
1817.75303043
4138.99352292
980.911338496
323.865911209
2821.95755859
1561.29728264
1200.07847494
1705.81059827
326.886044329
609.385903044
904.87130241
668.535860663
318.053313904
683.423468696
615.495127462
1004.02089241
323.762555358
1542.19225904
1044.878974
803.275127424
1755.30859142
1823.42720642
263.328456225
1638.12560174
723.701241688
675.756354817
742.663802224
1041.97727011
1027.90372496
849.775166961
437.003904114
4907.94541945
2166.83087096
866.136876718
1595.57556318
1318.73334025
1679.54325575
1774.27745279
2523.34383096
3360.24306063
1427.06947034
1771.28281788
1703.12235803
1778.97317084
1289.23381112
1782.04049127
1800.4976962
2009.53702153
2344.45250986
2388.73622675
1809.41344104
1906.86780979
1172.35304596
3958.08505609
3300.44083535
2240.75656377
2160.11089835
1922.81532095
675.742681812
886.876958717
473.548463203
419.724744636
771.731034059
1578.97076523
4190.11175337
608.911014492
2856.56053605
2973.67059231
1966.52470092
1276.63286613
275.406276385
845.508658287
5579.63475314
162.488319476
86.7612852572
83.4986142126
217.425061615
177.178309871
769.105438789
772.119698868
1661.34378784
386.007995662
3852.20400924
2608.7434776
1514.90446554
893.156073082
1182.58538666
1672.68841113
1504.93320202
768.392608466
1153.39946706
830.473845006
2134.90096559
4193.52894864
951.420178563
2472.27407064
632.512153078
312.222433284
214.612842728
330.344568513
2910.87495343
491.399498725
429.053610037
790.018267416
382.252577223
1012.95530747
1144.69838134
804.341809262
488.599966752
455.801297877
551.479689829
5307.62207123
7930.34788568
1554.58341125
4637.00236845
2074.82945736
2009.14319694
3872.34496994
3365.23762857
3312.90501855
1355.82826029
3132.76838079
276.772207077
107.646187706
875.945983475
2581.51729384
354.030700264
733.979753002
4592.44191277
1645.17647175
3953.85846057
2580.84995822
2649.18228435
2295.29397371
1400.1812628
1182.93564085
2939.5535465
1509.84050176
1975.9812659
2256.8164536
2689.08841148
1891.51706314
638.893511
1002.19356008
669.065615782
1054.15859727
1294.26912105
2373.29397371
257.158909571
1547.93336662
2066.65237208
599.987657078
919.152970147
2537.18172532
3457.75585365
1570.30464081
2574.08537369
2023.73527323
2676.07534089
2608.11862951
2975.00764657
3388.89034272
3306.87888136
1168.66495721
613.294741557
1752.47944079
551.528982411
1832.67228917
1154.02960505
987.431662754
1175.78235183
1060.64832886
569.989396685
1006.29245682
855.829263303
2485.72762241
686.830239672
688.153622222
642.680608409
662.414279067
589.5762517
1070.2711206
655.43706122
1476.57972762
1584.62776574
198.856514145
624.537011996
2334.41368336
848.305031724
1176.10151472
1766.40183341
208.551341982
519.452926353
1482.00708395
542.893407494
3832.86338431
2699.70514163
3355.32113132
1057.14846215
891.185532273
3087.30529443
1935.46760199
1772.99552146
1351.85958449
741.081815377
523.491414096
1808.04492243
2485.99860875
869.17522097
856.583684052
1325.6275313
660.309610294
5648.20210533
3685.73753967
2251.11771675
2751.97422634
3241.21547526
463.252638422
407.082116522
423.606488475
569.726942583
220.435987092
1913.98628818
1791.37945233
1580.42263463
1363.86682236
6201.59372304
1439.94344239
1704.04110113
4036.2617927
338.551237976
958.961153684
3235.72429552
1304.4847964
1571.69868121
1622.73056716
4169.19010541
1236.24127155
718.040746135
564.585941067
416.241963936
647.746857129
494.951919954
1883.62113716
1398.41881519
2429.63589062
1479.77491887
739.264942415
843.095458732
1616.20700761
974.736388306
1545.64485243
945.252992296
1191.53575037
1274.24306795
1682.78946634
513.083302209
1443.4282958
3204.07156556
1484.87128244
1280.09314239
699.508082959
1391.35043991
1780.24441984
1805.40586306
521.164850406
647.082688568
1996.42960486
685.593052175
1041.44680404
733.830085139
270.469472444
490.86938864
199.35505856
692.587299742
537.898232586
1544.93507403
1187.35012893
1603.93618263
6495.76294682
540.875724772
7363.28116517
2878.71068355
2113.53580343
4944.86260329
1749.91513016
1019.538815
1317.59030617
1716.98954317
2744.10427666
1059.53293048
2165.00494911
2412.45999309
2475.61554603
3479.40235263
2679.11118195
829.923459007
1950.84584958
326.179723554
269.763510338
963.138701184
687.563795414
1534.41613736
776.74331564
4308.51471021
543.348983114
4714.41406357
691.618679796
880.291792722
835.542372357
1054.1551425
6885.95223876
714.394763771
6219.67315955
850.24392554
574.507449675
1440.19247091
270.784276683
534.494329468
3196.15019084
1003.0051423
379.621437594
2288.85535629
461.114290234
912.726875133
423.227770904
195.690543496
159.599605647
365.045598981
493.974756805
587.061834319
1825.06971132
1424.3383671
804.937897614
2051.27925499
3044.25200763
952.906799082
7233.0339964
7981.3374093
1828.46818384
797.568847337
567.515313928
2131.45670416
1494.5874352
1037.61573169
194.421437667
803.122565451
506.484216306
449.290451593
1497.60977501
3190.10218584
745.127342427
1805.44956422
865.25541358
248.489975384
259.100783678
200.079746379
468.623517723
120.380278791
549.386972174
817.621401462
743.733429579
436.108982712
517.818933853
1042.81037816
608.065734198
3700.2489063
897.461665151
1225.8392985
1666.29767303
1922.74739632
1005.66127412
1040.05810914
611.23299761
685.768334016
1358.65162343
1986.5022973
2591.47227239
2370.86815458
2148.41482168
1557.45698671
1035.00177331
364.552983728
241.232430543
408.706792858
620.537693977
290.271405837
359.3413135
1338.07230907
526.59462417
624.292289029
2009.99870208
1981.40772197
2778.45070202
988.168562356
6285.07958016
4607.78802901
2346.34286784
1462.68440755
517.435207261
1168.61236774
1184.85596817
1518.03643691
1227.89479214
785.20879172
2611.4389255
1231.43838031
1607.2259855
574.091243388
385.872804406
552.479103959
538.817001549
600.285426473
208.853831102
249.765150657
394.673367891
2527.44571597
1399.39136377
3339.04590073
566.213503902
914.590217672
916.424183028
1136.70056353
2343.8893548
7607.08028569
819.085634179
7391.15802012
2364.83833167
877.440696175
715.323077969
218.924974688
1448.8526705
1292.48116448
1028.33211306
2574.7641006
1894.92488273
1750.05228744
1119.5373762
1269.55307422
1171.67856463
383.673541526
897.967783236
613.858758384
986.912591997
1606.53213879
2214.954716
1513.62176366
4345.18731714
2551.75330297
727.315165604
2687.52161769
3306.1944043
1957.54543455
2109.2360421
857.068575496
1361.32815534
1015.36406639
270.88337508
1527.60957041
1020.91381589
922.029181506
914.496657538
787.703150046
469.973179621
613.763651294
422.94099643
2222.2718758
3081.49487421
3391.46589452
2952.4890306
1502.00836433
1410.85042852
3122.97349711
2597.44532775
1531.47357352
3940.09785503
531.89197353
1483.06515111
9023.61892815
823.557604779
2096.95932303
1732.96620832
1432.52613923
5880.34181161
482.096052227
640.320001005
798.184230167
1093.54506433
695.830924318
1266.76744846
1946.26748733
867.341287312
1430.80485024
858.803859277
1191.21518985
1630.13004445
1307.05739348
826.29225327
1545.0657375
1112.75878678
1362.39590072
539.93746357
682.491822464
3517.27521794
568.45014957
1582.27904456
6367.15106795
3610.13197376
2739.65404751
1438.11943024
1720.27634481
696.800478527
661.549293708
829.112025685
360.878496716
1530.59604994
2207.31889733
372.305942245
3173.17086386
1721.1157744
1049.79634577
1157.085677
1148.61495925
1136.7779368
1221.86672492
648.178477533
432.269683707
1567.96481324
1372.62308733
780.394649041
4339.90064345
1905.75122096
981.981905679
3165.98468053
1249.71002296
1222.35856049
3911.85425011
8066.05192167
930.420512099
3250.8654529
648.689073153
787.752679514
285.535332578
440.553502939
654.197578067
1357.89482806
360.217798522
650.33939548
3340.34095313
1114.33418779
1401.60473411
1105.49149182
1388.54028325
283.6771897
598.655504344
183.258253039
960.845354947
1906.51379196
1098.80833054
5129.91521734
1035.68252646
7386.60649157
1324.38845723
5679.97381823
1028.34800505
2048.08861734
1408.16981498
1534.19097366
1131.37329479
938.057284906
1991.98764801
279.601967877
2075.56432627
312.915754683
2561.1481495
772.174476731
848.406900233
1442.84463233
983.014883492
456.393167976
750.118293182
656.574889687
503.514022091
226.440588636
853.576438894
629.845986943
652.291814182
1580.63886583
983.953454738
649.421438494
732.879561487
1718.36892818
6771.29707788
1015.38589962
978.756009445
1675.87282458
2967.17919974
1596.28571537
1792.93685388
1560.61511179
2789.87579916
3539.58492128
1774.04093269
683.462441111
1899.79787329
959.672998257
1289.93907407
2137.58138407
2327.95364076
1713.23479362
1312.00363878
1514.22981708
1521.31092282
1164.6378066
3025.67600639
1740.87888673
1996.14989971
1639.30938502
1102.59258162
1185.83778918
10198.3790345
1666.35526192
9774.15110996
1596.2360837
1468.99894481
1467.15004995
3228.69738905
279.655261365
869.232477929
502.01187293
2015.61258816
2032.11221459
578.078067255
727.525265811
1843.56854108
1341.44583351
1983.74932041
597.952082521
508.675054945
554.615336229
558.738065283
1054.8259765
1135.98351457
6435.11166192
1062.26425468
866.555395775
9083.52798637
10083.9269304
3156.45641431
2566.78275689
1367.34469716
1324.08306061
759.212569485
1343.8239757
231.029847132
187.727423633
188.524944362
376.545631146
1378.07603811
1189.80238227
2064.13172598
1502.64708501
861.968543718
1259.5976655
1413.38620604
2328.78332345
1078.8821037
1751.0779432
858.069579972
732.783668019
711.297514436
1350.63664878
1402.4139874
2319.57021607
7624.61329553
2013.56338192
1228.18857423
1544.21121579
3868.21484208
8429.70171799
2017.09033518
1925.2593015
1725.62124224
3466.67719874
456.333198103
1031.5040479
0.0
0.0
0.0
0.0
0.0
0.0
0.0
2608.27625361
3352.35326307
3095.54314527
1609.55986406
1004.63023665
0.0961800003929
878.72027274
445.035315105
381.531120867
0.195198770479
743.190959115
925.939883397
437.837040087
372.020001197
878.847608534
559.981198653
1433.12871355
0.770299629688
0.703506808863
1746.81675015
1945.57063858
1509.66673342
1940.97007591
2.74635417933
490.746953101
1131.51377482
972.910571925
891.965817758
906.492761982
1046.20517689
780.829504584
373.542970137
638.680298394
763.223899727
1019.93442481
1123.41934363
988.124515652
804.397959335
209.450733789
222.814842116
927.087429414
1237.75866504
1148.75654384
1076.64179678
261.809432645
8.7427591081
7.06130231281
8.42811445515
643.882022193
2123.59199408
2053.91000618
1214.49849859
1663.75239401
2.00024625918
979.499217733
989.473745908
0.446296090617
283.442169488
2459.36917608
1.41715655653
630.814241806
2.24055949131
1200.05805971
291.297986185
2152.37063324
2.0593196057
2.18951196406
221.278613828
1.64928447837
819.177830826
495.067100634
1.48779246187
0.0572256376101
0.367437758018
0.502812488686
0.718261125288
0.592705829742
0.346852914235
1535.82208503
254.149218503
1001.60881055
846.659337291
1358.10986779
299.305218296
230.586463754
385.633395093
705.425144539
786.047256
948.036148727
641.638564058
675.776808883
403.999705078
709.351086961
264.992256374
3.05493942464
2.50177931779
2.51227382714
1941.89233407
740.560387217
947.277413891
1238.01049771
581.315400152
672.375610149
416.258884037
3.4795298605
1254.60398636
773.403415479
510.059202449
2.89250157817
2.36854265309
324.27309465
1039.70675074
231.048333648
0.499674447358
0.605047673051
2.00879103107
550.85165859
468.502918141
0.513062016275
1217.23538385
375.855029402
892.02545223
463.306500299
1.48293173318
961.642987119
868.363382195
573.848198474
1384.88261303
1205.68717385
902.75858274
2.62475799215
600.275867911
2.83557884268
1162.76938423
460.711465262
1.96078130629
213.650958299
1.48347336535
1.6370689879
1.52562265482
1.29389114677
1.00173039806
0.776334168698
2.4788637219
2.24690996916
1153.75853486
1141.26864765
1183.96976472
1097.0585479
868.960175363
890.781264309
1121.84220658
879.314092128
3.41535377693
1089.66094129
241.049759138
227.987894505
4.44645153966
714.998690358
2.77686013817
497.329036575
2890.37266676
2691.16682475
1380.53658255
1514.89054248
1694.6940681
0.979086443759
1597.29693763
1511.98587404
676.06774765
0.534711982685
1957.23428624
406.830019945
1459.73814793
1720.23100002
950.172349326
1.62733718685
564.415042944
316.769578338
348.698072404
258.981445144
1.13549959951
348.92903741
1.5219613256
403.453811979
326.402740408
3.4334190869
1309.88085542
245.32267078
1051.99761721
613.324015192
1234.89489287
1394.62497496
618.791779208
1090.31638439
2581.04355057
1169.21026594
943.550463033
766.178382104
5.47951554461
6.01152700765
6.10733096619
2049.75280025
1255.94390102
5.5629977556
1055.36795086
612.094249898
692.726206787
416.968281536
2.24723136302
1.59044321161
242.195788801
4.8702618644
220.290425965
7.24432086821
5.39438774403
5.83263000966
1485.53106957
623.166106454
6.59749173186
1007.43319162
3.94758367181
301.570781959
2099.24122845
233.674123964
316.362145104
1.9891058914
1.97470313712
613.170511815
0.760382590002
438.536947585
992.738457262
505.310274346
250.882517027
395.873411161
941.828249791
245.783849139
273.590064017
464.039971175
452.76129348
390.178985412
354.740830978
3.18941469832
3.84050587892
257.263046391
239.315021843
922.768068854
742.419391682
211.220143445
254.986040676
678.015101563
341.435414127
377.4534173
2.99764173026
2.49004108493
300.842541781
889.5225712
352.994337548
3.39764889307
394.035807776
385.041353067
2.7853981045
2.64621563833
2.15285659685
2.05519735476
414.390954445
710.293695277
865.701360835
212.718669394
214.307026822
335.429638215
3.8327824735
207.844745374
2614.78189471
2006.8539631
408.228596996
2.16957447395
2.26435867896
1036.57145067
922.965970482
1.80649291759
0.848009423431
0.640468616128
554.525827329
1.45277612021
1108.51860644
1093.44646275
2727.2937919
2765.79646816
1022.1993714
0.707278554475
0.669120820827
0.609533956069
0.539086907424
888.116880498
928.976567557
403.353971073
406.401934647
273.040518118
0.565870857587
0.867834665629
229.610964789
1851.55973412
615.314014925
999.166179654
1158.40270237
1308.56330375
785.79381176
991.345067613
1381.64847938
550.078614936
3519.72189043
719.063443226
484.60792949
2196.0735487
328.29924603
3.16112364482
237.138155375
3383.09219896
1796.62627637
3.57142673012
3.17921522903
1864.64681528
1.37731408963
3955.77515749
5.48592472194
5.38178850359
6.22723273213
6.56625868775
4.32696030702
389.947559423
1.27769833843
1.88529785488
393.01846714
485.66562303
2.47745630861
2.55717039723
1.60417132197
1.0357901825
526.743938334
2.29953405594
0.293692758152
0.529117012233
728.713090434
967.369775908
825.762667936
2060.30934937
296.786722185
234.753353167
2763.28553549
393.135864238
1387.67988065
498.261992515
1961.15838121
233.543347986
2.55402222541
941.35733662
255.560790064
1266.68716609
2.98518487403
843.112777876
1046.53202842
1267.0153779
1508.70844448
1.32535247231
953.054163349
208.215758071
1016.52928414
5.02353317473
219.892014254
1398.41976834
519.732671265
225.834038612
215.433010626
943.55213308
2571.58920817
1824.03859859
1661.8234435
1747.90929578
2275.12418168
2442.67861945
1640.97529819
3.42553418237
2110.34279588
1064.45281466
3.94159656307
345.110633966
225.322173494
702.411101016
266.541201944
221.697416599
452.034138275
406.325719826
694.720451457
709.458658585
736.459759143
423.775293198
679.878959098
431.608348764
286.081771157
2094.52997063
2.93532745646
2915.77117654
1872.83821777
294.406488941
3091.1692343
476.299121991
417.489792226
1171.11647076
902.559967337
214.080477266
3.892558947
5.01685549493
3410.22077031
3193.37166702
369.701553283
1376.38721977
865.874372427
1307.86081546
871.27239293
255.407177749
669.596696571
1.72585395438
1092.0061041
1240.26368596
1901.67039767
1505.0509475
505.76057564
909.228568967
666.856232755
1075.1777887
3246.63715903
781.891861962
1.57314575347
1.80005101452
1.53574167492
1.04022433902
1.12562293379
273.369522143
725.782650893
775.179385132
783.83691895
735.156800983
691.975041658
220.444556794
299.735089318
819.048020196
723.351919889
1.53500976438
1101.52403706
1.94263998736
0.920765264516
1.09540255333
1.28945929217
1.59876047005
981.415994246
572.930788173
1803.15618903
3471.36843724
1.79580395881
1441.12000499
1092.78955747
1081.16819576
1.14963008427
1967.76257628
430.317696029
1.47105357518
0.85977289119
423.285987584
378.011871628
582.473455077
2.05206995538
444.641123927
2793.80146385
3280.13649432
2839.70814594
1824.13782084
2329.80148651
1968.31669348
1083.1468215
1214.54533586
952.096886454
479.410369976
1084.08622262
611.871621132
719.994402007
256.988416395
242.883245203
1156.06056225
0.0935115130831
0.0699744309345
4596.09757948
6557.21847034
906.123079318
694.832543547
1.7441781041
7928.92609845
0.158215895429
0.226779970437
0.164907232625
963.533944209
0.269306012076
0.239515596647
1.03906297374
0.808653237199
2513.82055437
1824.09466577
0.164731811047
0.228841532788
222.976254689
559.305473809
887.2594524
0.239053010505
812.466980228
0.575816494222
0.383711543025
535.998776114
0.0
918.549668928
533.973152349
1890.66447606
299.665623955
676.491607011
811.815959858
0.465523188124
351.984751449
1127.44646332
0.729826219314
480.01414963
917.19627432
1187.1624327
1.5879146883
1.34340857122
4938.45282773
214.061120336
0.162702115279
0.251565959851
1.25429306414
1.70047099588
211.506204001
0.0406228967761
4354.50463148
3543.78541497
210.559393854
0.671586993616
0.477171278367
0.198326523013
2076.66042292
1.31821217324
1.72323494299
2.09894038138
1.68242344514
267.388856151
0.919126003038
276.535749268
253.982558065
1.83798870466
2.17332679375
715.57657217
2.6108315629
1436.78789834
718.533154828
305.71151349
689.171471165
815.754187885
1.53105460464
0.208369029476
1690.8242125
0.981441180281
1.41983880964
245.777823135
525.647423915
2288.89811304
0.406566590285
217.568500729
1581.8491712
239.705719013
0.231205840105
0.247469906469
218.534412652
250.456471874
0.673280250079
307.585343299
1030.21025207
649.173705624
991.809847166
234.993239389
2082.72235401
1423.61532148
1379.98023174
1182.72740208
1271.23592702
779.921160555
994.657307733
1234.45602115
1099.30158595
247.262792327
1538.31545199
1.13437342134
0.792795166187
0.407267717734
0.244413776637
0.0
0.16669559824
1381.77544942
724.30298517
240.403980309
1.20497863573
504.881987644
254.945806783
0.395906531864
220.428206137
914.735302803
679.749681083
705.110537023
0.787399884959
0.684981278348
0.483827353575
2158.94452845
0.0678065908584
0.0
0.279196888212
0.595364932428
0.731233938567
0.903814427626
656.430816659
278.925794386
0.510119511989
500.020766098
259.185816477
1275.21244723
1036.04677104
1227.01266534
0.0351084884372
0.0635264016564
597.453466562
238.711474731
293.440192614
0.244466995489
294.679073591
333.674798774
1352.6743636
277.770562363
4227.44813153
538.00261517
646.531122554
0.648301702648
0.23278441346
815.582185909
1.07262353694
229.945897757
1.55520754849
1.64484524511
1.92537916481
574.404182167
1.44690325563
2.65123075508
0.816815163661
1.02619217005
0.444152787807
226.529666144
0.0673490275295
0.377863894015
0.377798576896
1025.44535505
267.120368191
0.920233446186
1705.94824067
1.76652204186
2.75808591173
1068.90386528
1462.42923277
1.75159676416
1.12377555745
1.03573007411
0.411511591769
0.145196955612
0.904887547668
669.225231553
443.148551243
0.335663165902
0.231149429185
0.450548480503
0.579555248451
4317.67235243
856.2337605
1387.46653788
533.72718035
0.0
3564.14093957
0.0
0.0
236.066714029
0.115262207342
0.123544757384
0.154853867405
435.235221178
759.329257356
0.257139096999
0.614931328673
2609.39440016
275.679348487
0.0641186667762
1785.96573392
0.0
0.263541241111
0.652947948902
0.834250440226
0.891572407648
0.864927487176
1.04394473474
1.29676410443
1.0142283951
1145.49294259
0.0931070904812
457.395833209
4774.83432505
0.451411058259
1201.10648976
763.958982544
1.68770493316
7964.4402128
0.230846736499
0.0
0.20800183297
947.044348053
0.51476196089
0.497511679973
1.28906126174
0.981480438322
2461.60249244
1769.29630666
0.0
0.0789751084043
0.792825983052
0.465625117754
799.170276089
0.526167166044
0.641765178524
917.479198027
0.507090381856
1217.85409577
0.234911672434
882.273293522
0.0
2991.06433671
0.0
0.0
0.075855451353
0.19929325706
0.207094584982
0.194057112143
0.221560377343
1159.82445401
0.439567963615
218.299251074
0.68934658077
0.387074728205
0.381843228581
1969.19327638
0.350068753352
0.525157531367
0.912855828802
0.926510953681
687.28063822
1.01123232302
0.996647289683
1.22139883806
217.011126098
0.783873534411
0.690875997562
0.0382912423237
4165.51157406
6389.63531161
1168.94270166
789.03502547
0.40747977667
0.249040664558
0.182588868408
0.213486819723
0.197613397965
945.059991291
0.929748352738
1.17344304024
1.21411701753
0.991155028572
0.646792292235
1937.67022522
0.0
0.163474121817
0.639042781354
1245.78578365
703.480558527
1.20937134585
1.39993715391
791.823755241
305.097264363
2554.42839663
0.791912545198
962.743657345
220.572472479
1983.78277153
0.0
0.0
514.160596343
488.55147296
313.524375825
0.139578982248
0.167166995155
716.930411131
445.105113714
691.995623214
205.778128348
769.848420763
0.14798154603
2111.48029983
0.0
0.260020308267
0.495906325981
1003.08122508
461.408614073
0.676283349527
0.745811274714
491.352640828
208.474408385
0.679558268719
216.558561731
0.0
3543.81520441
5704.01460312
932.075573175
1249.39889996
0.639422571148
0.566290868425
7560.60031927
0.232066387811
214.219008201
926.45499703
664.654979871
723.629164697
0.607846403305
838.136267856
0.330984355479
2109.50732229
0.0
0.0
0.296377125179
0.817480257584
0.933940365095
0.958928185354
1.11471482356
239.637250164
564.135851689
234.104158503
242.073536427
1261.69195192
460.111606653
1508.20315731
4223.56838344
0.0
469.366937548
467.832088669
286.664476257
256.418311836
0.164128502424
696.469785897
509.056876742
746.046352479
229.094491656
2325.55058842
0.364920931537
0.597788139782
0.384458729921
0.217105202951
0.68794927146
715.410394192
443.226343572
1.31991218477
1.40664663878
1.7293739146
1.45147031104
1.38662929722
0.176052034113
0.218203596125
2938.13472367
5284.90416983
651.403162087
1463.57238544
0.719976448455
2.38636386192
7710.12672738
0.378739820238
0.0
251.582231942
933.695223734
754.78803354
0.489053449031
0.386900334412
0.374509089268
0.854159558123
0.307267334505
0.152980346276
0.671480670387
1.09764059697
221.676850821
1.28384212738
1.2128968383
729.871350208
587.617741997
2.27409811242
1.78442534221
1734.33163018
1.63108939263
252.371416731
1126.70325503
3.11003715115
2.2220302198
2.0693710654
215.929336989
915.098989047
426.080630457
942.864716861
0.143128782088
458.180152578
0.0
0.0
0.0
0.0
0.0
0.0
0.0
0.0
0.0
0.0
0.0
0.0
0.0
0.0
0.0
0.0
0.0
0.0
0.0
0.0
0.0
0.0
0.0
0.0
0.0
0.0
0.0
0.0
0.0
0.0
0.0
0.0
0.0
0.0
0.0
0.0
0.0
0.0
0.0
0.0
0.0
0.0
0.0
0.0
0.0
