0.42593357813
200.513636564
0.163338979248
213.059739911
0.0830169787252
0.381076359279
278.382179091
261.437956046
261.517356011
274.114094494
267.689205511
241.923150826
133.026748892
103.690789806
0.139814285085
251.249593545
277.45744766
250.510749012
478.93851757
61.8033788712
380.567152057
503.266431724
57.6470583172
1881.80461094
73.3315009645
0.248576298417
250.984751348
79.8360110059
0.232063026319
70.7805720434
59.2230440602
0.296687712373
63.5276957664
103.853731819
89.8430597947
81.7429877111
102.894677395
65.5128913393
207.050341582
267.386296155
225.416072319
205.611188175
0.457333930229
204.849582404
0.412644775941
92.7772336292
98.6046039048
76.8643090627
62.6925531971
712.599727449
335.815807374
312.34168144
254.799749306
71.9876907649
185.935814276
1119.9215441
1152.26960079
1164.18037788
282.673620461
301.663390786
327.168865147
182.446646212
318.370674872
310.01779652
1306.6412093
264.567641625
0.109133942749
55.8655860064
3726.73664651
0.0
0.0244672444201
222.726948504
221.414992663
144.863460612
119.962078278
87.2057595085
0.658129724387
0.61534665509
166.255577203
164.395362284
154.003897827
138.984952566
122.79027757
113.030215584
90.6462867959
85.1010623089
66.7430642876
240.294607638
407.496308211
339.433359928
120.558369402
91.7834072098
0.140778306187
88.9625165876
84.4475784434
0.157098359755
171.171155833
91.897680939
0.13587858604
2268.33068572
0.073261238378
251.930935336
246.930498249
221.855517316
185.908157312
390.236864603
140.588890632
163.98890555
61.48546246
0.0789043641905
460.527315828
502.80716498
477.194471176
473.036188213
461.763566075
373.777133842
0.706227391826
88.4350509864
218.949701258
167.331234211
0.416168005005
80.5338213212
202.031224915
120.400855934
152.696454942
0.173738551029
70.6759845318
0.200846896635
608.944414359
570.580334402
552.776625444
469.552850875
582.317010808
464.088948369
237.451833933
0.410570769329
0.379450384018
62.6446930439
0.0281961941842
207.797975965
0.185132510216
0.763269047573
304.763163985
312.781799491
316.246843517
307.738194556
261.75908829
216.30555937
118.044383834
94.511540253
69.4237497394
230.567846694
258.644554045
0.604650766232
451.430371353
0.33764760376
299.188376266
412.37070596
76.7487216223
0.478510792494
68.9880242492
0.250449525396
160.144330607
183.800531199
0.229949860457
0.308526826564
156.892246828
0.353773244015
62.0603787691
101.792537103
88.0206248221
80.7889677926
101.788750514
58.0050283147
204.899415917
277.749430139
149.013600902
170.689787744
0.183023668806
203.489302769
0.251525351813
88.5377662475
96.8118365249
74.6204252296
61.7340817244
672.676447113
329.532496649
313.547501543
270.201790289
220.097224202
185.722547072
1006.79667017
1162.53973346
1352.83359598
261.560374479
286.513959707
286.860774414
160.539311745
729.252677271
298.230886604
1211.68256497
324.778798412
65.7779728957
0.0435190058071
3577.87266773
309.715080524
0.0529516656442
201.110014803
139.962723638
120.027906801
98.5684499138
0.370756331149
0.335690824207
0.308442679916
152.006818616
147.132872944
133.51001304
121.848176096
0.290124493203
96.8205999232
80.7140767523
82.8859036939
84.97234622
223.855634029
381.019368691
309.498711132
111.885773574
88.8059880514
0.244308928913
94.265268408
97.405398501
0.177747755968
180.985131009
88.6375784401
0.238543942647
0.215882869248
2810.01210262
235.185608395
234.663307869
220.129102756
188.471819351
338.172640281
219.434721862
204.366695003
0.415349555259
878.483136645
448.996035076
481.579725734
477.085728216
480.044964233
478.963069905
370.775488771
0.773257600666
99.5576795172
219.094779677
183.040630766
0.271762146036
71.0124791078
180.334180146
111.493314627
149.937221069
0.266411221445
63.9353567551
727.98658532
702.535283339
676.691440839
616.191615565
501.83496591
581.939101338
391.814940585
55.4689361534
507.840193747
4061.64110606
5237.70112514
5043.15709024
5832.85642261
3495.82759776
3012.13571771
1931.73077158
354.874793389
286.955935208
493.426346
520.429498393
312.573739383
1057.12290451
521.102288303
1008.7159028
754.022812035
555.133211424
132.218109513
311.98049485
0.455080421869
232.778835903
383.495066214
56.2443924919
269.699078919
74.8745817467
85.4685248043
179.467084559
58.3825042949
0.633200356242
0.790835124631
57.8507535933
0.894776556771
0.845503534934
0.802397339806
92.3995494805
78.9316294484
90.2525506317
560.050931432
171.223869403
223.05950741
80.6372710895
103.803287771
0.534426125673
162.534434042
0.47363489134
80.6304226999
57.3203251919
61.3959146026
0.338494273153
519.66851777
342.142014721
322.218823054
306.956447492
247.036474847
164.788542716
979.834064547
932.880145395
975.741281861
233.400180178
260.380769499
255.255651095
144.417315088
830.024195198
221.540055573
1159.22526786
333.674851793
0.622155170429
622.166786145
354.763744242
58.1673625387
0.955365649191
1.23727422483
2954.40532743
1.11067530802
1.25569215826
4075.93472598
2448.57018782
1585.72465515
458.486073404
139.030966123
469.941820572
1242.757335
1198.62275728
1307.029962
0.371496774537
203.241334644
1299.86523363
0.651402652879
181.76553657
294.599329998
0.421091874673
0.234964235322
326.723582447
0.174374127186
1888.83872121
3846.15543214
4677.9084333
4427.36281745
3879.94940037
5267.63383379
59.9292987723
610.192495717
671.056447446
418.317373564
570.422769411
424.626399366
465.741592956
482.920079979
414.782608571
264.109793807
937.010664543
2040.22238625
3125.97386466
4046.78348147
3918.22094453
2928.57420324
2974.78285552
3901.52272875
1877.58615035
285.356389809
341.343351364
475.866531931
292.538047946
3575.07369612
58.8992440969
108.290510819
0.622043734278
1890.44213456
1355.61861741
1036.81982251
1473.65420503
1287.44990682
841.218921209
0.426495641016
675.714926959
0.293365332214
113.192345354
1951.69563439
3274.12474186
2282.68707386
2405.56545031
1785.22677638
280.300421718
430.623120934
429.265306904
414.138444198
477.663960971
373.943372916
456.011716128
524.769995292
1215.11608443
1468.38592596
1154.39009428
1509.93233047
308.553395286
325.389259634
542.122741439
535.711413692
60.6311576798
355.938248592
359.757921012
442.844205437
112.856406836
69.0713415322
222.189281684
66.5363281775
54.3577969699
54.1787277542
0.65303999491
0.466459275816
0.519527216255
0.244454727726
96.7189571827
54.072181664
162.218587034
208.730004994
88.410958734
101.466429073
0.349070920157
110.849007014
0.265771715974
65.0836015365
63.5431367412
66.8570988986
0.30307439859
501.228037827
310.098236174
341.51045711
315.153289361
232.375386497
179.849894183
917.864529027
1002.81173658
962.518465135
299.720662377
315.862622065
298.514982697
161.833886543
528.602296577
229.591297832
915.127146952
236.690534082
0.00545429780865
64.2329993603
4822.74117455
0.0129514911392
74.878348345
0.115536584118
91.3410119709
81.8357268237
0.634477598434
0.288349647605
1511.3343968
2415.16321527
3252.28718135
2599.22922434
341.50697101
284.119744386
131.407377362
383.826679119
253.782961033
93.609125093
332.906691271
499.065305908
403.654645681
70.6796743462
87.5327963336
63.7621354759
166.386554419
941.104700686
2906.90886384
2408.42153082
2227.53147352
1724.67385723
3050.733112
2671.13567531
2397.29392978
643.1474065
612.832678136
0.39251367493
0.26636385131
177.402525474
161.229637068
0.553256707788
262.718993105
928.050338957
61.4093100646
259.81075289
500.862059596
844.408211032
974.278598815
0.474586278444
0.821360617669
2543.87798084
69.5886998614
762.12211227
946.457562679
1935.99703068
1820.35356922
1019.08153617
66.5050305032
0.210981609457
70.9971887985
1095.72282379
112.971815034
0.312131269267
80.1596275885
1799.04448227
447.210868792
445.890599816
55.2056598994
3345.47637834
2575.13991029
2462.11188588
2303.94422925
540.627449643
289.455863411
229.845818322
100.291613929
1.44105764013
273.483562096
74.3835859254
80.3406130697
216.087709166
55.6573368196
65.568025865
0.44932788167
86.4320739102
269.20090961
125.63516411
198.279193667
107.361593549
375.53520083
137.371685954
2.0481017783
55.7449966792
102.562410085
1.46310431267
758.473537502
301.84639289
1.37299987107
1.37424456992
71.5668136155
1.02455803153
59.5889863015
105.850807743
0.902285854981
64.2487046478
0.865441255964
582.389714762
162.659419956
215.279747744
0.703782385931
198.368060843
79.0317800217
0.591789522532
0.408974819897
60.8083888084
65.2998989541
64.6097383821
56.415588934
557.416444174
386.762519593
368.137540815
303.16735647
222.831887794
179.590318471
862.459892777
918.753940815
1043.43117818
289.790416648
313.625310264
302.944801497
167.993762721
288.4902307
248.89928094
1061.37358097
153.096972611
0.0941569377257
0.0
2402.39836146
55.6259707256
242.326781988
0.0382762726211
2051.39863227
2165.17136665
2846.73878133
1692.38768695
2374.05062952
1922.03243328
907.619410009
96.3437947021
279.92908337
79.9596415933
81.3515775929
205.183376511
79.0208076799
96.443960818
182.216806824
0.573499146591
508.891987214
765.734675996
78.0803669595
80.4357661768
0.466743455156
1695.12586036
667.96519869
474.726306674
94.7181475805
101.658860315
1.47841770849
57.6471833294
0.941063742262
0.717914772719
96.9238966539
116.702721176
275.725501241
2650.19435571
1915.04476134
0.478693875347
0.520381183668
792.514545552
190.932396145
739.305174832
578.371035778
541.78810769
361.661067122
324.220521714
1.4431490983
88.5410717261
221.534635951
288.439997054
0.968391717105
1.17862725251
460.897440703
384.924487575
124.971807169
0.358327742343
1115.96906387
895.687118408
323.385876926
404.487078888
409.674209529
329.887379144
417.254670519
309.377616237
160.216775813
120.250449716
2116.05809556
0.160075194216
53.8501251967
1201.74230199
799.870494062
535.197054715
295.83008447
0.318647367021
194.602931324
0.922815143598
94.4449032008
0.730283626329
0.557948391268
150.559199295
252.852710275
208.640014
0.957361826301
202.22141876
397.011861395
392.464917299
283.633866888
468.349135029
2185.44902727
1684.39102927
0.596819940885
97.0778345244
137.406236787
66.386287942
0.481507619528
78.0639499035
192.653046246
0.534134310629
56.8752557339
88.0134966028
71.7934689317
63.8421684844
0.357307964321
565.105773332
167.417026984
211.954192868
151.156686866
118.356444104
0.598710774749
179.9734014
0.482634445449
72.7122132116
77.0199837722
79.2178733156
66.1082143526
583.883256005
366.472640307
316.617707979
246.064072705
74.7901597479
89.6081610669
159.341614031
0.205929061385
0.28226030215
214.044964942
217.249564106
223.754292777
65.4920184006
293.753837728
257.583530524
177.129163613
0.407732726849
129.455546218
125.883596773
343.782802331
483.726269693
665.055277329
330.731390802
125.35560193
106.289882768
171.929976927
184.997755833
86.5431652016
0.322454928091
1065.29482916
0.437129265602
418.040657672
74.9158702048
372.25223554
551.594205771
531.166204034
0.428720103047
93.9348627368
134.704862406
66.2179141688
352.535735933
0.854766273411
0.821298506433
458.629959103
650.463438562
255.314688072
79.8747847613
0.316796839585
105.626299826
152.503533538
61.8514424673
69.0135447974
183.791784123
0.570253655624
0.277214456658
153.294139519
325.427000809
139.924621641
161.408467147
0.101434194284
1084.94927065
468.222657739
530.702970127
499.662164824
462.725974244
415.423809292
293.854300979
0.695412749552
0.56894148616
122.419531913
101.523740479
0.291460660237
70.4626463368
200.541457991
131.478754955
0.202158168412
0.240029206099
59.6111077503
612.677593077
546.900758686
493.781287943
428.557073202
352.137306729
429.998053851
308.066135896
144.978599429
1633.38480226
3048.91828319
2098.89920008
4028.46929449
2198.29537461
970.033874009
317.022072094
117.00035417
265.8403844
245.466360501
248.450673973
58.0871960173
267.284956161
1083.5159085
1004.63364846
1241.82407577
910.273824976
1318.87157211
0.361539291297
0.490473049807
0.54766667191
268.476730757
520.642804719
72.2895129007
174.354000049
86.3778074753
65.8997024608
0.36297256687
164.743310983
0.396553772934
65.97182951
143.521281113
0.227320600209
132.784392318
248.090545772
909.101729863
506.811437417
1368.87939979
684.969419108
231.04848805
227.565599197
83.1230748275
263.328062338
254.009292215
0.294053910306
0.396859943815
62.0174041191
224.614347989
364.186244542
268.655895557
1011.77336984
661.506915732
284.453763911
234.631457499
164.943781112
195.747902306
852.369356748
943.604355992
1140.47803553
224.640815357
230.625023355
231.553654561
0.252452994116
0.421162950337
236.992866451
981.666154567
0.0832287682826
178.064639533
241.057112526
182.452763138
335.733113099
151.104308268
314.708650126
1408.16151766
1582.12800287
213.048518906
75.9998558283
0.444161702817
445.41845678
305.111700015
326.79217186
245.424059465
308.04914019
0.617408023879
107.972738627
123.811149415
2137.50781032
0.597599075155
86.8879845059
406.098910048
328.60139343
0.439984725611
0.327022030274
0.393727097033
75.8919456337
233.826049429
412.156089961
554.40347845
676.483367779
2021.82317875
986.477819735
1004.58552693
856.16458523
1498.96597891
1224.43244492
1575.17134395
0.43196336882
2143.50662222
760.836602465
385.368135485
0.120766761109
657.324336542
980.01853223
1710.70354272
1856.79888948
1888.80099701
1770.13083027
2376.60094915
2694.39366514
544.097507256
235.078564143
340.778752419
425.062103467
96.7833160062
309.646261984
245.564080151
2881.69595604
338.78137343
4600.43439232
3476.12541105
2520.57815245
3579.80204073
3128.10243986
3996.74993292
2789.45145675
2230.00710253
1807.28935495
3094.37357255
3550.18831877
3584.92379199
2918.8345264
1925.21279805
620.485373023
922.661000162
1153.42751028
775.68527564
1176.89550058
398.16831327
205.638006015
556.029780483
317.365622497
627.868000246
949.209158786
791.898537482
1233.81055838
110.66037774
139.64246093
263.021243251
420.623499919
66.5849499044
189.23430464
82.0385091042
106.421656743
233.033230071
66.024904717
98.8636480781
0.740402157315
133.292227104
0.759030547041
60.3001766351
100.892471254
86.9224150533
82.5914557786
105.152990497
60.9461204791
155.918000845
155.10814809
83.1284272859
112.693634348
0.306030888156
102.695494328
0.263970903414
86.9190009249
80.8287154519
69.2467216484
53.6887023307
505.685191004
300.613166469
270.383423566
230.873251859
69.4099157324
210.937167317
899.158031728
872.812452585
901.680455178
247.75665784
221.056546101
222.168983225
61.2024413887
395.335413166
235.956493454
1114.05300912
316.44661882
2144.99672715
6890.02289171
1362.19751069
55.3004152306
0.0299029314683
171.103060862
1945.47028034
1154.82863346
414.021179168
69.236063487
64.1201972411
0.417665862859
1158.70723267
0.29909976838
603.1209273
88.5696388164
556.120157152
420.03220038
1138.45745342
1.00264455218
1306.00915688
0.566654345925
286.407025903
169.182459615
0.877963169295
61.1062507417
67.9668399272
415.490428462
1593.91583159
2629.32521682
3744.06223222
2937.53145148
1397.80131062
577.023644962
2207.64367001
802.328389376
120.038842283
397.926459831
78.9828992364
0.368271757251
0.332826255537
0.575035466076
2089.97777974
2289.96160021
3801.43289409
1.24796619216
3391.03188137
634.212794259
0.784344605389
112.078989637
62.2885957655
0.795885484849
236.184775533
0.624561856459
0.458156380827
208.154405061
0.499272412422
0.572974219392
83.4205360514
166.324648023
56.0891753533
93.5675731316
1755.06031712
1617.9839283
1224.50130792
1.05465827474
1289.70206144
727.932449441
3297.3956724
2881.06471727
2155.03010305
1368.62716731
1196.32931351
62.5998665259
0.640584222916
270.395456128
305.382635013
59.5444137835
1449.48350858
2084.50169227
1357.45732294
1344.59177718
148.227669065
332.063751328
108.159851485
282.685152083
0.821799846118
105.022879967
1.09479083446
148.5022304
118.870518214
0.577808124119
0.509662183276
246.556027465
66.1298796566
193.439794265
0.754551002482
544.088792813
0.569623480114
61.7921492874
0.712952495022
55.2798147211
221.994035633
99.5098051252
61.0470651317
77.5400595205
105.277954955
65.7741293331
171.023326117
241.03500086
0.656525004106
107.331590792
60.8874490681
113.615088761
0.381328020763
84.2944663857
68.6822267062
64.3726159701
0.271250184542
601.548384256
293.53899948
268.554694565
233.123054718
74.7100668153
158.955991092
952.773282603
979.178948637
976.690285223
271.598591907
295.127158994
314.846132923
0.31402674327
0.436457008649
153.271456646
80.946704767
130.513486716
115.831831891
96.992123733
71.4903642508
76.4422446154
0.469839135841
273.229303835
125.155768473
71.7943641355
110.028650115
1.66802718283
75.3509916494
0.824585631472
62.1851469693
71.1918226486
932.010429248
1503.31829108
1327.85700365
705.696167435
57.0174082615
61.1343175172
0.894450964281
107.810346863
0.247130417487
289.29945415
84.8302360954
76.3247725504
82.1193993739
985.457549823
738.877196627
959.739017142
481.970581625
136.803117758
63.3932858751
0.205573330627
0.17549374923
172.83090137
125.856281332
197.577109772
210.139775159
0.542502560906
141.696392125
159.487033898
79.4534266469
0.439998147691
118.000844808
173.368972246
58.8294088177
1.00672862798
455.159694786
202.463409303
334.945403301
105.548034198
529.386871672
1.84521560028
78.3566189099
0.82989793493
597.92669294
416.651143293
0.236624340647
59.5032863775
0.266432754683
96.4481485593
63.1899650692
90.8975376993
261.579524499
913.881931466
533.182896817
519.92023077
6940.98816206
0.588776264453
142.124352746
3633.44038765
1741.39137121
951.2905118
280.23232339
62.7735740617
96.4974870116
0.178949291778
0.48852476106
861.316148408
64.6848190401
59.6631635465
211.602956739
415.324468371
432.770898308
212.129484324
254.489746706
69.9422109548
0.47671545073
68.1110859536
271.651109557
360.794621533
59.6381573697
1657.38145834
89.4321624063
97.4434404158
140.288750411
67.2404844714
0.393214239093
97.4506227795
142.283228636
0.430401231117
54.7964345713
93.6412749341
81.8078548535
70.9270157686
75.6576439441
563.546439395
156.025705897
155.012093617
81.3131365258
104.288967948
0.704330847879
183.612673803
0.61471869484
65.2754968813
72.1375794344
57.422317575
0.421939878009
627.687302711
315.188496532
320.387176382
290.574922621
224.039601802
0.341350742145
61.3089488261
0.405537032966
0.633970773844
0.797113870239
287.301783998
277.210329617
153.305675806
79.6317084229
133.286481896
0.446375733272
827.961159523
916.758006852
1274.56642173
1563.13057731
623.649184081
359.530341717
993.501460028
1635.98536937
663.81363471
1644.87057967
209.717180951
1.10575261719
0.504604277573
1370.23519791
0.492747307007
0.567465348975
871.268340086
1054.52473367
733.0771099
988.017500165
891.521113652
761.370098433
173.611217955
0.228557842482
147.242554444
143.387885291
152.77195485
1359.28202012
158.183423327
333.98644428
183.653303628
1209.17994884
0.848503882025
1068.72881385
474.143220925
293.69895817
208.400455382
170.197881834
0.629933846353
161.895307607
226.819740338
156.832889917
256.632723654
1241.04154658
141.982431837
0.497691557269
240.974253783
166.093333819
187.503472344
192.819619879
2979.3294196
0.370267835922
579.64593138
230.292123064
0.467525708048
0.407323287609
192.834266235
0.121739434801
0.430991902236
0.614660577633
301.656425619
0.545364507508
0.592926307175
798.198621839
391.628891881
866.307027658
701.752076537
181.444520189
215.382563588
0.621523448578
0.512546878583
0.437453822545
0.344934748001
142.351617858
174.801577202
411.442227202
227.652880919
0.200171498239
784.322385571
698.589795763
694.163326451
598.579770773
352.921322867
331.415746032
504.105612691
210.770725846
230.453031801
0.443172929318
1594.7155199
326.916298148
137.916515321
203.8068395
202.647928944
2657.48464205
1196.63866496
1.75865091533
2.0948735936
150.731423321
513.163560904
145.101888438
1.16916985304
477.247631089
419.56498399
2.28447243659
598.669424158
695.473740195
559.203382258
151.210906967
1.14003854858
167.385597519
1.62955245807
1.59060698114
136.978778033
1929.45836979
2.00324619068
192.050230843
185.326681412
573.319290179
609.988626887
780.592367657
626.440777616
2142.45659825
0.217988958904
145.770723142
209.648591044
0.747709485042
0.973325771622
637.513683312
150.471416037
1660.1892151
2086.65933225
1135.3946693
1076.08169026
721.829675525
2574.72514323
545.44360195
3024.56163091
2115.92147097
3078.43134259
1969.11397748
2.83414893663
1.18449839568
136.172951643
1439.39693583
2423.69884124
2835.09479576
3244.40412999
1005.32608082
210.245691149
236.153912494
165.48539108
219.159734253
1.48984957381
264.254796346
298.907337589
1.84399869607
515.269741074
140.441626524
274.107135358
206.219548042
336.799902965
168.579384789
1142.09201919
1775.48985477
1099.72822348
844.848285809
143.720175463
5.22605416453
3195.75564959
273.29522776
290.99217365
430.219736438
137.41754673
219.522017694
569.0621514
1061.10835014
311.452857247
2.21540775231
2.44889291987
2.01378797005
2.00968630543
1082.83911925
2.4214949671
2.4468656296
1457.66484198
1536.15285979
1909.62010602
2.8954977166
4013.68694317
3628.01598555
1.82329906626
1.0308478387
518.449025537
5392.78792223
3041.9271689
1891.19109854
181.048137148
196.555320437
1.78058362304
2091.61331441
2575.69520639
1175.51802769
3.71980709408
196.630181437
1.55511432146
634.88614083
1099.45548644
1.91040470697
148.062036486
2.5614970969
1582.98442239
3157.85249263
2497.7362983
1773.87432466
1353.74944013
642.463010977
176.508925224
0.465338634578
0.587434432536
184.031394448
232.813395088
198.74337191
0.707013222133
341.21600261
0.778550612249
370.045987148
200.466004205
1216.05415418
2325.42906562
4332.04265172
2160.43722529
2703.10708831
2556.94658466
1307.67164948
1604.97823685
1342.94113549
1989.71261879
1392.71967963
2355.79320692
265.997706991
210.194536369
3.08733368266
2.20663742607
271.784608875
2.37227951838
303.509208477
6.43787430293
6.6438250708
4.85700046712
4.30880264151
1.7328242811
324.479156292
176.405710644
1.07491853655
0.502873216619
710.67630821
168.481698632
445.855301231
2073.93385945
3886.15067671
3060.61963744
0.517208095514
0.761239150711
2466.15753187
2483.77480126
314.064520414
3541.80858611
2682.00616382
1.20123954671
1497.92614018
360.473053169
338.823198067
1.91226569026
2294.1150204
1019.72550358
2.2287164438
159.271952211
179.179563459
0.906115542695
284.948703776
2.00088986901
591.716226722
3.81178369255
165.020237316
3.17468124996
1408.61617924
2165.32120866
1391.48097404
0.925950160742
178.991936688
2386.63812473
451.429999791
0.721357817039
1085.58737385
144.169380839
552.320620865
184.491604595
2337.29563087
1302.1524008
1.26440021452
185.788309846
1.25267209987
1.26505344687
1.32078219404
1.38362557714
1.58101929723
148.003809507
2.36952981632
1345.36367484
2.49506263977
1.73806844145
172.277703059
903.737903409
3.59067138728
3.66160955401
1.51415646556
854.579508877
1661.76126238
1.5709148702
1192.47361822
1644.24706991
1522.62953072
1365.77650101
1109.58801802
2012.55613973
1.6602024358
0.927337975106
3.94606765295
144.451856949
201.683541632
815.978599799
194.025216574
1.24178444436
1.40164287073
1.33750475693
174.811881505
0.889566710442
172.528419802
1.02676346244
0.841630684077
454.567730917
324.289767814
483.967696361
0.274670831419
506.096078654
164.974734906
0.730821017508
0.615352703788
704.086396046
906.540873458
0.770603269501
928.828889147
0.496992768707
0.497943889496
0.896275908556
0.605265448139
514.125766534
534.197951741
514.871936999
428.008415896
195.339088859
0.762621811007
834.421507985
196.807663828
185.883087457
3278.0983872
3331.94401762
1129.058344
509.140316353
214.640761518
2.3721832698
5248.04241619
2287.65048402
3211.88733345
2.97378314148
1708.86155839
1.32607672375
502.008759393
5.76712280972
163.252744361
2365.7753978
1561.54222948
394.985193301
620.21206853
2665.56640666
1276.19071167
1110.46168826
2097.69845907
978.505266076
1225.78712598
1385.3054816
6.95290440139
6.78110809048
1893.37869469
640.003534121
3678.12718015
1.8165485709
4980.0757026
2457.97616617
191.042627764
220.693782525
2140.4534522
1589.06045924
3.05521113703
796.335715467
1781.55630223
2823.91222573
2.9407861989
524.390482292
1193.18072065
1666.50163912
1271.67929733
866.867822686
143.369860962
162.199009468
509.005991614
457.542291485
159.435926979
11.4420289379
9.92228777302
172.670683566
159.4098977
440.490121188
513.612119159
148.55910539
1.29168406058
1449.59795648
1.32569595496
306.351974104
227.196340139
1626.23707185
2444.68072078
234.375518121
1.41677582338
710.665433105
2808.57577294
2054.11163965
628.182487226
1211.22203804
1864.44220852
5.26630476076
5.91249916763
684.537901921
365.779310205
2.36188316549
1092.55000693
1441.40075536
182.08680146
451.899136641
232.504498612
231.086260466
2.32364375046
159.5073847
3.17564081812
234.516685233
248.342587145
752.320100204
1005.12014548
431.543520643
247.373718078
1655.37745317
1.29181281618
225.4156594
2.55361752391
2.5048009383
3701.08810131
206.999658247
141.644551484
2.51399463765
722.958848536
1675.04421555
2.72407447143
1300.24676866
1317.80397287
2.01112565626
1157.09968169
3.10781902429
1043.71256493
3.52959905088
1045.61478962
315.193380921
1673.8333502
666.701051499
492.828748643
2.5930201281
391.792839856
210.733100015
0.901364348164
185.825944176
218.004659364
149.530562521
7.44138755346
3.92024093962
4.0314434439
311.787037749
270.080291218
2.22194069492
2.5077179912
7677.95507612
338.101812032
422.69605185
180.304144537
2189.56500804
4419.14110518
2911.22370401
1084.24342429
2.98913527431
8881.53985149
8718.19029152
511.904768797
7141.51132874
2324.12279549
1490.00202776
746.876870179
164.559859803
1866.02702914
1229.32060309
601.360417744
1260.53856959
542.86888052
1832.98060874
153.438682869
3588.76637352
186.403383773
3954.68798148
1110.96174985
1512.94262695
1.29576083057
0.526219150872
1540.46876013
797.237829574
199.015274651
200.271573255
4505.37678826
1.36787241752
154.054720827
1333.94543496
0.813522609664
2029.93143716
1.93723983878
2.1197902336
361.9114952
175.188776762
590.046672639
561.402941629
2643.22596122
1666.51373145
1623.51781491
574.428992724
166.709738386
2.93335297816
0.824605520364
389.526755391
2.51467479083
4.54100223942
4.93488482187
228.188641894
1.70100177827
1661.61257054
201.566475503
1.56669369195
627.057470377
2.42014087544
140.990040336
207.212303365
302.916100597
1.62975904675
2811.28689662
1.24909734372
407.148597665
430.771150108
0.617422212358
920.279895349
1152.22801265
1033.45743374
1304.72334843
1346.23895441
1673.29426699
1251.35944656
1210.851757
1444.68481352
1196.39365546
848.541247112
2960.25349086
0.868440452374
141.782705914
1.98594540855
215.735721268
1.07439902515
0.429187962791
0.53715029519
176.414178174
775.963097777
4438.86995308
329.258124764
213.400309003
1302.46751101
145.382459665
224.140634915
241.28837585
1.15923691024
142.737226375
301.015015171
1.33591383268
1.60870666625
324.398221961
860.474123547
0.853142854561
1.44461214367
1086.14951588
0.530464490428
0.595954508207
839.236051586
880.564918773
1187.03606872
1519.9662402
598.288994887
154.561835648
0.865045756958
205.522615975
0.603810040233
1.58842221945
0.919926452754
1.38251134386
1.47089078446
1.65815409301
6848.05189167
6935.40674225
3172.77964331
4102.63091828
2915.1095958
1685.67637768
1214.76311788
1.54490161689
2.63027991791
2256.61028659
3.50269670302
3706.22117227
2434.07263833
5.26639000967
198.961070164
406.768401759
1812.2540259
3.8555184001
598.139562898
525.451741232
545.664753635
140.039410734
1726.99504979
5.61932039335
140.465909202
803.938280002
2.0202870579
1884.01820396
1637.6227739
3.10840126392
2393.75599256
2249.2729346
3.14978663933
3.36496913823
143.008240658
7883.92505093
5614.15760846
2938.69579808
2826.94103508
1387.81510278
1258.05796724
2.54672312753
2.55226882789
156.868776201
142.861600919
5195.47503234
3162.87247463
1.82626846791
1.85457700071
154.5326131
1.76510634333
1.82651785281
175.608635705
182.329088556
2.60532016379
2.04363305905
135.80706376
1815.92376313
852.835580404
1152.22812051
160.104440775
163.878940502
2048.93061444
152.000099734
138.450758581
1570.73699839
6.44164581963
4.17877166966
1088.18440015
463.338894211
249.603039489
163.966940739
1.65300711103
1.60123462822
0.969827241731
168.308542358
1.18961547591
1.32447637441
1383.90562715
496.787655913
1.55102431945
2110.44642069
1.232141857
1321.60020331
2230.65970309
3526.70388563
2381.71373857
1643.047059
343.329489482
1.13573745288
1500.5980967
2410.86316234
2729.570491
1614.45452475
150.757840456
6.7225779309
7.13980770208
8.23184196917
582.225881463
273.129404693
274.384866328
200.322446257
8.27150283457
1.47490477376
2.36158916954
1004.43609672
9.96788490027
9.7559970532
2.70449091175
506.083175645
160.00863559
607.76391729
221.461250811
568.797774198
909.135050716
279.037016249
194.26726311
5162.84886704
240.070799822
320.253596101
166.429726378
302.616184708
147.44943605
181.233043948
191.453957411
477.427032143
311.635923649
394.02903757
489.69946663
0.954738854276
1.00222613075
0.923203335972
0.826943117327
2.02930569902
165.965898239
452.584639841
210.600987909
1.30671521429
1.07636398859
1.12670780882
1.73678306666
136.147412085
2.68481458967
3.00534275227
144.460894894
280.473782953
4.00218376235
3896.02048565
3498.66318647
1291.42282509
707.015930489
825.291484876
388.01676867
5168.30052635
3550.31176059
3612.12046489
514.683343457
2.67108292186
151.675891812
1160.84209388
2072.56198789
5.64323215417
2926.58649458
1594.13599606
1327.36539326
625.346328185
946.765468
2304.1143556
1771.35970802
1568.44312617
1155.05991157
1643.40490227
1735.50030786
5.15116851383
4.50628847043
1972.74805408
1328.11089254
3.53664467277
454.657941235
3830.76235916
2063.40980737
2640.60890513
0.86097348305
153.46398352
1845.64749106
1575.03649542
737.386192715
2.40497429025
373.334715168
981.749500103
166.42443459
555.60247534
2915.31954021
1295.26571952
959.495417359
144.744947168
212.045181614
2.180901772
2.47797259006
4.68409473553
521.105488429
564.202883605
1.2517581547
1.64937659636
3712.61260305
523.680304929
149.416869291
182.069540131
447.200526765
367.138910658
198.219617151
171.256794208
787.342374237
3784.53074757
526.060552122
5.30746573002
2.26394886699
2.48672835639
2.14179333838
1870.7876527
1.30532726832
1.14427605237
2358.40367285
1.51762181801
1580.19995268
1.25753207568
1396.63775312
1794.10838843
954.678354303
882.021442148
581.037004709
6.7772969972
273.600578924
141.156356609
4.10020616112
3.93424198978
173.848056903
146.834691751
5.86078229258
5.12521891973
403.147884454
430.624662918
1416.76101712
6.95419171519
287.212570293
259.186772395
161.182783053
3.68533710109
644.176864194
510.609356618
2.88869803636
1488.80227513
922.538192643
671.188019547
4.68290047882
6.71205005502
911.310106802
378.966730413
322.714465807
377.409227954
5.19268920564
1.29170378369
795.301567275
139.785652547
206.39012986
1.38527429028
2.68610415923
1035.06732555
1875.20471245
1.93803375463
1.67399679525
1.36182152542
1.77831320581
1.77061615384
535.726853195
288.86303728
2.24611192737
158.790265169
2.45778884526
1.50221097243
1.98669735956
494.436393665
2.1719487667
2476.84463419
2457.46341113
1179.38123493
1882.51174147
149.634858936
1256.76988584
2127.68963372
1511.71917497
140.929978305
5.2513208166
261.793601486
209.808263873
0.928963066115
0.774040061814
0.961414505926
870.448620333
7627.99779083
3959.72148418
3306.83076609
3730.3329275
1227.2053285
381.846376912
0.373057381102
1118.19324553
845.437288769
387.302433204
0.654402827188
0.294914051952
815.002450527
1332.14727753
242.218010467
875.244345864
976.758441149
2456.07092114
428.562333089
0.98836623148
150.669064799
328.067621306
0.435123051612
0.012258175193
155.256154681
0.0396386207654
0.101965455276
1625.88831647
309.139974072
0.580069675194
0.830254578953
0.811869011568
0.57594759481
0.546713848404
1515.85630157
1277.83457199
5279.47206379
3568.33057443
1792.36905676
516.483136109
868.920656194
1698.19525309
2135.56555491
146.812755579
1843.5307498
937.940018162
0.457920882583
154.228407631
145.914233066
0.746268279251
0.802604140367
247.766724557
1.09308862777
1.13896819494
1.13815804336
1.05641119748
171.189612471
142.635434304
1.69201257818
1.52250934575
204.620164175
240.928473642
842.867519832
444.822148943
1.71666984849
204.180984295
160.711812812
175.377197273
1.81296758329
143.234897453
4906.28173407
3403.874082
203.067569193
762.867699142
213.41883477
7742.95797729
4007.31791023
837.538407728
819.277739655
2249.56701133
161.153099065
520.483678517
233.615399533
0.640561786385
0.757359777631
162.668967697
1.21528918963
1.29365823611
627.205476239
1509.43287115
714.418459312
466.908855633
1134.1221674
1230.06269451
1043.39417038
1130.30941254
1163.37668009
1377.78896959
1163.31783317
1032.13821218
2744.44403391
1223.02229205
1022.51538681
197.80872227
240.493087246
634.642880451
767.002937163
1077.98647483
2.69857946628
3.90171173588
3.18203252925
1022.24303493
2.39778026574
195.836532243
905.583187237
4.27686636546
2.35216449088
1.98106021614
1633.69360208
2.94737839183
1159.4295952
2405.05659103
2795.55796023
724.571078962
1.86438423813
2047.55667755
1541.02095383
2133.69442127
2.76193052341
2.48152376775
166.991237785
4.86408218033
250.344895233
1.79813549359
2.54513324204
172.605724435
1338.12840379
1210.95606109
552.054679225
207.710932067
145.958824381
0.061659142074
0.0379165962393
0.0287873984572
0.0
0.014695363024
151.669124335
167.394841386
145.390084798
0.122622846694
1779.5238671
337.340681425
403.944463453
250.454084722
1.22092107499
0.946550860611
223.280745358
1138.73116099
0.617419994848
235.898849705
0.720047797358
198.53765394
0.635149810073
0.631679953582
0.44090106563
0.510267932899
1.15438918994
1.13719175428
189.957739583
156.664442271
161.099608626
1064.63045434
655.370097555
5507.44462382
3997.62015809
2148.36328233
0.0468871358724
1054.86397712
1636.18897181
2415.52089192
889.073056012
2648.43897741
957.457905111
3253.64622286
147.390729642
339.09285459
0.261939721203
0.728037403396
1.65935242739
892.480509595
1.56068389453
3.19386543836
202.245037152
450.668798095
6.34287249675
6.29696338787
2.47117152981
1163.31627076
189.92178284
232.653677273
433.38883054
2.06381588487
1.72286311603
1.4786748085
216.693571179
1.67130670623
0.858820562136
8826.96252093
5435.27426049
2790.6026663
1007.9154107
3030.59803297
1989.5447354
1906.94428473
1970.48562977
2802.43656412
201.233352512
510.215491636
490.165291728
138.916357461
2243.74214752
0.0
0.0
535.615584902
706.864594583
1016.68599379
1004.27118487
857.364316758
1128.57336909
864.733051897
1575.61383121
1322.26905205
1430.00923448
1606.13867931
1671.78849966
1554.27742373
1237.12856036
318.081384981
730.270762044
0.0602329584209
331.815337455
0.0
249.25022807
149.758090741
0.0
170.300267906
2209.77613308
195.227200761
1122.47866772
2105.62893908
1862.25525572
201.580372471
0.0805171972054
157.023539556
148.866264528
0.610972844793
213.589206424
3.9273728553
1.26750479727
0.931109320251
1.49459159442
0.728547231202
462.375897787
1766.12919981
1736.08818404
1747.42584462
1822.35735237
2271.64778863
1244.38384741
1.31035309092
0.3434187043
387.849968061
0.259539350172
0.28623943548
378.65125769
0.232097573316
758.962816456
0.168409868808
0.14240012082
149.771229153
0.140601780716
0.126157380581
0.121371588253
770.976192847
394.723497723
396.949117782
544.592814461
507.915259242
242.39562643
195.539589092
185.36238668
0.246175121423
0.27157417787
0.15802809176
1430.59049335
552.931746107
982.317551066
948.783937448
443.72942801
143.291369657
483.064455301
309.742251048
281.271724914
0.158402834664
1020.5936979
879.105411655
735.254639405
0.0293688813046
1711.05137082
202.155598228
0.0356883575351
0.0265104004184
1527.97394602
1125.29297968
1258.86087128
395.125559471
166.164261322
615.202757645
2572.40801995
441.068360765
4589.10362873
664.634557042
0.0
1804.72662271
2634.300879
1905.89325511
200.736411893
273.183945388
198.546466007
628.589221928
1304.95052074
1441.37706199
810.699438069
237.748897981
148.07995485
162.10429229
469.243467516
598.062483633
0.640301991599
353.281758843
412.28386287
0.24872987385
0.252787451757
0.0
621.130425834
1973.84213091
2660.29289316
2586.43622094
1655.14365978
913.077171531
372.874575023
532.971423929
0.178063619651
0.298109322834
171.915185119
135.932157241
0.414867385533
176.502290384
0.351165499615
681.480303398
2809.47407062
2770.62566046
2317.70788806
2379.14058328
1702.63012016
1203.49759438
820.872208073
363.409567881
1002.71975351
880.4981284
153.61010443
0.139117991218
399.090794839
0.221513348465
118.152738307
0.359248075856
0.900084923387
3899.49814269
1910.11669067
2126.70462026
2179.72660926
1488.34615811
1065.39899216
742.584097205
546.756921687
1243.85563054
0.218678561168
159.78988717
146.61191174
131.613091605
135.418517451
649.563454493
478.055696057
104.616583975
1891.7579035
624.322808544
759.923247538
692.730579296
384.90888778
455.913418186
475.272975885
166.247110128
129.938409303
529.365113699
273.691112991
374.765671221
173.09079941
0.461495495976
166.778026769
206.110721493
178.367189037
1.52753357609
121.180521312
0.768409989621
117.939451763
347.899188625
1158.56649369
908.126383227
867.65538735
652.621233062
879.256967544
943.657845599
0.529273848421
532.067028607
381.269672672
2033.84913733
1.00825913006
0.807036308238
351.486851848
288.93264901
0.210646895358
0.708236183042
0.695086396029
106.474952534
0.694709249504
378.652554003
106.922644048
88.5943507272
475.881611397
530.387009356
443.311723732
178.396590474
159.869715697
159.029922686
120.539603022
1.0451385855
0.486694068554
0.469459588089
933.05742276
1053.04952566
1023.04251509
887.871870126
0.6840167479
439.404328338
288.107044859
237.084089879
150.234465237
149.228454938
0.146245123503
552.691508354
118.290899985
238.653194891
190.710716984
168.52436365
88.9011274636
1560.10697039
221.758666703
1228.10800216
309.964304423
515.812056778
101.939911232
274.781356328
250.115452093
94.8274543613
0.380591634956
0.406221027185
111.313789216
0.658393822746
0.0
105.150125856
648.670224671
2065.92362582
2919.37788586
2319.00570449
0.31187624958
95.1493934278
412.315257943
345.855560632
345.599413086
91.7935774383
164.755214634
1637.61486922
419.051903071
357.404240687
0.319672130482
0.386742832216
0.182163897041
1237.98763898
3053.70293636
2137.1622073
2679.20894082
208.178843122
0.270227706669
0.440088677975
0.269626296006
93.7808599909
766.523108639
0.643076526986
286.533863572
802.724007291
0.612035822559
2.11778957842
1138.73180443
1.55402444668
1.57203264174
1.41950279488
1.35732017628
0.670097937587
1.01656652573
111.402513664
123.433455683
3853.37740926
0.518134399312
0.566177711815
0.385963954791
985.099422044
888.441917596
1159.13460475
517.273596945
765.342450467
1429.25597314
816.783941801
617.830664409
642.994780915
326.27619151
0.857974944939
140.4445622
879.710982583
978.001680432
1025.03658017
1.00071819332
2118.05879363
1164.91400325
151.818746496
328.808286942
168.578769827
247.70414576
1.9860760528
614.799662826
640.870035361
235.789467002
1.42842829397
1.29989708633
151.784581817
0.57723976953
2716.37956849
2702.17533894
1.0969042561
1933.59552533
2980.82981228
328.12028723
1368.58408683
286.284743682
239.493640551
312.210653449
428.888026416
1.13273623407
625.257423255
1.29956342946
777.953058482
2228.07762228
247.56552216
900.658943466
103.291468092
291.718786409
0.556972134809
94.2286504632
173.764836477
143.474951634
137.169158787
246.805056996
98.9545021302
0.583611907847
0.465497874744
823.628265932
100.185933888
842.124750701
809.639928481
0.568476285265
287.203464235
240.89529743
186.464161744
0.3976747456
142.037631387
84.1441652557
605.156738054
115.815464662
260.37227632
192.688477989
171.029726517
97.344454144
857.191103985
220.606321035
1160.98397013
436.407676021
0.0
0.0
177.616241884
1564.37197443
0.0
623.707919356
1034.27697266
2088.23896127
840.00338344
437.830992705
117.994628849
0.481674283992
137.548450988
155.684656127
103.070914934
111.727091919
0.704130670153
88.3331869794
0.53408969012
122.720686201
861.233419566
643.967587922
0.799782176824
259.563354629
234.313782913
0.493158942774
105.244332442
221.097925069
926.594837126
551.108350848
485.052386618
503.905534577
0.481757091042
130.281029129
464.626273396
0.825334667164
369.654692363
939.927113963
542.42971349
479.997894126
316.588292137
0.156418629707
690.319908959
978.142424594
456.716077848
1.03374434967
613.63220271
94.0188884839
393.38151621
386.849345373
141.765483056
337.912389715
117.17454477
121.837188147
0.773021112604
95.9258652776
330.534167463
0.860694891967
1.15715443682
149.529581189
828.817367095
609.186076668
323.216515641
560.869804791
456.238845842
450.41219583
466.990128271
415.943470116
314.775130736
141.375717199
527.658970842
111.711658319
916.334555658
247.837860783
343.665307432
1.0878413456
176.840941273
1.02131851416
170.946872506
0.544615920537
163.168430745
146.683170776
1.64120445484
1.01576037677
1.17353877285
90.0102780508
0.996366250463
159.523914524
385.934907679
413.938563954
342.079088182
216.496118668
2766.75815337
1314.98219176
1716.52786584
668.317686765
822.429236219
0.320745383949
0.326183361622
0.333506318186
273.553996673
87.9935055205
517.168161756
89.2029378758
773.719846761
490.122034941
540.280268077
448.390515381
199.237170697
174.09574656
162.430422526
120.624649927
0.52970801107
142.921807675
120.096690393
899.116203358
94.1071819027
890.65969512
898.147482439
0.511371451926
245.869324965
214.082864553
185.953525932
0.294816776526
0.611349987455
246.748959555
123.573190673
0.375820468979
231.303069859
192.599047821
271.809422821
116.855274823
731.919551876
258.336112366
969.598013498
470.529346522
0.172316394866
5289.73257028
200.32178861
636.500485365
268.355607738
0.174871502022
163.893417959
117.156710436
162.386081331
0.627115495892
713.280645691
779.051893447
0.949024254804
137.357876923
2053.23435937
141.174718019
0.868483796103
87.8888247218
213.961788169
243.223890222
505.918290913
0.799801947292
402.941892869
223.778740614
0.929759533388
0.893712827542
0.724187035683
97.0141488459
2738.94314715
540.302298727
170.791400105
157.123438324
141.989175082
0.277311106776
0.0541071552367
0.184275689621
0.376370212736
0.227078604229
132.930386713
209.110084168
0.25942394434
115.050850946
358.691671622
1571.55713081
411.1260663
431.424000309
432.470110684
436.522671086
406.474141493
350.852629213
0.825220816201
319.325582702
138.787886635
0.569152224496
177.690494849
0.563028942075
0.427971926202
127.520188121
143.489326017
119.940712993
778.436888723
565.119075371
537.484693807
504.070816456
496.139857898
454.50246106
512.817538567
474.206852504
291.001088522
122.825666979
0.693535860153
242.091453036
169.560562111
205.639837852
124.398180706
178.271375939
181.689398124
241.708159749
197.991920391
102.783323748
2.04438672318
434.258755577
1445.46023908
1070.36261512
1141.81518694
1190.4564188
1381.55888646
1463.20477287
252.680308141
0.715114359328
882.681436538
108.478547348
0.599366606115
0.636913450138
241.471038953
0.825476225504
1075.43621535
0.561557996061
0.61291108885
0.499453423277
93.0656032106
1546.59906325
410.285008872
94.5342375208
116.110045253
461.03054666
521.797255442
91.5914118038
194.638323837
171.007489099
171.177210227
0.651930793929
0.779252312795
0.725920459499
138.715528152
90.4887866109
434.302029082
429.900603853
348.377326289
430.495647085
511.322362534
273.713310986
211.552269042
0.605692384737
0.38718211514
812.049922758
604.552229859
327.039924186
219.95133312
183.369720979
275.095119553
116.841453079
1283.46504311
241.525070664
0.191010758267
413.095762228
0.0
787.620705923
2777.01436835
1302.38888281
590.781725389
363.767555328
344.928619958
119.580653771
906.664615968
183.659709348
202.285221489
0.313290069745
538.324442343
775.137186725
893.389756724
791.168141085
142.707239646
0.856414520132
0.726825461725
0.766750268117
931.612325118
125.006310983
497.18056902
192.493378749
0.420155922443
289.413752635
85.9553595356
1229.22110074
113.909760698
422.397148332
131.065321455
288.003644619
189.502518637
11080.8372524
0.0362625413403
86.5043719152
0.18575024677
663.386302702
524.669665155
558.932304118
602.503468075
143.878435081
329.216414522
1419.50430615
1778.7720116
1513.34606978
2182.22488864
1639.38812725
1883.47477196
2554.72093081
2755.37747978
3930.65646012
104.351954082
448.585922736
414.463515078
490.850322731
447.276089509
331.614867011
0.748520559872
3455.36452616
250.877191622
0.341575307862
1343.27044448
1371.68903059
1488.34623458
1321.86739728
0.72855495908
0.764205975084
324.131104616
0.347931690885
1299.88844936
1347.09448705
1633.63276751
751.044912681
1.25685682483
1.15043461886
170.835421767
295.704216007
362.953318505
1061.68898156
420.875761673
1.93025882253
1061.71256171
1551.99453292
1629.53446202
1058.16283751
1064.49269879
414.140017017
477.638013995
112.09951882
149.504114518
384.248882999
320.587347903
0.769522331311
110.230345293
152.854660511
251.173405756
0.679408456176
174.909159804
0.609160263663
91.9890677813
0.635316746967
524.193980815
116.305634493
100.587017851
457.097637397
507.188384505
411.952823154
183.259194955
164.594250012
157.625297749
0.524347315209
174.594516982
0.711601057181
0.630600103406
678.016385699
962.817335536
833.799921796
378.098103692
0.831607433748
278.465700335
260.893852826
233.89431655
271.800534853
120.547641367
1020.62850156
661.197077064
100.303227416
223.292346429
181.544424832
258.975102437
109.294387287
1503.0346303
220.057783915
1177.0069432
474.273061858
0.0
0.0
638.297704809
0.0
451.285604484
96.6428110342
0.0429406404116
0.263159889151
398.362051773
196.175836288
382.426963592
1108.95359986
1091.81472456
1980.21014929
1769.33039712
438.231317908
0.255305937753
111.26283796
0.0
92.5635453011
648.560696746
897.601585003
434.932379336
396.529034507
0.15563115688
119.416984054
0.229010987757
350.579437456
150.716237786
549.533682133
107.369176398
166.734463706
0.204404217019
0.105391201042
192.319545161
0.124081869066
1115.16184717
188.002579974
2438.39109457
1911.51034154
808.634712549
5519.15221888
0.280248827903
1332.19244329
0.454586624144
1.06502700199
0.703471834129
474.82026198
0.693393828925
0.754544669334
0.385508776955
432.733538784
460.210012505
564.211202755
837.143935997
608.194204954
797.599660065
625.541406039
128.00898938
109.468815024
901.691577338
210.670353236
4359.97557483
0.388298605602
1664.74835429
1809.50801152
1227.51605746
396.144283226
297.977042085
104.53042564
1677.26345386
5344.01087616
6584.43960217
4136.93451582
2855.00066351
4199.5508288
101.794517473
657.785174536
2737.12456944
1305.50274565
1366.81002125
916.2017689
675.751275184
174.903703781
131.809980921
323.284063472
2418.19546346
2033.7647976
2605.80660739
3920.64729118
3190.53760725
0.528367329527
1293.33620906
1.07978972743
302.605109609
0.796837903899
0.79632631981
129.387804212
424.807559227
0.483731315529
1092.7140008
0.569356535622
116.538741634
499.849555799
154.815019621
99.4308200162
0.260084166255
84.4779019524
0.325787668517
0.362859542052
163.680025888
117.590477893
191.492180619
139.68762683
0.178255331846
926.242410777
1051.50952314
954.410988346
926.378213742
0.178056175191
272.315993901
263.712141913
245.200859449
183.714436372
0.159853963594
909.967391885
631.86929837
108.383585473
296.823264385
343.070466995
325.160751233
279.475490194
0.170894159307
246.733957375
1119.87403327
616.272994694
2188.22937584
0.378721312382
2294.90375155
999.340551726
3476.9154606
1334.2476222
1667.89533294
2413.90533549
1504.74730737
1426.89758946
1123.99728467
727.688650059
145.841137541
98.3423838927
96.0985275471
0.482246357702
86.8909798742
981.6408589
1085.79632229
1151.83139396
1060.35797201
1810.14803944
101.502199065
107.635929951
91.2322032373
119.99931545
2130.40314027
88.3315710679
228.191684477
267.451593221
124.885830298
108.937302026
91.0779758133
0.274649337637
134.385728563
236.834819891
156.811789765
116.435528316
0.180622517182
87.25839221
90.3663670466
451.849159576
87.3570305365
1111.88528687
147.089496336
0.749873734886
91.6523341006
199.388649836
0.639793140983
0.923258579059
502.302931994
322.837609521
274.048697418
0.911356367815
84.1867262177
126.86298381
129.955236074
296.920447131
0.574975230295
0.60159899539
1004.50420159
777.542622001
799.065403188
615.360001279
530.718470667
659.066502157
548.951523763
410.686996389
198.150526529
9856.42159942
96.7452939155
0.456199738148
4140.98902065
1880.44078418
435.847138131
90.5004248043
189.691269489
0.561604786342
421.122663511
398.097264955
145.651951475
0.77428864394
0.855658647603
1.08321656978
0.704791852058
125.254704738
180.245385828
333.773314836
219.43502867
448.62949866
328.217074285
219.602860809
2687.0473694
1340.37152275
1840.42838482
758.430033094
976.673152116
0.601101875778
0.61484529709
0.574934520204
96.3354574445
0.595139736473
404.74681761
89.7425531637
380.156882166
465.944332649
526.520631999
440.416471723
180.156726758
164.948094675
162.064328963
0.33594267244
0.545407958994
141.731698288
0.366158088219
707.815570484
980.436216751
830.75586517
406.346475046
0.541215907456
318.87424017
389.021752611
256.960085805
164.596033195
0.281485854065
0.194494501731
193.720744337
120.062764895
290.549151522
331.455049677
326.227622762
124.367365688
0.30968105714
89.9077522394
0.548809478094
2597.11314189
814.149909592
106.525867707
3101.20734605
1360.05809301
1146.54825122
297.481880482
0.579507947842
135.020701837
117.167555986
0.538158599808
115.71328968
0.985740820407
1.32928756839
170.101065642
360.162837755
104.780154373
0.871093518419
2168.51839598
288.804554099
0.285751215541
934.979056792
697.58150025
0.395135578964
257.146247376
0.767281307289
0.790451332211
0.909497555918
0.260465807402
1468.46166681
327.676896863
382.085316276
105.203383627
137.008140685
4705.87465393
0.0588445680424
130.977055909
0.426271218709
0.271501407763
0.193284634826
375.781853063
0.217645877421
978.27968278
0.449162593
1724.26784279
429.444932782
753.512789031
889.791484697
1121.2313543
1.10622733854
701.661841354
466.587450348
501.609615179
0.801993140702
92.0101589263
100.051951672
1.04493087977
0.849939841479
1.96640100282
89.7110047122
0.684127434765
1.03247425394
844.622874372
214.100380041
132.362752507
282.314179721
400.860752983
490.627135592
1.16744766236
184.165963776
120.140344825
127.639264139
0.871482218931
0.961553710182
550.842299234
134.405257407
928.5057148
1860.00709821
464.038303334
4.04341967047
162.282715324
93.9147212837
93.7935105149
152.041469266
2.06458285752
2.05775030763
162.405596695
2.32000762921
113.188952259
132.325241932
269.497171618
760.742798927
153.173898769
159.296107915
155.052861029
175.169253524
133.452663492
1.38572632819
161.149523734
166.517102632
87.7907039059
1010.71975923
958.54996855
0.85749014256
918.738645494
0.181492830946
318.365347644
322.332010013
0.849585237902
1.83625995365
0.690441435643
1121.94719069
702.11346316
2126.68218711
0.687684341767
0.959541567943
1.43591823266
888.6444533
1.04305094762
122.072498567
0.681736661024
1.51461033585
2.3717963696
2.19571982761
150.417957125
207.00409676
167.938122892
2.15534693051
1.50370695602
3828.45097959
2370.79075366
206.693326708
319.771401862
191.303008588
133.145434847
187.966677461
84.9560258083
386.757971003
399.886184089
115.33257101
0.745187699309
0.88053299834
129.092554638
658.097314095
2824.79837218
316.638683149
2.0136159169
1299.62807948
1.42310250492
587.887286728
96.5909298293
134.796361233
135.911040041
398.978396587
363.186591933
426.396070127
344.439567677
395.927874632
596.80907166
90.2202432295
207.889721155
109.981762803
1.15408977617
1.58166745881
2.0706626134
1.37081759065
2.130019177
2.06313356734
1.90842796634
2292.6566171
1137.53331453
280.489739913
95.1461015856
2471.07088208
145.235851098
84.9511502887
1439.232062
5838.22195856
108.573499224
0.763294207867
0.701060996326
135.44332671
1033.0427776
2019.8846491
2257.70017359
908.742771966
89.7072954892
177.914357959
0.701005644967
1491.68981262
1113.38362347
1.19174260408
166.484530568
1.43637200786
2292.64235904
2534.23910559
2502.74548479
1391.02945789
958.911845534
404.803658737
382.991478107
102.662751109
276.791338985
361.754922659
547.631168692
383.635263866
1.4886963915
1.36879596456
0.949885493242
0.326456878304
97.7311442608
1653.81567809
2616.74747508
0.907277544282
2002.03586159
2181.79616136
2670.74677366
2073.8076681
1382.99617965
1279.89626376
1949.08167264
2095.77090449
1406.50700273
153.364942433
363.67812619
84.3147638853
354.276709862
399.858133561
404.726015276
565.596014988
440.105672453
182.389186032
2.5555698841
90.9039831773
1.0890366583
550.502611478
0.860371111677
88.7731213718
104.866338741
0.651404415028
520.654822281
0.47057920936
2632.98336465
3124.87089098
1946.0387177
396.833535464
0.989994309633
94.2260861811
0.73623757373
1.44076303519
3842.65671277
102.887339625
110.118544698
1612.54356216
1.03768574953
177.841158223
599.347955411
2236.12187926
600.318956616
120.373287928
1.82076947471
1.45794810075
210.506773566
2.64766152827
2.50501884904
247.573091963
141.449855335
329.752942266
1632.49180826
1491.33883029
2979.68668185
386.176908597
1.50187207471
2.13316582974
445.286222631
170.649441262
108.685362475
597.675765159
175.072549712
4.87901918197
467.725308583
2434.49357036
1404.20385627
388.763792969
110.600547541
1.98098280665
2.20487054489
2.14448105224
2.30278665514
113.11061149
5.73269753898
5.66576744844
5.21729487066
5.03778748728
116.768282879
156.215691322
3.88653333475
3.93294672213
94.5609327391
392.322835634
2061.89920469
2383.12929858
1158.26599457
1624.84802588
1361.37314689
1420.65437043
1336.95095835
1020.2242802
1.20625356889
116.981677087
153.296617998
1.1600293492
1.19998494843
96.2990582132
0.583601011928
97.9844343207
128.50121703
0.616089103809
199.611844813
402.075511335
163.343426227
146.488662315
153.503032687
0.750558464327
0.783862856786
0.859217119383
413.74805596
0.559499292953
0.893623977711
0.431372901086
258.941956655
0.302587733129
306.238346193
0.337835130771
364.237193758
0.327304358854
0.308726875113
151.591906592
0.0911538280143
0.127464042737
0.183111066823
283.518499739
242.896267306
213.131551232
502.642727395
409.449185103
0.454079281508
397.370031063
269.664305532
2541.31603269
1049.85868135
1265.33276269
796.459091222
643.98762302
0.534673315006
2968.53242333
2439.9716893
3.66051929356
1.82644615451
3184.97159195
442.308258302
1139.58396209
1147.35034981
0.891711161493
667.33805107
618.58404472
392.807037096
1645.34831332
1659.75904669
1111.66540106
995.280206465
670.102512349
867.571452489
1219.80983786
638.613524675
242.485516336
1777.51533737
1849.53337926
1401.22938877
3982.48144793
2.3466813808
0.565461454434
690.915887684
228.868478121
290.842343524
1532.29219832
1100.34534399
906.941598567
229.109333787
2.13823470365
829.885755291
412.489612844
10754.1283273
1203.55004021
1143.75227276
1478.38010621
119.55102907
2111.16291638
5239.03412993
3470.64855068
1836.05843007
1982.24917628
124.396209326
2164.78244197
1.78541769873
132.486549245
2.06949039179
2.42351467021
2.50643015878
283.048824833
147.810918382
1452.84397625
1905.72187236
1911.6549375
435.447414543
1.57979361465
439.891029701
146.816393236
2.86742431367
2.65133869043
3.97598875235
136.817386815
2.94288364586
6254.9960066
329.030134682
320.393040957
1.57433821887
1.57613951911
2.10108780516
126.262942902
2.29668554411
1.91840264572
2359.78920584
3250.71913418
392.246969882
767.387660472
255.213400791
3690.72447423
2436.57364897
3744.10765644
4013.85460901
2.98325213963
3.47528922825
3454.48632156
3881.8194975
3.05995816124
1909.47208644
1240.94869935
384.636065531
1.62885389707
399.255862899
1128.00657201
604.977696653
633.41094871
432.311495977
628.656156676
393.433245763
518.492452493
755.358236126
152.656982295
157.209605945
202.171699222
147.830707531
244.991958016
166.689983273
3.57713004851
3928.51230246
1477.06168914
3.66937600981
3.03736426199
4.20989027313
3441.18787914
4.54716858825
3578.26310397
3675.18200526
1992.90419054
3222.75689563
3862.59631984
3937.6070016
2616.61521047
2137.36513307
1819.98084415
538.055184285
598.108670991
639.203518048
774.329164096
2.79682652505
690.438955639
330.409122222
1080.02695103
439.660953585
302.625907112
231.728442294
256.968976024
218.826175034
156.639696074
162.819878038
506.64191395
182.722976423
1.35815743045
2.87188597971
2.52113754095
757.648132641
639.596165625
3607.90725917
2101.66057904
161.178362708
2.1409447777
2.26145367181
195.656186124
1705.37508915
271.570849502
2340.3826765
1308.07082011
387.330803142
558.505654693
1332.64897065
1242.10670817
986.319239472
636.322285011
625.376378439
536.777578046
173.041505842
163.174153167
1.63784686582
2354.84434077
1497.8396718
868.140171897
147.09628365
142.472164967
896.767022106
1052.02553511
2603.81769494
1097.83480403
4070.53788886
123.00030407
125.183273161
3510.34589504
2416.81949907
2208.03353193
314.261658261
2.6249122017
163.412724325
134.42723479
214.514411082
143.529144342
1.15491784383
2514.7968588
1673.5393123
249.540351226
2.09120326971
2.98724364756
220.598034135
3.81454472789
6.11060656403
5.92241536
172.273145791
6.71078289406
1322.85644175
503.299954899
1.60346669932
1.6198606072
172.066339663
1351.22425039
3.2490143367
3.29231084833
206.34844257
157.794206095
1757.40868733
0.936159146814
308.009127417
1.7663821327
5052.62831578
3065.93729564
3223.57129139
3871.91714882
4010.56604933
2941.06490085
2056.76654659
2392.6823497
2720.01735722
2944.48873087
3160.66163156
1958.16377004
143.039802241
829.019569079
562.319099271
768.17316281
2.88006264001
556.191462001
635.034728817
330.873997742
1.58186022573
139.049336004
118.365318952
289.66414488
166.866905725
335.492622761
1.99961808241
128.50421646
1.88655918283
1346.58064394
4551.77611304
469.240422761
1.85824847921
144.339743595
563.131151544
5305.64240628
1.51317181783
2.59902728342
3333.52519132
0.391208089727
0.46439506695
1550.4583112
2124.68659782
429.604949012
1606.9001123
1080.26916443
993.128716593
527.184941453
193.956549335
142.302916339
240.113294469
477.853835361
2.40588775827
3.0075608283
697.890745994
10155.8609652
1817.77433517
1.43775613563
4202.50932768
1369.19232821
757.662809589
1049.05981422
1.11677836815
2866.31788781
3160.93148252
2.14208629322
2721.73370547
270.404972263
139.909623063
123.74964296
1556.55636984
2146.99508564
2.80732403617
309.891431823
147.253524204
2.49127988098
1523.99046102
1669.5743276
398.395354669
611.564846732
1640.53478718
2339.17133894
3282.50388741
2638.81717468
4698.00108956
3093.10992479
2.29024715715
3016.90845082
547.207266901
988.173351727
2072.86266092
5474.07661931
3867.95762835
2473.87610099
1425.64552287
1573.02114827
3.45131035871
261.477869546
178.615385385
8931.94898251
4771.21020909
3005.55459114
2.28267463265
174.421541113
1.56998146923
1.76312823113
162.220957804
116.02172507
158.857019657
302.192991852
145.51450359
138.189276026
821.748734174
766.038648998
130.357951446
2.09350605322
122.955388251
2664.96000786
121.832364536
1.75139036555
4704.2899616
1828.65152624
1807.15839134
3.82424226513
1086.3509843
717.987038144
1.70219976756
150.289072273
417.114040906
1.87904904484
2.28944636571
2.99096176476
123.531484897
3225.38045839
120.007035159
1038.73892536
744.311322033
1171.56963532
1411.79685072
2208.84305021
859.527363271
702.711274446
262.68685137
179.942484706
2.02451479452
916.696378195
1307.70916477
1281.23522355
1009.07240212
583.011230578
165.69170426
5.80442682345
6.16402799443
141.221822892
1.3398617602
123.351258133
1.1855016764
170.234228649
0.84323070475
4516.06195639
1306.98270174
1.33958917724
1.49913546678
122.408253839
401.203003702
1.0170918237
333.156541102
193.066194264
508.986540527
643.327642606
199.869462836
164.500714115
1.33658150952
183.225326779
214.184658334
122.67124441
2.28155071253
1901.47609205
119.034605364
1.27419596621
167.43643267
2603.39388322
1.27604174098
1034.2342383
1350.09462933
1.35227986931
205.128718829
0.999260021995
3.53840400566
426.304935117
4.24214975252
2.93924288707
4.09163515732
185.985720564
4.36488412068
4.51716266863
2.81908059909
2.93888849463
134.830703353
904.036622698
777.151019694
2.77967171336
1934.55477053
813.218740346
590.960060091
536.160538933
401.122588852
1267.91975043
2770.09298479
2304.55890664
699.664958512
145.859860804
1911.37996529
763.095872586
836.570557426
210.799450772
1140.81421176
1703.41321052
574.645599414
418.734911635
506.241700022
1657.66894951
378.384193589
639.220944622
261.697289812
728.801830921
541.085653086
419.47724651
4.84047049878
1073.30401346
1727.15007093
1259.30971676
3024.39119166
2666.25072861
4880.67824361
3514.94679385
4.45538503919
2166.42567055
130.48911066
2386.62781651
141.082641835
4.51815188175
1.24668322081
120.993452114
345.378731957
3.25104160943
422.302489174
2158.98185548
1333.79284687
780.936946523
116.829943995
2.24473370942
398.382322515
133.550032818
6.29071038686
504.653485758
3.68963670663
3.98051029408
4.41505827477
341.424750959
374.370453324
1.01073051152
0.913650779713
357.350494288
10381.1915531
132.657417915
180.729252288
129.581736808
1596.53779689
3612.06500049
2.2036130316
1.6221417068
1130.17629513
3570.98275128
2955.81083996
2.21071410316
2608.57948591
2276.99497492
2.00869882986
2305.32699616
1.51501569962
2777.00219902
2679.21667411
1688.48788825
442.566169758
778.785604087
291.951738422
412.731951232
123.395316434
501.492191027
529.997991977
288.834553225
2.18004021267
155.583018479
634.841261638
391.303975102
326.66971929
288.343990679
620.821340377
188.363323473
2.20910173139
1.0838910605
1.20424631756
0.972293041765
1827.22686295
1124.43604412
450.384312247
3297.53487069
1.86427935044
1.98251732652
2.8033659008
3065.8775094
2470.60621763
3158.29076673
4168.24208207
3.3246793045
1.33902301562
2288.1228302
124.868823928
3770.86549229
781.389500875
325.591552616
3.74130270826
135.981488082
1011.69006387
762.238695577
3.10314228217
539.899852366
2.3233499762
2.03786590045
2.0910227404
1.81724238046
1.75133567976
158.651839049
1.02432091816
799.441150511
176.188200205
148.712195301
0.977318622774
1746.97371564
927.918381379
266.032033862
209.564734064
1.78832313819
4457.1256232
2220.54625437
2552.40476415
1.57142344164
1781.47278035
1.17765657788
482.755475361
1.38130209578
1467.8536164
1616.07116959
1240.30640548
166.844392245
508.101232087
2385.74169563
995.228346871
929.830932316
1607.72296106
932.343917009
962.401644341
1051.2426422
3.52411711116
3.14033007995
1280.64810792
770.821432072
3113.25282668
188.173501406
3958.33103416
1853.36972274
142.219743422
188.281929785
1510.31295541
1310.88403018
1.90019861445
664.68540404
1741.37785081
1998.02705197
1.15497538538
290.041083676
1109.86244396
830.881498885
1102.54869482
591.130158376
466.461039736
1.07634527735
401.630199696
354.522127016
2.29767040907
3.54456112687
2.57937088652
149.142482596
119.233492787
471.417241877
810.65680171
701.561525597
1.64239170026
936.582083686
174.067249913
241.887033013
181.009813874
1036.73997714
1796.96572091
537.833578664
563.537687081
544.596286315
2180.47955626
1515.73291581
502.529369595
1020.62570513
1507.16922295
5.14825155559
5.34010980916
578.718338311
289.038152092
3.2896938336
842.674483284
1188.06724186
140.944002787
211.974853236
178.427342198
206.355397461
3.60533497361
6.31288493094
3.99939435768
6.90542160741
191.921538768
2963.44078744
821.175751023
165.005113331
206.820396745
1087.05225244
5.1403795312
186.458568108
125.851646801
315.958272824
2767.32560458
162.245367752
4.17556121932
4.70596139354
272.005746283
1319.86980321
6.08093383019
993.414071581
1007.24992076
846.784654808
901.894369942
704.936765897
780.008958717
620.236506018
773.15808547
257.253569325
1348.52242076
534.593035046
162.585071494
2.15756377289
1.93070402131
176.48190519
2.08507513005
155.14864494
167.397403916
2.42245145251
2.35179814781
1.45216242353
1.32126286118
168.144113008
204.081187804
1.65110086385
1.80678793726
282.422371086
298.367989837
330.148194868
5.57618225418
1995.39059634
2927.74898063
1976.70114523
263.785781957
1798.88008629
7154.08618317
1.70246677212
366.433161288
5111.82051864
1161.94347769
1138.51670963
565.047497247
145.635687374
1599.71328357
546.494967823
499.625165586
1155.44186456
867.32631035
900.029055308
2553.10800964
2793.16528977
1.67112838962
2900.17286842
880.032359843
1192.12679247
2870.94373654
0.763671575211
1156.15902386
546.346210228
164.913502946
564.643843422
3143.76857121
1.0403293638
121.257441969
976.354082175
1.99721637876
1567.92368042
2.41294508318
2.58040422297
191.015090667
164.144773573
2.64561581336
3.79451872257
2208.05113531
1269.27890372
1252.42071241
132.640750604
161.777673779
2.84209859233
4.03432942893
202.069430143
2.45692082148
5.26873862467
1.867216883
170.214686263
1.32273673688
1661.60706626
151.353486891
2.30070987449
485.326516584
3.48877574451
124.982332146
163.057006042
228.104688894
0.940947333155
2206.80780827
0.742801949447
2.46537835701
1.40848933365
1450.52404849
650.399430431
854.774160967
830.251838248
1018.34993431
1069.26952556
1240.52066214
949.957797278
939.748064772
1109.3362841
935.506201137
500.927554049
2147.41474995
1217.28890374
1.84453179177
2.13206710055
175.437817732
1.62566612034
0.442833819022
1.01584848969
147.15618761
155.949927822
1011.72163772
244.204841161
132.80172806
1293.90203613
0.966130053421
203.774308788
191.193193149
116.834994529
1.34611161854
122.879322357
1.13615444276
310.062427862
408.054998991
511.295250379
256.476579684
512.183197612
2.49611944732
1.91908759832
2.1797031516
2.85753841245
1312.86864751
1038.64163936
460.528221282
470.24059082
0.746036762147
0.911714976106
0.803650492133
0.909995148823
1.16568203359
1601.35974253
1.0229517596
0.674723139698
0.600385683495
1.01974230121
0.93548900062
419.223478112
203.869173711
1.39634796166
172.44581928
1.47862169426
698.469577796
1.30429283895
363.859909313
3.21970123217
1951.70015685
2032.568143
123.191756815
1108.23045371
1.1485324337
822.470758434
1656.36036851
1091.63142867
119.680061684
1.91791611061
334.780710154
153.36240458
1.26041229543
1.21246077299
289.006434065
550.426170522
145.892427685
416.136222622
809.258625376
0.67173614478
0.510737392251
3236.56900317
0.456511491524
0.481779425965
3644.94518515
0.371647482933
129.637979871
472.888454071
0.833654401695
2742.68268538
3159.62816874
0.877925938517
2199.34776677
375.678261928
0.555554805348
0.93596749936
0.390173183102
0.317776040919
189.987016476
165.630221369
0.136655981675
3632.34715866
2609.3873571
1345.91373073
125.881859157
1.15345506721
1.48680320517
1.68995816966
1.30896952004
2612.48832142
1098.70961813
625.108622774
3961.08805438
2540.51402129
1324.2543892
116.524198438
0.0252528685351
1332.45547591
1671.78609056
119.425031923
1360.78133966
603.923991925
834.059625091
126.590880093
0.559901800835
0.625903911209
0.768462417574
185.667082023
1.25528305646
1.56792239212
1.33897899989
1.75643769664
1.03079300672
1.36772493035
1.39148486119
154.565836507
1.29131791191
1.37519180864
544.255167705
329.306483477
2.16054273939
1.84438644586
2.51652264063
2.45197022516
132.606655365
127.690685488
3659.46573989
2391.20578818
0.574384758432
472.203998288
5054.7480183
351.831767864
326.395002858
0.329305143906
673.753831897
278.160788086
9603.53090584
0.42325954969
139.021510898
348.955722687
0.551580337493
0.802018554944
657.737006075
1013.23701535
663.759296342
2929.39226627
2155.5538903
3198.33421848
3821.51781888
4412.29579081
3410.484517
3490.09415952
3266.30865751
3735.26809788
2912.05872113
4018.6912146
3203.84828403
438.055930667
959.447786719
553.434078748
348.496340926
129.668258895
933.16326341
709.109235849
769.9230469
457.593406069
1.63160874543
1.99938061469
2.05777637085
2.26337723918
2.69160162665
715.567978245
946.055725443
339.105245135
295.646873394
2.48992746928
275.690296768
140.424823422
2.69303635617
273.712859886
1.08139095365
2.64091982152
5.13543523713
683.245842586
603.978633186
1.947873521
177.911320348
4.64758566171
202.741406072
2.71177079695
149.601761094
139.061165164
919.244882222
822.978571087
230.983783019
148.545760832
0.683651103408
1604.91567518
1245.93477927
413.471339381
114.399062387
120.818182983
0.0
0.0
3762.84344105
2535.04508346
1468.3840145
287.133316917
211.70988164
0.314417881433
0.848196912372
1.73576004905
179.533980905
0.535214174183
0.393069759704
187.466047844
146.571551568
156.025432567
0.780239373035
0.752030676689
0.910488028956
548.399922699
1.14847321193
0.744708310278
172.983066326
119.954529408
1843.13890851
1.00589338005
0.491941099251
4127.77425261
2479.78903618
1225.44724236
0.0
831.234062864
1284.02692974
1890.33933171
725.29342774
2014.20624415
793.58651792
2458.17999135
127.975945399
300.448459282
0.142675863816
0.419246234572
187.118380514
708.245824429
712.702726477
4.36474346683
156.024785003
356.333062668
4.62669305309
4.63919648102
461.018484611
983.305350181
155.896279629
164.897394555
207.009702469
2.0741475815
494.928956259
360.020675218
161.279399635
502.821260009
8933.49603922
6229.10611512
3984.09309391
1638.19160173
568.022611566
780.650742135
321.276335644
0.0
700.19457978
144.021317771
9668.72138415
0.0
173.023416912
160.421750033
1423.23634085
3510.97237422
303.356678909
0.0145739278626
988.409926496
2798.19325705
2607.40459477
3058.10052431
2174.76332783
2760.98666194
2691.4498347
2962.40731396
0.026870026593
1768.46466697
1913.18383832
1589.2911215
132.712534451
326.553551731
530.278585569
506.1290309
240.477429568
269.244366574
275.30107255
214.54769916
152.75456114
0.0
0.0
0.0
0.0
0.0
0.0
0.0
0.0
0.0
0.0
0.0
0.0
0.0
0.0
0.0
0.0
0.0
0.0
0.0
0.0
0.0
0.0
0.0
0.0
0.0
0.0
0.0
0.0
0.0
0.0
0.0
0.0
0.0
0.0
0.0
0.0
0.0
