0.0
0.0
0.0
0.0
0.0
0.0
0.0
0.0
0.0
0.0
0.0
0.0
0.0
0.0
0.0
0.0
0.0
0.0
0.0
0.0
0.0
0.0
0.0
0.0
0.0
0.0
0.0
0.0
0.0
0.0
0.0
0.0
0.0
0.0
0.0
0.0
0.0
0.0
0.0
0.0
0.0
0.0
0.0
0.0
0.0
0.0
0.0
0.0
0.0
0.0
0.0
0.0
0.0
0.0
0.0
0.0
0.0
0.0
0.0
0.0
0.0
0.0
0.0
0.0
0.0
0.0
0.0
0.0
0.0
0.0
0.0
0.0
0.0
0.0
0.0
0.0
0.0
0.0
0.0
0.0
0.0
0.0
0.0
0.0
0.0
0.0
0.0
0.0
0.0
0.0
0.0
0.0
0.0
0.0
0.0
0.0
0.0
0.0
0.0
0.0
0.0
0.0
0.0
0.0
0.0
0.0
0.0
0.0
0.0
0.0
0.0
0.0
0.0
0.0
13.546413986
13.3259026851
12.6180707669
14.9235352289
15.8237620004
15.6021059253
0.0
7.38003624579
0.0
0.0
0.0
0.0
0.0
0.0
14.5474061373
15.8506533512
11.9280699558
0.0
0.0
0.0
28.9649627797
25.8040810412
22.3080981703
27.7041176702
0.0
0.0
0.0
14.5313018508
14.1837481374
14.8665248587
14.8585230006
0.0
0.0
0.0
0.0
0.0
0.0
0.0
0.0
0.0
0.0
0.0
0.0
0.0
0.0
0.0
0.0
0.0
9.08625691167
0.0
0.0
0.0
0.0
0.0
0.0
0.0
0.0
0.0
0.0
0.0
0.0
0.0
0.0
0.0
0.0
0.0
0.0
0.0
0.0
0.0
0.0
0.0
0.0
0.0
0.0
0.0
0.0
0.0
0.0
0.0
0.0
0.0
0.0
0.0
0.0
0.0
0.0
0.0
0.0
7.23478317545
13.3473415453
0.0
0.0
0.0
0.0
0.0
0.0
0.0
0.0
0.0
0.0
0.0
0.0
0.0
17.0325817244
27.3398072323
17.5050722382
24.1887976738
25.9779983425
14.8722068998
13.5686655195
0.0
0.0
0.0
0.0
0.0
0.0
0.0
0.0
0.0
0.0
0.0
0.0
0.0
0.0
0.0
0.0
0.0
0.0
0.0
0.0
0.0
0.0
0.0
0.0
0.0
0.0
0.0
0.0
0.0
0.0
0.0
0.0
0.0
0.0
7.87399667814
26.226938845
0.0
14.3035358299
27.7565736259
32.267474111
0.0160742325803
0.0282065531454
10.5204919423
0.133603725983
0.108841955483
0.130493007426
0.138477614282
0.110992564432
0.155045823123
0.159854376971
0.166465284636
0.121587258396
0.190979460096
91.9476324848
7.97876601612
0.138630997428
0.105029211914
0.108609393863
0.0824500094231
0.121298049294
0.0544050131489
0.0496686807859
0.0512609259644
0.0531202929438
0.0435854453219
0.0307540902244
0.0877086925528
0.11979191501
43.7938966713
46.813028813
26.8280992875
33.6802342264
16.241790926
30.996255281
12.6455342886
15.4900215049
0.0889937764164
8.5314427225
0.075160678378
0.0588438310151
7.82744663956
0.0665708792136
0.0450816458602
0.0397626159208
0.022308932129
0.0248923727221
0.0333132028302
0.0355334285791
0.0293724177911
0.0259545394261
30.3566350549
13.4130744095
13.267325525
11.8910071364
86.3761578691
65.3365890686
55.1651079828
45.7442872472
123.154925321
184.813086808
154.475979411
109.162936048
75.2540386242
0.00809314039863
0.00704551124074
0.00691205937806
12.5304602141
0.00643058756456
7.48109630269
0.00803042312136
69.5307935568
0.0081208279788
0.00540127887758
0.00401413005699
0.00391075916428
79.9621306777
0.00366189860513
0.00354155082934
0.00343143852522
0.00333087856151
28.0081810921
30.2878370992
31.222835351
91.5814777052
72.5146574929
53.9409329852
35.8317399074
0.00283398140501
10.9370096502
10.7955806279
10.6142298759
0.00265204753306
0.00256561907499
0.00245922116287
8.31725628626
0.00221631126444
0.00210062194775
7.82693678375
7.54353921653
0.0018832933965
47.453735527
43.7579647213
32.1845178517
0.00198688617151
0.000745686699649
7.43342807161
0.0
0.0
0.0
0.0
0.0
0.0
0.0
0.0
0.0
0.0
0.0
0.0
0.0
0.0
0.0
0.0
0.0
0.0
0.0
46.1423208125
37.7225163967
8.34262020999
8.12092105728
7.59729765693
9.37030349902
11.4372146629
19.1117571627
15.8234714322
15.9016381351
17.3585710085
14.7625295603
9.87805797843
12.8654139531
0.0941956144937
0.06692982752
0.107875940506
0.0877862583666
252.993789204
146.30285777
153.520111498
150.376520796
12.3434209525
0.118456893525
0.0938255757449
114.803410418
0.0796792132685
63.1093717219
50.3808241006
40.7886504431
0.0723355852522
9.06478010131
0.0912718473005
0.143445454595
7.58916156367
0.113839434739
36.5499302173
7.46501924043
35.2678369529
0.058012834499
0.0619756489753
53.0162522339
85.461677001
56.8490484043
62.0178402237
65.885335309
69.8308755307
73.0935481201
70.4750308378
64.6352410569
62.4763872
52.5681186669
49.241999733
42.8400123344
7.65856170542
25.1535347041
27.3966853804
30.4319094306
30.4179905956
32.5296183068
33.7758874825
32.8384780702
31.7825345865
8.20856162462
0.0422019237173
7.57583079831
12.2121297237
0.0313467085415
0.0378550223723
0.0332349491624
10.4763730841
8.84019705445
7.49557035638
0.033066250351
0.0197300966661
0.0211447783064
0.036987625458
0.0338305246534
0.0359828556059
0.0355055826759
7.23322417226
0.0239456090813
0.0213226572241
0.0178178821679
0.0170616262653
0.0113533792071
0.0107379403475
53.4252344569
0.0245085717457
0.0171942904991
0.0144662366596
7.33159449205
0.00586004022309
0.0225849955099
7.4617945304
0.00499312482959
0.00471056296028
25.745325785
8.49777612072
24.058729279
8.37797490885
9.13998126418
9.02131084294
8.24438037451
0.00210015295535
0.0022411973727
0.00231208554722
0.00222470262643
0.0020983539396
0.00201289333437
0.0
0.0
0.0
0.0
0.0
0.0
0.0
0.0
0.0
0.0
8.12134649699
7.7095917119
7.29115211322
0.0
0.0
0.0
0.0
0.0
0.0
0.0
0.0
0.0
0.0
0.0
153.052190965
0.0101619796987
0.0669007088156
0.0919574704323
0.069629091369
0.0638260883025
0.0593728196719
0.0535251738133
0.0488348102701
46.8591853836
78.829452093
66.7280683818
61.9200165896
55.6593892955
51.7957803122
47.1876751907
42.5219170018
0.0244808693419
0.0339592980623
0.0472412642296
0.0350878520751
0.0292458281577
0.0234538520741
0.0188553662551
0.0202518023899
0.0332447742755
39.2007066765
26.2711071666
0.0546733505345
58.0867298845
36.3676769359
0.0279596566667
22.8137427456
0.101252751822
12.6664511926
28.7015713639
34.6023919486
16.473737713
11.9457942039
13.7542819183
9.15608136302
68.7338034757
11.8485632685
7.42455595595
0.0716999572206
10.5922346806
13.6363991372
0.0568056559497
0.0959711632445
8.92890717565
0.0514841732105
24.403242874
10.0138113713
15.920974233
0.0687535713906
0.100848563839
0.0653143168632
0.0181325787605
0.00886513504621
9.16086488484
0.0367231908938
9.42354067634
8.28445296673
8.37226159916
9.22350437344
7.16271428129
0.0296137401279
0.00901201090283
0.00802275354752
0.0142081581248
0.00851042969361
8.18652438982
8.04607151291
8.22896776144
8.20505124761
7.62863728079
0.0
0.0
0.0
0.0
7.31710067316
9.06090026511
10.3943212457
11.0062203209
11.2483580376
11.1831325236
9.89386373903
20.0277998397
0.0159486387584
0.0297878380663
19.7733683402
0.0436553544476
39.0212399805
0.0250396616978
25.8133486616
28.9347275018
65.3059038898
61.9603756152
21.9874271817
8.31144213591
0.0514983566282
7.56363990966
15.1797360026
9.03572270944
9.48744905815
32.3911733407
0.0651505645019
0.102264787312
0.102716872494
0.106117758306
0.0902522281703
0.195830475819
22.1243291992
0.120365379845
8.91532169571
36.0035689381
33.8204729684
36.8114305186
33.313194185
29.3324143347
28.9556056386
27.7211630375
0.152069122585
0.234205972818
24.6381043161
27.6770769233
24.0118220507
24.6081402249
24.4073824445
23.5456446386
12.643817359
0.156417651948
0.0854043046426
0.116013187579
0.0716796557497
0.104862930796
0.148151199531
0.205059500771
82.1426058764
0.220021404303
81.3501710739
0.145711466178
52.1965901143
0.152333698734
19.9364469541
37.4009949024
0.117819903235
55.8078034188
0.115101465919
0.0980888638426
0.0741339564519
0.057125128764
0.0565738531236
0.122611932846
7.81934685246
12.9208942807
0.126581602236
0.125288423921
0.124843608822
0.122734225978
0.0970861294596
0.040039240996
0.038901489972
0.0600926024338
19.3138184903
31.5060082492
0.0959261235634
12.4911731597
9.83941913895
8.13308840184
0.0697288847204
0.0518538652964
0.0399933911406
124.188857342
105.629122418
219.709318966
100.615490917
60.5731708494
0.0457546844391
7.7813043625
46.6369742704
0.0461173242108
0.0612303745152
0.0368720890586
10.6833576472
37.6022018346
18.4777277441
0.0709264416543
41.5785389615
64.7903520515
0.0556698474316
0.0976640688932
0.0535593879033
11.2681517983
86.3405596537
44.4581313818
45.7364919522
41.6421303874
40.2397161981
42.6091378788
42.0174385834
39.3400898479
32.9320970334
7.53210343951
0.0719244929327
0.0586524164399
0.0588952101856
0.110291039348
0.11109172296
0.0795625279927
13.8057793349
7.91499368449
0.0806444082414
39.5623194057
39.0352030945
32.1515467388
30.1806276848
26.741138068
24.5154077103
0.102819032062
0.0793515028961
0.0761957851511
0.0599686750947
0.0598177075721
0.046601217965
0.110661487479
9.03037047945
8.92201469688
13.5867900871
49.5510851081
119.309412111
0.159720851291
36.2920475451
7.42389884517
0.0720384658685
42.3968485307
17.4474451442
29.7300876725
7.9865492431
7.46914057308
7.6186000344
0.0577484075272
0.0703724223338
0.0504994147361
0.0539765288325
0.0775323510973
0.0388249950105
0.0458853967894
0.0258255454047
0.058779214637
19.1820455032
13.1008777665
0.0908486056989
28.6692161997
11.6955042517
8.70230308254
0.0427766643303
0.0199338499549
7.46709122357
0.0343673995347
0.0773403023008
0.0863652066211
0.0758885627001
963.461492965
32.9269093593
0.156601715347
0.144726127865
0.120798563396
0.0527562102496
13.6504475032
11.0280282636
61.2034656505
63.0335156485
0.0875540180007
51.9609544109
0.0666782887219
0.0922680845625
0.056739630286
0.0550297496519
0.0555022582319
0.063085496702
60.6738675006
0.0625979180624
0.0678394405175
0.0969949142004
0.130143066133
0.100941032442
0.0645730530242
0.0707700747552
0.0769449689303
0.0733021677109
0.0701310145615
0.0653701036556
9.10357506267
15.4195865523
14.9367310962
0.0328168926227
13.0146906847
8.01788626533
8.25977782879
10.2998987464
10.1660053592
8.151610712
8.92997401121
8.89059414038
44.8748920547
0.0352414378419
0.0639608825617
0.0828305959108
0.0596184695418
9.47399476971
28.040663302
39.1170003842
11.0146656961
0.0672261908287
0.0676148836088
9.70806581803
0.0969445765348
8.65604422692
9.06841661065
8.08379474711
0.105232336257
0.0820717294046
0.0616545676739
0.0729110368795
11.2234777559
0.0972839223696
0.0651503852628
9.68128954898
8.58884026118
8.09582087615
7.78943005289
7.76467785977
7.63649860054
7.72836831447
0.01878051634
10.306538759
0.0263345010582
0.0201634154572
0.0265987636737
8.53366274736
78.0801626917
19.9301277993
0.0983081343575
8.27901497882
0.0461386883476
0.0545154693658
0.0201509840556
0.0199135799033
0.0215559076452
0.0594016865693
0.0551896407141
0.0618737040347
0.0889193240024
7.23276269573
70.319535982
0.0451352445061
0.0510158014766
10.3885096045
0.0346013110213
10.2056998263
0.0383533513467
7.24598727962
21.2886063414
0.0553054349502
58.5791995698
0.109128936334
0.197897663781
7.7017879477
30.4254395537
8.54702537634
0.0694212918726
7.98982719104
0.12903924574
0.104021410724
0.20253558287
32.6739995505
28.9641442708
27.9670697561
26.2565559873
0.0798560944764
0.0776705606987
29.0687528963
31.2518529897
28.0556848903
27.8915268876
28.4043411101
27.5649124325
0.166471984798
0.150147950329
0.197560987048
0.176174519172
0.274477549553
96.9256048127
0.37487635205
0.305975484085
0.212122137555
0.202516631402
59.1473474064
7.44442588882
10.9451704513
7.84898091848
33.6929555123
39.3091302884
0.12849486772
0.0750148601261
0.0548947063173
62.5745966633
0.0586002560912
0.0938623093118
0.142611950508
0.10131194423
0.101773928798
0.152632533989
0.168016941403
0.102494984132
0.138269650459
0.142105347558
0.166287466028
0.208552367785
0.181769699621
0.21136386381
0.164519321577
0.0983428608689
36.0613147006
11.1474418651
9.48287307051
13.8983896691
68.5416782174
10.8382218098
58.1008695148
0.063082541067
0.0345832031935
9.80484697184
142.844190585
39.99642022
25.0340088782
21.3045938075
0.0507210277376
8.46996799649
0.0187602535224
94.1116237731
18.4130241432
0.0209288168787
0.0156411616253
0.027490938756
41.833019585
0.0497223155183
26.27570321
53.3847524218
17.0924031709
73.9990874131
0.0603949277101
235.095136568
0.0966494670431
108.607094776
77.7047306868
69.3105489479
91.0717729212
61.4593937172
89.9566709014
73.728943257
66.5321985578
35.0274717429
120.211238367
75.1422708738
15.871393224
0.0937235282797
98.3845540574
16.5576710028
8.99598309198
12.9980549446
0.079554709815
0.135219499667
0.0938736536024
8.44417067066
0.171581505777
0.122355363318
36.6500075514
105.80366511
47.4144203722
21.7118096297
13.2009982584
35.8104670563
0.0591159533839
12.0758710928
0.119165303718
0.255407075254
19.8501033934
0.0930529673242
19.125536424
0.0923110794185
0.0954549945187
0.168073345888
0.147293332297
0.20961648245
0.166049824099
0.192821514901
0.237893669735
35.9539673136
40.4619045029
69.1651054406
0.138366488733
0.117672737881
9.33568835843
0.116670036532
77.7965175671
64.1634719214
34.3295666839
10.5269051062
31.072960347
55.6410175063
65.8327170197
0.10494559892
9.71182856623
10.1153235078
0.116869908937
26.7130234443
60.3473588927
0.119137642078
0.0977842008261
0.13673322638
0.118810354847
41.1887058738
38.7493801482
43.3767618494
37.9338235585
31.3572124801
15.9822749191
15.4190929888
0.196797724745
11.0052119426
10.4794251149
8.21556299185
11.5780944837
23.0821911426
27.3000982645
21.6300278686
0.0511483346637
32.5723274674
100.243797566
26.4845590477
136.104450685
104.325746539
100.444153002
26.4057729448
75.1596872914
83.891625881
54.5578759795
36.2190894387
31.7590352648
13.6837992514
16.3163164151
43.0621052726
56.7560816516
9.52936921566
0.302040582792
0.28224630118
0.0907028440403
9.82435502108
32.1517805907
15.1227650301
1088.37424399
11.669747874
10.9934492311
16.5203546507
79.265168458
87.782338992
150.214664021
97.3151754914
71.6312024211
44.5764947897
49.7048925255
50.7534225528
10.2752450979
7.6536422509
51.4531254493
48.0106636155
43.7826273498
0.280745825701
58.7736486551
21.6283497575
97.7559108802
81.4662300576
46.6921391045
49.8673722841
86.989513796
0.115239490847
0.229294752478
0.143610117126
0.119911237602
98.1346749412
0.11133115515
0.127657822921
44.2001303317
48.3450734428
56.9431281333
53.4190045209
0.0435465277675
0.0873418309825
0.193671528509
0.163253201272
31.6587555619
45.1844700674
0.237512785722
0.0805478577848
0.111784062217
14.6638670347
73.3989516846
9.94155206654
9.24279560186
8.14005153406
0.135751109998
12.6662311701
20.4495716911
0.105965959279
0.130316988879
150.15793017
0.256508269545
11.3547241081
0.144228459852
13.8509311349
12.5038661079
8.36407396474
8.20353416568
27.9428005339
45.0958836341
99.8042931955
57.7235494523
77.4184371263
59.0494376663
27.095606913
0.156488158498
7.87910463974
220.246749097
0.175326747057
0.151356024134
0.197790823473
0.139763596899
0.119318666457
71.3083609902
66.5527745376
72.7265351286
112.710455163
72.938198273
37.0088374798
87.4733236165
81.4549347829
69.150471107
0.093203256235
332.030173831
28.0864527915
25.9382472967
24.6039796007
15.1004699996
13.6007194051
0.271413818015
0.158546710207
0.140578837499
0.114429272169
67.0384412494
79.7187541185
79.125303114
13.3788795026
59.6771910906
0.0730599285381
45.9662152829
9.5754852973
59.0538162829
48.5171870853
38.3345617755
9.1611740845
59.9023776366
9.13619161774
0.221604791326
89.7368013991
125.514683318
62.828350461
9.97175621212
12.909390616
15.3497160909
12.678243093
10.4176860661
10.6251590848
0.114695880801
36.540059175
39.3062095419
46.4331176395
42.3894654317
41.8855317254
40.5797984811
0.109110795388
42.3375887488
36.285664685
37.506057716
95.4471364561
0.248702314934
0.29686161395
0.223420051975
0.234911380415
222.799616544
7.49322299343
17.0703337954
26.8571971206
14.49751129
11.6240954594
84.3123447168
8.32892272075
8.32045253819
14.5802526725
12.1218957043
0.146899874566
0.0868214942594
78.1112594877
30.4219931957
10.3427193591
0.203186317439
23.8121220558
0.161488835798
0.157230013394
9.72108222473
8.82869750605
0.349673795736
15.164201049
0.47821899515
51.8094654743
0.545738675518
0.489831293966
0.448337643102
56.4874657956
0.375342635432
8.58571778223
17.2385592368
7.5720179978
33.5338459057
0.133681370703
104.73504949
85.9087055291
0.183308043815
14.2733009309
0.106227136121
0.144886078144
24.3585406678
35.1914128462
0.163525017768
10.3254452905
0.338305042703
80.3151853163
0.427951671362
76.6987335458
78.0945311626
46.9806358903
51.0156652771
68.7827930444
54.6048103212
73.2947135157
49.7356327536
41.4262076841
14.8013440794
14.1787634102
0.543511795773
131.68433779
395.367795031
35.5965988066
209.381195476
57.8223154526
54.686893648
58.7426614699
8.72360550868
0.0443609566853
61.9891825541
37.3189568699
28.5823521941
58.4682635432
0.149938889322
21.8506180319
0.152089291068
0.132140584495
151.658891646
203.064116339
0.22624045595
0.205555414067
0.177412049002
0.152619143964
0.149458352237
0.159381454578
0.163183604013
0.170130708679
0.131417232168
16.6102839645
0.10631247334
18.0321006422
0.118727870061
0.128400573814
17.0239657771
27.4147906547
97.5340983502
214.041846831
0.230267703671
0.156314879295
72.6204289162
0.178391922
18.9647714738
0.238055286574
85.9245580011
0.222921418669
20.7043883814
0.248077543795
26.3978365594
20.6311436359
0.307224031062
0.286811616931
29.0340914301
22.6306946989
0.335378215773
22.9629503993
0.355309051444
0.403739956639
0.367365694649
0.490383913489
0.565292691957
79.3162081568
18.5928956649
0.319190231352
54.9982893511
67.6254993727
21.0347941031
53.5141425154
85.6323179091
24.1627512652
0.455014068511
53.5400594389
30.14333493
183.618667093
140.833413479
0.526990730921
0.38665080867
0.458796976656
33.0056907733
0.483642537483
0.465835516631
52.2627055761
0.0240376853435
0.0774967110827
0.120639805698
327.912022287
0.100441401341
143.93594811
0.116821030865
0.117613102564
0.149495563742
0.111597546753
0.109886767527
0.13165097857
0.175318874908
25.1089580362
59.8976565692
0.121045625416
30.601733956
22.6268237069
17.0355006933
0.103313702756
0.084840870883
0.141676132908
30.9269466119
0.198621549043
40.4202535414
39.9089864611
0.0755323743525
0.0639427647332
30.3439384534
0.100553122375
0.193415877581
51.618276285
0.125814174841
0.171042665625
0.167196360322
29.8521474956
0.217776507923
25.9427442629
316.857377737
54.0529009733
62.9232909084
67.3417293625
0.18369521793
28.0604515811
24.2447512139
21.4605798912
0.188455337331
180.502600081
103.554791851
61.1804471605
70.1236937819
28.4391604934
30.0274734723
27.5983028778
23.6461404853
22.4244316721
0.249414726701
29.8345974848
56.7917234924
43.684578859
63.4263343274
139.717874267
127.822103339
79.7959317568
0.154034201984
0.115768028805
0.166856214428
23.3346936552
225.904749768
22.9932826813
22.6153072051
70.6740708246
25.7107821707
29.219039132
84.8822154205
36.296475215
98.717008018
57.549815161
0.393536481552
51.651061952
54.0363174013
0.302312187246
0.377820713541
91.8124807084
31.8266461957
157.930369785
21.5319607379
76.6830506661
45.0497811416
0.217176951628
24.0620267976
61.7274921906
178.725932337
27.9437330618
119.464103063
0.161943254316
0.151785189271
0.211617143205
165.92903059
19.674286329
71.2215713102
68.6676935085
0.437298155505
0.297344256867
0.311230857921
17.5036315408
17.9707250263
0.25115823745
17.5040649029
71.9446382174
0.253537470318
0.256333286267
0.238097510141
0.209261182672
17.4354712374
0.20030585002
0.189582675812
18.8349207812
76.653623004
69.6065641204
31.5273161316
0.235003742593
118.568588486
20.76549036
20.2636370104
0.203181995358
24.502611489
0.167898527518
20.8366986285
19.463262119
24.8840917808
0.209194371627
128.209871831
0.344460476957
96.9098014211
46.2045907523
0.25970606177
42.3246263771
0.153119847628
31.6588317849
73.9233732897
70.3382871886
43.0295151332
0.113545906912
19.2949979427
64.885780386
20.1799799175
0.0715744642259
0.0897528442041
81.4768482261
102.461451995
0.0702041100107
17.8927419276
0.105710965671
68.405396921
79.3384115175
67.6838928863
21.3905661095
0.413903121675
0.346081810872
19.4814068031
47.3678536602
16.8940935263
63.5455882478
0.22328353946
0.251270184441
0.296123904427
0.402296519642
0.362920000253
19.3573379692
48.4609508949
68.7387960573
0.355824040422
65.7856680762
0.595209224936
31.6061656041
23.7226283439
27.1921466705
0.619143791118
71.7549420486
0.641116445231
17.7644251276
0.50950161029
25.1758836843
20.7377839467
66.4389909931
0.521353542342
0.637471565612
18.1250722806
0.428137980752
0.27678586355
19.7123162525
18.0905244098
0.195580584
86.7943431526
18.9152363012
0.13274793554
0.370626755064
0.336855107844
0.685267046385
0.595412764029
49.0565352259
38.0957153166
0.322247213389
20.6588708208
23.3035422378
26.005161064
20.5156993441
18.5599134392
20.2107493589
25.9114842576
72.3398191233
71.7582726852
25.7062350871
0.245937194827
20.1467429412
19.8889896198
0.169426053805
24.4636973286
0.105117651742
0.143071451205
22.3375334827
0.230934508245
16.7227528349
0.22326578808
0.183057148942
0.174425651179
74.9299984368
0.112418728738
75.5688125657
56.2577695698
0.146473829097
0.0981494897869
0.0591571913699
0.010896390103
0.0043145971452
61.2989721907
58.4308941584
18.0046196374
16.8899759315
0.0
0.0
0.0
17.9514981166
206.149903671
0.0
118.494158241
118.811758244
49.8829834217
75.6064674093
35.0516347351
133.41521556
0.00873996849
139.514303272
0.0
0.0
0.0
19.9949942081
142.794401728
168.602195368
95.4709424671
130.27086598
91.733656888
280.457821888
550.238163474
901.713543118
818.581304627
81.8931835193
103.865432155
196.668427756
130.32596935
32.9606089078
294.2360199
332.194515096
43.1521553001
159.842465846
164.190609296
55.8055692335
78.9175228814
91.7713464205
49.8796369895
124.026685391
0.0
25.2924051661
149.206440289
199.901856317
143.188084971
174.752404355
166.03098601
89.6896502067
130.561441745
75.338626727
19.4114422015
25.555147444
69.2101647793
16.4337788202
20.0828962231
39.1816129055
19.7430529761
48.9394068362
0.00997650257371
0.00904866316417
0.00795162257923
75.7802794367
68.9865765136
23.6802996122
21.722354003
19.7886518196
17.4130682329
0.0
63.6804195392
42.0707393021
0.0
0.00621772614147
134.503544397
19.1541014435
171.369421215
0.00551871033903
0.00474933109286
18.6181540085
59.7556941395
0.0
244.83539787
104.367600319
128.088093598
229.881767572
119.524765191
29.8120001335
427.580504972
601.971411138
54.1264179751
626.364961641
219.586823731
50.5282122227
95.7029380218
79.9972950271
59.7060723133
28.7861667083
0.00768865196795
1065.25860116
0.0104659957721
86.1769651238
0.0175215940136
0.0243015581129
0.0260217943354
67.8545018679
36.8434732226
724.6524274
45.1757734472
75.127459574
73.7174782975
65.6405561756
66.8445119215
73.5155113997
102.89299132
88.6198952245
22.0460332631
364.539938
76.8483873818
86.4837906733
47.0783378497
33.2046243307
114.707366186
89.5917348236
67.8606843547
61.9301935099
0.0169916926025
0.00307400794896
0.00261974635869
0.00216478048203
0.0
0.0
0.0
0.0
0.0
0.0
0.0
0.0
0.0
0.0
0.0
0.0
0.0
0.0
0.0
0.0
0.0
0.0
0.0
86.3516297098
418.431871365
171.719351414
119.279025953
85.6575734901
20.7241306336
277.129340872
42.2318255789
0.0
0.0
136.516207374
355.329382893
540.05472918
561.505174311
612.584398367
573.404563312
524.495834272
451.005211342
362.692912857
276.496069117
113.204611174
0.0
0.0
0.0
0.0
0.0
0.0
0.0
0.0
0.0
0.0
40.2353486714
0.0
0.0109940483146
26.261285199
116.035327805
66.6681933256
48.1675159884
68.1179981644
0.0714366912879
0.0614889672915
0.0438938335301
0.0775951478009
18.73713379
18.7930417523
17.013745703
0.0105604597681
0.0134826746378
0.0122928744245
0.0117610591686
0.0235249765178
23.0194135704
80.1218775864
76.2998350001
51.2064516944
0.0253550648759
615.425507319
894.163326442
85.4729462255
60.3968582952
68.1430772155
25.0138524279
324.339221069
36.8882939552
133.062218004
216.771988856
52.6747971914
0.0472451905797
0.0526155131625
24.5044997298
0.0382638684841
0.0262986579108
0.0305018392885
0.0210763569331
71.2053706278
331.709310087
204.068997416
223.572256242
257.370746404
0.0753840486639
73.3591206604
73.003251792
407.203999928
67.3239205792
149.040078484
18.2649612575
17.8266334208
88.8718713021
141.65511486
109.497035754
34.5117694738
161.638651313
311.857659393
175.360161585
256.658651162
27.9286875787
66.7588782758
35.7509674686
21.026151232
0.0863648541945
18.2952116152
0.0917561968411
0.0529782295506
0.0686203243404
0.0396288755492
0.037514750795
0.0317117726863
0.0294496942315
0.0266696508321
0.030035171069
0.0298163423083
48.0960854379
0.0284028302055
0.0397513758958
48.9455691732
22.6760720013
38.4860554575
18.5948726295
54.9883895305
0.0403230167484
69.3906970805
0.0762636076254
80.0573400849
0.127862741932
227.902766585
192.459940103
0.0224295377552
0.0158576722881
173.749128782
19.4613973625
0.130586894364
68.454920041
0.209448918306
21.0332895294
0.0820626100135
0.0788569495999
76.4602015244
0.0924919843737
71.3998847844
43.3232094714
54.6666199088
66.2836012394
31.5700669504
418.364026494
0.150148439731
0.0741893304495
19.2602931653
0.173665765871
0.142464316306
24.9522153314
54.4006625614
23.9907804759
16.4988152889
47.4085407937
205.82646644
251.669542022
221.665877086
193.360031059
200.952001082
152.656919925
131.688359023
47.1073218466
22.6093019455
0.223854274848
0.191604228803
21.0570327912
20.0265000423
30.9626639515
0.175223413467
17.2989528375
29.1291038286
0.164744114999
0.150219378004
0.247523978461
0.214648171217
19.2948244507
76.0189815474
290.428747006
20.450775512
117.012939135
179.862074094
50.1630417396
0.142174612161
21.6324384665
33.0302937341
109.236171113
236.596888953
454.400254495
272.775421592
0.200615802036
0.185626430385
21.5305192373
59.5804611983
128.864445936
134.416794588
125.093342123
0.237965281702
116.247815272
0.399229522777
0.272303723095
58.349513099
38.1070737022
51.8219732555
75.9734255138
0.343383529976
0.281453826436
0.300446483389
90.9073419854
328.838764022
347.404364837
341.331672955
199.480444295
0.329469720784
0.0880300412199
0.11247392901
0.112828225743
177.954261392
339.31498263
303.846723472
295.184069539
349.339458636
0.0797411320424
51.8930935018
54.9457634253
0.125166098202
71.4208853907
27.5933000722
78.1462324032
0.193878063992
575.280147972
492.10110234
789.118265472
289.317897897
275.014597699
615.71661274
67.8898194326
0.235761587935
33.7571596141
140.275717234
28.0793450475
60.9130817851
56.5399495009
21.1907095507
17.7408038097
18.0201142152
17.2765854848
17.6321351763
17.084740764
0.26931453102
0.253472244132
0.259924693359
0.292344485546
0.245336530491
148.954622195
93.9569219319
20.6137844461
0.269757686398
17.2044604815
0.270174527007
70.7964881192
341.808012857
396.612412598
0.271138819147
0.22778781678
484.648910636
367.055693528
235.16347805
192.950497868
244.846443146
320.594904537
222.12177269
306.511692682
340.3674897
334.095998149
313.154267403
243.866956312
337.370621675
90.6938449631
23.5141866737
16.7287437331
0.123771214213
0.106934115568
0.102680217606
0.0981477830351
0.0686621658836
0.0526787369427
0.0440217857596
281.173877877
687.568938218
636.144571731
630.101181511
31.2821322228
23.7773706622
0.131947726604
0.138204921146
0.146781135516
0.156004408997
115.811538987
116.158659241
0.148616430323
40.9369332514
0.0831139267156
0.0855303701083
0.0920269398221
0.098695739599
45.9960649262
0.204298802141
0.253179956739
0.1861680085
21.4445895836
0.0881455298578
0.0996321056994
0.151209984365
0.130330976207
290.684162948
25.1418068453
94.9720559625
92.9596996462
496.569090498
153.773969356
212.133345521
97.1147486213
0.063191979464
170.428816159
0.109638318101
74.2333875378
0.156917718949
23.896368525
23.7225782121
0.129410339067
24.680394075
0.13267548737
0.128647504242
21.3017749493
21.8118059616
0.136321026087
0.120853127573
16.9864358129
0.103858641809
66.7446924566
65.0395095709
24.0093155818
67.1206365328
124.249268618
98.0592191075
133.135144217
18.0043005881
86.9027490797
66.0344982435
96.0268580828
114.633901552
0.0537982878972
27.0198567894
0.035060079369
23.8264135312
102.519859408
0.126867910825
0.207332203594
20.4148693727
0.219867731221
20.6929409737
0.235443836353
0.232049383989
0.22991988536
0.222120915183
0.218222987186
0.208231185437
50.3152585669
0.183598175982
0.185044015282
0.183037084559
0.187739283698
109.755168222
0.18476337226
0.1792326692
0.205997375508
63.7359033358
23.1916526658
16.9708382853
74.3036661345
16.9744419329
33.5894679419
18.0290430888
0.264623221513
0.276897516717
0.299616084489
0.30285514318
0.300827466711
0.298387638847
108.064796569
88.2713007621
85.5910990411
67.1349304555
22.7118874677
18.1809076527
0.270005767859
0.269384090898
0.260290764548
0.257708064588
0.253149561939
0.246655847542
0.238647514744
0.230080892879
0.221925821615
0.214658880576
0.208229440878
0.201585284082
0.195612115228
0.190102492128
0.184364972735
96.7046031323
90.7962348377
84.8630156647
83.5813374946
85.6396636633
85.4744552924
0.129074340529
0.124659628143
0.112645191659
68.0604411361
0.0399710100406
0.173262741643
0.184320560354
17.1345676821
0.198316654819
0.190515033178
0.175456334924
0.175166731508
26.5793915492
0.173042903277
0.169671469189
0.163454928982
0.161270309988
0.157171443451
0.154031833256
18.7659516218
0.144767378944
35.9571863599
30.2276700354
27.1972510372
60.6990118015
0.145287332761
0.130320601628
19.4934881016
17.4661943089
0.313264430469
0.412878201336
19.2106528385
18.2738522304
0.433684187018
16.7587069861
0.45658660627
0.5067606167
19.9624003649
164.306335459
0.46785454817
17.4123207238
0.427588426748
0.42846632661
0.421740202613
0.409136969506
0.415863268576
0.465283928747
0.111291381212
16.4299232184
17.9047000179
0.138609841694
0.144361020195
0.150771906397
91.3023936883
746.287426175
0.162408317507
452.196396671
0.148933153812
77.1068897173
0.285204575788
23.1990270665
35.9945898651
284.452667125
270.836662536
161.757935826
20.812128674
0.16405865879
0.132321637468
20.9765465422
17.6947268983
0.132498364395
0.0836185188384
0.190487965912
131.19740345
28.4695996541
114.311071075
29.7505513337
207.68668705
365.425088541
318.497428015
85.0732206839
0.0837237433927
138.95467818
0.0390690248195
0.063381866092
53.8565031872
128.278701454
249.696384644
19.6721146586
18.3527252064
148.021613973
16.5696209367
0.0731322148102
25.4428397656
30.9113056671
314.358934334
84.6764046815
475.789643398
0.0378655362275
245.21667945
20.091235729
0.0524129244767
134.194292816
455.26748548
220.624530373
317.755819153
298.650212585
95.1625548831
70.3012483624
200.096203308
0.0
0.00263910530499
53.4412811216
0.0214909227138
210.063120983
118.602087489
0.129027738739
0.1435008989
81.3963014032
18.8351625448
41.1997768237
17.6519470924
504.697471066
586.301541127
21.4714927837
89.1786756752
419.928407229
195.872826531
43.9332391944
280.495362126
396.448139977
16.9663382643
16.5975365352
19.368104926
18.3855095156
48.393620617
261.699090845
238.322555861
135.346502498
253.002017313
46.0594896075
0.0947398349764
0.0434371199906
23.1618512665
18.3516698561
16.3789050983
0.110425044401
323.014060159
45.394189037
0.0311766129197
0.0521714352554
0.188810685825
27.771166983
52.6588911887
0.135537723934
0.211146481348
0.423063536638
0.301015779182
243.217214824
330.606012275
331.804883401
45.9506598217
0.0498916074843
0.031158955693
288.671480074
84.8997690477
280.074912018
443.193550978
383.496741433
347.359983082
474.877936887
193.00520569
0.0
18.7153284974
197.441591414
16.8424176144
0.0
72.5326226726
0.0
0.011148333964
20.2390039203
38.4167506895
180.228983511
73.4814542828
21.6336187374
529.332710602
0.0244039865356
0.042417894087
66.6872804081
413.767084342
0.139447789116
0.129286552884
0.130825471006
87.4140285938
107.972708268
147.500374459
32.8697947792
163.295753029
39.2587851508
162.533581536
0.0570219755199
287.789560024
16.592283749
137.955358234
22.9711263425
27.3027728674
0.222874800579
118.298581593
214.389283513
87.4010538035
22.6278748113
30.3070607115
73.439267048
16.6206027426
36.4158321709
25.0790417067
16.4924195936
0.0886688458632
16.7155897645
187.165884485
304.434016264
93.0359153831
114.118227845
79.0836160496
0.0950407659341
0.0682653741073
0.0693556891986
0.0654535051151
1546.88825502
976.433125768
309.47799116
133.087617765
80.2762269091
0.0
0.0
80.692005048
60.3655530547
817.78537184
1511.68222208
0.0
242.843921422
138.774553118
156.638040014
0.0408201552759
43.2657897161
100.87195962
63.8806447569
198.015619193
193.389890139
166.332822658
1022.172343
0.101007987428
25.0390237549
0.150670145179
0.197098193067
284.951346728
172.346040297
200.454724796
333.831417615
101.579919177
99.0149722205
199.186824081
41.0229688439
55.3296994954
0.0218400613195
0.197313627804
102.89475042
0.0970694711711
70.6674554005
60.5277680672
94.381638883
19.0624387253
0.0775178059925
22.3595453763
17.4619492435
59.8895947419
22.1271067319
91.213572706
100.373144111
65.4737310191
0.103852379261
91.4885271545
19.2332704816
0.105049769741
18.8066225588
0.0323057473102
41.8777128297
158.006996391
59.4029878195
159.831156415
62.7943524169
265.736544078
18.8969839003
0.0
34.4639021355
88.4305215631
64.4205965319
51.740689782
348.92138842
317.918670021
17.2448868242
160.755985263
0.00920901293393
202.347443019
0.0
27.2882903834
90.0399903581
119.377567614
0.0136960136255
159.241439938
0.0876005658894
57.3153672682
158.029677734
0.13614797075
102.103039175
0.173261152093
0.119835060252
18.9519032485
78.4031376672
108.489270885
131.859082948
107.270189311
143.62102409
57.6432079588
662.691177372
159.277318804
0.0934351301209
22.2560023918
0.0964428744305
0.115193661729
0.173365736891
0.309226995577
364.605732381
149.875090853
0.527164171283
98.2805972615
285.708894908
128.796281424
39.0017182115
0.0805760391756
410.619200122
174.554364116
37.4487852058
28.9498737894
0.0969803594062
122.710318466
55.361552749
157.791261414
270.18959189
17.6542459555
0.142330771277
0.115488835174
231.969620301
248.63909423
69.6726809172
36.5628916535
0.0803046035451
138.114165059
0.0376223342057
105.587908541
689.288081251
305.49576966
167.042198851
107.214746292
38.5296020496
71.5684733911
252.492186932
0.0214998615649
349.772264055
0.0145619909225
0.0
0.00683852426698
243.070831376
27.2376917446
0.0441563162062
0.112977431661
0.189921891706
0.146620772466
121.597022371
82.9237038131
20.9964284887
224.316156459
0.0882513026109
91.3817522771
88.6613980382
0.0
144.301172299
85.5736041279
21.3520315801
98.0716295869
0.134214810245
17.1157205395
0.049679801507
0.0839908558846
119.312722801
167.558015113
36.1597275397
195.941359386
155.265810651
65.8027716061
148.99354243
18.2645276026
209.630517036
73.328649517
0.0860670667578
76.968614672
205.525655595
60.265989415
61.5674372526
101.693463257
23.9060092727
37.5227023976
675.364985901
0.0358793019786
194.069825295
82.9080317174
92.5686761367
0.0231869873814
0.05720097896
0.0372770905917
1291.20318661
40.5067762884
48.0789433806
0.929199835427
0.894501341694
0.507535683013
333.741259958
101.999516187
0.185778530037
51.2795552263
213.628284395
0.361555762605
396.429781984
127.608097536
0.258236484694
38.1142803422
122.527714766
124.695426189
64.5390037996
176.856578477
299.693363815
47.6762235568
41.5059736962
0.183807415754
137.093045258
192.091617258
0.236910441954
432.412272893
500.656110423
3903.14539873
2833.98512211
170.606281237
255.622719284
42.875481539
158.473244157
46.5017702867
0.0
0.0
0.0
0.0
52.5400395765
0.0
37.8726296643
41.8450712497
49.3850264007
51.6562288577
0.0
0.0
0.0
0.0
0.0
0.0
100.135256334
186.305685249
0.0
40.1435513325
38.9300023331
457.004031347
206.943796253
83.990889632
48.31703702
115.857086306
81.0341128225
48.6750214192
429.823358857
42.7356528732
111.692816173
52.9767852011
397.075703617
184.568620508
179.627962598
486.34906895
251.40179931
267.816515609
407.405792689
439.547393307
537.165028457
55.4263968453
79.9368699133
73.843838442
249.346737045
397.436341769
0.126669748918
60.0753542555
57.205968471
471.29380916
360.942545992
0.115937926618
39.8220001793
0.445566199322
0.307714808738
0.263189306527
240.918544689
0.319892430578
0.325046387763
40.0124708981
158.347959408
0.236041976769
3334.86242311
2535.59956265
1750.12743559
37.9229275388
285.199985169
316.481120441
254.871787728
48.0943311277
0.0404593684208
542.30232537
312.907820869
454.31461348
0.0
55.2187694046
390.269500962
133.998929725
107.602795908
0.0082709553377
434.627716501
372.174492699
42.0718925148
0.020117930661
0.0608693391448
446.237432056
1658.37457709
2453.93865198
162.861900681
62.5860443142
0.0196763856607
0.0687895866909
100.066676957
45.4141481701
323.026803627
108.691038243
184.032576717
44.4634846597
39.7950865445
50.5115771389
81.0255069268
0.15859178115
47.8751338984
0.306667940632
289.929198583
131.005166289
51.5278253697
0.357397506242
0.442880363036
38.4453403081
0.114749455254
0.103179309905
284.421081416
0.107917178682
443.650393456
258.949812871
47.5747674783
293.132516658
0.294591825238
86.1802824844
125.754987779
0.396599451102
95.9653589676
0.351561950648
0.149039033728
415.316313372
43.8692990571
45.2583428093
210.732397217
490.377134362
134.34555266
274.553287306
0.123487577457
239.695325696
224.322407898
0.011905611483
3275.67161648
2411.89989102
1003.98798904
203.671357863
444.636608354
0.0
0.0
0.0045490432524
436.93648889
0.0
65.2917168554
76.6636032062
141.675341123
0.0935884334137
0.119584452229
46.0476376431
154.420925519
49.5819022871
54.2744199896
57.0173387689
41.8330691267
0.269552564967
0.364638000031
0.625996109464
0.588378371917
0.500684395785
100.735028702
50.628552277
0.608062323102
111.059309163
153.508893369
0.355639671245
0.527742263165
50.99892752
57.4530409487
242.599483399
265.763513054
190.564817837
0.274324045003
232.04999933
117.276097741
171.894147743
194.92633507
48.9334700757
0.168923990551
205.734752652
247.946901206
0.256892860506
828.174205336
0.738218000402
141.894046301
90.6106873814
113.929090308
582.597467216
44.9693355055
0.418316104439
0.521187394128
0.388904731794
159.926428641
53.5606653479
265.762789648
154.48502686
377.00460829
273.725665076
78.2578515029
0.0
0.0
0.0
0.0
0.0
0.0119154103306
0.0108455573843
0.0122093249348
46.654126133
156.098488872
0.0573881083846
703.329711819
0.130899313768
50.2473849512
0.253923147981
44.7314846175
222.163193772
52.0430755463
38.3340638422
182.08052105
87.8071470389
0.311452048259
104.786956544
0.536728288471
84.2987754681
40.01083204
1.48792433662
64.8162778334
0.212353808903
0.16614229685
44.9810423065
143.998686428
140.901461712
284.556389413
46.6510361694
44.1278983392
308.759047399
124.939192471
49.5619990602
0.190956335452
42.0601665611
110.53333827
221.451151462
121.249040591
205.263962226
219.088382574
215.533091869
179.63911985
55.9700429481
223.715250196
225.114726546
71.8870650991
236.799716305
66.210850404
101.787586751
145.795801345
68.1748978314
65.1080624536
63.0370231549
56.0407334771
46.0979855074
38.437203024
194.502399146
423.299101967
248.148222182
0.0
482.475026586
274.256072901
91.461562652
0.0
0.0
0.0276970103847
0.0265515379564
0.0482916672802
173.016843213
145.791074582
60.5373392247
0.10500431006
0.130607022869
0.223425866343
0.183891572934
91.3743793499
98.6017092386
96.8004901373
140.570675133
0.0374046233044
0.0566290740855
0.0617216743744
38.6883376985
270.506201322
88.6260697304
57.5194840529
0.140665510363
43.3884507104
56.6605584783
90.6207149089
0.509968741808
0.398531231801
0.306158439453
234.515285809
0.28874205155
107.242091576
115.168737687
0.0921409461702
126.592829545
119.134249021
0.0995087709093
49.9972514218
59.4783744073
48.261294009
0.277037090739
46.9134245506
0.457713704902
279.516311879
41.395033008
421.676855974
50.3160303256
303.412475481
0.402887670884
167.483162208
0.414607080229
479.251201523
0.242904966463
569.241082984
515.154634899
157.265681151
39.7908896499
321.933304996
121.109799323
0.0
0.0
0.0
0.0
145.200180774
0.0
0.0
325.770756109
38.7601656911
42.935946553
0.0267002984844
94.0354511629
106.403461907
40.5177541185
40.7330074497
0.327831938768
142.83605326
127.783889897
59.1287707718
305.925084515
140.998710676
0.391756064722
0.489279625316
0.750847286336
0.605577357035
0.625646280554
0.92043386004
73.6898765026
43.1276180023
0.474227145023
0.615961507453
75.7669360274
205.033245929
412.823664266
97.9534398884
0.651273549792
65.9948010641
387.852970859
47.7393494221
41.2299533097
372.953054228
82.4581601358
351.197065307
213.841280169
200.91544909
53.1573764223
0.10330734226
808.653693708
931.368059051
122.171583133
51.7057484361
0.110834993653
395.924961107
331.80864792
0.0185274205995
0.0
59.2141323882
39.6791662125
322.721936923
328.11905353
495.188325679
111.5003378
167.368771033
0.143313166183
138.468924825
143.066686439
0.141612771707
0.190470462393
181.805847748
291.583583059
0.196561614688
164.62224198
251.473964197
132.649852092
49.2631208715
0.41254067819
117.406989968
428.256785622
89.0465158092
121.655515197
40.8497956077
0.0705180153705
0.0779537434367
132.201792169
92.1582501586
0.128865756943
0.0914678223842
184.269939083
101.30181051
0.113113660262
41.8449406896
0.0469539504387
224.475343567
0.0132325912519
39.6815132934
38.6964368656
0.302499290479
54.9064391553
56.507755304
69.5635434484
362.59362639
0.21061997331
109.89797524
385.07743706
123.695685734
0.109085504881
118.673600922
0.0826397131858
319.912935366
279.396002219
0.321907289192
45.0143362546
213.44299968
116.008097934
37.6797203432
360.329230644
0.670973762791
46.3318402617
54.9008573748
226.779793223
70.0795054508
0.36526862008
305.697675852
64.0363259216
42.4983261351
96.9821072044
39.3646960598
41.2554783147
137.320284681
0.0129631409212
469.252491727
253.333379468
1732.16283177
0.0240358527542
39.6660776244
0.0641215573542
0.0449967558877
37.7232235285
0.065197801178
625.805898743
0.291111570368
0.30546901267
0.342763652381
0.307179928069
0.288647441091
154.816209825
109.123939629
53.9893992451
46.0348247671
38.4049682742
0.241065918489
0.455279358092
203.263987678
156.839226756
87.5647351911
452.065143261
318.980933071
0.549965031219
147.792932117
0.370912488857
385.263947475
0.666734104055
208.430379278
49.9589841911
45.8732611543
41.1292036367
380.914243886
141.220751122
159.916268639
423.158780692
0.196210241539
0.181570299717
256.120807661
0.366633581624
0.371969763722
0.381987109778
481.668828841
49.0314139839
95.2273816743
325.317945364
744.540883833
0.455727900854
206.683664765
0.241522013883
0.242494978779
362.666990669
0.120426428233
462.211887727
116.996075016
0.122465983049
174.40037015
46.6241221801
500.059167052
227.059468618
464.98493315
79.6368395193
469.971964415
178.226901116
0.0597212664024
116.214952563
0.0859138593784
40.598178606
426.576845754
60.0029096414
0.161632191498
173.886139516
42.896453689
164.851969029
58.1556652268
41.3042430024
793.767150033
59.1033856631
0.260883329562
43.0989319862
40.0972015567
203.718950256
144.327798614
71.5955485793
146.093523223
39.3834312782
180.921336188
0.424390434293
0.100865070544
0.0562393753419
39.0423261721
181.730906687
233.359391917
42.772209045
0.256362871205
0.392001105952
165.703834224
0.357234692787
58.9423759318
119.547244905
102.037874016
0.204757107672
0.150464241437
0.0989104135285
44.7371109787
644.533713655
187.388153153
0.311763661563
71.8633209204
199.307102171
0.377780527563
115.652979968
53.894791328
98.0940765428
41.9516438589
68.7226190979
0.525927194077
223.535828356
0.395708467756
76.9134609752
152.390498511
256.415007774
124.470303702
0.0351249099221
295.124114017
131.295259758
0.0052699058443
190.989641762
37.8367791425
0.0
0.00976492977615
40.768566403
182.347357937
0.0103493044835
0.0175188993682
2735.40132353
120.164223496
0.0524624478248
0.0586826554912
306.599416582
121.537015615
438.106031446
656.758723341
0.471975879466
169.83979132
359.317842079
0.608410657788
51.9284137545
436.004073727
153.655942199
0.454574867754
389.393358151
47.6214842398
175.715025981
0.086591026485
100.368871064
207.147813702
193.839772428
91.8718549295
0.00718412193015
43.7849567474
44.1158587549
376.70203478
160.090695357
354.782086748
344.7678081
233.251658862
216.081332376
0.0812144560921
0.145533529416
52.7808770783
0.152363840078
49.6258583877
0.199469676972
173.810369436
0.180237206007
0.045900491947
154.626305073
45.8637104919
92.0635101637
120.656808734
260.722062455
242.810766342
40.7994302292
0.0266903652525
0.159348244927
144.614845386
0.136687062281
64.0725349702
166.244818913
153.477164813
464.26378232
128.962737485
416.423992617
159.130813148
122.854763284
248.367700447
236.12984484
182.735677568
471.623669262
39.8396109407
40.9697812927
0.0893618289118
127.53650482
113.42221595
40.5424113817
50.1007063793
161.784785859
133.052660047
37.9303652958
42.4021243282
258.378305784
1.11880923812
1.17417387281
84.3116697109
201.648291683
1.33502303422
157.45526897
146.625352191
155.9934178
138.906376763
43.7292240286
38.8807679098
0.199480702347
0.23717688563
0.0639685042128
0.0721052118721
0.178117396347
0.217562464461
85.4091932412
41.0535989353
37.7028142457
0.396687957327
83.0157713023
183.240770642
60.5478690468
53.7417159889
64.7932555778
60.4082900438
48.5341079194
0.66271086933
0.651725590972
0.635305144817
187.104067543
59.8944163223
0.28225908962
0.0725813274921
687.421538136
134.580920624
161.337761191
70.2237662265
150.847497605
55.5762679174
0.0
1070.00957076
1054.4400892
39.7024367329
59.5327936429
45.4286036745
64.6597284445
129.869981945
393.608941265
522.253225297
187.627105712
154.429146225
133.010898204
75.1874234746
76.2148369436
133.89788335
315.814056593
0.0
0.0
0.0
60.1969578221
77.9971911942
60.387779697
151.481375045
99.4495567684
94.4072349595
119.764771458
238.551712009
219.582787149
0.221150132674
63.2711080701
0.247048039826
0.230416643052
0.218201067863
0.191376904556
0.141634289602
0.0964089837525
0.0466963817407
0.0551052466385
0.0702411925998
0.0780577148319
38.8396934841
41.743793548
75.9652675847
132.666034641
585.009197865
884.084937589
571.002628601
61.5666458284
231.553970381
105.97858378
64.0923399655
381.234573459
0.0691358397308
265.910308985
87.0775466542
0.0
0.0
341.291406132
50.7906557559
46.1893004923
126.506589887
52.6491147294
49.4545696026
50.1225551206
182.560295248
0.0
124.344239035
247.346910014
304.906471363
0.0308962920494
43.4459192183
0.0426476023803
0.023140865332
1056.23719454
41.3533005167
41.4821043418
293.003995174
0.0575712338605
0.059812391683
0.0648339624266
565.795560271
126.634314214
44.2654338867
43.4230934732
42.0992906361
63.6224404773
42.9251061843
49.4894836258
43.6423224945
0.0237272769845
229.710602969
187.046631022
53.9135999585
53.5953636375
259.069961615
51.7950414008
0.217777497238
154.443454415
39.6137390995
57.9534865247
0.0311875258495
0.0405776813726
0.0457495795742
0.0636535844007
0.0489341889925
38.7005502042
0.178955884335
0.176759958903
0.138781771257
0.10004069099
0.044777910979
229.374586476
0.106150355062
0.137114717861
42.4659167755
45.040174636
44.2121645637
40.783222177
1364.92708938
46.2343258173
0.160578472231
0.11615129588
38.7375520755
38.0230465113
0.0
264.792495175
131.376446552
271.349928126
174.683828521
56.4432194913
286.778313486
126.02709572
0.0
0.0
473.706918527
711.093369747
0.0
803.047595442
890.973247936
895.132040968
884.53050575
713.091746757
593.724007997
532.183814227
413.475787527
298.364248131
0.0
0.0
0.0
0.0
0.0
0.0
271.74478258
0.0
0.0164641799718
0.0177143873912
0.0171951138845
85.6407784555
0.0462151480911
0.0327830136032
41.5103068276
0.0679822143295
0.103073074208
0.137855420946
0.056691843144
0.153839008483
610.330899235
432.512302801
0.268023240599
80.6767394415
512.806316575
352.914588325
97.6403908176
296.234408075
0.0424802790714
0.0545484200533
54.7837391365
0.130125612896
0.166523680414
0.199248240344
0.181579846932
350.900880425
151.592109548
55.0453909378
64.6431641267
46.7401455611
0.0372907468716
171.628960389
137.012452433
135.84872973
181.910041139
187.417677261
0.098288182889
137.790506608
44.5560750086
0.0197178634361
0.0137195793425
0.0
48.4925411424
162.411237187
199.687705087
221.884981113
0.164415694965
38.6348399902
0.231344931683
45.2973063749
41.2191098345
0.567642508065
41.7121062675
0.219056514389
179.092858337
42.7253430541
0.460037156267
46.6979480837
147.084739149
211.90647416
50.5934621053
448.737298916
260.164028014
54.0667696418
0.068581639717
0.106016333579
125.975573764
38.7463180789
0.252620016782
47.5324199995
0.505651448134
0.524986320292
0.317251210329
0.277963207292
42.8936948356
38.7472479722
0.102915651929
0.109254913375
0.117995108459
0.0829398125777
0.0114067832563
377.873146625
47.4109648539
264.381779699
39.066918578
0.176622908337
0.32449988787
243.218084245
351.074017092
386.36016377
0.687318078025
76.4605586211
174.951373796
66.5489879213
102.504888679
400.244643407
125.315523867
226.944180522
0.236023462489
207.761125504
0.28016755166
0.110393761263
0.0045858031042
0.0
0.0
0.0
0.00578096534457
679.331528991
68.1170684561
58.2351331246
0.228870288981
187.970482395
0.19625859537
0.226156674317
94.7693389472
0.296281181411
0.457510794857
84.4904129275
0.230349831341
0.237125521204
443.280712303
245.970553909
271.485793976
215.080852009
324.754255426
323.021563212
259.838554014
170.378855518
0.822128723154
38.7910864163
56.3791946608
74.7997824352
202.689694131
0.41881378402
58.9253724144
52.8592855257
62.6284366145
126.979280169
0.574845935797
0.332647718671
0.158025092822
0.126309375444
649.001856473
91.0225455158
0.12172068743
0.110734154075
735.620001165
278.7413614
169.871682567
150.427010069
126.284076227
0.472727110567
221.363709114
329.017254258
327.249021521
498.926159128
385.341469954
0.300022161392
0.306773898275
0.293865346072
256.551547285
100.36833547
144.168027346
116.962586618
64.5405190272
0.12333450867
42.2661438926
0.0257252818773
87.9402180321
38.598148687
66.6042207482
112.176534506
0.0
0.0
0.0
222.582045296
290.241870718
337.254854398
324.532729159
192.247365079
0.165240528346
0.189212421934
0.170651135875
42.3567951084
242.356716138
261.2816264
194.100371063
247.2518988
474.438183246
0.386760609418
153.521539053
46.9067093979
107.82785081
0.777952370935
50.4099044441
73.1142975673
356.777954962
518.310170917
469.528931604
578.182737251
480.449196383
503.069705888
632.977518019
0.324456189743
0.506225343259
39.3322606049
865.714780365
373.409126936
0.613129265537
181.286091384
43.2225377639
361.603007404
316.472568063
213.12166227
372.777155554
514.160901056
223.829882957
495.061423541
760.498955114
250.318149014
0.519818631337
137.845414061
144.366396411
48.2035382502
1.14545823217
1.02911050601
43.4581104065
38.48561367
355.310110554
311.725689619
169.605795511
653.355500392
589.360900103
386.003242521
308.598013863
376.601286547
410.993513239
100.54159376
300.464653252
396.299837427
369.482632004
302.997509484
380.336333911
84.0912447566
221.474624372
208.275903844
302.243284102
0.527156358804
150.869078936
51.381419136
44.5936659744
58.7109057373
0.286871625843
0.136590979859
0.276462753035
329.6266645
572.867026788
0.691968395769
462.49262082
54.5139531251
218.003553457
164.922588967
165.252250009
0.14198343208
164.344346014
76.6191581778
226.277365778
54.9148219054
42.254968964
0.210649977396
0.172855257129
0.114737374217
0.195373212094
0.196821496168
56.8081337266
0.122048622384
0.154128933099
224.275491224
0.073204049958
140.838146021
176.00642284
181.305350278
159.976503281
94.929840182
300.49517163
64.8533595652
296.822175894
272.138104526
348.685275018
216.93100032
311.946267705
278.489680585
138.607669846
0.205984764271
0.227902854233
0.226181876517
0.151486018117
0.206404901359
80.552873346
126.632341633
139.269456656
140.975663172
130.217512208
186.412469892
0.118220501492
0.0976182190358
0.081589270027
0.0796965484909
0.0778591961839
37.9497056841
66.4368411718
191.376028828
0.108124428405
217.280909394
516.21448249
146.363408309
148.615255866
551.874403547
0.0667846128015
542.548833137
0.0568309567729
59.6231823267
514.001786082
0.102632670581
43.9206252163
0.149084327096
0.188790583422
0.201205223013
0.226670070522
50.4832998183
60.4988871291
100.145258143
0.115027817581
143.600367322
365.276585264
170.500267787
0.0
37.7315783419
46.9044044287
40.6893499516
0.0
0.0
0.0
0.0
0.0
495.533360621
44.9861925043
175.877874041
50.4091663332
205.278590283
0.138477032875
123.535316134
314.66409354
149.440171613
211.254234704
39.798193985
0.319652089309
153.033764933
0.349506422928
143.344660735
1217.50000005
251.864207189
0.407573379115
0.3979714722
0.393115573621
42.2028709279
38.7359826462
117.173349944
0.300698112731
122.335511881
258.201980314
235.189949572
335.202841259
217.144212328
131.953330808
48.2845206712
0.168981290118
157.872343555
0.0637495257055
0.0445746641718
393.445109922
57.5073930173
344.888986136
75.0012430679
15.2604680807
47.1174687759
20.4079941419
266.267672995
0.159396299809
24.2611930204
0.207382061796
21.4942043238
104.4184696
63.4030712816
20.9459209821
0.628400244585
0.602621444716
0.776930773618
34.5503804186
149.393207094
60.9075085952
65.5599007722
22.98666734
0.573782146949
61.7259233888
0.608319051248
189.693148379
365.026885977
238.59309699
118.835357477
0.401929900161
0.535641204221
0.407315285739
16.7749403526
15.0642212411
94.5853861164
52.5868682041
612.460509673
60.5124474444
63.7019113446
20.8772874168
442.446099013
22.7310526136
178.516426353
36.7611917231
22.7450661621
0.0652618365632
0.0868921330371
21.7719035273
18.4085081644
15.0421277334
0.23568948796
16.6350461721
48.6814450347
0.204872003234
0.205216044887
24.8788144108
18.1020309246
29.5472617822
25.1467365649
19.0552319605
0.0
0.0
31.7144545647
268.248727993
24.0681540913
22.7306626104
47.1318515081
0.067849298197
324.52852708
69.3274872215
217.654072945
73.0705494424
49.6930547118
28.4181913641
0.115335911232
152.540684459
35.3957881267
22.105079692
17.2632766905
46.5335071285
15.842723581
0.389672504457
355.109581832
81.6829303205
38.1417757835
37.4058772395
25.5578587161
19.9158987869
0.267460707833
242.543241823
23.9487675445
73.2733335653
62.2342252956
37.47145183
34.8801371917
19.8631268809
129.334962192
141.392540286
74.3499415849
16.3705755316
94.2354371084
23.8728432337
22.8510285345
0.18331898081
45.3861711569
15.165366637
0.0654722572396
103.685300463
109.131393549
0.107081776326
18.3210562632
0.106124403899
0.12520140196
0.179060854551
65.0643752374
61.9517714677
0.0174857361282
432.728467771
17.8740227028
31.8375942747
0.00940975994649
21.7322679547
0.0808428113652
19.5513115791
25.6916344665
0.0417106255262
72.5122191633
47.8694162418
88.5315426715
0.0421258855054
24.3950340751
133.002172407
63.2817143259
128.996210102
41.7134180058
0.0887535744917
22.1465809262
22.7887198469
89.2888298107
310.701378656
22.7901834452
110.02570463
125.228031846
0.206688542055
0.261445556422
21.7347782985
24.4759685073
103.632362654
450.524688063
20.626677336
23.6097421531
16.6024590084
212.784940739
661.577354912
25.4325905806
19.725025508
183.049737489
251.09291971
0.335770043881
31.9429112511
21.475181916
19.5542807992
215.55416261
100.615184764
35.7039436583
613.432682956
86.9832648991
0.0336995462373
0.0127404445181
17.0275368568
113.624736804
109.205992483
16.3029244507
20.034482328
19.270940248
0.0899890849611
20.0682243128
18.1581589163
19.2576244294
23.3057861624
0.0845304097942
0.0749747566572
21.3234992582
19.9157091615
88.5707508522
20.0098748259
57.9651903267
22.7064844268
0.0822155057042
59.79544395
43.8414799427
0.0358333314586
0.0459936776792
23.0679324896
23.4796790481
0.108147181548
65.8477474919
76.5642403354
72.6185448451
58.3028702081
26.3444524917
23.7474277826
16.0494027482
52.6899866653
45.8130257175
40.5790927935
21.2406640023
20.5441512083
0.1998397055
0.234548601249
16.2078474422
35.9683083522
26.5787604311
203.713950635
136.056092278
22.2077098546
29.7297675967
0.3136696044
0.217119525122
0.136932189952
0.0920692902396
22.2587193163
0.118369729301
91.3705595121
59.4463900792
0.173498523929
17.4889696433
0.087624249831
15.9080561129
19.5790228945
0.173043802758
199.971283332
23.7483410526
37.7276529308
15.1554688241
83.3534294756
0.0606455688572
17.2274414962
33.6249075903
16.6264991923
42.4913927638
0.178580444235
71.3533150722
0.42623252748
51.2531271998
88.4343156444
0.122098961853
0.149587918445
0.149479940732
15.305551722
21.5714389243
20.9964901666
0.0787673738052
18.3752890781
35.363125112
0.109814405603
0.0991919669763
0.115629211418
0.109231083553
17.3300537038
18.0966391585
0.159258591479
39.8055832665
0.143345364704
0.0806889542914
18.1744127953
175.215220243
0.142966905465
198.339660566
15.0292649464
28.4174711024
21.0278286416
18.8103667604
0.321264031035
20.44794675
0.370251798592
16.0123427003
0.388353637035
62.6495696447
0.349873794422
19.1346937956
0.36108787061
15.9539072557
40.268656341
149.60626824
0.450671406631
0.218942061005
82.2232933645
0.332390623391
77.9577079951
51.4880879733
178.414361593
160.769695123
0.141016711348
52.2963196726
31.2455965697
16.8237624976
0.109538223363
31.300778347
72.5899056456
48.2224402897
35.5778462732
0.125013316631
0.0980998004013
0.246745689424
0.329679852051
0.141026333947
25.6674955933
96.2023511731
20.0920907943
0.284229839373
0.203719319355
20.3457902976
0.109989109628
56.9217976669
30.085557888
0.139944920712
16.0630239827
173.653110221
0.0568217903151
0.0107260410751
0.0152008122653
16.889800536
17.2483051766
0.0494042737523
22.9673611963
0.0936465347883
0.23818110236
72.7819190496
29.0061188179
31.3109509362
83.0160840517
20.3851167787
0.297256328136
0.310603205323
20.0364435419
18.2355699708
27.9202595853
0.101824903493
134.852410443
29.536370973
61.9057200763
48.830764064
33.2983584247
29.58599215
0.0723001436134
0.143523312694
20.6744042207
21.2955506558
63.012558167
15.7604785791
0.153233059859
39.486167217
42.6360631487
47.6810621911
91.8855311483
0.245955410431
69.4369069901
96.5600338197
68.2362279106
24.260529813
0.580416314613
0.189947706558
34.2874065704
35.3866464605
0.0611861679898
74.9649245336
0.10631703893
0.113392017205
80.0100824797
0.16322262687
16.7803464492
0.211814051714
0.171489407994
36.4011732558
0.162325065051
0.141684016592
0.191544945672
18.9985658477
77.568877803
0.077930582811
17.5970539781
27.0749206524
14.968576633
0.0179583589787
0.00618288679999
0.00558591064583
0.0251987868808
30.0604930125
142.463900088
76.2873872574
42.3294018194
16.936818037
59.0586223472
0.158121582879
16.8724987209
0.126307185305
21.2391872444
16.2740654194
216.144354088
258.363033225
42.8435693489
0.203152559259
16.6053026063
49.186449028
136.78944501
50.4670593636
15.1783027668
24.294819241
0.154423446885
0.22664562378
0.267616644162
314.628555268
49.1140005422
26.1200274673
0.676753194262
206.001074208
81.0511655379
22.0598751955
58.1321373031
104.714662742
85.6587100587
67.5172248789
0.081352207074
0.0553406387432
17.0172563313
21.7701297239
24.3164514951
101.864064538
0.239300067421
15.9393948804
41.3966665832
174.069498562
87.5489699157
0.482335284452
20.9843740261
0.664871865403
40.9441235331
51.2850790599
211.519348221
155.271528189
0.154738204523
40.5832961522
24.4231238233
0.116181679446
20.0959950669
91.530079632
132.673743277
21.1118978077
126.460518515
0.122003230902
16.3920961975
24.9986691091
44.4218860454
0.185645558121
0.194614610536
108.627262054
0.102281902836
0.0624983947477
140.382336204
15.6930606314
22.9728391849
29.9113754595
245.441932521
224.828685043
118.132229545
187.459692106
28.4788196716
111.459620693
0.178566390539
285.35725246
0.123991658844
41.2189474297
34.0928287915
0.17710388494
578.000234293
21.282809373
277.710751532
453.457198531
32.7522403069
43.409644514
0.139477682454
0.14686628157
79.0458845326
15.7658280371
46.1270841783
0.3070761824
62.8193314978
18.6970689435
67.2954952186
24.8201485704
32.5268947992
35.6497503024
43.0080533403
55.5144940419
43.8933353841
0.234466262234
0.3157229833
0.217728274148
0.2137794977
15.1368658995
46.7331953242
248.025434318
159.528591824
54.2054196507
43.4098466542
16.6263891988
0.0
0.0
0.0
0.0
15.9134703833
0.00297227860943
17.8455745087
147.585790715
17.1964266276
0.0
16.8859472077
53.9742984256
0.0
0.0
0.0
0.0
21.7337787592
45.0455883086
80.1790990749
127.061323123
18.140069262
0.0537793423828
41.6670478286
0.0630792033116
95.6843900556
0.0556333319011
0.0767473215171
70.948216547
109.929669604
20.1824112005
122.832185207
0.0
0.0
0.0
33.3765635853
0.0
16.4000889922
0.0
0.0
0.0
0.0
0.0
39.9369784594
27.8973492986
0.0
51.8224421445
24.835929041
89.659265688
24.9811422627
150.540984413
319.417528851
242.629370753
65.1737043
20.7728462344
68.0264304747
23.0686003693
28.3040828537
0.048940578808
0.0516121734664
62.0791330661
0.0328217275129
18.7240914727
226.403747445
136.461426961
32.0000608142
0.0
0.0
0.0
0.0
53.0296680128
0.0
0.0
0.0
0.0
0.0
18.0400641563
0.0
0.0
0.0
0.0
15.7793296508
143.633843339
0.0127651186476
69.3279734671
60.8167231511
50.977476725
0.0983387290158
64.4688193255
0.100380998478
44.0652895639
0.106933722408
214.688690321
187.746321274
86.8352578863
58.8344616601
44.4518588403
42.1575848447
143.337661972
0.0
51.5008868947
19.0001794838
18.1844804637
17.420194925
0.0
16.8451082004
35.8419347623
0.0
59.9303172941
81.9162437428
0.0
0.0
40.7641932525
48.0067866425
0.0
168.726083879
144.200837323
130.995072552
21.0791482337
0.0365804558932
101.829337721
29.6218921093
16.5244448399
67.2056508743
62.13702643
46.2512819588
61.3166942827
236.406043608
153.168313374
52.5369191813
0.0
0.0
0.0
0.0
0.0
0.0
0.0
0.0
0.0
0.0
0.0
0.0
0.0
0.0
0.0
62.5921476254
93.0389758313
35.3546141263
82.2206954901
0.00701871001147
18.2613052359
37.0472789284
18.7490661764
26.0598801381
133.556337996
27.185780093
22.3919720947
132.702437796
0.0369140906156
93.9756427582
162.380666285
0.0
41.0641693936
21.5979400153
65.8428622378
54.3201441332
17.4241325592
15.2575197437
0.0204313567954
0.0110274261349
0.0104518545463
0.0194678964815
88.7379172235
15.0332428352
0.0
0.0
86.3670740602
72.0658806476
0.0
41.4089415166
98.5770420038
34.2540749613
0.0158111124557
53.8105201441
58.5027806563
31.8435617422
114.787679628
21.2982879029
0.111157421766
101.994487249
0.0946599172201
51.4467001052
16.6959991312
0.149490138991
0.147693812067
17.0437171624
16.5192588403
0.145827631538
24.2711121929
15.5729350691
0.138320815386
51.695402414
51.2560755409
0.28487132654
71.0401714273
20.845078565
17.1908741376
17.9697161602
0.236378405586
0.232218249581
23.3859915639
107.09560937
0.250492575128
51.1460590931
46.6784389256
21.4759976551
0.202616564868
66.2593172842
16.1831233484
96.5057762933
24.4245890529
0.286166083633
86.9292887474
76.3697121761
0.302174244849
20.7910868488
0.205076665861
20.1630503355
0.165705930158
73.1788392554
22.3885793358
34.4500119268
0.172832780193
0.162124599341
28.6267019948
0.150880082097
0.121663888585
34.6914503676
50.6492464652
0.191251883604
18.3541215835
18.116012875
55.8474435271
65.6970155444
0.205333496913
0.153548853384
69.7156661939
19.2338663138
137.004349643
73.6932604996
46.4658218883
0.380119357929
20.0524993491
20.6040518732
0.128469118933
197.791203194
170.079677879
121.601600662
90.8463068838
33.7204996097
0.0
0.0
0.0
0.0
66.6282573429
31.4060547115
15.4428200011
0.0
116.496551976
0.00247404201234
26.8929340481
15.6084167793
0.0
83.8487448259
0.0119446953396
62.6166351222
112.192506251
180.546381847
14.9108466291
65.9248401885
15.731805171
26.6505823659
118.509621064
0.0
0.0
0.0
21.8272710064
52.5516800452
16.7896594417
0.0
0.00629768273209
0.0
0.0
0.0
133.742845591
0.0110325044873
16.4572450248
46.7691373873
61.4841547893
68.7647449487
0.0157757028914
0.0115361928605
38.1863320728
0.0
0.0
0.0
15.7507929432
63.3101621481
0.0
52.9141715624
53.2459231646
98.1725287784
128.399528214
28.2597565124
120.826300062
0.0436453354464
15.3082693555
0.0455192648808
18.7587312152
17.2347454133
47.956594156
38.3237534634
189.549136716
87.8782024675
0.0
0.0
0.0
0.0
0.0
0.0
19.0134224787
18.7727713445
45.7885609242
0.0
123.924848723
115.248298939
21.79876317
87.130176541
21.9338579184
46.6946505429
122.529865892
112.441669952
200.289283901
114.074653812
71.5883297163
55.9907727327
0.0829874950851
45.6951562911
51.8954526072
103.076803775
15.7546098761
40.0414819077
100.764539398
0.0848468506075
47.4822340034
0.111286034965
74.1930045743
0.11132495999
21.3292763161
17.2537520897
27.1878048024
29.5610749202
0.101632371447
24.9665380148
58.030571321
115.644080662
0.141968051657
0.172293761928
15.9106901966
25.4391908203
0.217327616898
45.9272518217
44.8038260534
17.815067969
18.3121365005
49.2637801269
0.339813192019
137.425339564
139.551679886
17.1446733897
0.20225373302
55.3993943871
26.5327215257
15.8150160457
0.348859756168
70.6463016474
22.8558889835
15.8937559514
93.7937893572
49.8002142212
0.17097376361
86.7302461351
63.1748952878
74.29976781
19.2433718552
0.146044733889
149.595238881
16.4741264383
31.3284515671
0.1264703935
41.5017756905
15.3775788293
0.100402425179
107.618936747
0.0857044345595
80.1248439512
27.9273090451
0.0936826720614
25.0287258529
25.9114029558
72.7780159575
22.9859236671
16.9666978512
75.4683239052
0.114184016271
61.8664418039
66.5009926168
53.8552878078
15.5818620703
0.104074661815
59.0431832514
82.9998847136
0.0806164987062
0.110695702768
49.0758783017
86.7824157617
0.175949002261
23.652282777
0.221259069946
15.3661105124
0.176711657146
0.232119574939
0.192309587461
48.9114806529
0.175527276606
0.153497254286
0.147519659124
49.6090749153
71.8896538602
