111000101010000001110100011111100010101000000111010000000000000000011110101011101011010101010101010101110101
000000000000001011111000101010000001110100000000000000000111101010111010110101010101010101011101010000000000
000010111111000011110000000101010000001110111100010111000101010000001110100000000000000000111101010111010110
101010101010101011101010000000000000010111111000010111000101010000001110100000000000000000111101010111010110
101010101010101011101010000011100010101000000111010000000000000000011110101011101011010101010101010101110101
000000000000001011111100000000000001011111100001000000111010000000000000000011110101011101011010101010101010
101110101000000000000001011111100000000000000000000011110101011101011010101010101010101110101000000000000001
011111100000000000000000011110101011101011010101010101010101110101000000000000001011111100001110001010100000
011101000000000000000001111010101110101101010101010101010111010100000000000000101111110000111000101010000001
110100000000000000000111101010111010110101010101111000101010000001110100000000000000000111101010111010110101
01010101010101110101000000000000001011111100000101010111010100000000000000101111110000