0.0
0.0
0.0
0.0
41.9705255404
76.4188780349
13.237664567
92.5185538568
0.00152499378331
0.00266863110492
0.0028172272276
47.222422707
53.5288408482
0.00194075617907
53.5464006351
28.8592025063
20.2806603588
0.0186900991069
85.7003221218
80.4035525123
71.8122954203
62.7220680578
54.1879270293
18.179557231
15.9785951808
14.9355705788
14.4674767698
0.0
12.58949821
20.6957362603
23.7844212242
24.9757858315
21.2334895296
0.00702931143763
15.2217481189
0.0120644071951
16.774588277
17.6872029153
21.008751128
18.840987182
0.0243962954182
0.024738600745
12.9041037604
0.0233220343696
0.028241240738
0.0296545563356
0.0266453369234
19.9280502273
0.0233200539047
18.651068133
15.7021323347
13.6025791008
12.8781598891
13.5412001125
14.4602618079
14.6022134279
13.5360172245
282.72451424
14.6477676348
0.0224582626664
20.9606831613
43.6612505183
42.8268722042
63.885972364
157.125828964
0.0163626487704
15.4858503488
14.1419172229
0.0400371748983
0.0433567933458
135.714538513
0.0430415123842
14.8589362624
101.176115501
0.0546754023569
0.0539169720676
0.0521445419147
96.3332376855
0.109977126394
0.115549475811
0.118818642769
0.119745229936
0.11844417986
0.119874706124
0.0898838552634
0.0854664948996
0.0513626059318
0.0469976253155
356.862348211
0.0362239751049
12.8678577648
20.0556038721
0.0346598260973
21.6885754961
13.3629337353
14.9904857709
0.0231958973205
12.771579736
0.0310024788795
0.0232330313176
0.0290166965327
0.033029345803
0.0360868364047
0.0388152125441
55.3543088675
52.2252958233
45.9425734636
37.0688603514
12.6691773188
12.5803731792
12.6778459414
0.0552883527147
23.2595155856
0.0493800586504
0.0424392846578
230.700509278
0.0356421426243
16.2769339186
16.7994907854
0.00846470048153
0.0305654388232
93.566819805
80.5685855253
66.9796755451
34.7053793564
14.9141979292
0.0
0.0
0.0
0.0
0.0
127.372057642
27.6372016276
0.0
125.184382197
13.8749131084
0.0
0.0
0.0
0.0
0.0
122.334689872
148.457081448
299.517888628
296.168728416
114.248017771
0.0
0.0
0.0
0.0
0.0
39.3706885579
206.80503457
0.0
13.185280442
0.00968311707857
0.0456907226358
88.1650653541
0.0517380482169
0.0657104122628
34.1579668995
12.7962092552
58.5409905919
138.440495376
0.0145607136871
47.8166768441
0.0369522850248
0.0267654765292
75.3360191068
67.0905083562
0.0706799910317
0.129460844809
38.9411991353
0.126023561223
0.040035517763
116.109163985
30.9745738972
28.7220766603
0.0524532800241
27.5040664563
46.5935192854
1122.31678031
1089.78879034
1068.14492484
1035.15160265
928.55189106
177.008442977
13.9714983601
0.0482005559497
23.5146638667
170.97126846
90.7006518454
32.9866426978
39.8343881807
13.2832650289
54.4165596338
0.0650244060871
0.0559018088774
45.3552008186
0.0355183063103
77.9474845328
0.0423398727865
42.4583654515
14.2343366712
0.0513540368279
36.8951423636
0.0485532921356
143.66130986
65.896888375
0.00189666952691
0.00344025012436
0.00310319766591
36.6942344704
119.250013972
151.079528822
63.5249039328
0.00984497363734
29.3502652922
0.0226986223104
33.5378965711
21.330515457
26.5575554502
0.0362902834528
0.0518754129018
0.0658735282322
0.0124626629798
134.147721274
119.73077389
0.0559147138985
45.0704353393
58.5561319164
0.0094374168757
12.5876249069
0.038093062262
16.0783602458
28.2420906165
27.949260123
23.388661744
0.0934274347816
0.0471506240357
27.7605918734
90.2303665961
0.0204168231021
39.7762517299
17.4872623869
0.0875819593536
0.0832639381654
12.8557544569
1110.92117248
1076.83070299
1053.41921394
954.002457455
70.904745172
94.1973324967
71.5404634514
35.9719407641
20.0554575217
144.726426663
55.2002244085
0.0708530311371
0.0687650553672
0.0649075513831
0.058883708584
0.0510232949205
0.0325953503171
47.7976453539
0.0366703958247
52.599425807
13.822406415
14.5576594674
16.8005327746
14.0425023437
38.5314690846
0.0577675935857
117.788415158
0.00769298232127
101.039073869
126.083166058
104.754642544
136.198670373
135.654822251
13.2793070733
19.2370155083
63.1472263153
0.00579328699871
28.6480181763
15.5519882186
22.5651326935
134.841933104
0.108852695077
57.8353636226
36.3031840992
0.0480432704528
31.0630125687
34.8110852733
85.4450109127
0.0523894863419
12.6841457973
16.9266295183
0.0709229481001
23.7373340411
0.0387457687207
19.1877818142
0.0825937282331
0.107086838937
136.571010197
106.069053616
97.7547418658
139.745850141
53.9889523809
20.4045671252
17.8636709884
71.0385326492
94.9993747709
89.6511371474
50.8058897508
17.2377181774
44.971045323
80.4074359419
0.374189673762
137.563400391
12.6230709244
93.1233311253
32.1530616603
139.711258452
137.355345942
0.2595095107
13.3597171176
14.6972775707
72.0882875464
18.6211773236
124.748297742
0.101346935511
145.992988506
107.424941348
128.002459403
58.9474221406
69.0677424782
97.1819766528
64.045244515
166.471125151
85.5944695678
118.01038286
81.2137290561
106.519416358
178.897518581
187.267025869
106.882791245
72.0806583199
68.9654277172
102.593522044
145.033011388
19.6957233363
22.7178962826
19.2822497146
0.0747279967184
18.2129319217
0.0776537498546
0.110562013446
101.949822234
104.520922084
69.0322138216
82.2107708352
87.1790685441
12.6695149121
17.9818465433
0.0924076422677
20.7830071042
56.9517135352
0.0827398570737
0.11208783826
13.0532390275
49.6289716689
86.320842673
144.081820511
114.838749979
0.011737750725
12.5591124067
59.9106773939
0.00131369992909
53.2313099045
0.0
66.8482604307
125.124063481
80.3086563329
0.00258429103379
50.31356142
13.8518942071
158.209504705
120.593352234
83.7870546619
14.6927241489
0.0115353248356
20.8883922741
74.9906744393
0.0129871745452
134.958422119
28.6917494297
64.7066282887
62.4635613158
62.8244195591
0.0297969900767
27.0124822907
59.5574525011
39.0356494462
0.0466016863845
33.0755746304
0.0769039716201
56.3264389042
24.5800375598
80.4272887282
98.5396922393
93.3953340505
220.469612803
0.0221437431584
201.017302927
23.3629874425
63.1669414983
29.5856447109
0.0219290489471
19.4413466198
88.1065271123
123.500474349
15.3579086166
58.8317865324
84.206861653
81.0524587859
30.6765486541
70.1362490787
21.7385492095
13.8488318984
35.623364111
21.4131758312
0.0650679213647
20.8121913503
26.2918429639
0.057898733274
0.0855991366257
113.584280601
0.286357216345
12.7600770619
34.7725074462
0.0703005804399
0.0519331567421
29.3139922154
0.107721254413
0.0997932610463
29.7313555849
0.18016926976
0.0725902228448
98.9933067203
87.4485432513
13.5705893509
203.617258168
12.5106439547
15.0683476272
20.4878582907
143.997332291
38.4884557504
347.346169743
105.514428124
0.280318798654
0.249214380459
304.228647382
0.129915628895
0.11187189607
0.0869744827459
0.114504277833
149.20013325
55.8480472525
51.8521682588
0.136243676352
17.0120972176
0.135316645242
0.109176996981
365.274844332
269.877916468
236.161677223
261.706193606
354.925454562
124.657668555
132.43799863
47.4987246456
0.0515083064247
0.0741888478468
13.2351846781
39.6655353613
0.201459407524
0.261520330938
0.36419057815
0.334005417932
0.0125758190887
19.4609259659
149.345294139
82.1979918546
16.8828553325
72.0414523729
86.2687149373
95.3944982209
0.0588486333322
15.5155835086
22.27345989
26.1160678293
20.5921440834
16.0948279746
19.4186924935
18.1436913675
63.2448281676
32.0952819719
376.92956119
14.459505816
16.5031168721
232.06915467
0.0328450601702
45.4557798808
20.9737490751
202.887942218
17.87127043
16.5109519346
145.154169087
0.111627725936
12.7385824097
0.114238257586
0.117943324853
345.038506625
125.55530355
115.067986473
201.554826133
31.7295494099
0.0473513980801
49.4375443215
55.4868141897
17.0235189199
125.321111264
75.4936228234
248.38809024
57.0158775233
0.0568528363122
14.1664213314
13.4082476037
213.779247915
242.922948595
385.44976666
257.805661767
349.221275586
210.295687805
0.0690951375399
160.679077117
136.758164525
64.1862510657
0.0416490913457
133.318796045
105.155816955
20.4204438883
20.0826684104
0.100442916685
0.0671022960803
16.8972464415
0.0331087124702
0.0208312145661
113.645217376
65.2516973356
0.0105842867372
52.034976651
21.065697827
65.6260050814
19.6776551748
13.8428356391
21.213593605
17.5915748527
25.7738942247
33.8777171876
12.9058828369
0.0962300532223
116.490683118
28.9182235751
18.8488133858
0.0161103992356
16.0983678943
110.74177031
14.4836126788
27.73793489
21.7455719317
28.3502154906
83.6693804121
95.9509278043
63.9358549466
0.169682299253
0.178552052496
19.9892334384
123.701967372
45.0840416355
62.1182709734
185.978508191
19.6029414153
16.3442698797
0.102472471545
180.538267008
128.679214874
149.208711525
0.042209423776
0.0618530068858
28.649835412
161.989236689
0.10042301719
0.131047537256
71.2848911198
13.3770976945
0.0510675524857
0.0289033429072
205.184011826
0.0172029530773
147.287979133
106.075101076
151.421778089
0.0244505203589
12.6339853263
0.0213576582638
224.553726584
270.198030556
204.104889418
0.121096886328
110.133595851
249.267653249
151.597638185
32.7202618308
0.0379838959176
0.119241764132
23.517893734
13.1472447118
158.841772278
113.729115082
17.0541888948
0.153480215246
16.7588208179
33.0316565713
23.3599377083
32.261656466
47.5640832828
20.8357793003
0.0980549482634
92.6789681545
144.422654046
15.0076615478
54.3462616009
60.634132376
33.2184138005
1120.01829409
1089.49612081
1057.79523272
1039.00607391
0.0565430941165
40.1852196879
52.4002438893
61.4063088109
21.8506589919
20.9702200481
151.165612199
62.0515618202
183.008860252
14.1732743741
0.0524942203165
305.637808486
302.334570522
81.3643444825
13.7194769938
74.7708270178
99.114881237
15.0230290838
0.0283526526702
0.0750041054222
165.837550064
253.537606275
20.5420387808
191.534206398
83.2917503575
55.1816707861
143.927574507
92.5162843215
113.148415545
120.53858615
0.076899101086
41.072694034
77.9035016164
55.1538816615
12.9189667532
15.8906498379
19.9430216205
0.187243423707
32.2159997512
80.7714078784
53.4631357234
101.66826905
66.8798783946
19.6642036826
77.2129819963
36.5920707174
257.760570004
330.925894871
309.185294873
411.556003963
103.765236268
112.125760166
13.4877284717
14.5329901109
38.887078612
39.6862615088
0.0999110121729
0.0532859871944
26.5330829144
24.1426052329
0.0693633335488
66.3781085714
25.8043206437
419.484627967
255.646820755
215.063424096
348.130830644
223.260384114
210.275427083
170.373331127
13.7823939833
36.6954541669
0.0870190165094
13.0034139155
555.578656561
470.695485565
25.9307620252
0.120637549286
32.7841039529
462.852633236
12.5534970062
0.140901837763
274.295834854
244.037053173
286.981266846
138.146690698
41.7777986658
93.6402782569
42.9524849824
13.5808955974
97.9462636704
13.260176016
160.467406726
27.477898909
224.217931645
0.125325552787
360.892799807
283.041339997
401.021494538
105.208558424
63.0634135026
0.0400402150903
38.7623542191
36.4705585812
0.10169491374
0.0673539554301
0.0666942350174
239.687392684
299.452031091
182.083238885
232.177047119
68.8995882191
19.6805599292
15.0193502282
0.0629858959357
0.0839276104614
24.6954122636
50.1763111895
23.0133917155
60.8076637423
0.115021433622
35.7302757667
15.5862311794
0.0282665589064
51.6542081664
14.2110779575
16.8638165468
15.6497841487
36.9615611407
12.8612525562
357.386430809
48.1016280917
150.385540852
174.286034568
204.5427284
183.196565882
12.9227001493
0.0890040902301
23.9490572661
178.461019524
99.8224773607
13.3743990889
48.8097165198
0.0260106259704
0.0283387156237
0.0339173262106
19.4218496383
67.8451376008
77.7771852453
115.460886314
238.474796365
0.0674582413162
15.1845053397
53.0270142591
20.9247785455
69.8496597663
115.503334151
17.4646059085
14.9970590199
194.419039171
63.8887982078
15.4324497576
176.802943398
183.791137814
140.121164806
213.520457728
17.7384996887
29.4044459929
15.69242887
21.7836985686
0.145224970881
14.4414215782
0.150680475175
0.0360308931264
15.6645775896
284.263761977
175.994426316
74.3007447543
17.9847951136
63.3422788003
16.912848755
13.2858760689
12.8342134013
13.6871401001
258.345709063
65.5550354969
100.738793594
124.225667308
0.0975568216647
0.120497833999
183.624240912
139.385094723
35.3252080314
16.7344617356
14.4432088156
0.155458189781
1115.91809941
1086.61132012
1068.18698333
354.304867044
228.828961729
0.212133305949
45.0344658827
54.6229057436
25.0764058926
20.2072545249
351.689285445
301.060985878
13.7570005688
194.276861678
0.158496021871
14.0891477164
823.15172597
0.0979397413412
18.405675192
13.3534703685
17.6330024177
0.0626320063532
0.064967482623
16.5852318512
16.9602341829
43.9273871868
0.060412968447
0.0233271053066
127.625373731
337.94469096
105.617729992
13.0475269516
32.4639464427
300.492122272
320.934336034
296.959603998
178.551110648
57.5453942687
132.987307826
164.710015071
17.2829104663
52.0094267627
343.164245751
16.2430469926
304.38655783
0.0602032413414
0.0500163560575
12.9215973192
20.0465498872
166.311329573
204.938549692
12.5381559578
0.0720115188591
312.115139523
0.121047318669
15.1697532271
79.8187852311
16.4090508329
0.0584409892985
19.3657136207
15.7138297321
14.0672843958
0.0262039559943
23.5969563002
44.3877917643
49.3953150224
36.960427887
1117.67809871
1085.37907042
1051.90802294
959.325287068
0.111652302785
41.1658993746
0.100035023472
12.299718482
37.2454050451
0.0279520845163
128.322997605
30.7509266225
100.413767426
99.1294170354
59.269124339
200.099080998
26.8374260655
82.6658092804
65.0608022029
63.2168081382
57.9424675962
136.858241863
61.6868783181
98.135140214
40.0655994421
16.8037949114
121.998638324
152.325428914
70.040772002
0.0217494732154
0.0278518897143
116.578262753
24.3147135986
30.6733870299
0.126949711108
13.5279117132
0.133204171286
15.1097096792
0.0822425717742
47.6890388915
23.3886260322
78.2988893925
0.155693770663
0.120607702683
0.141247924812
13.1818115625
0.0540774331393
163.806929513
15.005458776
189.306515236
154.908225542
163.966571133
100.558656908
0.0354362007527
68.7356417027
76.9261762255
70.9266344624
30.6213069095
0.15590340206
34.1764161577
0.0627502909086
14.8871151401
0.0472511500862
14.2008611438
46.5010327035
51.3316485096
93.2266390176
14.8785617331
64.4267242088
0.0841725506233
19.4279528761
49.282629381
0.104096892711
0.0802357256388
611.687885797
74.6984758522
16.1777104505
0.027435607079
0.0324572372371
137.137174127
117.351726211
121.82385764
0.0274586031744
0.0606736346724
0.119141698893
0.0205376513123
179.629978017
133.441888087
98.8497205413
58.0347391765
0.0628083948266
48.3978706701
89.3297105136
133.732051418
31.053837287
0.0583974809609
0.0629793718743
32.5304828939
0.103117324749
28.2079793754
17.9124480878
63.393477021
16.3429431303
17.5615207896
0.0397540216856
0.0665502853671
0.0768339985086
67.3344782513
17.0558313724
197.863065899
152.357071928
22.2909520665
22.1633231095
18.2689170356
22.1335363929
0.0105254518966
16.7931859759
198.076624382
74.0929352867
77.1980205286
127.118794792
29.0326120307
36.5008600904
77.6493494446
183.430441615
53.9407403873
0.0578059980661
34.9226681582
93.9619960782
52.7983209075
75.4444753405
53.0385002032
86.0366391455
70.3154951269
33.7995027344
19.2684409262
26.6098405299
14.2073715025
17.815113011
55.8286098828
52.5573532003
27.3762728676
0.129414363831
46.1884324987
13.5647376633
0.040501535123
51.8786557672
45.3634111022
44.0164306618
43.389621866
0.0333931929861
25.4254995586
0.0105904108943
0.01046186516
282.453517122
329.082295644
148.597602529
216.284938068
0.0451086942097
0.0359766686914
0.044890398724
170.629447631
131.885869799
14.4680084524
19.327114928
0.0741756128452
14.5621175101
16.5263358117
39.3831668679
26.1358925418
16.3828484683
14.9797150663
21.8690418056
0.0984498293859
13.7846823652
22.9692410367
0.106704604936
180.398044228
13.4515177794
23.2335121234
0.141730737328
0.122147754049
35.3793993341
0.190558836341
0.232475650868
83.0625854833
0.040981859573
53.4316000069
23.5754669727
23.677278634
0.0997191530262
61.6406002708
13.5993116092
13.5613134011
13.3973914933
13.0178946051
75.5752793457
0.063468500914
100.571284936
65.7799324252
0.0933615354217
12.3515369861
30.3917721639
309.117077032
73.2116517656
0.0282001073716
0.0647169301231
89.83689813
60.9729708904
56.6987203206
68.9259638802
69.5834984071
0.030553656246
33.6006788141
0.0750069952635
0.0338104436477
39.0530762799
42.4642355774
19.200329792
106.748816409
19.5325944232
0.022627332782
103.55405121
12.1988963534
45.8366797774
16.994945397
0.0294370434268
0.0333493380116
0.0407384659876
50.2759290488
41.3149160539
15.2852551802
0.0503905643347
121.094557738
82.2983430298
42.5505845286
0.0427846398562
105.077183825
244.092587242
107.701731116
13.9103449006
60.709119408
56.1864748624
18.5544957703
13.6115792081
0.0398929547732
15.3079309832
0.0509222354334
0.0879214139913
0.098988772366
0.119528315317
20.0033943928
0.0939666002685
0.0918753954235
23.402640613
14.0465199391
12.1647592999
130.184100379
0.114954852473
0.103778643416
41.6843347881
24.7213985757
37.6831319587
131.699077332
138.232578133
43.6611207053
0.133358173726
28.2893331665
16.9380255313
0.12291798974
39.2095713585
71.5918331094
167.670762237
146.635965069
152.493271049
55.8107873902
23.4292400702
0.0390852071639
196.068356321
157.547270787
52.1128026189
0.0699469991734
98.4124311899
14.0055243474
0.111889326458
12.5405411806
12.9774492121
0.129067189483
0.117193816216
91.7483441819
25.8017156603
49.5891337427
46.9868977621
27.7348207331
0.0397391206399
0.0681720367137
0.0412650060309
0.0730574646321
0.0376307657427
31.0500779928
13.5717934122
73.7381503094
0.0860401604341
16.4140311917
75.8308636124
0.109718371406
40.7410090018
37.2153504882
26.824505371
106.902018128
112.524720931
71.1319205232
152.892882665
68.5006301592
95.0236124918
482.952414291
16.9650726643
148.653542901
40.5092586911
0.0601090979228
112.64591844
0.123203285393
86.3037615147
24.8211694501
12.8516559408
14.4084909195
0.0828855820229
13.5132001259
154.400704211
17.3581322251
0.0980224004593
19.408228891
208.835344537
20.2721990296
58.0269427854
0.00328460803897
0.00885879765981
0.0159154638046
12.5134671527
43.2064780508
32.2008689087
232.92132517
23.2330463685
15.5668146121
16.2927217556
102.18079014
117.076541007
64.4241075883
84.454986831
195.664181481
0.0482426198658
51.9601898561
92.9010314011
104.875773272
22.6995384851
0.262833730679
0.127163709849
13.3058217009
0.130046152599
61.9818389679
0.0791551142457
14.7972075935
217.670479234
86.0159796985
235.033809289
0.0535283739166
0.0483615291344
414.581111378
51.5419083399
0.047856605238
13.5487541577
16.7954730534
319.731519137
13.7996082203
28.8073322563
0.0716067377972
90.9039051832
129.773415199
31.3700954859
0.0335671397426
97.2768268481
0.0831576669243
26.9475866593
19.492749474
108.671179485
23.1124796294
39.1992588076
102.432313105
69.1204116151
0.0395418887674
58.0577345201
30.4702254905
0.09467003183
25.1277127424
0.0694493596505
0.0892884500906
21.4123013781
0.0620588321574
60.3984335298
0.0646686960352
101.516780668
210.863580878
300.633687038
47.0026438401
21.401319496
264.486231197
0.0609273439503
17.8881595804
185.67240843
151.56053817
283.144897499
139.83127749
0.197547956485
19.5710410172
0.220549642564
92.263629919
129.277806265
114.971798401
74.0541862366
78.6041918716
70.1488592412
0.31539981885
46.9060568974
127.203481718
118.101431319
153.986150998
100.126050055
175.712346096
42.3598054866
0.474734358171
0.503858407944
21.1410560691
19.0821585452
0.0875308602248
370.038590944
113.645246041
0.0318516355876
0.0179584519112
350.404664092
289.474549871
0.0665817179797
372.570382578
39.1706748281
129.322087057
211.357727844
110.313933719
23.318621572
21.6714493178
34.0191033349
31.671728418
59.826144407
51.5192915502
0.147094298896
101.412758428
123.331972613
115.565004743
0.154306119159
61.6459886488
174.220704418
133.47003314
103.216979469
83.494955468
22.6567625368
19.7894897357
0.100933920862
0.0703145027657
25.7880553167
111.595262987
55.6163812392
0.205878801632
148.579401171
0.146103690016
155.842493985
83.1275936833
0.11989457523
18.1686335129
112.431862197
104.067893288
65.0664157837
18.0424624086
0.0397574441406
102.569585021
108.64185043
0.131423344722
92.3151896438
54.863583554
63.3061080966
0.0620531210362
84.0664940307
46.5859574457
18.6665403002
29.9829898555
0.0576698480001
0.0449525637496
0.0974883733306
0.126210210164
0.0933232523638
19.9109007243
0.0875335229239
19.5976587795
211.573331921
0.0905146185671
0.045386678416
19.0162095668
0.0135633368607
0.0661462646535
130.686327093
19.0243549193
19.3316504971
104.16820793
92.1962169976
67.1840116737
73.9292984704
23.1817033473
25.2257666285
0.0661424862835
67.6360838818
88.2152997262
20.2808059538
70.4704804432
25.2226061802
120.280844211
88.7600762668
69.5641106901
0.0269717406361
21.9287788228
23.1320075748
0.110091891783
23.436929366
0.120632970237
28.5113644138
28.5200550326
0.0817299408462
0.153721268866
19.8408172513
0.120550239432
30.6914840452
20.5823034971
0.0153753746757
25.4040177836
22.4215936326
29.5302806009
33.7795409166
50.1407320168
0.121828879496
0.173032996381
0.205093748183
28.100823829
0.192966599187
0.280605869893
20.9944419762
0.155130196448
0.17666171393
20.4420742561
39.9886297528
137.910073641
0.157298163135
33.0257543162
20.1023227281
0.185948484301
28.0760879697
70.4970574306
0.298377398445
321.560909551
75.7456829001
0.266913898573
0.226999909996
36.7301549352
20.6547456205
21.9091308337
0.0891649335762
136.506072553
0.0529390285183
17.7614632525
23.3114137271
0.0192126640002
114.939539482
24.4626114379
21.5234628602
66.8356321936
66.0394663236
21.5543950867
51.5058003282
113.401397555
63.0571933144
21.2725973
0.173674884749
25.9426007704
0.03783774565
48.4327864826
0.164513878361
23.7241152996
288.199579606
0.175890500407
0.0957599147755
0.0489943605193
20.399991714
0.0851210604306
0.0222428830011
0.0545704338044
46.2706275961
0.0813013882054
20.9390044135
20.6001830412
230.103170314
0.130375546321
20.0979755859
152.610702966
90.0510447051
127.007886803
49.5398596467
0.0528323140817
18.1168502341
18.5478346289
145.491847425
0.120871442883
20.5021132509
70.4223960095
76.6690491222
75.1868387676
24.2249061338
0.0096684632028
29.8982224417
40.5081048749
105.381749689
100.990876357
19.3032790895
0.018956771762
0.0683140047268
0.109560601102
0.13416877368
0.0410864952683
35.3369621972
22.8513080057
77.3308828747
37.3088681029
66.8753465115
91.8643752864
45.0180209191
41.9858903446
18.6603512229
0.0987203573744
0.115636656908
22.357632801
0.118598746865
22.6692846631
136.226473687
112.612258205
85.7153984605
161.898602412
184.51931198
134.846200316
268.774194886
33.3939450742
54.6384034032
122.104146966
122.520499516
110.971341048
102.326925105
135.299132814
0.0636909935438
0.110874506652
19.2072173003
0.231655994726
85.7269387432
70.4437298737
52.2019815934
18.9057101388
0.232655438472
0.200324563298
0.146128595001
0.251383166923
0.210617976822
0.184337230837
0.167734986219
204.550922187
0.141541261105
111.852662985
187.100684717
128.965072357
21.4964395539
84.2575965946
99.9474684022
141.519842719
28.8436542211
32.0301197274
27.5935930622
59.0001647633
26.2818877834
0.021337106986
87.7352635974
49.8651368808
81.8687517541
65.7813096961
0.0858178984934
78.2512375115
107.584717979
114.312206847
109.00832202
214.952535039
151.392450804
79.1130802965
146.525387208
0.0185127694465
24.7097006378
18.2914637596
27.5204938027
0.0926963991028
0.0673305718448
0.0889317850293
0.112898723455
0.100778417206
0.0872540438623
65.1867570583
94.5255728283
59.6522397818
81.3227103176
72.0615534203
27.9884549148
34.7548422378
20.992988597
72.9535746887
25.1485129835
38.0360015542
94.4287289468
23.7761681913
0.0312024331839
0.0480828107005
0.0841301859898
0.0965745674274
0.104410152428
0.0545654579891
0.169572819582
169.966057011
181.046415047
103.57360147
134.66497028
0.158148641153
0.173469284116
0.200341752674
167.397545094
0.12028742634
0.091345380854
24.8857124541
0.0291339519881
22.3863729752
0.0352176620013
0.0658595925663
0.040710257196
63.7933973646
144.907559305
0.0472486463547
0.0571543006174
145.424991984
0.0571670761662
64.8440452378
38.6711867632
0.108899574031
21.6452660111
43.6986897162
18.340128121
54.5461014396
0.0781363970764
0.0889296289762
51.1962450156
0.0638652651391
18.5660078328
0.112446952441
248.666584226
0.10221441457
0.0790842082958
108.611754801
92.7318710443
0.060219378573
37.0027274009
256.495330385
155.49132443
172.459265019
124.209599604
0.0727995289579
19.0053323479
0.0417648184925
27.2724555299
74.7523109971
109.878719977
0.140333853468
18.3643095199
0.108314519591
87.7576554354
0.00993582868801
0.0634898750016
0.0617363060812
0.0598914772105
295.618168649
109.729604332
70.5574924249
0.0716044351721
23.8658441884
42.3843609815
98.2341582612
18.0430572604
0.101754460729
39.7049593692
30.1353201353
25.4995111198
0.0242473712385
84.9477408467
67.6020965422
0.0961693480087
28.204692009
120.457365033
40.6762600734
0.175168409883
0.132053086146
21.7674069459
62.6936863318
34.3793858545
20.7205645353
90.0375257786
62.3091941584
21.4359874941
0.130857119478
28.9994929299
37.2730789117
0.111566633534
23.3866143578
45.2733158359
19.8997261337
39.4618541898
615.293656636
194.089843189
84.42147486
23.8193374902
18.4433037355
0.109465994409
0.123758061296
0.11594479303
61.9909846778
156.906650523
141.237831562
58.7165767343
0.0264686010579
20.5349281886
0.0363962661187
0.0692772846962
23.8330038514
18.0572741054
0.0795812661757
0.0873072101425
0.160738390805
627.478590197
380.653077207
72.5811387174
29.0150378883
28.9395660076
237.359465031
0.0194085200812
0.0296959365711
104.799067126
358.682979036
70.5555319979
2026.68755241
1663.21039369
55.6768200704
17.8012623747
68.4433298127
48.7451743469
26.614253321
0.0271383854082
0.0334625362131
18.2826720385
0.0238715834627
0.0130155314911
0.0
41.9271196429
0.0
18.3483872881
18.2359061848
24.748936887
19.8642730139
66.6685406194
21.6636252028
65.9905572417
174.456949503
0.101174667438
158.58088322
247.821405931
157.658482235
209.768855856
0.086740789989
0.0915940214902
60.2509422968
71.219654637
0.0435449971758
0.0223721744744
57.6562731417
22.18777308
28.7153942719
0.039088733997
0.0371362567969
207.21297499
0.0399484349382
86.1974566703
25.2976580145
0.0806712128928
127.142777472
33.0234581495
25.583902744
0.116788916522
839.763713782
19.9987875986
61.3428656525
0.0953884414155
59.0424411972
0.0825550589369
140.118012332
71.0362739206
0.0837810132917
81.8206218905
42.5164351565
32.4908032499
154.514707852
19.8660495412
31.5799858994
22.6489498792
30.9041982342
27.380954976
55.8628071711
42.9702235238
29.2379300816
21.827308647
23.2663968658
33.4820643155
47.0160514383
101.987655422
0.007426097066
71.5270658197
20.4352124322
117.196535547
136.876438796
68.3870770115
99.3659316351
103.973649922
35.3389061331
90.1195249455
0.0616379508009
29.4644512993
0.0827484447023
49.8984958
98.6314133926
81.139139956
169.147328376
153.669192545
85.3163249784
28.6687120313
43.2824843793
41.2485563153
25.5367706388
20.6194022407
20.9397601615
21.6046003937
0.0394186882499
62.7344546655
22.718653215
0.119086753688
77.7971303074
21.7334550729
21.1124739342
46.0956717456
31.9096554936
74.2905433993
22.1549512687
22.5646938181
83.0875978485
67.3120159529
69.7514357366
0.0557463911507
817.06200533
19.2100005923
42.4801514499
0.0551538599057
0.0506521860471
118.688517558
51.1311037817
86.1668036065
20.563089215
26.0610291766
68.4206547707
52.759469457
0.0210065730032
46.9382348069
30.5223572283
23.0463433728
117.216488457
33.632670896
18.9484602565
40.5328585117
0.0812654245203
52.7319515035
25.3523992871
27.0858890434
22.181231061
60.4435153376
39.0762870796
56.8633750015
127.325705521
124.284567543
0.0205624721314
52.4365738118
1279.46635746
0.00919994397012
20.5990422352
0.0427604321459
34.7485578423
0.0659349267878
0.0536465626675
31.6981740054
60.08563932
26.4379623025
36.781739835
27.0854335034
23.240268565
0.0608608208567
25.262492462
67.478612529
19.4901787407
0.0249903389412
20.906069474
29.9773654705
18.8268925898
28.0986244968
0.18732317556
24.9767157068
69.6530071391
30.53685579
68.3855415114
25.4693752867
22.666718171
28.406282762
0.272547849492
61.9122138551
40.3269005094
38.0301197937
58.2796817793
28.1103052175
88.3830011052
67.8703252698
0.327939740973
33.075459825
101.77119179
94.023572434
37.6424897161
0.200721681526
132.6005926
40.4130504434
0.150451807338
0.133370889189
28.0569331343
161.598906531
134.039958233
41.0566496423
30.8402838223
30.8775472176
0.0830173031292
72.717696253
59.7941207598
45.6544437638
0.00462140508207
53.1590236848
74.1807858
19.6076348721
115.843027192
62.5821091545
181.282064332
30.0881029477
72.7481276323
18.0434635308
80.1012428835
0.0292977395107
36.62481748
75.7628192353
0.115418174337
61.3652318826
38.2900234543
44.8166379402
73.4456692063
81.4890677823
0.177567565943
17.989892519
0.173890376231
56.0290321438
83.0456198427
0.110707137256
0.0921531245722
0.111424772923
0.155839103583
51.0931003591
46.5870902818
0.121862488624
0.0952260959129
96.2006613208
0.0661247996509
22.7013277458
22.1156076744
0.105610183769
86.2838988181
23.1039238621
0.202890358782
34.6506141909
39.1224698416
20.5800981273
68.0549871608
44.1639951331
110.388323223
0.17254546005
67.3708124941
74.1689832956
0.0976487744591
74.9393694526
34.0154365874
146.240650368
132.090758957
0.0725240102745
24.8106759584
0.0601267376108
65.3683025688
19.8221367307
30.5169401667
110.627270908
84.321834772
0.125640448807
0.128583905196
52.2224319425
42.2438154868
18.1484836485
64.8114001754
37.6479174374
87.4039296574
133.311491141
0.012480353222
19.8764850844
28.510395322
67.3689829616
0.0
136.045111114
318.985541251
38.9086371906
130.703331483
29.4716194117
83.2716760611
84.1351286742
86.2428799626
0.0708190501346
26.0077871545
19.7068404449
24.8609046564
26.9393831141
22.8176776752
0.0225248308737
19.8644968826
79.0650820596
19.3342198202
0.0707705220682
176.576647674
0.117184386598
0.138642200269
196.633031766
0.0463545377245
131.115122426
0.156511780142
18.432228565
44.8960534851
19.6118896403
133.740470218
27.0253724661
25.612367422
40.0219225648
0.177749166124
0.181206745215
0.189922232134
0.193390061938
198.188854145
78.8956074627
0.12385364751
218.069187137
0.107934244825
21.9599804774
18.8019665242
60.6455365903
181.153916549
80.3501613958
68.9844739072
85.8531093991
121.253400885
153.132154772
0.0833559101843
0.0947814687081
0.0922071437512
310.867797608
0.0363906704138
27.3607613211
57.8112502777
21.9826558131
79.2187978916
85.334146544
47.7241438917
190.34352771
0.0454662326594
95.711983096
100.552386769
46.0297530081
78.5720895196
119.552941622
60.7079764467
218.539171057
143.270455172
77.466363251
0.0662348070612
0.131390888679
0.102695664143
0.0676978451333
31.9658933052
0.00522336963917
21.8993248202
0.0644691632088
0.073942549653
0.0558992934821
25.5185686463
19.067517771
0.0769102010878
125.333949309
0.0489969977077
261.11530385
104.502520199
0.0970289982764
0.112448436668
108.150379237
107.874620094
157.301033634
60.1112870897
23.8641364858
19.0839229295
122.920334664
0.245352982204
0.235146203784
155.442177563
0.26090550148
0.245760349658
0.214806857072
98.2912750108
44.7706005418
203.638127975
209.426003629
54.3874976637
29.1448677964
287.019617052
219.815415943
122.634923947
304.418821031
202.701534091
136.015285423
115.922463181
0.061141405027
56.7046372459
0.0706135263727
27.8377153318
0.0289959363626
24.080842884
128.471261758
0.0
19.7553364084
81.5186514481
258.948420192
0.0122077633371
105.952418027
0.032810867259
70.416935212
32.0526816754
0.0767054453136
19.911576794
0.170841017658
33.6059235983
60.1984992108
29.3381267075
22.4714505198
118.131774862
255.640451875
159.646835278
72.7231613517
72.7888686131
0.210199879967
0.128236653421
24.0792769888
22.0436244745
26.6350288727
0.0459420452008
48.6133210646
0.109679087169
17.9264217107
21.033995377
0.0285377372417
52.6174794458
95.7915109228
24.7352526495
21.7066105134
33.4230780821
31.6035476736
0.062516442388
901.501853908
863.339835488
840.817839947
18.1756561413
147.879303949
59.9403355958
48.7356522773
67.2124535237
87.6157524897
0.0638517690676
93.3658566706
181.117981748
0.0574138758073
47.967210719
145.943396637
79.5945400546
0.0264829533182
0.0341581579907
18.0418199171
0.0297526558474
21.3542860259
0.0413637859909
52.199094103
21.4712541622
28.076673765
56.3218066176
0.0
169.199658355
22.0542604145
22.4022132428
18.9666491938
58.029211026
24.3295873325
0.0
0.0
0.0
0.00434908019703
22.8190665356
0.078002985416
24.4597362159
25.859524515
257.95037857
80.427255718
128.575689761
88.7649750929
188.794658629
129.144787982
28.9547272488
91.2975688368
70.7892137199
39.6048838812
21.6713251159
0.044841712751
26.258011346
0.0648230430088
0.0236615708458
17.8689981814
25.1289442014
18.2032044734
251.883294218
225.795857129
129.371148334
106.48260758
96.8157224431
58.8987263421
0.0
0.0
0.0
0.0
0.0
38.5580335837
0.0
246.005498477
204.888962939
107.578665086
112.523394911
93.4500946249
0.00261591224692
0.0148536544288
0.0156153354326
0.0148582080395
53.3355330046
20.4219202746
245.203854852
200.893439219
199.527248649
107.263241972
97.3172731771
80.28697796
54.1626709411
0.0955775396493
0.0484126712785
18.287500828
0.0118914721669
27.7463935846
0.0179128267955
28.9813606212
97.2977551765
202.258532438
165.393043181
150.915912271
0.0901422595163
0.0510154368011
18.4847435399
211.322357083
307.827675229
104.836251121
32.9506437825
20.585592579
53.5316548626
289.13207459
0.0962963855298
0.238408473717
26.7138245168
42.7278021422
20.3637238204
0.0589448946361
24.8978352696
26.685507922
21.4689391589
247.258392673
20.0244025457
23.2381624569
0.191557410017
0.184485599913
19.8414187133
0.21049923496
22.8481545744
0.113607898323
45.2586144257
80.729813562
438.30468401
349.506475466
23.8571912351
107.589281494
73.5134555018
0.103225976397
48.8235499368
116.415796693
62.132870738
19.8378697306
688.886125908
42.6165428221
235.59163607
112.852279562
0.107525487664
96.9669477367
0.0684314511282
17.916294281
93.3017909267
0.0319829170173
0.0452231761537
20.8036670662
0.0565201620631
185.410144546
20.8471605041
58.4209845244
21.4875781107
74.0607475492
0.0266752740925
236.443283554
530.444770867
0.0193953321609
77.0200215132
82.2697226311
108.165137747
0.00541344597891
0.0052914596487
0.0323738933014
24.2479324093
0.086698515995
22.4398032816
164.838106587
61.2911262082
83.813470845
34.2913688508
211.409916862
74.7225247338
0.24085500611
88.6348246
54.4441724768
36.4828996086
0.142596143015
0.161065110397
0.135651160856
151.694869663
79.6314699523
47.6415670322
23.4476819476
0.0938035832343
53.5493102036
77.8399991687
71.1255189908
19.9104715607
0.0631843825661
0.161109429571
20.2263528862
220.897175035
46.1738803072
0.250828976259
46.8795053387
25.7500890718
28.5194829588
0.221979186089
18.9215619356
32.0665839427
292.067997644
192.909871992
206.319442859
127.302954176
117.480306311
100.83135923
0.101202281639
0.0885796900692
0.0760942440713
84.7599558453
73.915919471
101.841114142
26.7936878133
37.2434674548
0.0489962207189
0.0847198949532
0.0727278013177
0.0803159998349
301.42126908
27.8438656352
410.172736551
0.0229614624882
170.999770686
44.4753700969
163.143691231
98.0140536564
69.8077355138
0.0694119969232
206.021530806
182.482016217
71.3286369317
0.102689703353
0.0962556088098
0.104418948527
26.0754938348
19.8784617323
0.133982967315
24.1280374802
66.2457160639
22.6663998234
0.295654442584
0.296437777033
137.820859745
21.6737095528
18.1897701822
25.9147616164
0.298472309844
0.253477660752
0.247671855343
58.2684919439
0.1870834168
156.3270618
84.5403206386
18.0114724955
0.0853068359195
29.0463886595
22.8178132399
18.4318484258
26.7837551802
0.0
0.00203025980622
0.0166072069369
0.0
367.027035625
92.5323913714
51.177605795
230.851163003
0.0108766538203
317.763904708
414.617152704
358.196454312
168.134072375
0.0184735454924
0.0146377671517
381.082798607
800.300833228
453.818875399
0.0136647397841
0.0241840247301
0.0331400715187
69.2664121311
21.588438568
147.15464774
0.0817392541904
60.8230938326
102.797981714
0.0109170272034
36.2567615767
274.15130319
93.7146857713
0.0
0.0
0.0
80.6976439349
484.224828936
151.314885513
155.182337758
264.546290476
27.2996203136
0.0813792932376
109.258183151
81.3713690931
0.0638110236592
0.0831625741726
0.127577851887
23.6093935734
0.205608117484
298.088959775
31.3436884124
18.5210486826
0.10107983646
0.0829251695654
178.42437565
77.8223160945
0.086542797885
0.0780446147969
0.0657297016844
0.0324941842459
0.0614411999689
72.9818993718
250.649475523
78.426851877
0.0216019323701
162.789032524
0.0768038285759
180.015703734
918.476420466
889.234466112
113.99824102
527.589644259
728.561122893
0.187537246216
0.18141996443
276.615979828
148.372724575
35.8795332305
157.483320873
32.5278095568
205.571948833
62.4970181231
0.00450114879108
19.2431615613
0.00362450698884
0.0133042114461
224.128354352
106.488322346
85.7006387588
36.031565655
0.0598796025041
38.2068923507
31.3655131152
0.0363451250993
948.170165252
68.8733716191
0.0
0.0
0.0575833497322
0.063251093037
1753.28100825
233.068772186
0.0160487096258
120.508356333
139.748019194
177.011973133
57.2015275116
1373.83729596
1272.8664157
189.410500242
551.238120908
689.135987345
0.0806105452126
208.451233398
146.550205733
96.5550202417
75.0570535006
25.0749288327
0.0510727731929
119.861814843
0.0108234165025
69.0206169743
24.5754681783
0.00377177769281
0.0
119.284764044
135.793648465
55.5929569449
0.0625506622766
204.758502103
32.3291810428
33.3167159903
442.747339555
56.3374003908
0.00510627924951
0.0150512463117
24.5412250739
93.5408107495
21.1689543295
37.0364925384
0.0353296456814
63.1923285888
95.1981402201
122.902729435
51.7808387882
75.4713507375
0.0388201192936
21.6151744657
0.0923196921051
29.6869692613
0.14686257499
25.1941298511
27.3714191277
122.138413028
95.6236388583
77.7558207063
147.645881195
124.300921307
61.1775510027
32.0962635938
24.5405330725
87.2411918739
29.2015367651
0.0609393315342
0.107444199867
0.0452557535041
0.0663227665591
0.0602547775758
33.8251414097
116.728323267
0.0741628178166
46.1485153806
31.1278947074
0.0957450295469
0.0540903558581
58.7244647443
83.5548958217
82.1899525187
36.1969812862
93.2359142455
376.728115871
0.0517585088323
205.966713955
166.259482461
104.958842445
40.4871356376
0.0416144320864
0.0617683811507
0.0552272045998
549.74032139
152.763167792
74.2976914363
24.1769034435
0.0
106.068352168
103.133566981
275.964195302
62.4232184696
83.8431732977
41.0041111712
117.853831594
0.116384696255
27.8578103894
64.830361763
22.9310444551
63.652789342
35.4938890639
24.3913732695
0.0181923264164
21.4638563776
23.1099922163
0.0158547166721
42.2584087702
39.6697147699
27.604047683
140.901520634
91.6554336747
0.00533029756373
21.6964014602
0.00368220418977
0.00535503553771
46.1404994624
24.4292198505
72.716258689
0.011645169642
0.0
52.4833421582
0.00862546021179
29.8867018244
95.0790431536
35.5389471307
22.1642151378
84.5491003439
0.0999959963568
0.0389182736987
26.8517812782
0.0336559759121
0.0639738635595
24.156370924
0.0889739341378
155.318223914
0.0339088109086
0.0421450230634
45.980470144
31.6786394359
74.7546565739
256.641088612
133.679488438
27.9052544013
21.7468654285
70.8385365529
29.3167952576
0.029508389185
24.4973405496
0.0590779574236
0.0836849456493
277.720370411
202.094114456
22.9526822901
0.0474396188058
187.655022509
25.5004429563
21.492400456
0.324960316023
190.420921542
0.220016623866
250.999100376
144.743627923
131.333412841
40.1253023113
0.133345384073
0.168480608244
30.1914763299
42.543108881
28.7064045133
28.4355514752
172.004408819
92.1014814547
25.134397364
35.4958132647
29.7478174717
35.2486484079
50.6908821886
137.697621495
95.4271169566
183.145972535
139.657407935
55.0195821947
56.2998105199
135.976915672
56.893752821
49.3986630457
154.795343034
170.537556447
78.9341531093
155.081083047
30.298035401
0.0374440885425
218.521825434
87.7088816821
46.7886413073
0.0218923556323
0.0246578220641
66.735009097
0.0313341934379
42.309004637
29.6639524776
112.22473153
67.2610847637
96.2072395664
0.00574032081498
0.00533076338464
35.1027618881
0.025156077309
0.028187637827
47.4821633082
0.0143909730347
24.3204530971
77.5260550816
88.9052883912
26.2589817831
0.0386951523027
58.9967275366
28.3851489269
84.6290285515
100.111678745
172.932153043
120.259656794
122.35803488
56.1418584342
0.0406574025287
129.272866492
88.0452446054
81.1727482089
291.488420899
0.0367432105153
0.0590203507087
207.385519406
0.0759509759617
153.876559191
81.0875654407
0.0
0.0
32.6426326852
101.080376206
0.0
0.0
211.032392166
0.0
86.1744174951
35.1875528419
72.0961015402
25.1353097109
34.1778778794
0.00584175861842
0.0142821526147
21.9108886689
31.1007820204
64.7531961887
69.5772768514
26.5834449624
44.1866738479
0.00541791450807
0.0132696616516
0.0131268125588
0.00854071602645
0.00288265253782
142.284536836
53.2332663962
169.165400835
73.276881528
96.0907820694
22.0653160656
0.0190098722263
0.0125316600814
0.0
34.2967821562
0.0
0.0
0.0122698421393
39.433902778
0.0224782041823
0.0150950519976
0.00269378013706
133.925475945
46.8104195008
25.1164675521
31.1938625498
121.350330301
88.187277234
0.0191682001849
0.0228335491072
70.1088661451
0.0285638947877
78.3434192926
34.1622008705
23.4623817451
0.0290700989249
20.8479526838
0.0411392111904
372.531003319
0.0184252064438
24.5166056213
0.0184311084371
22.9038411224
0.0572269262289
38.755874782
0.0760817640036
0.0800022681443
36.4075641399
29.9669695393
22.5514288217
0.0982642620025
378.95185108
31.9723230607
149.265864107
80.8595664375
79.9845932782
31.8455462357
26.3919701551
91.2177041986
173.587587172
96.9192805971
33.3889102872
94.1527737898
68.1419737336
38.7903300862
0.0427623939559
23.7381023635
29.7444476434
63.8931637465
21.9207255363
0.0728782692629
0.0692588335221
22.5330716207
0.0300511737315
0.0200226123884
0.0314572665015
31.467004729
0.00887117101849
0.0297094539726
0.0123138263271
25.454828035
23.8859378222
0.0554852883072
22.1469562272
24.9285377052
93.0403655752
0.0341811722412
0.0602698922359
20.7243438526
101.928911687
0.152811237873
36.3802844476
109.312147653
69.9463125025
64.1991177384
59.6667482911
34.2950761715
80.8546771327
0.0776028516592
0.061449292096
32.4199620675
0.0840180164165
50.609599084
0.0651921235087
0.106556025876
53.3466935362
195.364876993
263.406145048
0.0293015131272
23.851383068
231.65926952
58.4799465772
0.0581590164352
172.754563571
0.0730609436814
215.07504638
71.1131279595
0.196429221913
0.220853708535
0.167092774698
72.3191724651
95.057558139
83.7826437448
82.1516462136
72.6553811492
22.5136630218
36.4082110968
49.3459590372
137.81516062
107.262835789
170.091504715
0.0723754975526
105.385119172
0.17897479194
0.211760350239
0.220877596602
0.0963372356829
0.107303057162
156.98230076
355.027252967
118.08956321
91.0376291592
79.3168979827
232.628875248
300.716876679
0.0175503748176
301.385292076
0.0145283652177
127.298142478
209.848579095
43.45820215
0.0151861375486
21.9467219986
37.1305534299
33.4954834637
61.082012555
46.1133831388
25.9552787872
112.381962021
127.221490296
0.235187780869
0.348646127482
62.0113991379
148.913848146
153.121189903
36.122148858
49.6077445169
0.152313809101
0.086931936295
0.0687684945064
45.2906476039
0.295925130099
72.4099441353
49.1807296686
287.7481093
138.380483553
29.8601533541
139.016670617
80.2194591748
0.136999997765
77.37308826
100.341487488
40.6012943057
72.8273202797
101.450093833
104.952553214
80.8114665219
34.2119412339
197.100773792
97.2274567684
32.5775132637
66.3136494322
60.93103559
79.460351918
44.6662672197
40.9841657047
31.6752547958
0.111426714542
0.0508729712606
405.010947623
21.7118924221
0.166795329654
0.131963959124
0.049006498404
0.0760562047919
21.3020143183
0.0513919966802
0.0420852118227
35.721888164
141.285175766
177.402818978
127.514216228
0.0119970917511
0.0171627466796
73.2714024265
41.0865019271
84.0906049994
30.6877642187
21.3390517806
0.0358100850832
95.1312600999
56.7016955199
60.0340457593
24.686901068
21.599544657
26.1520954143
108.647454366
85.4354467647
74.3539292856
0.124246389599
22.512877586
0.142237400352
0.119747023418
32.8622482284
27.078192134
26.5861855755
24.04757134
0.159383525168
0.150007822241
22.7447160141
0.065029383912
27.3048901039
0.038314899211
0.0157645317215
23.3144218148
22.7060897336
25.3912920206
30.6755484403
25.8629514441
0.16143850538
172.103614722
0.161725882254
0.168756026801
0.208885991696
0.191652165064
243.970899588
0.254413451284
0.171517292767
0.259436557703
39.4281154344
111.454423584
42.8931365841
37.5839752921
74.1420597683
26.404741049
26.9400293834
46.9786175619
0.158456700125
196.250523261
72.8912530517
0.122724542201
0.0687465810696
20.8171746999
23.7270843644
0.0358425236217
0.0163248937521
37.1006165335
150.104731119
0.0289866362467
0.00671915476327
0.0140425409002
59.2297870359
21.7124288345
0.0353915507117
61.6113313398
45.2547495169
0.0524209539724
27.9228292282
46.7976461694
24.4887486234
23.0763052947
0.170973655057
23.5268867353
0.17677809448
0.339976627786
0.345185945831
129.752567973
271.44766462
0.363051982824
59.897568604
0.0934800572054
0.0590001294765
0.0648455859457
0.175881314852
0.0894311214086
0.0984402226991
21.1922528481
73.3369836062
24.0668500907
0.165870206589
289.678601667
0.199960313389
0.16998290974
82.2585649072
104.739878213
52.17534864
0.0604073730547
102.291234899
50.1859703625
92.9730239971
36.1032075412
0.155295123059
67.2680179211
77.3564917509
73.067325144
21.9034417985
0.0434792990151
29.5505520489
39.0769783786
112.125218017
108.297381585
103.295888158
0.00665116963295
0.0780149082219
0.0789916353278
0.175729122566
132.288548102
0.189593794779
0.0775397398817
26.8162765038
38.4636958857
34.9446081775
86.2651705626
0.0342671016152
0.0246339888289
0.061287544758
0.0991185309786
0.0536738855693
62.7866417633
24.6092807941
47.281984269
136.652841556
73.5694634282
79.8912277266
126.17258443
167.427691503
120.559414169
219.315327862
32.2595321335
53.2473255116
117.738857141
117.717690628
97.4355239218
82.9491762772
106.295850896
42.1407538435
87.9376731834
32.5709556702
36.5454361536
76.7321083125
65.8457113655
32.4963186556
0.134534287187
0.170367360537
0.134629692057
0.133429968
0.137081967289
0.0822634465844
0.0642738168809
21.0811075074
141.385619847
119.151776553
105.443217371
150.386111168
122.526903875
0.0439250267281
87.7112196159
87.8201336907
87.3725681403
32.8191663922
0.0757171792678
0.114326076007
0.052841040638
28.2725768044
0.0182722110702
73.4564585504
71.3228186125
36.26364027
40.2529455907
0.0618975849273
33.9286558428
96.2972533121
97.7077155877
80.8148397536
175.948457804
137.066311402
72.7485597241
122.362380908
0.0219951431451
0.0494749668219
0.0368583420854
0.0507333134115
26.315153219
0.034981701745
50.8315838583
75.1461259942
0.0476962354749
0.0556408168934
27.1278679803
59.6709866254
42.5743437494
77.6556802072
70.8718695365
32.9979291865
32.3691926283
29.6955551431
26.7067524352
24.5525568064
36.8743434044
59.1255201411
21.4786117403
0.0160683214113
0.0520020756758
0.188022564262
0.208011021932
0.353966659287
0.225932362689
0.238982619002
133.10081661
180.312767706
117.284707641
135.507777157
137.381590634
142.751032831
129.580037525
154.240102129
0.0653688113369
0.0523836508009
0.045811867684
139.364416393
0.0138959039574
0.0153110546941
0.0273492659502
0.0542935455754
35.6018820825
134.780658004
0.0294238902429
33.9472307225
119.064885522
0.0281244934322
39.8025316847
41.1097629289
0.0395315623469
24.1176820506
37.9568420508
27.7146094076
55.1646512728
0.14837697707
105.026097713
40.6850645949
0.20937875657
0.257105532782
319.531789099
229.972758638
122.700802237
0.0953040566407
36.6801930273
83.6652493468
96.0733868669
43.9203557731
220.854723776
156.583036416
211.877075012
153.35863573
0.0838032511043
0.0299036453929
0.0140758861699
0.027319142477
70.4384906601
94.0921788867
42.3831490317
24.2418577696
91.4440172434
37.1607495529
0.108817385986
30.3477472873
0.136928649369
0.127581837268
252.780975951
107.873573126
62.8176908971
29.703412023
0.0577396367418
34.7615446789
35.7126648309
32.153247334
0.10288009663
0.115834461837
31.3543191447
58.404208155
0.0567963273641
74.2216966592
75.6160779477
0.137564661125
24.7303812623
119.513774163
89.252395917
104.242775641
48.7979701587
0.249836378822
44.2233883821
37.5976250369
0.148935952771
82.0040194749
24.2197785944
0.155997696865
0.178031644359
0.136992642313
0.108911045305
71.4026267234
0.0712209000352
21.1050132465
0.057402250701
0.0892693280989
546.054523649
226.664686255
67.2507761511
0.095032455814
0.0772677894147
114.80662301
0.0638274481607
106.428655795
58.816132629
152.147204314
131.634491249
0.0165498725866
0.028437841695
0.0294275298079
0.0311874532843
0.0319870482487
46.6107215141
48.7849916725
0.0356730427626
75.9800376311
248.594516641
46.5594563847
419.972344074
50.5643920695
0.208091446316
0.160949946886
125.687549493
90.2403032302
79.083111318
151.04027268
342.257334354
66.3895987478
153.845808021
0.122920053601
72.0805684088
93.1898100688
22.5213997514
28.0818747333
0.215890058029
29.6343214561
81.8507921757
0.263714738896
58.4040947255
21.6004326726
28.3011832326
37.2361483118
78.2366683717
92.2475256604
93.6285630282
0.0669143614216
96.5202670471
26.0312070398
70.6026523053
113.512225538
163.882589843
66.4134576184
224.311984127
323.093899104
172.184992613
98.918930809
157.884457944
0.258283519179
0.156521252377
0.196863287988
0.100170915094
193.265711111
76.7753477466
202.111891503
104.034327878
43.7070309229
0.0847093553788
26.0910963453
79.2194802196
144.215711594
83.8694469549
21.0355507819
30.1770827488
43.3994545603
0.0396774519063
34.9065217078
22.5040191748
31.5493543312
25.2941586004
54.7051108503
0.0724668811367
29.7665110424
0.0750128658047
0.125351459025
67.2829672345
21.7834181516
35.8682923552
22.3272264349
23.0922732853
78.6224294054
53.3818781306
113.03941572
2930.02675144
94.6152062557
62.2330367602
35.4576798495
0.0841787002982
0.0
31.0963606068
0.00863241506789
25.9958267451
56.2881196828
101.444947595
38.3369256542
21.3769979517
30.6106995812
0.0110166018055
24.9826343457
0.0453287721616
68.7607549011
65.1234947667
22.8544051992
0.0404292070022
86.2124319492
71.6866472364
22.2843632889
32.1619385291
0.101641362105
57.9095402163
0.142837801948
77.1427843504
47.2686032429
21.6364013441
21.7974652552
30.2274952936
57.5991783249
93.212746207
57.4485615096
72.59848179
49.783376305
204.524443189
35.8256129142
82.3404090552
56.4205662303
32.1119329023
41.0280391123
23.5457369661
99.7082301335
80.7928108723
78.9575819919
66.6542697005
25.9385874926
65.3101891436
91.0170841163
34.642226555
123.903983925
0.0626989544156
111.822768218
57.426021537
0.0964617250481
0.148543806477
26.0890643863
0.279316709242
82.5011331196
101.882990689
176.333926975
0.0172040798446
0.0118460668639
0.0119085183474
0.00625812947323
0.0259916046141
0.0286100320769
0.0778223861545
0.0970734961783
0.11454565352
51.7757350956
52.7127772815
24.9488157261
24.8904242364
0.0038774405389
20.9212697125
0.00657440695273
0.062075229993
0.112327634602
147.633240564
168.508899169
56.3806851335
193.073483764
249.256966727
0.0830514752573
120.509330566
167.853209244
162.222824078
46.2847590521
21.7027930502
22.6538049538
65.9791011301
0.436535688791
0.281751893908
58.6936856171
21.3614023253
32.439902329
66.6630825598
0.116603897854
209.988377441
25.440422768
0.151793352938
44.3234307992
61.2252356832
0.342519975168
106.886081138
67.4376911575
157.034415823
95.8390208382
0.00569697600693
168.217800927
69.1751549285
27.9207863786
0.0
54.5033178053
0.0207328201644
0.021409872694
21.8252983208
109.491465563
25.4357806077
50.7963877173
22.7837391488
22.3222011343
22.8708483782
49.8627445295
0.0945541268465
98.0260038426
70.196791435
58.9951968917
138.62557199
0.00704853828739
0.012541420521
33.9055757145
27.8846607923
92.4615659138
0.00660095913869
31.4460059885
0.0398140877881
0.0503270767018
29.7626324675
110.549869166
39.6119699699
32.1676443904
27.6999635232
0.00843932747118
23.6957144662
22.3642846736
60.6522076529
72.7043308373
55.7386092716
0.0709556561704
22.7406006078
0.0449210499395
31.5275990176
0.061349999419
92.3420214266
23.8742123317
27.5310538058
21.5245469437
72.4367771948
212.486229049
0.184578304077
54.8973663638
0.0410585294339
25.9254129546
0.043206621142
0.0584486577823
0.0883799967155
63.5396246479
156.804881942
39.4044014893
56.4006698943
23.5469239734
0.0272324644594
110.669486689
26.5751358153
50.4599454426
37.338184689
27.9155092223
0.0
0.0159835640755
25.569278328
27.8557696846
67.9949724059
0.0387683502831
23.081738217
33.2810764103
24.2130776887
0.197871877345
48.7909908904
139.790786586
63.3216789069
44.1655259143
42.5638732955
0.318042757504
0.473495578429
0.578731875833
0.657477743197
0.49735624349
0.532334373513
0.491907837758
131.316530346
0.43051916143
28.7072113268
22.7468676379
59.031504533
23.2213641714
0.119199926205
152.669953746
185.89620727
111.541300564
133.763323675
122.607193254
142.836353953
0.0426374082968
123.431572281
222.983624129
325.838408693
65.1706995106
167.892463447
190.069520365
133.625380951
0.0737129581248
0.0841874273175
31.3525270135
28.0094228988
21.0688767824
0.0732431548371
0.175016044546
0.188804937726
0.233845219952
81.3982349774
0.250602117099
0.259527407144
0.266067337357
33.6775069134
0.273113868352
0.276825717506
0.27837093469
0.27910087836
0.27924328252
143.485146165
196.193685916
0.278798945254
190.469007306
36.7947756964
38.6124652291
76.3196153556
63.0469607875
0.278245205444
97.4754470606
48.4004865468
139.726705223
22.7483931101
0.254971144127
22.0153071702
0.23961388548
72.5929904905
313.060881481
0.212734413006
98.7242894311
254.03879484
257.355235339
51.1201742757
0.114892222437
22.4585410063
156.049538356
215.491724056
61.7850956922
124.412225021
132.907319286
145.691546914
102.100457036
40.9029018713
161.055522631
107.91626185
56.7406629724
47.8443503901
0.041587788963
0.0461740635187
0.0463192506968
0.0462685296655
179.726841689
118.981452927
77.5914843744
171.876305501
112.688241407
55.6674399909
23.1537432875
194.028438784
37.9073494492
22.4222836886
0.0426189531543
123.759379863
31.0149634566
46.2605436017
0.0409718628274
0.0419351646356
0.0396706459693
0.0402225842261
0.0403893059231
0.0404479927697
0.0404463673506
0.0404546699012
0.0404967528685
0.040513832039
0.0404917055199
58.4034177692
194.743732978
59.2207109829
22.7623265087
26.3564865345
147.832446879
136.449533721
82.016654848
116.605678232
0.0444123060518
29.0547567974
329.739152625
28.0326012195
0.0410351455237
145.589405266
22.5649352196
0.0448475829822
21.0133264228
138.454892699
84.5624070107
50.1891530367
116.842606726
0.0715585362934
0.0984337635311
0.0936391410679
121.47063111
267.540376947
206.280830054
204.692215505
236.590029203
24.09658037
35.9659320434
25.4866292238
116.042427191
162.239937387
0.0748565764394
0.0581090689214
38.6501721147
83.9910886683
0.1256103716
44.3494138847
0.139730632205
21.8763329032
29.1121329804
24.3913383961
0.153019799795
0.161757788092
0.167097150369
0.164164824936
52.3780988387
75.8318357616
21.6244138547
0.0399119917505
0.0157936297683
0.021954568307
0.0189509797655
22.7759214455
21.0003354796
23.3285562023
0.10013356175
31.5009959881
33.5348331727
0.118556977777
0.117961985226
0.0366272206433
0.0306827059498
0.0293699798052
293.114002652
98.5132824923
0.0
0.0636217984586
0.155902223164
0.167327453024
22.4943038701
0.128261230359
83.3048347333
91.8462589217
76.9793115017
28.605695009
45.5695074288
41.5383679725
0.0804952621986
0.187207740265
0.21526066845
79.7668496133
24.1929408745
70.7576636126
101.863252084
0.283279368627
0.327783425991
0.376032776004
0.217794443737
37.9022643724
0.190815674652
17.9371005462
0.132232025664
0.112915974942
0.0835077131614
0.109424978418
0.125854468881
0.142983675043
0.120250114354
0.738521744557
0.0744150167196
0.0281726315796
224.279406524
76.945439393
63.6759472335
0.0321250755872
0.0396061431457
0.0992089260796
0.0423626075414
16.5962459501
26.7784572947
62.6392154763
61.4041193733
17.7360662398
0.0725606856406
31.9481010593
21.2064771068
0.149726490124
111.667434705
25.050668656
25.9523217287
49.675881262
35.6022156082
35.0990400289
43.3465402898
0.0912370146153
0.0344060895738
224.019464414
0.0423007831491
0.11632818925
72.0006550051
0.159946038537
0.131634894815
0.103475743831
16.867273622
22.9703360621
26.3859156554
88.9500778457
0.0645784472933
0.118391205986
16.9147854591
19.6146694057
16.7441297467
0.0846273128884
77.4868221929
77.0295384849
50.7124565263
104.230805598
22.1928688768
34.3205271894
53.3841630631
0.130824945864
50.7033023302
84.0625675908
52.3063117031
105.768906295
0.0918085073874
68.3054079635
61.8805503356
18.232815708
127.498765679
0.0484395973803
131.404813055
113.218181387
110.115977008
0.132055326174
43.1729484055
0.0464918382651
243.028204746
25.3227366292
35.8748004544
81.231441354
77.2199193451
127.754176055
124.638873626
97.6648591714
104.817713711
0.00867934956836
45.0205313623
46.1773798529
43.8596846344
84.2032421823
126.52489287
156.738638072
48.3396061429
43.3911180703
94.18617177
50.0603843023
120.513207732
62.3583957434
127.210778011
102.693135929
45.3635578983
24.9757917233
31.4198349555
17.0767952497
0.0700447040402
16.5295123451
0.0565943019286
209.463597225
188.149539178
395.855789474
105.548604758
17.9094790814
115.094879959
265.772668389
0.0880151072433
37.8546096053
0.116329320664
140.690469871
24.4679864148
0.104098142769
0.067444406771
104.996478367
0.0
39.9574740609
98.6033889237
34.5473762064
65.091745814
31.2044808354
51.8110683663
178.392909285
96.9566392899
43.9073950998
0.0256869041827
0.0148347133841
0.0142268543114
0.0299465379548
29.2339281142
28.6416542137
25.7416291511
0.00256030178626
17.2370159507
0.0666987267673
0.0705048749693
0.0517974630629
23.4942468893
47.7086159454
30.2297755609
18.8377804061
16.8585686068
17.2876004633
0.0
41.4641049284
19.4848138023
0.0280255448006
0.0296127005415
0.0336392267957
0.023095389436
0.0390344188667
0.147630294475
0.143653379773
46.0181835331
21.059044204
0.108065227636
0.0401210341754
0.0537959894851
0.0480216354324
32.751946151
0.0588450190612
17.5866457186
17.8936831327
55.6414696146
139.583966358
0.11853258406
0.129910827864
0.202376844827
0.220144158456
0.215336650731
26.1189068222
0.218483001062
56.7326056759
79.8561451988
69.7368427389
0.0318058336121
21.0301230413
27.2252617233
39.356108044
110.146205346
95.5341450528
73.8769508168
17.4564428302
71.9273810872
33.2889607004
42.0473609275
0.260164459386
0.392840654601
0.439979899797
21.89922084
40.0397650521
53.1959379983
44.5857404513
67.1503205932
72.4318076178
30.0276775463
53.2494492654
0.32977782268
73.0134828362
0.243547436016
0.275671083009
28.4909314957
207.234826295
186.495852416
0.0861073704574
16.3359119666
0.0586603787903
48.8630354953
112.755807821
15.4842480288
277.815797493
56.0107479107
106.370426087
66.7383509929
52.3711727117
74.0848122887
19.6724816332
23.0169204309
27.3472054104
0.222981654043
26.3483426621
0.367093174707
79.9698775519
69.6081930919
101.626116135
58.5721657403
145.523689449
26.1111854728
37.9601604136
62.1167917123
15.4746433082
47.3381625318
25.3390063253
19.5134020474
148.592432808
0.143229375413
94.1186801882
77.575791653
43.7590095175
0.245222490699
0.266010253254
65.6472709052
0.365140794384
0.23575023611
0.172061416324
72.1277793944
23.9073034282
0.096801709816
20.0474038241
62.900494828
22.4630434382
22.5780238556
0.117646498393
0.160293028887
0.119182130016
0.112457511409
0.129937360108
53.3510681184
21.7520609388
0.0897910097085
0.0545084963837
0.0359860177889
64.1587830228
165.609196582
0.10328483436
0.0991155693224
0.0769499545167
0.0806372697984
0.122044122567
0.0688148119034
53.5436688639
16.8631564825
0.0769122963901
20.8200635829
23.0989942853
17.860983546
21.1700774443
17.2215543834
29.9006675041
19.7580824533
15.6510995985
17.9727365173
19.5583847758
17.9513866256
66.1745966754
57.2035830889
20.4072423349
37.7598359297
16.4091353752
17.6797653791
22.2611848025
19.217741345
0.0455528818108
0.0488218472342
23.4332214729
0.0675696080953
0.0908624648522
0.117820991604
72.8234231337
0.0649884173095
44.6302820174
21.6774240312
0.137273088418
0.101144629259
0.195659071064
23.2314975121
0.0249379209152
18.4282830122
15.9609660273
20.0143588673
19.2372796428
0.0486811446252
0.0834618177789
0.177956452423
0.205829988077
43.8964496459
0.225995795021
0.275574470808
15.9980726165
0.109379559075
0.166912706876
0.233878616059
20.1927171247
27.8274495897
145.095716996
17.8632043583
33.3128689285
21.6809574033
0.136445744424
23.0065523111
36.7681928739
17.0208165542
0.383741632743
34.173604014
0.312314616476
0.275493313922
0.252854429147
20.9155904375
22.2999526647
19.5035163846
163.109666323
0.177564598609
47.3272053654
0.00267067466809
0.0142925951896
23.7627714467
21.2479897008
0.0460336006736
20.7031654472
35.0409479497
0.141124820621
72.0369174284
15.713040519
0.237673217603
0.156169303703
22.3007470106
21.4724869915
0.223083067861
19.3154686478
136.951387202
80.3477704237
109.383525605
24.2214911996
0.0880175039988
34.89871331
0.068804020122
17.2306138503
0.085256679912
15.7383164687
17.4377643273
0.072730481503
0.122634191618
0.146919133276
16.2507801883
0.255260045723
0.212227988333
51.3481389657
71.6359100611
28.4160935727
86.2494179164
19.2827212334
75.853678332
157.585228483
0.125457450869
17.6142722558
26.9670117622
40.8461637257
80.0064805604
76.9803843751
71.3336126554
70.2195901407
67.9361049559
70.0789013671
103.933690766
111.667293618
148.706266437
140.864766006
110.774023221
97.849936176
116.229026797
141.434501584
136.383321122
106.165858771
117.324704279
136.163209851
118.628194741
82.831831773
26.4281186417
29.2144791019
75.5613516115
0.0955027247623
0.0533808645776
0.0490672312146
45.8276744091
0.0901202425551
82.274850107
54.8666949208
90.1351066797
98.9165446762
73.2813145768
69.075168365
34.743285962
73.738390492
64.8461580872
37.1638490931
27.6165269752
57.9169136066
18.7951106107
0.12300814411
51.2537025563
0.154299052067
67.664544502
35.5817723491
29.3227363786
71.6472808635
113.388205459
35.4349449681
24.0354097122
0.247452789628
20.5379235509
30.8714092687
0.125813320602
0.133247475284
0.13313290078
0.12585718624
16.5469152014
0.0888199536374
181.926353298
53.0468247873
77.2717127387
55.1074455573
129.171813473
19.9973605409
53.2238070723
27.9793284871
22.6450318973
21.1595311261
30.0152852183
27.5811491066
25.1053682047
22.3694356519
59.3321073746
53.9783760849
61.5630285951
53.1851979592
32.738976068
18.1670873652
37.3839435745
65.8692922263
59.3606276098
61.1945361792
84.4739240683
42.6037802644
0.0315483973114
19.6756766129
63.1552913165
73.5297679652
103.358405161
107.150307126
155.005247557
79.3213869358
127.528203025
137.677213697
0.0679328546524
0.00960599858468
73.5799623543
83.371807801
16.0818505371
55.0534246272
85.3768132578
84.2923293393
98.9603124833
119.358144274
51.3444455634
29.6903421777
17.6487236936
19.08278602
0.0765890866342
0.126375061248
0.104393203329
30.0104975729
0.0694651831004
23.8262327883
20.7684733099
56.2795200588
59.8728252477
0.111871156775
0.0958797219443
0.0721375106571
16.0663334568
0.0216666663314
0.00760654858075
0.0066251827655
134.142525273
0.0232414754788
0.0295940341468
0.0268944124013
204.445739267
81.7803170368
0.00670485580613
0.0
94.283881916
58.3278820421
0.0503279236265
0.0433637244045
27.0688971579
24.4662377957
50.2619698694
0.0159500243167
0.0563298918019
92.1319135124
60.6226417417
88.3810682713
51.2818564524
33.7886335447
0.0688193854284
313.315039835
92.9788704869
0.0796449891596
83.0277597814
75.7708776281
74.0935364159
56.9987720077
82.6330957712
55.2044817153
86.6622669434
101.894601456
49.5996237108
34.8281500309
0.0435966299865
0.0816722040778
51.4838158857
74.9555965846
113.752877809
44.5358222079
66.3744952669
57.0764694495
44.0849851083
0.160535086219
16.5952644388
0.106462501464
0.0897794839341
198.314709273
60.79281471
71.662770196
83.7059798205
15.9481082867
31.4385707276
17.5259969588
0.127435940778
0.103488966672
0.101671573188
49.3933219226
61.3051340191
0.0580524559289
77.2048261866
0.093607920917
40.3666712867
58.6060227638
39.1295633007
58.8810169442
31.5785579666
28.2113052671
0.338333182379
23.0541917059
0.268255024116
0.344638062476
30.8659954737
0.348799806878
53.7752525057
25.113640838
0.472178950904
0.367885489048
43.8704100068
17.8766474162
51.5891191497
0.211710076547
141.862456808
354.693748988
0.101772175514
0.190366888549
0.167694063687
0.12755775384
0.047526395263
42.1549838082
26.2120482545
65.4950066543
23.1148744498
0.0278827392593
45.3583077349
16.828288003
0.064735300626
0.0682113407768
0.0594030822711
0.0326163796763
16.6197298334
0.0345467778063
236.493061768
24.1840230166
466.5681494
208.22232243
15.8366252436
201.067796785
0.0347627106113
59.7799777951
0.0158286124016
0.00446532506321
178.689413557
42.5490914152
0.00394838570264
1108.37192014
822.118871496
15.7065741696
440.357755502
0.0
0.0
0.0
0.0
0.0
17.1204570582
0.00561521354705
0.0111800109248
0.0107838916898
20.8658755823
0.00680144936359
0.0156235647884
0.0232240842715
74.0040625182
0.0355318515857
52.0987342259
29.1300030416
83.67398911
345.147022552
175.315784741
121.842918813
219.412899594
134.424809038
137.878064325
45.2319700241
0.0836107063757
43.8271176186
74.8726012426
54.7528858322
0.0417102294372
0.0858862337149
16.8533884731
64.478252834
0.109734962773
16.8878543952
184.915219663
55.0109644862
0.0362370245989
51.6033274302
45.0276705563
0.0
0.0
0.0
562.253388843
538.16463307
511.838213176
52.9677918907
0.0
0.00276313845144
116.195448001
72.8401766109
0.00675397397928
68.6079536475
20.0120126904
78.0946491264
0.0140550051025
54.445368638
17.3470120116
26.9191015688
24.3531400319
17.3740096761
43.7234006755
21.9835478329
32.6489445617
20.5320587958
0.061200025025
19.5772365646
29.3237734936
0.0
25.3975061388
36.7105616421
43.7063223704
89.6686445013
49.8832907005
39.4808495263
0.00294679161204
18.5985849904
19.6279967168
16.2226232933
0.0349217632117
0.0680242785165
0.10200008975
25.8635322191
122.320809039
38.5219632994
32.3715067488
45.7145504865
21.0666867689
20.5565021031
47.0627567719
24.1668044511
49.811082317
0.120114096214
0.101840919024
0.0904564614295
0.0798829059966
20.5222068603
22.6421631807
0.0630465928964
30.4249910007
29.2679810148
0.189809846238
17.8622683445
16.8135174759
19.7238996381
0.26834134504
0.330030649574
21.8274820775
48.2396754251
26.8444625102
0.283071644738
540.603328283
513.338664545
63.6013275039
38.8674483849
133.014691233
105.630170308
58.9600508009
149.755695602
17.623051852
15.9279730987
22.1033490801
24.5660289984
0.0894543134777
0.0730741814483
51.1018014308
18.2303742045
48.2132279205
50.6453045313
0.0335785324042
0.0298482251833
17.1248145798
0.0026053286499
0.0
0.00342161772125
0.0
24.3790773728
46.373131742
30.1964990298
64.954195531
47.035789661
35.7932262239
0.00725387498814
43.7608382438
0.0213003907933
38.1630248526
68.3186225181
47.9287672095
90.7584830607
0.049423306245
21.5522392861
36.6969925895
62.1193746951
17.0314709082
21.4955806015
0.124435682125
0.130625780495
0.080672668939
64.6092063942
49.6062706639
0.0165582576224
25.8845770363
17.753729734
26.1289239871
18.3980329865
19.562721923
27.6952354389
58.6593247382
16.0877985128
16.3602494694
46.2350983015
20.0979157843
0.145911228061
33.9409740933
31.3867638274
63.2468221549
17.988353756
62.1138169966
0.209000093104
57.0596907164
22.5038740122
0.197694452966
126.758160604
32.3997010465
69.1354686499
28.5307899498
0.13843889591
0.125458943974
71.450795687
44.1557156096
39.8798833572
17.2006138
72.4660119793
79.5139106915
16.110820081
0.0445018008163
23.9518753482
0.0491942628621
0.061354141816
33.479960464
25.5868571618
16.0314966894
0.0074314087324
0.01118505897
55.5942541983
0.0
56.1532031149
98.9110317103
75.0638046968
63.8535677284
24.7095248227
60.3289673084
29.4826694312
22.3365486167
17.1125120682
38.5586676732
21.1724412992
55.5509841453
29.9256315724
26.3313303479
0.129963079356
23.0075374117
16.3163061292
39.7401556956
15.4914108984
0.0954381277631
61.0146866042
0.141436061519
15.4585795818
24.5390431455
16.1160780707
16.3592958163
0.0657245570434
16.5864744884
0.0512336224435
26.8779376325
16.7658328008
0.176240137106
15.6167779058
