0.0
0.0
0.0
0.0
0.0
71.4612930758
0.0
233.748414334
37.0877830831
24.5296464812
21.8420142916
18.4694730752
18.7838799552
23.8948493279
136.118801371
13.9156823683
0.0
25.6493935789
22.8646666022
11.8173450328
0.0
8.3917093346
0.00257126465416
51.2882731735
32.0147052376
19.1930532557
16.3371856943
13.8003486185
0.030245003097
155.228029406
69.31080224
22.8242829246
58.8435073214
105.910687899
0.0170227277235
149.188079342
8.34856248667
0.0119656204461
111.765979007
12.2486569976
10.5137967066
9.52082092955
9.51363027205
0.0481523905689
0.0342605325634
24.0660587084
16.0257884364
189.840136707
0.0166883965262
192.83534749
123.260248924
115.289929894
110.120559371
101.939925652
122.011495428
79.047481075
18.0272496321
67.3127974307
7.81680436312
43.3446820749
52.1960729777
71.5214651424
55.0079388004
74.4739978685
139.147572831
0.0032810247694
130.688873787
187.167650093
111.558470571
137.49887239
94.5097096877
41.5859468889
9.47224893305
12.3061916023
0.0
38.5874857915
59.1496408682
66.9725588298
64.900841405
57.1280829672
64.7682928047
24.5090152065
25.593631334
22.978460433
25.6150804488
22.9407450067
61.2935726191
0.00133438796916
0.00255146660055
13.156000299
20.1898163074
0.0191664000833
0.0151259416179
0.0226275789635
0.0217897289961
11.9942871257
20.9905900856
109.014191087
35.9012166733
0.0
34.7381891408
51.5054998834
40.756561863
41.5990339826
48.8536969757
112.976535401
0.0147285962698
0.0198037201568
0.0104425146896
0.0552008165349
0.0489686066158
66.5194578091
8.06436448875
67.397496955
0.0
0.0
58.5526991864
42.5553388436
41.6782579398
52.0775749529
47.8320893672
48.1751796086
216.105333711
200.343054222
188.254216045
123.529524561
0.0
0.0
48.4427543888
23.0297462366
0.00961355199019
142.369644782
155.947399171
56.1582624502
49.2055081543
0.0108236104926
38.6766662434
0.0197849074217
21.8025542653
11.1589039724
10.1988467135
0.0
49.9782264175
38.0125661629
41.9592500218
38.3022235721
70.44382573
9.59117196547
78.2234746819
0.0190018425207
0.0173006668859
0.0240004051988
41.1415079069
0.0144179285786
121.807804084
48.8587926617
0.0
14.8879833117
42.3210446735
39.8427353913
35.1838358445
41.0402028927
40.6438137501
18.9954032723
13.3810020867
0.0417778946292
0.0877200787268
11.5023456408
22.6761489466
326.849893984
224.323053873
0.0286694919838
31.2061282817
37.5591212281
33.1321248286
32.7408127063
30.9488205871
26.4248660239
28.351145145
26.8642323169
0.116458109211
14.3468478007
0.0929721988662
0.105000839404
0.114704834411
0.113251085351
10.2759186482
0.064974657049
0.0606543529535
14.5041496031
14.5145492894
15.7963806364
15.7050592346
28.1524583658
0.0931167436741
0.088184958129
0.0765537150785
0.0824973771062
0.0897734164872
0.0930175859908
77.7119795428
70.7391458686
61.8905509544
0.0377730504346
167.925883182
9.72694636748
11.9722224194
10.3393850986
0.1090359146
0.106577799659
25.0000291237
24.473953242
0.111469448133
101.623047637
170.823587061
8.86988982087
17.6612983967
0.154273381499
24.1183336502
0.0975498191447
0.0934327198677
0.143332921282
0.166986435621
0.179248306816
0.193139782262
8.50108618456
0.207500794066
0.206830405634
0.200672901105
0.200260276665
0.198063936465
0.213533693115
0.196968624384
0.183585824616
0.164674131411
176.172873162
24.4484991312
37.0534945163
15.6903697295
40.5398105551
72.2040988831
69.9295702078
73.1092465002
50.4571101724
44.8447810678
42.2377219771
74.4928156871
26.5797684892
22.7514673496
21.4368447617
35.9257049405
36.0974334458
112.146217934
31.4701166906
0.0754879305786
0.058920405185
12.2589436718
9.98439368566
8.59471221682
8.0427437725
15.6185860063
0.0608287014961
0.0482888772696
0.0446633970481
12.7600996048
10.6103278388
26.4010531199
41.4739466678
34.575086198
0.0391412723386
9.93295795168
135.254727326
0.0489265986217
0.0732624798111
0.0713783276741
0.0892345657858
71.8385819623
13.0487383847
0.045030363335
14.0329497108
8.75436221518
37.1362632505
50.6693430863
36.4029324159
38.1554160371
48.1057294804
42.8642831333
11.6325728292
8.2841754255
0.0724649307957
0.122916481668
0.113750698633
0.0792336284967
0.0634608627611
0.0552317669436
16.7486950956
26.6983644174
12.0115965773
0.0229211175552
72.7972107794
63.1221608358
71.5164308196
79.6821999253
58.7276457675
0.049063191554
0.055532547246
0.062244033319
0.0686111417158
0.0873250115281
9.93560198682
10.0195845215
0.122538555083
0.137458975652
0.151121283979
14.5212963596
15.2466904179
15.0928926021
24.5109017404
26.0464506351
28.6291918949
31.3780302172
36.0831307698
41.6191607965
49.316329243
52.792563034
59.2879561019
59.9781121614
93.6305732224
100.526707625
10.2333039648
71.7308916204
106.061800281
50.4437161752
13.520080065
0.0174835890041
80.969487318
8.233500433
10.5921380025
0.0292939070788
9.56277674047
0.0815943829233
0.066197069036
0.0616482543124
55.6480068819
82.7916270972
117.645351969
86.442331007
83.6726697324
0.091397762908
132.777144199
102.560893312
78.5734272806
24.4061139111
0.0384695482622
0.0434656921016
11.2559216053
0.0780514103106
0.0738309247884
0.0665350255934
243.945500219
167.453655288
198.486065753
157.340776324
130.896457539
8.86861275251
54.8873493217
67.8136014064
104.99742984
117.581193718
125.159169431
98.0494988907
130.124439492
139.680446001
91.2632040017
31.9370957949
8.30657145202
8.49613509356
41.4066148278
127.928422337
96.5015302392
0.140457421805
58.5337893903
0.189920531644
56.5219236287
27.6197870991
8.55424327547
0.0833858693929
0.119414924856
21.3680753141
0.0761201840113
56.4368174492
61.4712334926
0.0940956328215
47.4557901436
52.0343991897
0.030086589026
127.500273705
114.604516664
188.119860502
112.274149392
140.685890378
99.0657433134
55.722202736
16.6583908924
34.9671925511
32.1507555112
72.5593720301
70.4777975247
59.4924126897
93.0177529539
86.7527593927
125.154277515
110.397322022
121.29252664
112.763044786
119.970813485
120.461269345
123.069080677
144.597531665
112.239474038
91.6200999891
12.1633991501
0.0519441742728
0.0671918594933
0.0659251943801
89.5076168192
66.5502109521
64.5582846104
72.4659948917
55.8288803347
67.8240972525
42.3808646743
70.2840663379
65.4165770743
67.554451894
20.5411308785
8.909212315
0.0392659007836
0.0228165237884
22.5964969616
0.0352007964874
0.0441258862062
108.488026721
26.7308658108
49.7087189758
93.7915851162
74.3200701689
0.103581170442
37.9101902227
36.43911345
33.3663027576
0.179768281971
8.43920205054
371.260937553
100.483799904
99.812289088
58.7662101469
43.8372198218
23.0674971247
28.4330560184
0.0502653799582
0.0884453859841
41.4644196103
0.0859652146833
0.0745404292908
0.0822166571005
13.3380801072
0.198988615904
0.185559789542
28.7699389819
25.7858908587
0.155895339447
0.224750301475
0.120675109894
22.9699971214
0.0214557973757
0.0248923339118
167.217327831
251.291581708
81.0880081727
68.2494034061
59.8729279005
54.3300136352
97.0074164455
29.8503252937
15.5689375744
14.3429266978
12.6228286484
65.058538218
48.2541636497
46.5292084304
46.6598690957
37.359671479
7.92123343581
15.2097351974
10.3161090596
14.2337371652
0.0569987763034
9.00271413984
25.8197722647
85.7917582509
23.3374114208
142.610839417
0.056219615746
31.9309459038
37.3649235392
0.076210129296
0.0943619062391
27.203294358
27.5124038451
17.9379984899
158.857338759
136.530304393
142.123358367
76.2992364149
46.8325170226
69.7925983187
62.2076300375
11.6579790385
8.01730067446
0.00744137216103
15.0333618484
28.4751984429
55.8189523974
41.4854243482
14.352671688
29.0914501428
7.87499909419
14.6006032019
75.0085603341
9.35822365666
26.7381985624
153.060382736
174.376739727
266.05693128
144.112771231
155.823132678
233.033391512
174.026314312
100.564996341
153.865875566
29.162268065
18.9292111503
189.019435813
0.134309898445
0.214037287844
0.192601854283
0.28047688703
61.8994718211
18.3564821334
0.218917008927
0.117980515062
9.07559215494
8.30177292289
0.168746054317
0.138460057369
8.65100734003
7.90310749623
0.121867724496
0.134606926885
0.11196179201
0.0875350006037
134.299541742
119.264640172
119.171854556
21.7167631562
446.077641612
0.125718419256
296.766167367
345.246497167
313.101155446
280.43860875
306.742256422
197.912725293
10.9700759145
12.7765325701
0.0749191101111
356.830087732
85.2111758453
293.866302419
268.225971091
301.68154768
273.82870413
245.996698892
9.03731408348
25.235616107
20.834858016
0.0167952783454
0.0674519267457
0.043224656413
0.078152623956
22.5690447188
24.288924942
67.5941130423
19.1783167843
291.765536853
35.9348011219
64.5587044232
18.8516206839
36.7660532107
29.1808098086
0.0182861084458
104.106135872
134.903671911
174.437709753
102.765021505
88.2839412649
82.0488820338
109.616100648
82.4146570071
48.9322655156
29.3376092804
29.0478478511
89.8115295426
173.443623092
47.1855312516
11.7789853431
0.201688335326
130.158628462
105.655907081
41.8034787778
62.8880688025
8.52059271956
0.0786483682399
13.4851781927
58.045489843
125.353500917
88.4551907669
72.3295316522
53.7882483258
59.1025837328
35.8281790073
0.0607940966769
0.0766910535054
31.1500895615
27.5777948409
8.56293051594
0.12657950924
92.282015133
43.7587972422
48.3362167374
37.1475725835
49.5334052195
208.258159659
0.0269738512401
0.0200134982709
0.0344055034794
0.0353249427633
0.105439100603
104.859250414
12.1370267806
21.1496707738
9.54440074269
45.9593092172
85.3074473989
40.5328785479
35.0541693992
42.4793532939
46.6087161999
26.868137116
0.244234460162
0.260182396961
0.253629256693
157.737413584
68.7151876327
144.434325403
62.7558649939
0.072827313928
80.9212441201
17.4313520706
9.87151871778
34.5186572502
31.9186747537
8.43298687351
24.7491147769
9.42555103122
0.0864013986262
0.134085434138
0.174287703383
25.2277167943
126.885253723
116.640796766
187.974376293
199.621958015
160.303580129
8.86304361032
53.1776346077
152.513721588
87.0694533486
104.23633631
71.8371417391
21.8190440467
0.0553944518993
0.16039682062
8.42647715151
28.9549719823
132.358000102
14.4455757969
58.712598691
0.11218123908
20.6438772893
9.65922827858
130.732559983
18.437710159
12.713427968
24.1995607247
18.5520013354
238.598799011
192.16702201
17.329533401
188.944969794
0.235525707786
13.7465649784
138.032502401
144.62844162
25.0346326967
0.0588930258133
0.0736457376324
0.0640958619751
0.0989638116714
0.0871165687264
0.0602570842522
0.0668196190736
0.056073320183
8.4191508672
0.0522747104303
27.7404503524
20.7132050886
37.0917898841
9.7826118504
16.0765827457
44.0718967489
58.2092155679
14.6052192027
179.550204557
0.147275701944
0.166964980188
0.179495548821
0.13782472963
33.3640052668
25.5915173971
43.1495132918
70.9703286494
71.1517071617
68.282069802
83.3835406459
41.0964082661
28.7934965601
23.8871968502
87.437872785
146.305819418
130.496092882
125.598764219
73.9056428012
90.9575990232
129.758368553
75.8251339822
12.388628217
9.55193701186
0.0663794901607
25.1644580908
0.0311436802088
8.37318767385
12.6337057388
59.8458003469
59.2955233553
37.3099865537
0.022345141658
9.9038496477
17.4777314106
61.3078704913
75.448067248
40.2143107623
46.6234006749
49.8808563572
0.0666062236117
33.4736746762
15.1598151001
70.5677520192
24.2137319564
0.207520401495
29.843551183
69.1769242904
27.4765239661
37.9191633633
44.6241846771
0.280963694193
0.186557074409
0.135127644868
0.142390287679
12.7352176087
0.108286172332
123.962444856
112.684756562
116.278825013
128.9908572
107.334609056
107.311399501
43.6403317426
69.8904954379
9.76731953187
26.5386425032
33.0088776805
42.6177410407
12.5925429881
11.7960313873
43.7728646001
0.612939664064
0.62461379251
0.443503839256
11.9357316444
28.3702835381
0.445161436288
62.7230153281
81.1472944854
49.8463579974
16.638817755
34.8496474418
17.1971735375
0.0564477164843
15.046629017
0.0970789542362
27.1643350952
8.36525373546
0.194229474442
15.2288564587
9.42076284754
0.203164216278
13.8136791264
233.53597809
0.50803483012
103.289879563
65.3155910289
8.63401012428
48.0266118079
18.5876036232
36.002440217
34.1268626057
21.2668743825
38.1249743634
19.2861267674
9.63838026936
10.0086436603
0.0545986945322
23.5533621372
11.8298240636
11.9705579457
10.4400754494
34.0899834797
0.0873251193491
0.051513445569
0.0273459389704
0.07532665961
0.0683375560312
0.073747285515
123.180543529
97.3147956853
93.9415532007
11.4251445292
10.2252824809
16.3005280943
0.0836326684401
0.188029543017
51.6731886451
13.5484437931
8.35725382547
12.3807640934
64.3392932949
277.912021632
201.288009942
199.879699818
19.5013820516
0.142772033804
135.281014747
151.619114219
136.007876013
0.244650858158
0.200143250834
57.1297139477
136.453195302
22.532812872
0.0918952639628
16.3577582665
0.0759409624409
0.238720559777
0.301668551026
21.168655295
15.9883197282
23.7479935753
0.711849954965
257.184831893
13.8858125172
10.0315613011
28.790296895
11.3435215496
25.1420039758
26.5587022728
27.6401701194
29.3161802402
30.1280244955
12.1693782495
0.121434537005
0.11458069209
14.4189499511
0.180477192852
47.8791860812
29.0166469664
17.9612127435
59.9876304075
70.750457603
46.4335296764
29.8988977413
48.9821675242
42.3602639918
17.2308848309
64.3983502229
254.034744969
181.169136723
270.572617232
237.72558417
237.488755665
0.0818224107064
189.604532409
238.470873905
144.776240905
155.687061561
242.632086237
198.309710161
117.195706726
76.8757937498
73.2150117354
77.8434462464
31.6596527218
27.9301939431
48.8214489605
14.1225446912
139.943503635
142.535688903
111.426107555
94.0791272413
107.083863904
100.213648727
0.0784079051284
90.5781887199
130.688123655
0.305866465646
68.2736277124
89.3650872478
20.5635791846
0.225897877741
0.0985764134952
328.262286466
159.622438757
154.790564376
18.4887381984
124.766389776
130.327274692
214.49556285
0.0669960458004
0.0683968825829
0.0750892862268
0.0807517782583
0.0835029332772
0.0920837064062
0.112064490955
17.112212186
43.9134345888
13.0040489982
17.8437793246
15.0397589397
20.5689370843
13.2404241482
33.4603125681
0.111662909107
14.2926498637
27.6093613756
0.0625340929191
0.0583937525859
13.0322331512
11.9521907965
20.4501103105
49.3480573722
95.2059728757
73.240273998
52.579854427
49.6821756677
41.0659171733
8.22051251569
8.77248409064
58.5870973725
86.3797228379
0.0449372769898
70.1928619377
8.74559929923
0.0222562642884
0.0194717701859
10.7450498863
57.4492827159
0.00712574687615
22.2759777116
14.9034551687
15.328002632
36.6145852474
22.6176694784
0.0837759576363
0.086833212058
18.9883184764
41.5411543469
45.6151972297
23.1177683872
0.0322137209264
0.0333172134097
0.0344184208371
0.0369991585279
0.0410565042943
0.0412891447511
0.044044313806
0.0475380244978
13.3809462717
14.4075139481
13.4534711718
12.754310237
0.0645003288569
0.0674910918521
0.0720776264668
0.0769426472721
0.0794709029096
0.0815801972852
0.0849946208941
176.822144304
266.65064405
184.089912168
0.0880240464343
0.0900238926747
0.0785040759205
0.0
12.2677082756
13.7552726375
17.4787597189
28.9019798498
31.954402464
67.3573631514
0.0367319439932
19.169858951
28.9240656311
24.2525902213
0.090329750648
26.319539965
10.5944183289
9.68833888177
9.90228165757
32.2052232711
32.0927820979
30.3958163807
14.2277909386
0.0910041178161
0.0893763951619
9.26553312044
0.0411811384335
82.2112329138
8.37999531993
0.04228841658
10.4727882944
19.5399851718
9.34967797825
0.109568102957
0.170584810322
22.0667839023
0.0720573001943
26.2105501884
17.5962686148
0.125737012732
218.751834136
142.255769317
0.0382272810984
0.0351625903326
15.559850048
27.8965070854
8.30165830056
73.2761281465
22.7011651779
0.0708009351797
28.2512398602
57.2231947805
0.0408123958485
127.271089149
49.4304789165
0.105558550859
0.0969731891389
0.0722774103387
40.4052970048
39.2857694474
27.0093774591
13.8284397123
0.16282487169
0.174033454061
0.1712244701
18.3720648709
36.861642554
48.3706879184
11.4451523575
42.9297265745
14.2930655606
8.71565341389
7.92358280426
9.2620850748
14.9955355694
32.6985466569
22.1027499321
32.1826580818
67.6742142899
20.3622241522
8.56552748268
0.125153669412
0.0968256286096
30.8118456274
8.82421212644
10.6185356079
0.0254046427368
0.039964547025
0.00608499454618
0.0142927712166
0.0147435237579
0.0215916517195
0.0089847556686
52.0768322197
33.7851650566
58.1013814185
45.2278845605
95.412539739
19.5788121028
15.7307472797
0.188375557052
13.6888072156
12.0574676488
55.7277210104
0.0874393366215
0.0929629172101
0.0689388884907
8.33085452812
0.0948397303114
22.1817978413
16.0137890302
77.5410810062
0.0532791588778
9.72966780589
34.9944763274
0.0443150881432
0.0816496929278
18.0583595482
0.12146976717
16.1355887765
18.7071302145
0.106192321603
0.110314878766
0.131464492913
20.6428287682
8.45246341566
15.579360031
23.9941277606
48.7118910051
14.9358060887
10.96863407
0.183502758388
31.9508152561
37.4632402174
0.286167303635
8.47921771215
0.423209073638
0.104282536362
31.8361464069
35.7626850335
32.4165895481
27.0976137681
0.0867295760469
0.408372013085
0.750896685431
0.803327126236
0.824833453361
17.6135500888
0.893514689263
118.995129747
103.451320298
74.2088008259
59.9533288795
41.6734545948
9.97566637624
12.6586177604
0.671345755857
9.89095198866
9.03525132717
0.565241365554
28.5297780953
49.4598172055
93.8910639484
104.485870781
101.757108918
0.158372655221
11.7202869276
16.0047356944
59.3986164239
0.0309703756398
0.0401880978438
0.0656000246752
45.6555103686
12.6945953958
9.42415727352
34.3918383911
31.9328321709
33.2760694496
27.0095390725
9.73081075401
52.6248610354
8.71610550676
9.34697232318
30.641660454
28.9986896724
30.942429562
31.5267925701
27.3660039091
8.02829899142
9.08624972168
0.0159268705801
0.0308018739529
53.2657881785
0.041275761727
8.22294440299
0.0870417070364
8.64341733802
13.1349961737
16.3522889867
255.334791495
0.0504189797208
12.4877773272
48.1593413907
18.7231915169
0.084506571353
0.077127727176
0.0529803805781
0.0507802930442
0.0511982917918
14.2293352755
16.7541188011
29.0483482575
35.6747069076
39.3913686424
32.3675817324
0.0683464019723
105.071967863
101.668217212
108.787880674
12.8133823338
0.109391237328
9.93877458572
12.2993569725
0.299289066513
39.6419675755
30.1177804336
15.4688114307
8.49928558201
0.16419312098
0.184345622375
8.58210272253
22.9170572923
9.28736199662
9.22154252331
231.269857826
23.1471290568
124.172673894
13.2811338702
10.7686972108
0.0615769621216
224.338793227
0.0457369637724
0.043584545141
0.062961353375
0.0477060710021
0.0452545745068
168.082972892
0.0459495203778
0.0605900248462
10.8361294389
10.0889656903
14.0679062917
0.0192579429341
0.0174829059807
32.7875330012
37.3548486329
40.2234649162
0.0464261679892
10.4061171453
38.7258612781
17.0367835171
0.0218898914411
196.774213379
198.61900066
12.5463139084
116.703682944
0.0492889227626
0.0529721310155
11.7521692248
205.227602465
0.0687050562859
127.641872655
0.0865310317517
40.0984910225
0.0650793986517
158.147100928
72.359550586
0.0511126359883
39.5077556842
0.0575485626304
0.0313629212191
0.0152247195287
0.0208467651148
0.0245275572486
35.7771637591
38.1112142042
15.9515938463
35.3136956199
39.1149029984
41.7974930826
37.3232942672
48.2288116059
20.2506286356
14.7363331469
0.156508904429
0.112449343613
0.128253198606
0.247305421646
0.213932094285
0.19307531814
0.0595800739945
28.0327565782
0.0448972029689
0.0116645555174
13.0511308974
0.0568954305418
15.8661538506
68.3250255325
0.0896441927061
15.6914263097
70.1399312056
47.4408780061
0.0918373545887
97.2323888771
61.6431809845
0.133412812071
0.0544891049209
0.0474169722522
0.0616603771953
0.0994620653673
0.0919247695639
0.0955384592583
14.2799484142
11.3457988526
36.9820529546
11.3989106329
269.260701336
0.0860989899959
20.7643661947
36.1914869665
0.107048855362
34.8642764996
34.8640647226
22.4787417905
0.0575225607627
0.0458561855026
0.0346352507955
0.100921340097
14.5502137044
15.5714372557
16.0614841899
72.8827323073
0.0133405000581
0.0272684410626
79.3216592606
73.8790528605
60.1303763778
45.8632088935
0.0623909133744
0.0717247053459
0.100479045531
14.1107886692
32.9347098755
34.9913500872
19.9651302891
15.9661501191
16.3154471898
11.7719773425
39.8784816385
39.1813961874
0.0205236683515
17.8411910051
21.3000240323
23.4181604691
35.627556772
36.4516001935
0.0648619076915
38.1611366432
20.2432713787
36.5960079874
0.0876855614473
0.125527667136
20.2989626237
19.0721835735
0.2224390298
0.217308161718
0.158586743228
21.3799097984
0.105983661763
0.11509785257
34.4236924612
14.566082893
20.6006639917
18.5411406274
12.7868078429
41.7435488085
46.0996822628
50.1273047133
49.2192390192
49.1187007598
45.8277153136
26.9880061065
23.6963652978
18.9995398499
0.0835381373396
0.0828867187725
0.0917366403887
0.0870613308892
0.0847818734979
0.0874298430412
0.0921083344816
0.0903086312802
11.7980591545
0.0609942114279
0.0551417541375
60.5020591409
0.0400323325401
0.0586063403512
0.0717913062689
0.0478483803675
35.9745016686
55.5453882771
45.2247481317
0.0444766882842
50.1649343307
45.8243718351
38.854400468
0.108059251696
12.6524943081
19.2598364889
12.0477445237
12.9409917395
0.0567514836086
11.4208992597
0.0484580240246
0.0581809543876
38.4719930083
0.0674756724852
0.076302650579
46.1286010325
48.9321397144
39.9419422831
33.1521327307
11.659062441
0.096743990398
67.2274483474
41.8860525547
58.2843553635
41.8456255397
0.0843262762294
0.0604791140903
0.0470436016791
36.511159714
34.9339332095
255.893968346
30.3019998171
0.0403097118631
27.5448248295
173.162193192
257.260073385
314.669905873
0.0551817175854
38.136747549
16.7480099555
19.2534722608
19.5516823502
0.10637926177
19.5090752256
12.7100631333
41.7952216294
0.0834172616813
81.3081829614
24.9646190139
19.5809980712
11.268030671
12.9123768839
15.7520805404
0.0471350669858
0.0651264457551
0.112221221353
17.3101108649
11.1619937902
58.4642808072
57.0366039397
14.5368478198
11.3422698223
20.4858282216
0.0454719494581
0.0602845553969
42.3230043529
36.8432769521
0.0555753944569
0.100407308145
0.0891511484314
0.0509255834623
16.1574608041
0.0535369885202
11.6092392737
40.6632502219
127.793163214
60.9177850593
52.6301244943
13.1630843176
23.8870923265
59.3186010716
47.9585679203
49.0696355163
0.0563646156274
0.0437919916489
0.122882152448
30.401248186
17.5734624174
24.4209485747
15.0330620405
15.4990785706
0.092325749435
0.208126272158
0.0518908274633
0.0471235670969
69.9965689901
0.0229897611468
92.0565009928
0.0784403548353
48.7143602663
48.0265798324
49.8968139326
28.2169889203
30.7655512542
11.7138421858
34.954632253
31.2542225767
0.104441669463
36.371118878
35.8362675786
418.774518639
0.0746900083092
181.682535207
238.051568383
137.285679078
0.0775400129494
0.129041409982
0.143596522264
0.118558847894
80.6835704021
30.2209173279
0.105859393445
19.4503325836
0.139812590446
0.109734278532
0.150215550634
0.119110830191
0.105987472103
0.163528697548
34.573836985
13.0188463509
36.2502430297
16.6176348534
11.1517464793
16.2451660666
0.0347411443662
41.5200758763
50.0224172217
47.4055539823
47.7975435768
44.6747458746
43.3921813235
26.3784460134
23.7234071311
21.2753370692
0.108151389325
0.108411101768
0.0939756468639
0.0927268208928
0.0944548815113
0.0957593304124
0.0965864228898
15.9965008101
0.0977284033017
13.1677303944
0.0382667302097
0.0291229194976
0.0163644283611
0.0217868448883
0.0257366047351
18.2413266916
0.0482422632559
81.5540330055
51.4258637561
21.5124663501
0.0438323859368
44.1983142477
39.1893654249
0.0816494701092
0.0532753023182
20.5867069422
12.0844803866
11.8500557369
0.0436187955744
0.0527327568796
17.7257462808
0.0440048022273
28.4181077748
41.7303907116
36.6898776369
0.0697887305524
38.029432419
195.97933456
30.9788366001
56.4726096675
98.3962473654
67.5367037274
40.0976576362
93.0314856601
60.1953874656
51.8195443073
0.15491299169
0.138812436798
22.2442826772
15.5250140011
12.5174648071
18.679368932
29.9246619763
14.3793493333
90.2391708242
22.5553739761
13.6883532065
22.8291696457
24.0853908812
11.3041927026
0.0838647546474
0.102603445237
0.131035595859
0.0806028813527
0.144733261606
68.2837030784
41.4223995346
52.8972697754
67.9486138415
64.4986345026
0.26342450006
0.207208723224
0.135743815876
0.095912909756
24.3658862858
27.7194725016
37.5654042801
0.123371576372
25.7432694349
39.3945373059
37.8381284132
0.145938447914
21.0922731194
0.131124094466
0.178203814181
0.141795371011
13.389144572
0.244417329549
0.29716922513
15.1145014469
0.279950320275
0.242388785737
0.192380703868
16.1877386418
0.164174858419
156.395671654
11.7356702432
91.0436587991
100.022156636
47.031354465
0.0911963374797
95.0820190439
95.1454367024
55.3045501586
13.424145181
16.539342427
15.2470515859
0.0
20.1129684684
22.8082339304
25.7992107032
41.3473383574
45.4661998653
50.9693736281
57.8405964392
65.5892911738
72.9594520493
80.0438461874
87.5106152263
96.113647143
104.257654152
113.437069362
123.042088283
137.885345034
156.216708309
172.960209774
182.047643187
196.288422466
0.0459602812555
19.8738282432
45.2464245312
0.0394826822553
69.0619936821
86.118359295
45.8677676022
604.359495568
70.7011310919
47.9349493885
0.0207612402739
158.153168036
37.6536421766
0.0488510282842
0.0672253209888
0.077225304143
0.0666528551502
0.0623658246732
79.191152352
85.0937785991
82.4927098233
73.6632595236
11.5078473689
85.6116648713
66.9316287606
80.7730496007
13.8612317719
127.859226598
71.430301572
20.4856685367
0.102645682695
0.0689327160129
0.0724394101592
246.600503775
157.506817703
181.600263582
153.096108641
84.3572876695
50.4774162423
522.840756841
116.182454839
86.9209582081
86.292438633
105.299835889
81.5528926799
134.778524537
138.393936304
143.795595314
0.249501774355
0.106960246293
35.7357315796
0.0739064083085
117.592500931
59.368575094
44.2701599304
48.3681991217
49.8263020976
19.8822840351
13.4232058324
0.189319596641
0.0648622613783
15.0290208991
0.0545821128868
67.3041214486
12.1305838572
57.0903013394
59.9493987665
17.023181103
36.4811674711
14.4608022006
30.5298084541
0.0612840511027
14.5035505478
0.0611953564551
12.4593420588
12.2671185121
27.7962207289
0.0502334092297
0.225380045807
0.234791572668
83.9910678955
82.2809760704
63.1269053779
50.7529320659
56.103836896
142.920747007
99.8537438972
128.054088953
101.937640899
80.8193634001
110.556680122
56.0402715203
124.254239638
67.0567981561
103.249825047
51.6564269301
0.0698603512369
92.4061323928
62.6672274185
103.693824842
82.8486406585
56.3244640604
78.5140421447
76.2884069356
68.5032079908
0.0699355093925
26.5941366043
31.5872201817
48.3681081757
19.0482939095
365.837278991
0.0488127585885
0.0281563196479
0.0497947911353
73.1005571806
51.4783705438
155.961933503
60.1029874626
76.511917265
42.7117915752
95.8081332585
0.0909526584461
55.8928335161
51.7790843953
13.8259213117
26.6242176317
33.1774724353
41.0400107618
68.3334451989
94.3717403887
68.6420016307
45.5513424685
46.874828321
0.0516697512607
0.0257141893767
0.0453934722746
15.3858103775
0.0738743660402
0.0861008711349
0.0787965825983
0.121639259938
23.0070963836
12.5609871928
0.179723187435
0.171598204559
0.145832045463
0.144348047731
0.122036464122
0.0767832573599
0.0626850571085
0.0439480317186
14.5043096312
258.951206816
81.7210214851
65.0933702036
65.7816745856
46.2864606404
45.1444499431
32.8055409414
18.038199715
18.922856326
0.0580367692883
29.1458821208
41.3823032711
29.7935103741
26.0449249969
23.2519375671
13.2179767763
0.0248136686244
0.0310151369383
17.1377543583
0.0702407943288
153.156034939
0.148981271639
32.1700409729
157.297761032
171.973794879
15.6778371028
0.0955956196807
0.139948012174
22.8343363831
0.213895628132
0.0880364452356
0.0512182495297
0.0500153083502
101.101626009
120.065787807
116.640988657
86.5322140271
47.4922415852
68.1546022087
85.2935698722
37.5359694928
0.0575324373092
13.0836337206
15.0415324835
0.0
67.6375896516
0.0201633383041
0.075812208818
15.4804904833
14.4425373536
0.0623346595703
0.053621586655
0.0495882964825
0.164460172741
76.5602347908
127.660491368
245.250908729
127.253226457
127.647636496
150.780159281
184.21380413
111.969845128
153.394839991
0.121663590991
0.0317007535543
14.5969499409
62.6994156783
198.242940509
194.984145054
83.8349692244
47.4215060108
78.3709779098
0.17283527357
56.4441600502
18.6671285512
0.101074554127
0.0791288231958
15.8084364855
47.2932113589
0.0728760742085
58.5661382055
0.069758900343
75.7567396018
163.641075261
13.4531479235
108.032962072
104.235489501
127.65988125
11.5663381575
0.153568335886
11.8822526225
243.078511391
287.60913493
251.070634636
174.497140936
260.490561504
55.8901562835
0.13360321967
0.118994880228
386.400966932
249.139550358
227.102102016
245.906422647
0.0659688303506
13.1776641162
255.003945149
102.306329044
17.6532565297
12.1420274864
0.046033463182
0.0553219012656
0.12977562125
83.429340708
12.6143030626
19.5361557605
46.4594659337
22.0267165281
177.397774268
398.999303018
23.0404402603
40.6413812578
46.1482610767
14.0807752014
86.8809602853
163.988307919
62.8950150595
122.894148726
132.234588574
99.1555201221
85.2784608841
34.4587743751
62.6103507811
56.6309241732
50.8958169884
29.6853511505
60.8636589781
70.2591582861
158.428824863
11.7747538252
0.132084711563
42.8220851433
14.2515106638
39.8153338995
0.176310265841
0.151979065058
0.105585674239
0.0950254525266
0.0503950864614
68.3193705737
87.9384855191
65.6759185505
41.2687586398
62.6516120553
17.4800195115
19.2384941835
0.0776556260051
11.8984753887
0.150743133795
0.151625545494
0.153514440105
62.8964043159
50.0301009672
30.3171137099
52.5452764967
20.4590524531
45.5406635003
99.1388249248
0.0514096785451
70.163127404
55.2429563791
52.5367912397
80.7507010626
0.166144987148
13.6139617874
0.210745796118
0.230022019609
49.1200621042
53.7991982784
47.7807333363
28.0173603378
38.0831082584
42.4113927423
73.1269912157
0.281081998283
61.5811908986
76.8927795038
37.95880542
0.214032022383
113.301250779
416.125087088
12.4249433706
17.1484172067
0.0694513525256
0.09790358417
20.9322872922
0.0898285435772
0.1065028294
0.0940734164946
0.0509244556151
196.622435498
367.34355728
0.119201336646
87.3226463799
102.01954069
174.040712107
131.591876321
87.1331384682
0.107269967505
16.1762405606
45.1433744188
135.015949748
70.2255653423
57.9864249323
0.176781508751
0.173996778494
14.5721229417
12.3555023891
95.4586291444
14.370497892
11.5504560295
12.1007199938
0.170683034746
18.4656512695
0.185993268971
26.8484990889
0.173918300124
0.250865194671
0.1158056693
43.0939905681
188.397226303
155.337777401
47.8543598577
0.0751367042316
0.0821152238408
0.100107567023
80.3524359745
74.2718093783
155.571997047
0.196775455034
0.0873485983428
0.0716804521082
0.058031356319
0.0761690532448
0.0737521913097
0.0775881080185
0.0813027847191
0.062753775802
0.0564526582343
0.0660908464393
234.479366478
0.0837322607688
12.4557380573
12.9457123192
25.2326633434
40.6703330216
23.9930963322
0.186373145648
0.194593005037
0.198738432851
0.206088858237
0.207196004202
48.6621349255
24.7597258959
14.2774213845
38.4463975703
20.7713857214
27.7551990954
59.630071093
25.3493779291
15.8401572239
12.6055013319
40.1589207153
47.651747384
157.531783989
97.0056393074
64.7712835629
110.474898617
93.1636577501
94.3562263394
51.2836899541
0.0390463018141
14.6964263409
0.0419964885537
0.0407637763276
41.4387576459
0.0459464997789
17.7412354368
22.4574659823
25.4771110788
19.1364686144
13.0361327538
17.3126514063
30.1090653101
50.5991563412
24.90104391
86.439380175
26.8476814011
33.2006028479
12.7248989219
44.7564066768
47.1207630645
31.7240047371
18.844438213
13.0064570683
20.4386162588
79.0152205644
35.6927872829
12.828349757
31.2327035944
0.091171058283
0.0637047953935
0.0839168170282
13.7595215085
38.591974304
65.6780654764
106.364907477
148.016787997
117.834037784
114.916802277
64.5546236046
17.6794711951
31.4885736326
11.555664464
12.1837676651
0.0416046298226
19.193141961
0.114196648782
16.7652722926
16.9703847689
0.0878875333587
0.116220903908
0.11722566397
0.0957265750039
0.0668825848441
12.1864404882
55.2359427447
83.6787695449
53.5920046933
15.5787539599
41.3291566304
0.0567907651622
30.2799483893
0.0649935012108
0.0714464220935
24.0818570206
16.462852969
13.9700707447
18.5336429906
15.2837912453
0.0820063547117
36.6392814394
207.247131063
304.031438669
208.932444711
55.1589632135
0.2195729227
0.195273565739
0.214559128989
43.8221059926
39.8959894321
38.3367791394
35.7372761408
20.9315620006
12.3651093966
0.109550387092
0.092713489402
12.7445643156
0.116871028236
0.0814087069221
0.106094076666
12.7643149894
17.3558484497
82.6438542065
100.962568406
186.365387466
0.0843672574952
0.0608522258837
44.9449323141
73.5776643819
127.05343222
0.114643791594
0.133748110269
0.0771832677669
19.3708305364
15.382817406
17.6059678419
0.265893482037
11.5911370948
0.168079492138
11.9726972748
423.539529088
149.665649002
204.000368383
12.1997096085
81.9695828625
25.4441071208
145.146172764
114.011378004
59.4790648943
0.156692758478
25.4532708156
89.124604388
112.801226727
0.136064516336
12.4147921015
0.100144126423
0.108557848696
14.8189057642
13.1180882291
16.7691354868
228.736079722
0.134935143926
0.174540329606
0.120050740478
13.7485773174
59.5136793776
89.1145808564
130.213902023
0.11527993756
0.115274432791
22.8649801514
25.2472971189
0.10639674656
0.106334221032
0.115905489903
0.11743666217
95.534662249
12.508794649
25.637569875
29.8157141147
23.3502813607
117.155786304
19.5750859947
13.5854081041
23.3209812903
21.6150612841
0.0467798031026
0.0887630161123
189.769971857
221.510295553
162.045034425
295.835490988
190.605258537
199.044096284
233.602087016
226.807204482
172.574366444
123.01384538
206.486245839
217.539828438
137.904111538
72.2332188769
0.0859123431965
44.2855190039
17.1742666277
0.0151344076949
25.6171460752
45.8082912554
117.578511621
149.612180499
136.755828718
101.184723009
101.969636147
86.3457726049
97.9074418971
135.735557292
42.6546712614
82.8770876207
97.0371569548
73.3194589404
50.7436540332
16.2463658447
0.413247663748
18.6538851569
160.812477404
172.316572267
93.2834307506
126.383353146
94.4680535085
193.271174385
214.70917224
0.0467546887016
0.118331732655
0.140633199966
0.146720635409
0.120012391104
0.0864476433578
68.8642309064
0.107026754243
0.0798991609306
37.1894606227
0.115021920611
15.0776714199
0.0534809041577
0.0376065513206
0.03929632863
24.6459553334
42.1382349861
44.669151283
50.3011275686
52.1515715896
45.1495153087
265.491312791
58.9706852812
70.3199111587
17.454061193
20.9856955944
30.0167499315
34.0722453504
41.2951608145
33.4987753731
52.7161568046
71.3879856743
63.539202654
67.108010921
61.9885168678
14.2757700317
332.218235503
0.00710041854034
323.151516359
35.1003314352
131.915760343
12.8178150256
0.028226631929
21.9710912288
0.0432215190658
15.9528156592
42.2227155792
0.0862179692815
0.0796496305512
17.3174750976
0.185349442057
0.296970651264
11.8001384958
15.9725212962
43.212208253
12.3700673918
73.5932170338
45.3209796964
39.5111927629
0.0726507649249
12.3445836703
11.2957731322
13.4436437267
0.0516542663479
16.573346964
35.6851002616
0.0424996956362
96.729255944
12.9039196629
36.1082872768
42.2473798364
13.6142074828
0.0819520368637
0.128016222107
34.9415016465
33.6321341753
15.6317133358
0.192975263252
14.5004533578
18.9005024094
104.289403048
110.442394125
265.662224235
316.60658982
0.148379209163
0.162875292475
295.180395836
31.6216712753
15.5525122823
13.077421403
0.0639866974111
11.7593386506
185.598744605
33.1730466868
53.8439839865
22.1115718541
109.352702113
182.31724628
54.717042169
17.103878786
72.4359190924
25.3329786112
32.607300624
69.5664034757
36.8453516464
79.274861712
83.93438636
52.1401634353
14.7492859286
16.7268007535
13.7679408653
0.159040280921
232.403552271
15.4827711288
25.414976223
31.742058251
50.3274058696
26.0323751381
0.0723068365878
51.0890932152
0.0583089512161
89.2763589924
126.438966497
92.607213319
0.026141106888
0.0171161414897
16.9405869942
0.0676372868868
20.2551647486
35.8657796089
0.0801000562703
0.0851966440885
0.113355754839
0.0884626272647
0.137739145677
17.3475139779
41.9051289317
13.5956949981
11.6084680452
67.8894977067
191.95953172
106.047297755
0.034157916339
30.7398320582
216.104788983
164.498853369
12.8903972815
17.9698061163
22.7748291686
16.6773693044
11.387722841
24.0238200462
66.3264082458
64.8779651124
0.327569656889
151.635370765
88.5535782694
78.6987982805
127.833403909
93.9789781996
93.8719555656
65.3651545928
65.8793526441
73.2595991488
70.16221664
33.4152731646
0.118028960518
0.159968301818
39.1913206462
25.531948477
0.123239230117
19.1249223644
0.241569254282
0.0779289194426
0.0984789775479
0.106328576887
0.102630749576
0.0527328455729
0.107546098491
72.1040258088
139.117395492
0.0012816166833
39.0473922694
0.0192099410791
0.0336974676228
18.7428588421
34.7087519186
13.2771206321
22.5761813309
28.2071373916
21.2815855544
25.6361985435
48.8630156606
23.4744121349
50.1608242397
39.5426178861
11.6998905042
0.23973081176
55.3743393412
0.257179723592
0.327116699854
0.349345605428
0.236043007275
40.3187755948
26.4574638123
103.325995716
0.134688934239
22.7921692194
19.7488442655
20.9715229942
37.1962202936
0.0831092569349
0.0628626368771
21.3589808142
19.1012714309
20.7584021
0.0804822774151
27.3688335276
0.084280000812
0.106441861206
16.6492562871
0.0689940206226
14.6707982108
37.6171814492
24.6776045439
43.3980573992
21.5656923061
0.0559502920409
44.438045845
49.8516714501
23.5885062422
41.094943402
0.070764059729
0.0579867503971
12.8522962746
38.795802143
24.8702750141
21.6088456411
22.2449251092
40.2233798156
20.8887184534
0.0531041283974
22.5289192386
21.5919092896
0.107046923442
0.164411538806
0.0717314717904
0.0986680779145
0.130896855154
0.0459433094568
0.0560873816758
33.4477466059
41.0036039719
26.2691428403
47.6452224301
23.5512738909
0.0350859655964
46.3661624955
53.5777658355
25.4730773133
44.6729730037
0.105513836066
0.224734641959
0.122223310129
36.2713956558
48.499372142
0.0589039248525
0.0862081113561
32.8287346886
338.556421512
11.9981533012
210.870109376
222.880660898
15.8286973734
230.160136613
187.304511954
174.082044311
377.083270333
0.113076258392
0.134364626255
67.2300968129
146.98730239
177.899494145
253.876956195
241.561589954
77.0796812919
104.131310793
95.7131791785
0.332380589417
164.770167827
204.172118616
183.425796188
0.0821005409831
0.0838615662352
34.9268003568
14.2218725188
15.5307210784
38.9893526323
81.5812788965
58.3520575662
0.0805479799849
12.3743477211
38.1484051179
19.0882533626
0.0935331017705
0.0625319645712
0.0733899520871
0.0746701963239
12.6663295667
48.2045598267
0.0537512167381
148.344136756
27.644194208
0.0770649194519
0.0857310766996
88.3096059272
197.084091162
127.437396191
16.8118698256
0.0198017104115
0.0306305888924
23.5371457965
21.664505919
0.0669088927341
0.0528142923059
0.100851133298
0.0753617375523
22.1441372238
0.114284829423
37.7236704668
12.6021921834
20.3995401911
0.077318997578
0.0674377975002
0.0720212042054
23.7835985506
36.4672618281
0.104601713532
0.128309537671
15.8537799924
21.9226957177
0.0701914386534
0.0478583573171
12.0128898006
0.0469755369957
165.633918527
0.0454680421102
88.1390539013
181.713804056
170.895289497
127.923794854
0.0922914626687
51.1683873156
123.863772979
29.152138668
25.4280203636
17.5147379151
14.8648546903
0.0853673625421
12.3832712132
41.8441788686
44.8537738258
45.4413521938
0.139196289736
0.0525796096083
0.0746983846862
0.120407600854
0.112386266523
0.138855345442
0.0455893673128
0.0496784352799
0.0946708972855
0.0619729975229
17.3814996539
0.0400900517017
13.1019090794
82.9771470469
0.0484651844498
0.0452743052763
43.3522702744
17.6117150879
100.35043498
12.2076997431
0.0512567788018
25.1124201733
0.0790954910952
60.4016992432
34.3122541725
45.2081094648
25.8032730194
13.8214850307
19.6865594724
15.4192447189
14.3022535861
36.16089542
0.166917368851
0.0990282056802
0.0671263485768
11.8461578614
0.0737947052722
0.0798084966271
0.0718610000054
34.1999411425
123.726176143
33.4583654499
0.0773895989971
0.0878513873825
0.0867200862597
0.128878438795
11.9358646958
0.139527630288
0.142839241956
0.162238631536
0.169281989085
0.177957035076
0.153090172663
12.8777173964
232.716444267
74.7694209721
87.2896303462
12.3711725548
133.508905376
0.0942310554234
0.143892352856
206.50846707
0.145006159865
15.5599730602
108.678200996
0.19272678414
17.4953759615
48.0460352112
44.6552867315
12.0401646149
86.5812010543
168.10333751
172.928130259
0.121671100385
0.12001732852
0.104392695266
23.8416973495
41.5024197174
32.7194028963
45.1307670408
68.6183468602
55.5307903428
0.161328100264
59.9166297504
13.6567500059
22.7828707404
0.0874952168026
46.3685482649
23.3835498344
13.6045034707
14.9408957147
0.104601778584
0.0881080179109
178.119389532
59.8458194211
0.141217313136
0.159142363376
0.151393261456
0.0856008688901
265.635390947
0.148744326594
43.8899950142
45.0300081697
100.021045105
58.6761133283
34.6049467565
42.9270428597
14.2418238911
0.0653671413657
0.0551915546742
0.059388264622
0.0434059311464
17.161783852
17.6375663627
20.8293253096
0.0689991885755
0.0560849708649
0.0415768741482
35.8890055759
40.8693906398
11.9398998004
23.1987242246
49.1349243069
24.8736173368
49.5872194779
27.7587437563
0.0581616692691
0.0814116301426
13.6296889361
14.7506272739
0.0859022086338
0.0805205647026
0.092149540222
23.6126092917
43.4189482817
72.1466225661
89.5997639048
14.534782278
65.3671634186
0.0965963986107
138.14878444
68.9485538159
97.8365178048
32.9930614811
64.6873433848
55.8416066767
74.9930831944
78.0426753584
0.0983431784656
0.0909764372027
0.0805984115067
0.0962593999576
32.4730630681
64.5628992212
82.0827584225
40.0715209587
106.419791342
54.5615820219
66.0327193335
36.4094910948
0.0424290415576
15.8290007658
18.0470579157
56.8019055635
0.114797733544
14.4932064602
26.9951631494
38.996328108
0.140453808275
22.323430051
0.159884283019
0.162012967878
0.161982190247
0.148224070625
0.149123414701
0.152019826835
0.152827973556
0.16160339559
147.195578635
108.864623344
86.5070020193
69.5767668425
45.8639966713
0.134594652401
0.127679679031
0.12125801272
0.113168818762
0.106253158994
0.0973948343215
12.5877009945
0.0787031443449
17.3629913149
41.739766407
14.9400211969
12.2979871987
0.0210061360947
0.0205648307208
30.850892548
0.0651748971756
14.3160734805
16.1244575799
0.113785689264
46.7503479109
30.9076219323
40.0843207626
22.7198573241
0.233809439458
0.180631330996
31.4355168513
43.7923178879
26.5575339552
167.567964786
0.216290144274
68.2683560427
21.3684595727
21.3345116388
0.24666867
0.192430849312
0.22981378338
132.650353175
64.161206144
324.510658863
89.5090878893
272.793094836
79.1177196292
183.750447602
227.431897653
168.538326171
0.0908937164556
0.124192308287
62.1304951127
13.429312491
71.2600592491
59.5196260693
83.3849268412
68.0022164842
13.0698162864
14.1580093697
0.142589278627
138.743895163
108.860109818
67.2146802013
14.8902376529
26.9558488402
0.0872031828041
102.634620544
59.1908355218
25.6720356149
0.0581860260805
79.881173972
0.170554842585
0.166146409199
42.7439747679
41.6267573772
0.075132691024
0.0856562710364
0.152702022736
0.136009590634
208.42910584
25.426392384
222.143941813
19.2606630498
182.005525962
0.110281585102
0.0980997238914
34.8775016814
46.2611780769
0.121082533475
67.4411295048
0.111949598426
88.8752810413
17.3322002459
13.3394050568
14.3793338989
14.8963730775
14.6048831316
13.3706675782
48.4075356426
44.2096188603
0.099897361485
22.7413483377
100.235914862
14.6447195086
21.5740928494
21.7315618605
14.5325708915
97.8741776023
12.8870840839
0.0988463879748
52.6619438457
25.3305979946
51.8549424963
26.8335334308
93.6342968838
87.4160620618
17.4192714191
14.730199159
92.9040170396
13.7851899286
24.8466541748
13.567214291
0.158374703863
0.174960265572
0.176826703331
0.160313023916
0.161198519441
47.8873927533
39.6502442896
56.5057366337
60.3077955036
71.331588055
44.6784871434
33.2549172572
55.9330132035
45.1960275251
22.2946530686
0.187003413936
69.6761463099
254.120992028
0.158703711976
12.7555581396
13.4029220559
472.414231601
0.0923576720857
276.290665897
302.990352218
0.0861220727203
13.4785722924
120.280457733
0.0593955634867
0.0775122686016
0.0669659114884
54.9509255772
0.0735380267531
295.887801583
0.0298295359201
11.9632018941
0.0
0.0
0.0
0.0
0.0
0.0
0.0
24.9948749524
28.0708647964
15.5782590773
0.0
0.0
0.0
0.0
0.0
0.0
0.0
0.0
0.0
0.0
0.0
0.0
0.0
0.0
205.095332571
558.670141347
99.3989210814
375.686930045
0.0149782137435
124.987964406
58.7668554258
197.502415218
280.243524226
264.760700082
0.0943130323453
264.041900705
328.691895969
358.493608844
184.070959994
61.6120575749
74.9342536963
0.0821328436909
142.967521106
33.5268630509
48.8529830517
20.7089282007
282.14078092
606.537632881
12.1842745025
0.094613734626
13.5389562873
0.0900927443759
365.143088393
34.1300461174
16.0327402875
12.3585898597
0.124176757463
71.9605412461
191.637960426
161.647735703
240.482315309
0.184607493138
12.0566250734
354.517914508
130.382488259
116.805493957
117.234830585
122.767381159
0.0249472985002
0.0300171965628
0.0690715489228
411.751248993
127.950075207
182.138380875
173.233960399
169.627095519
148.526882911
154.624290363
207.176399071
43.1326972001
15.7245623949
56.2715224125
91.1628295475
0.223079772072
16.1768456431
128.574666015
115.716823854
96.6715395155
209.956457905
12.6886898561
182.936515058
169.901567274
182.346939455
188.154177772
205.347466568
11.7998465639
0.160113823352
32.8384264634
45.2737080978
30.9376487759
161.655746465
171.899619299
134.092677508
129.273254977
132.781778977
97.0287990627
44.189137818
95.3752682572
98.0161126399
45.9134547631
146.425431444
70.353546303
14.281949964
21.1983967403
24.7184142596
43.2565283926
19.5699691212
19.7349566508
22.5189661933
18.4984422916
18.3606445581
15.6363449603
37.0903467942
17.4178609692
22.0287503304
111.595570849
81.1318294101
65.647732601
46.1092001206
14.5766202092
0.239533574536
129.489519266
110.230530974
111.314170416
145.265291274
99.7163347006
20.22588275
0.186110667615
24.7964111077
31.4555826504
104.857923296
85.6004743675
111.629300875
309.250506251
28.1168220065
29.2313103546
234.48821403
0.352145284435
18.8565131529
0.24170951688
171.000975697
0.254323542076
20.5547121639
22.8019512424
0.324298597909
16.4153311784
85.2459050565
0.265914531374
0.229186281985
0.116776192707
0.0862951006706
44.9939636763
0.24091090413
79.0893920179
99.9100575589
0.160257126439
28.0045158727
28.0544934101
47.9485715713
47.992423034
46.9893558371
12.4490183489
0.201183646952
0.262510761074
0.138409673519
0.141467547464
49.7718875922
81.2262929485
0.157107820694
35.5074151237
11.8911487407
21.0858695029
45.2990403676
54.3976427708
84.7486587614
13.5515227572
0.126076589863
32.5958381456
16.5220808433
0.168076499945
0.28951817922
0.353642979467
18.1851612151
0.571689641839
0.354805532192
0.376283682774
0.409385420932
58.9287438108
22.0848480038
22.231225237
19.3015445793
17.5256119042
18.9619614217
14.9266527844
0.117205231965
45.3463172642
34.5979144436
0.0619826274088
13.3476415117
0.109294280277
0.21177009102
14.4249334469
0.112330518344
26.6359051624
25.1213493855
20.8105903726
0.102612172067
0.178388314394
223.241492133
0.146904036005
14.4458291723
0.0645376277172
12.876289984
121.785779702
0.163319356718
31.6167261563
70.7477429803
0.102965792781
14.5778503904
0.0752478698931
107.786678242
96.8132350347
101.866792698
18.1080919484
0.134118733738
12.0711958654
0.133908393193
141.210620406
70.2700531336
99.3814815832
117.999890138
130.657185537
97.1723937915
174.939157197
103.036595493
12.1161301434
37.3504890031
0.0646782355114
0.0765145959488
26.2580700978
0.15877360853
0.200644291604
64.2136934329
87.0489762233
12.1576192086
114.305686796
135.482314853
118.177772722
106.559320153
101.94882287
13.5464616645
34.8773408323
115.727828499
0.176165316576
0.199461835568
59.0911395036
64.1512859367
58.3610962881
68.8273738353
26.7829286267
24.8965364487
21.9919382465
22.4342518143
21.5676754443
13.7832892386
0.0918437086182
14.3209341039
12.9682191465
71.148637558
47.6141713914
26.4438777577
0.0370647647574
12.1005225008
104.464382095
14.2376341199
0.205796475282
16.3210599435
0.139448019672
79.9748949304
13.0449539625
38.1329170523
51.5436656328
0.193198691293
194.377385633
28.5710491336
46.7331005386
0.119158126091
17.5790807134
60.9045069337
60.7760146002
79.7545966773
38.6185304328
0.147198512294
0.104102635364
16.5325589619
13.2247438877
41.5774076426
45.1543193075
136.452374747
68.1196496197
34.8976730325
0.359116601329
129.549368875
0.392313360389
91.3184962432
115.021443877
143.25329047
103.347696095
18.2196583368
0.122357456291
0.129952057507
12.8144948065
0.0937674031221
0.0936239268818
49.4404795554
40.5898118161
0.0971274697784
0.0106855984182
41.8182921671
42.9375467128
0.00454299470459
0.00575112862634
0.00509119778761
0.00596216208416
0.00549768332538
0.00664391025084
0.00594507964615
0.0107454695906
2238.69963543
2327.22817673
2459.38669174
2533.72733784
59.2691865625
63.7549604219
0.00531757551528
26.8130044726
2398.36897289
29.1426517016
0.0066587640431
0.00591375452253
0.00529997603184
12.6470685915
79.6064552478
13.8831695255
62.9669339112
87.2661081897
30.1915607329
571.031990007
74.9176974841
66.5590636188
0.0851467719078
24.5186357499
37.4413651656
12.2952364432
0.0732314268671
0.142198972823
0.166939732237
0.20246625017
64.5243719538
42.9346358553
90.3449558899
67.917037205
0.172158907122
104.432715799
81.4929558139
78.9760989938
0.0977931409826
109.843978844
83.3197074097
0.134767429542
191.428051059
53.950197409
0.221640637369
248.032265478
122.524815288
148.285404998
153.377147179
133.272122758
42.2099066765
13.0012449607
64.8587997046
86.5538622546
89.5920127713
127.552713838
114.833784934
148.193609699
125.139277506
94.4040889324
0.37620500564
36.0823534678
39.8241721766
0.0987995360858
134.854673136
26.7141890604
48.069620713
31.7560708697
59.8426899004
18.2972415507
0.308602287951
16.0355546931
0.0786278529498
12.6140313496
0.0971424120904
0.0615609284153
32.2381210973
68.2219753749
72.6407847264
0.158525834641
21.0899122562
19.4070046704
42.6741919478
14.9061455722
12.1961666256
116.661290817
117.771521497
106.553279993
19.8633363265
40.8021100152
0.362624329999
13.6129714481
90.9388816013
79.3115536419
66.2116080685
0.3625117818
32.1625636906
125.419502078
107.29520267
128.439886567
110.763543687
18.9131984892
89.7679219556
109.951720397
128.461982312
68.2828542958
96.4626928877
0.136760950292
35.9028073065
102.170872779
57.8035372678
91.7794633155
79.4481015344
62.6858516695
61.8816377928
61.5360916415
65.6808063676
0.0945413483917
28.5303801485
35.006286775
45.6046503891
25.9383000204
392.437020754
0.0360491271753
0.0465556271191
0.0719269200979
76.7078666661
18.7482390925
107.800698117
45.6172736118
71.6567920134
75.2427984985
100.169502899
18.0736354452
49.8647756071
49.885093113
25.1747138718
12.5886435918
156.070112811
14.2544129637
74.7111089611
109.850714307
72.8715617963
23.5200688497
218.904408907
11.9518464075
0.0899359750206
32.5076760312
67.0839304382
54.1500075837
0.147950736754
0.0566065589817
0.0904109589326
24.0894157058
12.2187882749
0.0767098884673
0.0784395256462
0.0786850402348
18.7932442207
0.0524920472063
0.0497109942011
0.0536814952279
48.243974165
0.0247393518676
265.29051834
77.5432712499
74.3149137086
62.3894196126
45.4063582653
86.7973703523
34.6593655055
20.7132415558
52.5342572087
0.063305183413
32.7946658834
83.3804392568
29.1331159536
42.5519445395
46.5624953597
48.3350734731
13.5524618243
0.0933826334402
17.5586007857
0.0847544773302
171.39986418
0.0712473836892
24.1005487347
0.13774418566
129.989594237
0.119530445273
0.104679813579
13.9899577212
0.104441484525
0.0848132213149
19.8933109604
0.0730561435526
0.0592907232997
144.797903728
125.228415867
116.552542684
78.7723673959
30.0574989745
70.542739612
76.8850368211
13.6814763216
0.0509036630057
11.9312300326
16.1902229392
438.220443939
43.0074715449
0.0887324159356
17.5218135228
17.5910240216
16.5956462041
0.159787127615
0.127626059076
12.5596256543
0.246040421905
131.302724077
147.868342275
261.373213608
126.329803048
121.451004022
169.945461059
194.6838581
131.810134403
200.06044008
31.3054145122
254.13288711
188.380363875
104.506729006
207.747453055
199.387891835
80.8443991862
46.3561666798
27.0977578066
13.3198741465
38.5071143244
0.11156515282
45.8789206851
62.4890850859
48.3890883918
0.116917849168
64.5499109214
0.258121588752
0.261990724383
0.253630744334
0.103809812714
0.102835520188
19.3320270675
18.7072971867
13.917393264
19.648615953
608.995643785
333.739718049
335.705137931
304.8281866
205.741206553
226.37336269
234.317535063
26.3147782588
33.9232923858
41.0569863736
12.0269640883
70.98862367
20.9662557021
85.7462578333
0.251552353709
13.4283179671
225.065453886
0.0541748629583
0.0497772823815
0.0860505562534
0.10363841029
0.0610142746463
0.127798969939
54.7899166801
0.117053929463
19.0360463391
47.0409061677
18.0045232957
273.906774742
0.148556290514
37.7134878554
17.7556431652
36.9216437914
17.2527299075
0.111088588117
40.4471982913
100.990723772
158.176972476
135.308895826
101.842017637
85.3650011797
40.0009408025
88.1005254778
61.5501176887
0.119221352686
28.9781124124
61.9360586597
113.884064852
77.2808355787
0.13908406942
0.160024640821
96.0327342523
113.317112617
58.9212401696
73.5311137506
13.8738790793
0.126609233962
13.8579354435
22.5693399009
91.7965404294
71.6778660438
58.2490510292
69.1233539719
63.1554512804
41.9358102098
0.132667790572
0.137955751834
0.108917255973
0.115988163111
0.0954961791111
0.102770366345
26.0362622411
32.2695420348
53.9836740172
57.1599706624
23.7022774392
58.4030012757
73.4778463219
67.0979206585
80.0888360302
71.4097158153
0.0819834505096
73.5913130895
0.0977832004991
31.5052271531
58.113033082
0.142398478161
41.29361449
27.3060877661
24.8781892617
26.3747714901
50.1895262611
30.0445808431
105.14794374
0.217662401451
59.4173917962
106.160673267
67.0703887228
11.8076166791
92.4550201564
21.3056083913
13.5180077477
0.142223032862
0.129770041685
0.215586517678
19.706440958
11.9342282063
234.067889083
19.7841625681
12.8190441215
0.0951458169434
0.213111871207
0.210943631866
92.693013233
80.1789805876
172.118999581
173.381277729
78.2696334844
0.0929936107572
20.2914498056
107.607121945
110.325789512
91.5068482271
57.2028817826
32.423375878
49.3949573067
24.6230316348
16.134230096
21.4105004023
15.7671083935
19.0821777787
20.1301415283
0.161643159313
0.124895673967
20.3056264661
0.197365852404
0.135696059678
0.24659916205
0.168000774669
13.8147403538
226.150325177
149.185902396
47.3521659298
146.493218689
0.121924903051
0.103879778079
99.40596931
114.863427296
29.3695497119
0.185018725
0.133743557806
0.109468097061
0.0986747505779
0.13844587152
0.161415021908
0.158521140706
0.164803628172
0.153744808033
0.160809518169
0.197475041451
0.235365685272
0.250985630614
16.3356200927
0.237819928737
59.2230935752
20.0788204785
21.8757120827
22.4768481641
0.361787203693
0.370687673132
0.388903827579
0.379847948112
39.0436698042
0.556924657203
0.0664099768329
69.1978738029
30.4991769584
33.6746501985
60.0155350761
0.108836789258
14.4609183145
0.111998538199
54.3301325928
101.574911163
91.6075797756
112.094830199
51.104788757
102.595819021
99.4971034958
96.8013590872
39.4498808184
0.102603344592
0.0895954644
0.0562056836209
0.0553018946041
24.802918125
15.1922353265
0.100297075112
0.0722334157119
17.0136021505
16.3228490274
0.0873754291505
17.0798123018
17.6694346327
22.381967529
31.2462040786
63.7343039444
23.5499666986
73.0639634373
14.2094857735
0.108876666654
57.7361239284
20.2019506797
0.154928853771
25.2130282937
32.6371659699
13.0248777847
29.5005506082
22.1040175192
0.214303636439
0.373509521317
0.193459710964
0.207122924344
57.3281807519
14.5251389578
63.291697576
107.715532749
119.524961083
142.743186686
122.325145381
66.3369547554
20.1108988274
41.2944921048
13.2778495489
15.7185501117
0.138957404093
8.09090791129
24.0619860363
0.030246212245
0.0590644063607
14.2935284564
5.34297657008
0.0693575626409
6.10236132601
8.22051986387
20.565707865
3.85640137828
9.20739100128
9.88471041058
0.276944609757
0.120562699923
0.140858943063
16.708309695
3.33573701162
21.0012980444
25.6153560949
30.9777132178
33.3546669775
33.1438507017
16.1188458684
4.66781352665
10.0617583521
3.53532776807
3.87708071413
0.0625969805136
0.0530947876668
0.0531056842408
3.45713018505
0.0565061989803
0.085818649788
5.55907288521
0.101904209304
4.30651155616
4.08133937426
3.33090810692
0.144924839778
9.80396521778
10.7424351973
0.0916371791313
9.03205879198
0.118927416209
3.88043562176
12.7896303165
0.238103446245
3.09050746401
10.5355131926
3.1248365133
4.3560457506
3.58094155911
0.37485040874
4.31725474861
50.8561564177
82.2123499528
62.5169948748
13.9927332978
18.4164486706
46.4221917252
5.5674076586
10.8572740627
14.9557448658
0.116199404688
66.7528445358
2.98254437188
0.0634219397128
0.0905923336109
132.412351554
0.0849676789079
0.0923867878034
8.77692045452
0.0756686849269
0.072429437826
0.103771218925
0.0405985464094
24.6508024784
45.2219661102
0.068590309806
0.0851500087043
0.0651770683238
22.0515707987
37.9019301874
3.98096704386
0.174593052528
5.29762045346
0.143243286107
0.151387642216
0.39167476653
3.83810861736
0.0985855055236
0.103115924642
0.211666738467
98.2263060216
29.3727413134
54.9438254545
6.96317901733
4.16589700732
27.6989412292
21.5448873214
28.7537453977
0.112876687141
0.124110431482
13.2940595249
17.4498921271
5.41998208864
0.210656979222
4.26524046717
0.164698645181
0.111946175231
4.13372926311
0.170718325291
7.10422316685
3.63017027414
0.287044436658
3.20045975341
0.174911054941
0.164116925995
5.10081169796
21.6925610441
3.49845834642
0.144924745497
0.11471440297
5.18557111342
5.36193828221
0.0442311696323
3.72864525985
0.0369936075804
5.83812980655
4.60021839274
4.36192897615
3.94561917325
4.51512262169
10.5505325077
19.8294284692
6.06689566867
4.78453570952
4.10178366854
4.74783995571
0.0833396059064
12.5058484034
52.2901555267
61.3612932091
49.0673356875
70.61208725
51.4417703364
57.4973504484
60.7191482218
62.6007403938
46.0705299669
22.1816842657
67.4925118502
51.2328598341
37.3542531538
0.0448758149854
13.4172763611
5.1946650419
3.0736380735
5.34283944461
0.0546443381334
0.0700859733245
0.033217069987
4.65191306581
0.117770589454
0.172197223801
0.150551495847
9.34690016924
4.81025700014
2.9317899774
0.129353547104
3.7891306872
15.4485012881
10.7674204013
7.92689692566
54.9270786488
0.135454627865
60.5175525702
44.0081931049
39.2885001325
29.460866683
11.3399121497
29.3152941877
52.3916927652
49.5111121805
0.120696972016
0.138004178376
0.126392218905
0.0953696184349
0.120296708105
0.158848116393
5.71888010191
0.162424352583
3.57296151138
4.35821355656
0.0642494613593
0.174768203074
0.198067194607
0.232062954706
8.55931456289
5.46389238749
0.120863256558
0.131165642199
0.152097706688
12.5673603027
11.7515178855
0.105613544695
12.2237164111
20.7324729128
3.4520747922
14.6240852146
8.27821428223
7.45155532555
0.160259993274
20.1488534271
13.760751055
18.4165090842
15.9220898134
20.952900431
0.140894151602
3.70127947085
5.89806427119
0.0203390050911
3.21651543578
12.8521755479
0.146243997276
3.31907320341
3.61113402633
0.0338457689348
0.0229368653302
15.1076061433
16.8305866599
9.25680117115
6.99889800022
10.4069447422
3.73008079194
0.0474570741784
4.01858162733
2.85753222371
40.496141078
23.7439993223
3.18236941107
4.93106578352
3.15824556693
0.0
0.0
0.0
0.0
0.0
0.0
0.0
0.0
0.0
0.0
0.0
0.0
0.0
0.0
0.0
