0.0
0.0
0.0
0.0
29.9166611073
123.35342937
214.337704746
61.2164921933
45.9671247992
0.00157431533387
7.78202953709
0.0298383002994
0.0540507337888
0.0680658247598
0.0693281950568
0.0664280839607
6.74873281232
7.62046319714
8.23385163763
8.48052646492
8.19159998385
7.58796901764
6.46393679903
0.0532020666257
0.0468485574949
0.0457470327897
43.0218088819
9.20229299695
7.96702554318
0.0372294916625
0.0337448530233
0.0554443117008
0.055582497468
0.0557550673504
0.0558405735739
7.27389094539
7.37290492134
0.065553495518
0.0644320226874
0.0623490718161
0.0364116898919
24.4719327221
20.0122929114
18.2566577371
16.0122750811
16.942671336
10.4786959482
9.5598209436
9.51342617575
8.18744848103
7.73543911858
8.28730305702
6.9618976921
7.05644609541
7.92158840052
0.0356533735986
9.85258798649
164.928234822
203.674905051
0.0258750729234
0.0267781116631
0.0261350310146
0.024835457598
0.0242389431262
0.0230136881972
0.0228795573249
0.0254227326174
0.0258391750972
0.110093611165
5.7553348422
0.0237769936412
0.0382431032069
0.0363349930058
0.0403798263601
13.7811334282
16.9937627193
17.4299770374
15.7496005424
8.59352503233
0.039119287156
0.0416255211268
43.1418717308
8.29044875918
6.85963518245
0.0460158690974
0.0335519595599
42.1429383495
40.7943459503
38.6666081315
36.1647320593
33.0815336519
29.4695525698
26.1828577261
23.4782955687
20.4912841366
0.0294692263948
15.1949617424
0.0270683133617
6.71680443007
6.15968475368
12.2343477953
6.89444977535
7.41833626981
12.6914217861
7.16875010983
13.3196935377
8.64039020478
7.99219581455
12.7785807261
7.51117476959
6.77239642867
0.0149658231083
0.0145762429487
0.0145783027389
0.0141028751078
31.8327771632
31.7484087053
31.0776380013
30.1974534924
0.0296984199599
0.0251895646201
0.0125466015006
0.0124481999565
0.0122683467545
0.0123306166618
0.012993358756
0.0172744085761
0.0526706713581
11.4598440377
23.199646974
16.2440390267
9.22285544478
8.87093367741
8.72783312155
8.3317053002
0.108751514299
0.103653986679
0.0989943322242
0.0959559544465
0.0972884496688
12.4787489071
0.103326223025
5.84883067034
0.0818375406035
29.5822955201
5.49674996062
6.55635207958
6.96118289448
7.05186858396
5.77775333047
5.65857463384
5.70657397757
0.172709334885
0.168139286479
5.96447744697
6.93455675738
7.09560027273
6.86302406896
0.0601264976099
0.0340897539835
0.0692094336134
8.39369873865
0.0630686590437
0.058974859401
7.87722052715
7.45005533536
0.0442652605245
0.0446081311205
0.0453235581842
6.95502416344
0.044218223545
0.0432279545159
6.9533676193
0.0374680280616
7.88464884621
8.59467845839
0.035581754179
4.25316736575
4.36534072817
106.640658007
0.0334691154599
102.634062842
0.0337886209607
0.0336147352452
0.0335513314141
0.0335560910443
0.0259427299599
0.0295976649151
5.94804028494
0.036029558259
16.5810979165
14.2248314929
0.010705516902
0.00317126540069
0.0016250099488
0.00388254027119
7.64139144571
7.82018403025
8.29250224467
0.0352491758374
0.0383540160714
0.0474067388852
0.0464057745331
0.0448763251314
6.86747504888
0.0407989576582
0.04593679087
0.0485899296291
25.7004651679
21.1036177001
18.9917295465
21.8108785352
24.3537548004
23.2236671533
19.4824487264
16.4860642569
17.1801936117
18.7014389046
17.9245865855
14.3934928364
8.12138343764
7.88203369244
8.29652472702
7.77080825171
0.0271392060761
0.0274600884364
0.0261878660278
0.0249054496368
0.0225607348052
0.0217758424292
5.12161338564
5.07337491945
4.90589148431
0.0193254707487
0.0175198980504
4.47436816677
4.52413716109
0.0121335453587
0.0119315387576
0.0116768834646
0.0120108123545
0.0120462796661
0.00836497892518
0.0154336310901
0.027557105714
0.0438858350885
0.0362457656105
7.1627289106
0.0771601190954
6.06303257595
0.0319424146168
0.0309467001606
59.5441182624
0.031117134645
0.0311242122576
5.50030970991
0.0309467244965
0.0305209818132
5.9814599234
7.77037809877
8.71107698759
4.77836340685
8.5656497149
0.0266851437007
0.0261059805792
7.84005360047
0.0265200670376
7.69027907868
7.4817768469
7.0710729895
0.024151226265
0.0312846519917
0.0309125294528
0.0301242107769
0.0298507929781
9.20739348484
22.3863314411
18.6615334269
16.6365410325
16.0632598746
16.2466317448
10.3134472014
9.42546853753
9.41635287438
8.98948355322
8.65744617932
8.63829848443
8.22377787668
8.30006231254
11.0154243928
0.0104438345611
0.0253828953517
0.0211123289985
0.0190149337512
0.0175760989792
0.0168955548908
0.0162613473739
84.7957654979
79.2856017567
82.1436484726
81.4055869268
0.0240627237732
0.0286512816245
4.60571874056
55.5672874527
0.070057310512
0.0734991642682
21.3725478226
21.2315672211
24.9326216709
26.8239165483
23.4406169056
17.0679985269
15.7232921452
19.0211403276
20.0529788323
12.8366575768
0.0527563804875
0.0506917239288
0.0509420343968
0.0531560064762
0.0545654805909
0.0550844556719
0.0554490917512
0.055833945021
0.0552151036344
0.0546691868096
0.0537699809456
0.0527123654926
0.0508813953716
0.0476151387588
0.0471654584086
0.0459479189418
4.60359593147
0.0444821571204
0.0422268925248
4.51968408325
0.0397309008464
0.0391057286543
0.0383446367887
0.0374904987618
0.0330923670606
0.0328308911768
0.032343623285
0.0317417601589
0.0310848880417
0.0303805335328
0.0294276292867
0.0332499168243
37.828101787
36.1990907586
31.5384178146
25.7944453444
19.7443187107
10.9070556953
7.97570681686
5.7729217957
0.0315626406955
18.1531611176
0.0333436460916
5.41298622785
53.2634147896
0.0530624884026
13.8223426868
13.2950698954
0.110044532242
0.0867525273599
0.0790083736434
0.104263802382
0.141301055235
0.138057509603
0.138196308924
9.23348236378
9.75466516348
0.114795833444
6.08674650805
0.10807292076
0.115770262907
0.093325132852
0.126985517282
6.11288465231
6.31365322349
6.47822863008
5.91252078171
0.0882684961654
0.0907704458331
0.0823930717939
53.1489214621
0.0686553914016
0.0613558849076
6.10390248619
7.94242543803
10.1845066637
27.3319894617
0.0342731193128
0.0614727328856
0.0293933197881
0.0281290866431
0.0300813142317
0.0298952475685
0.0324847758804
0.0295309133745
0.0290659451039
0.0320730326112
0.0316285521406
0.027725393754
0.0247537928595
0.0258656232701
0.0264890180622
9.21427859823
8.30640655663
16.1252436577
0.0544148157004
0.065180788576
0.0643398045814
0.0647910735453
0.0640938858181
6.09273695044
0.0614766215027
0.0629302542351
0.0600522533348
0.062687769885
5.98309271075
4.93832138442
24.0759488439
15.2928571071
0.0124745787164
0.00229106522881
47.6524542675
100.339468067
6.82798100355
9.61379565912
13.9558566992
9.31601034226
14.5095776213
0.0332075926124
0.0369690600263
14.8650740593
9.35438720515
8.17160382668
0.0465885388306
0.0513632525672
0.0509871857035
0.0508331827123
4.37311391288
12.8589825525
0.0517063135125
0.0529316184191
0.0531961448411
0.0541879493788
0.0538265465797
0.0522806484529
0.0515690219883
0.0490639007264
0.0494781700198
0.0492838739165
4.3372349846
4.30092317919
0.0475265203102
0.0466252587241
4.25247957971
4.17841773945
4.15010423617
0.0414651574577
0.0405260061457
0.0394459716242
0.0383447262787
4.26589272245
0.0368006413609
0.0406332730679
0.0406218449874
0.0475585318639
0.0274879010608
20.8409984172
24.7593005954
5.22262817693
9.72318714196
78.3642704853
5.13940703479
7.05387215462
15.3704751012
8.22278346001
7.3118307801
5.47040302286
40.0677743026
35.096513847
10.2336172046
13.8260268189
107.452703034
174.372245551
178.818478107
96.0012913784
0.0877630169643
114.019102985
0.0919694453209
152.819571054
108.723663933
99.7458734679
72.9852605738
44.5207121036
35.6480033129
14.0421136606
4.98985618614
14.6728256094
0.0980888076559
0.0677548076979
0.0891000677881
0.074829070285
0.101634782237
33.4836433069
37.5484203894
38.0191445459
27.6265035397
17.2177912493
0.0655090894674
0.053704539271
7.44748602471
0.0597540381299
0.0677471170752
5.94691302301
0.0634603046972
0.0625689083154
0.0545745823315
0.0525603190794
0.0890608269191
23.172443599
20.8569740389
20.8346307921
22.8712417095
22.4940816149
21.6885017883
18.5926423031
15.7836853757
8.3208454227
15.7133212431
8.78267697145
8.70532408903
0.0164212602355
0.0605930292469
0.0516734042803
0.0464074559594
0.0628173977634
22.7217399239
0.123263385159
0.0455742369
4.91221355408
0.109553121463
0.112015253813
0.104306930584
0.0965799543965
5.95414549873
0.0550056883138
27.1793605294
27.4822412659
26.0121045746
25.2695136017
24.2814784391
23.3108056585
21.3827189685
19.6003142336
5.4298795565
11.4110931749
0.0861336202378
13.5908144784
4.35630637387
0.0871266444732
0.0851809686381
0.0715841090143
14.5515771279
14.0046469053
14.5291035744
0.0842899230635
0.0753703100473
0.0728226974596
0.0674591353034
0.0720668235021
0.0666632778272
0.0672485596174
0.0677347100721
0.0668545723552
0.0651259809953
0.0615472426956
0.0563993615508
0.0556116606133
4.80467472746
4.3000009366
0.0458933083387
9.16174045819
8.43465884491
7.48550643506
87.0940757139
20.7458146115
0.0387660210816
13.0106365633
0.0366940018868
0.0335680575607
0.0437285348723
0.0519198419181
35.4868458071
47.7962636493
66.9155760047
43.2325898317
34.3640279615
23.3031160165
5.87868401279
7.77019719095
13.6057980719
4.54878641993
6.80176838014
0.195650954626
0.169148322362
18.3948770845
27.794246535
32.1525468403
42.2701860283
39.4368446695
24.5509709461
12.5612374517
0.160165283669
8.8965438833
6.53507238112
0.141407459497
6.53599143905
0.0389107167272
0.0461356493387
4.58309300084
37.7671831699
32.1460893935
14.2626345313
40.9387488076
27.2115716524
24.8072596242
20.3971319666
27.4433403504
32.3011525785
25.1805910899
14.532224362
13.3661469668
14.0386742315
0.0717373107791
6.9368795806
19.8376243612
24.4913018125
21.2295061535
11.918042976
13.4883643327
7.05457298342
0.0637415438988
22.1996807772
6.80906166946
11.9087491996
6.26880126499
0.133996909777
5.80769836996
6.78552904519
26.4432839691
0.0606892102323
0.0598108940328
0.0599728660079
31.6879824687
55.1105821064
23.5316308516
28.927264047
18.2589447076
27.0308491781
14.8743323762
0.0548633166374
10.1061490737
5.70600706478
0.0482599322054
0.0424575411355
0.0533966436947
37.6611650234
25.7855018903
23.8227601427
4.92881120594
0.057548096907
5.90633484762
0.0413416857665
0.0194344667271
0.0246329092688
0.0280235094538
0.025392538833
0.0461450831847
0.0371864623001
8.43987516568
8.2790610257
7.53115774313
0.0347050054117
25.0759194496
24.6237242956
12.3511661228
6.01907852668
5.50483923926
0.0331605127844
0.0269695523548
6.40053148933
6.65557670141
0.0220075370266
6.84175239484
7.26546569727
7.3023262293
7.35367492316
7.27367271288
7.20986727196
6.899398805
0.0245377512456
0.024528424887
0.0276577941029
26.5693515646
40.8242052376
31.0539675528
0.0191222025438
17.9930335146
39.3460017181
66.348698809
7.58450309529
17.2628740362
9.12485765292
13.4352644325
222.206692467
160.39439466
107.153136372
49.3900612965
0.0691371681277
141.024846768
135.551851472
89.4668447417
90.8656918207
169.966396394
4.67360403567
105.508890931
115.204212462
84.1302024226
46.0961072414
28.4403540791
7.95667299885
0.0484873994081
0.0445063490593
23.4805818143
69.1427627987
0.0505459086758
0.0345265667439
0.0328651767592
23.8363349918
30.6098470298
44.1484571209
38.8078508747
41.9101097745
20.929665973
4.68437841763
0.0464313963741
5.21029182042
0.0505156681398
0.0478026743532
0.0540941039227
0.0553327755765
5.57887652748
0.0421132670039
13.1227604167
53.4526053265
45.9144625433
44.3022829846
0.0599746243584
34.8473734753
27.6485193326
24.0433930895
22.409114148
19.3214188713
16.551490995
16.9687560193
19.165628925
16.5486814264
0.143389806658
13.1884467472
0.0568265772862
8.48142055487
9.97076444179
9.31784267394
7.8060605367
7.33060592397
0.106856321166
0.11257229906
0.100746132038
19.5548386058
0.111516929274
16.8640769385
18.1788123504
19.4592333004
10.8781227911
0.0633934161672
17.9374792449
16.2413089514
14.280860421
4.18024384751
7.40159906349
4.24905838672
4.64642719576
0.029054676348
0.0261135698163
0.0326087376995
0.0293537793988
0.0311463961731
6.80877683153
6.82040476037
0.0340816134248
18.922860619
16.1122255077
12.8990189234
0.023853728471
0.0227869916995
0.0230046337836
0.0252933218578
0.0256178799402
0.0248338395465
0.023308294714
0.0220762881752
0.0213348911336
16.8120896043
16.9545329506
17.5786186338
17.6885917603
16.873548446
15.3786573686
9.92225631922
9.11924395077
8.74977569106
26.7829400113
4.9481759522
7.09993519703
64.6255899966
89.6036823
7.15449075631
4.59319449494
23.3189906594
58.7248677276
23.7945065989
60.8584864298
42.0605176345
5.35105115347
0.101812046261
0.105636869176
4.22176149731
0.0741688775689
0.0906107574798
0.0876369913668
0.0852543472254
0.0455713220725
8.20344080721
8.2416476971
0.0845475464007
0.0880520778622
4.41036631245
0.0817888652024
0.160072093418
14.5409361459
10.1595276451
17.8458150404
4.89019958118
0.0393794071523
16.4195070627
7.92789883405
8.74665721864
57.8991499735
0.0907042860701
33.0041669174
63.9111000619
170.699125877
0.0746295110807
0.0402883443558
0.0349123314854
0.0377698680048
0.0379272012461
0.0379473339324
0.0493706669409
12.4256729084
0.039456115779
4.97752865314
14.0418598448
0.0359729106056
0.0361117984854
0.0357200968212
6.47302609694
0.0328044324074
4.97746216464
45.3338208337
4.35946341346
23.5580478709
42.6335461252
15.990856569
31.7249738797
77.9437233205
14.7249759353
6.79043640509
5.01632326409
0.0400069970779
5.19277824122
93.0086295476
75.1746108825
78.2627582819
27.4988076375
0.0520622448605
126.09426132
185.880007791
110.60481453
0.0391561361244
15.7265898345
0.0431185576142
0.0491415357963
0.0470056766269
0.0503077476655
6.27707701854
11.1826304698
113.952037299
20.6181775072
22.9399508813
5.69839440076
0.0594213570381
0.0452078918925
6.55071587101
4.70830508967
26.784255458
58.7452728647
44.2038655126
4.47736925926
12.3937963297
4.61356700207
41.2117204395
25.9464759947
24.3946155387
27.2234206903
27.3924423379
25.2215404862
24.6565927541
24.9687176231
24.1764419658
22.3710656806
0.0538218736933
0.0503728097461
21.6014202142
20.2804132046
19.0435224696
4.26122985182
6.19596991868
260.694375608
184.580212413
166.484124144
228.645095974
130.658543498
115.415591124
88.0609389475
0.0779014874991
18.1262156985
15.4493359131
43.1021944737
13.1446311554
0.0687094921375
17.5064539731
13.5388697211
50.7719344541
34.9294321089
0.0911144786196
7.10034341299
8.88790257754
4.9772376701
0.032877883151
0.0188357035634
5.05584603392
0.0338664657225
0.0651207454258
0.0940642617556
0.0745785816299
0.0737325495747
69.2459637107
320.019201874
226.445585164
254.97536202
140.955431913
93.1023704882
59.7647274328
4.97356421648
17.8013889904
6.02988926254
0.0360087474524
6.64146837153
12.5534474374
0.0410203482315
0.0650162459257
4.66973886075
119.293869035
89.2857102044
25.8822078847
0.022434787319
0.0377232505594
0.0506177017625
125.220025532
31.4613739853
33.3448707245
36.0902326812
35.5192451988
31.8532352067
28.3209064552
25.4544370347
10.4021758843
20.2181810816
23.2937480493
23.6193930579
38.3859826738
6.81910270473
12.7015902105
0.0812906228559
8.00563464439
0.166191878246
245.041567891
0.0913206994233
128.117831773
48.434106499
7.59230327715
113.697225184
5.97185289167
0.0679950316765
0.0756532944259
12.5671149806
46.380862085
4.89091034521
15.5101331345
19.0262261807
17.3788960743
14.9287659631
188.374463126
175.957447592
237.389109195
21.3761160476
0.0483864289383
0.0538625259961
0.0471506076414
5.54535868995
0.0370395026006
28.5216679256
0.0222514438274
4.18683225537
110.628395231
40.4389206389
21.5170296
0.0372842063495
21.6102220406
4.39258689006
5.46601053288
5.87357695539
0.0358034603497
7.14694971323
6.74947222958
0.0220501732077
182.913067828
0.0336463461289
0.0753381451142
19.8694361362
0.0726221717466
4.26115653344
0.0242180849834
0.0448138896407
25.1241631555
58.3905189252
0.0881629093249
4.95888721326
40.2366468465
4.84009746829
0.11447338561
0.148477848736
0.130815806046
0.176009521481
0.186308986678
0.147428917669
0.111532802867
60.3676904897
59.1647030737
50.9696422546
46.7180086278
42.657111718
34.5786140436
32.5130178808
13.0895822095
55.5892800853
27.7920647058
269.788717436
299.712591425
0.108811447605
331.104145765
228.660662691
168.315593594
88.3690652859
17.3733822025
5.83098271427
0.0695764983924
0.065528654819
0.0736627845201
8.30203479311
8.53503078557
5.70541006365
71.0429722615
54.3741489693
0.121358105329
12.5571995723
32.8962957659
30.2302155479
51.8153742334
0.0983217491174
19.856450931
0.0729944194009
0.0726990242895
23.8876331229
19.5144896945
146.990135123
66.3279245244
30.356886312
47.1203126094
48.7766388973
24.8706876
0.0655719309088
0.070625552631
0.0808868061501
65.4348953144
72.4829592415
0.0799549761349
0.0909368162181
0.108376863866
10.308086623
0.101917613171
20.71035414
0.121609831504
0.126037030035
0.123025786127
0.128713073294
0.151148826682
20.4653789124
16.5642684057
47.6845068342
41.7394381571
6.75288079238
0.0791052326417
0.0880544747816
0.0858148076397
0.0870433845368
68.6642398057
77.0828565783
25.2666532325
4.74337152075
16.5936190505
30.0142708795
0.0398800339696
7.91405729988
0.0279684282292
0.0473532175852
0.0482362747979
10.6651878831
0.0662930371103
0.0583679586916
4.55866561078
6.8598789342
12.6759705103
0.0670093837484
0.0421396691126
0.0396229009022
0.0406394013215
0.0199220421453
0.0133936260515
0.0163244941864
0.0235772367524
0.0375322431464
0.0339967534901
0.0342578122315
28.5464149644
0.0263028974916
6.13388077432
0.035981216291
0.0615319536982
0.00201068999908
0.0084795555929
0.0109860386203
357.34056466
309.264205009
383.807463325
241.239020154
204.009481767
96.0806623813
10.0834600439
21.3541545227
20.1619332123
16.4362130625
0.145645252616
0.117028950557
16.0036340967
5.81382269286
4.58968535021
6.19471264455
0.168512023754
22.8152280231
8.27106760449
0.062771121932
0.0490096805087
0.102387478361
17.2958860753
10.798340171
11.2745798106
4.81064740889
20.0620019495
9.21540910519
5.74666531016
0.06427304577
343.277139928
401.8571948
219.581859703
213.686157815
120.026373242
126.669526097
159.783876728
38.5758828401
18.150784141
22.176408688
17.9277373271
18.3851818797
14.9131777911
28.4761693149
4.55922160579
116.507890633
0.0287118098358
0.0246263154525
46.362375941
0.0196538216493
6.1173159078
0.0219390292919
44.2405355392
47.4205705982
32.3869741982
34.0033350891
32.3638023544
30.7924395508
26.9717373325
35.4973397713
174.834379028
22.9311912502
43.6515279414
118.110741009
153.159588832
106.613120809
0.0601464117695
53.8172366961
126.150586272
27.9928552637
15.392460092
52.0675758498
60.3729231774
42.5833556793
47.3252521346
46.9995051774
40.5422206591
163.138348234
0.0872254040624
219.701703313
8.75806326301
142.88968764
128.633370035
161.045470246
116.089117938
16.6590108259
101.184865801
255.030958217
272.168357188
319.39023101
5.95971886066
29.5844147668
12.0831411443
16.1223841146
4.36795877626
0.0533464301465
13.3364525073
0.0469821917312
6.7823551528
23.2494523113
25.4538652419
34.6975119762
13.6046159994
26.5997335217
35.2802509443
0.0587339951934
25.2521783402
0.0546109217317
0.0457890729254
230.355380067
4.251915302
0.0488374689621
21.0166294344
20.0193892827
0.0862692975351
10.7630954894
0.0281687206921
376.258924705
22.4468987467
26.507077185
0.0349118775485
22.7317217891
17.2394117124
164.551774465
24.2601569601
86.5054952239
134.786685105
150.683325568
138.918952185
136.245009645
98.0718081358
64.1911878124
144.773748152
177.248214141
263.238077759
247.758722192
117.397834161
0.0723537230503
28.1465505867
13.3455693756
79.628083874
0.0350112466263
16.1092809907
0.123472180427
187.859994401
0.272660299424
18.5502874514
26.7111373225
30.1049815484
12.2672795704
16.1325155495
0.0333553812625
69.7162772645
12.1604368378
15.8729477679
15.6002069348
28.9754429664
0.0247341266975
0.0322421510409
0.0142919776482
0.0162681707009
10.9642746044
34.9510949905
0.0470979862991
10.7352694931
12.1266612314
21.743422004
119.011190904
14.1308789424
84.7661228474
47.116929901
0.0618193358514
14.8974226999
217.417868439
271.595072899
193.311393262
249.980357632
168.281034732
0.0426510726656
171.168152976
158.064789083
14.275004139
64.2020156783
0.0313183941962
17.0482070094
0.0447756255327
38.9760143913
152.112813958
122.077891772
121.818642313
76.2681206404
97.0334747721
63.4100921296
40.4566280284
0.0166088692266
0.0135770138151
312.107356946
0.100858594174
0.145315797946
532.031766556
25.5696429847
15.8020697168
29.2210395277
13.0116789136
12.5118233305
0.0788978397586
11.9762822544
17.2396330029
0.074725935103
0.065214020439
0.0629767025912
18.2017753034
18.0291147991
19.0446214662
0.033100883126
64.3066306984
54.250241521
571.414603642
101.926295277
131.984110942
51.5455517787
134.322769818
18.2107642377
0.00973967197182
0.0146172488837
0.0126006212526
0.0123558542247
12.8979685414
0.00925973632434
148.604655251
240.209675357
325.876333716
50.2010672162
38.711922462
71.54229257
50.4647322536
48.8711696225
0.0308783623705
56.3832499851
61.3284918017
11.6425582199
242.906264751
467.000422885
27.1286965274
176.409363132
177.813101493
209.791993702
142.718586537
129.661077704
13.8445348428
251.29258464
117.507680785
130.727698734
11.8015738676
16.3214485936
42.0399296308
38.2245721858
25.8564760003
24.8206802735
19.2083460987
46.0019314644
24.1045940856
16.0133425707
14.5739077632
0.0154175784174
0.0114882645962
0.0118930429278
0.0116109021921
0.00925207165993
0.00900155899239
0.00705934154113
0.00530673922067
0.0126047783498
0.0212824527529
0.020569386678
0.0233326753569
0.0183252378703
0.00705001888075
0.0138880869811
39.4328823648
0.0
136.078218943
94.4192721797
243.754858559
0.0197861748404
0.0416529982889
13.6596636886
28.2147556203
51.5998572914
31.7223050649
15.9510282744
40.5632444491
36.8706741522
15.0598142891
22.685136846
19.2766828361
12.1194694686
17.1662299009
10.7095215205
0.0837889128984
0.110871750561
13.002954199
28.9537134747
10.8283385237
30.7264889891
102.09498355
60.0527338094
76.2280836748
56.3388297345
26.3676249972
11.1201016182
71.3337691504
15.00336267
37.1108656095
11.1881061562
12.7496462769
19.2488397705
40.2196694265
0.0947556621599
0.10105546415
13.7773034101
141.835961285
124.781077914
117.617369333
117.942887559
89.4572651988
86.420517713
79.302608862
82.330319547
57.6120458981
41.3612400205
0.0650160843879
23.7573662913
299.089821498
83.2970573786
171.179114839
118.113297894
14.1002263272
14.7076993053
0.0864848531103
0.111294446163
0.0886019376687
0.168041430456
0.202729350474
0.207813330218
14.6961146471
0.0835676631346
0.0900062238932
201.858515333
190.376571949
151.298325886
168.39574702
147.63057233
181.411401627
194.528659488
159.57592797
170.227553137
0.058350258937
0.0612272085781
41.3674648243
32.5424112948
13.7597108987
61.3489682709
19.8151837688
59.248488215
52.1410481746
57.7658360464
16.7723559747
67.8861479369
0.0986415085745
0.088816010933
0.131274417901
0.0882281676786
60.5213290697
46.8153727353
0.0765449131533
0.0545607659536
0.0818576044663
0.117179821098
12.6304967508
14.7375811681
0.155978449287
0.159079321693
0.0986962622784
0.0277324314654
60.5748280131
51.3102378463
40.4531365734
37.4274034222
23.2303328869
20.9073206422
24.0110227459
0.0328822978869
19.4524852844
20.6396913049
20.4817324414
19.8286830802
19.1497801277
18.4413466459
0.0645105528219
0.0137219721605
0.0163933188422
14.726264925
0.10982116375
11.5920313048
0.104611875267
0.103688704934
13.1507318543
0.179082144909
0.253572564105
55.1935204543
47.5169737942
59.6149640197
41.4154719005
0.0703981473939
0.0720729118449
0.0632034153608
43.8223188038
0.162994513471
0.258454498442
0.223757797782
0.176377978462
0.183419326842
0.170002872771
13.9871680372
37.7029014855
51.1223972805
58.6227191992
59.9418499466
0.0948644414126
22.0369655326
0.0931791593727
17.3998361188
0.123333681301
0.0920438124768
20.3625504352
11.8909040007
0.103000385767
87.5541837311
129.688506737
78.2570412057
79.0518830908
74.3207628042
91.3050682391
100.225583531
134.426000893
0.132946939031
13.7958470865
11.1039648656
0.112951134582
0.0777611825134
14.1020372942
0.105480670605
0.109960193087
0.0849587721109
12.5594212428
15.4106976148
37.2002053742
0.0853323685177
42.3340740906
0.203210273596
108.08650279
0.163082326332
0.186405031215
18.2235243336
12.0228262844
21.8269692774
0.0372636064941
182.904458831
28.4402664723
15.9659714874
25.0276811745
270.194195177
16.8993444315
0.0133477915209
29.6360139895
55.185080854
13.3031092057
0.0855208972305
19.1843832648
0.115895893769
0.191723691094
0.192494190858
0.166858999783
0.150886149751
0.158501509679
0.15822003304
0.142940138313
0.119525981436
0.10667819683
0.0922297853472
0.0601089982719
0.0689214839307
0.0788013398786
0.0832106588104
0.108120838265
0.129724484233
0.184375925438
0.217887426951
0.231350773723
0.213074889751
0.0749843519091
0.0726233901428
0.0578477173458
0.059438650367
0.0599092523496
0.0560451444321
0.0658632038561
42.5940675043
0.0832864098414
17.7155454478
43.1338904924
41.5455739812
0.0509903296268
0.0479561345864
0.0427505765565
0.0480523042327
19.6535815733
20.1914157623
20.7631707412
47.0359888709
0.104564574566
0.0731782131727
29.4359707435
0.119609701332
36.5435178038
19.1853578669
47.2225766927
19.7991168472
0.270734712376
24.5577609034
35.7082416752
38.1351888291
14.0583917858
20.4162835822
12.3297862837
15.6269328526
15.6438824405
11.0729555646
76.5652817321
36.2491911941
89.0205622126
81.3967467957
0.0468571801663
0.0377028704836
27.5718019091
0.0779853466837
69.8561802874
16.7910214139
57.1177092986
11.2480845461
60.4629233078
0.0476625164153
0.0429664857576
0.0584074059306
13.0388718769
223.903344086
172.662477859
15.0894741526
84.1792576723
0.138746274945
73.5871940281
87.8797413884
87.2864547078
107.427162332
0.0266722892908
41.7178135488
0.0386443922926
11.7544839555
139.696843327
152.622030488
16.9300471785
18.1780070628
0.0865428080557
0.0957735141954
78.7176442167
92.0774336734
117.836148092
117.289860808
195.768052317
129.563782861
31.1323624839
0.0737787917081
12.074813099
218.189142093
25.7068163394
281.789037839
155.69297674
124.467636063
120.930988539
94.2379685474
118.843961197
115.958795094
212.420784977
0.0373814485661
41.9790022843
18.5004385788
0.175720871526
0.228154809549
11.3915059746
0.0565085814774
0.0492107959315
0.0381183068039
31.4098632431
58.8555412602
0.0376234417044
0.0350012144338
19.2276239571
0.0624367006524
13.9215137916
14.8738661296
0.0475441995237
260.401315084
262.492340708
207.49096813
93.2263996062
80.5229922572
0.177027054131
62.5397611586
62.3170621369
39.2323098652
43.164219388
36.6119338875
22.3576410946
21.8375088671
31.2499737572
25.3319015782
18.3319156845
0.0431530975743
0.0277476913181
19.6029042738
19.8008570025
26.1448849772
543.381755547
43.437777154
18.6245681056
34.6427708754
0.182704462246
43.001109891
16.9535764163
101.14142905
29.2602906256
143.516681109
97.5961576539
135.217925931
99.5928130036
78.7806157896
0.0926075954192
0.0824090116915
45.1170401049
48.466740574
0.090894623632
79.5286327185
78.6747126309
16.7860466558
0.124617339221
0.162559805361
0.14691263797
22.5687023232
0.137048863035
0.0898795815771
0.103472131158
0.113740363146
0.0987468368336
40.5432862971
0.209324833273
0.123836700339
15.8389045782
0.0491858542202
23.2088319311
0.0663345494127
14.2940144383
91.3750737214
56.6346371701
52.7912850727
16.1190058122
14.0979745071
45.0360964634
20.5851612771
18.077548113
715.232147471
32.4478458103
0.151476033693
0.0962510907161
14.5263920404
23.9249730599
31.8727519124
64.3232025988
49.0969977643
0.0500904095008
0.0585556345428
62.8391365861
0.054180967982
0.0468557851657
16.5576114646
48.1216155641
0.0326090604669
0.0803922674214
0.0395264328449
0.072956905532
0.0518769195804
0.0883101874908
35.3053048503
27.3294486364
62.8193315536
46.8823391523
0.0850958608962
201.903796019
10.720711659
0.0140472592285
0.0310489143282
649.413529284
12.7163142477
12.3134316008
12.5877284369
14.1057709639
0.12326159985
0.123657892292
0.123711831344
0.105833432478
0.104318925079
0.104131898238
0.0922571678218
0.0959935424495
0.0733091830352
14.5646740427
0.062584296219
12.519591867
12.00490284
0.0688140939611
0.091114284851
21.2865443923
22.0053468818
0.214198016105
0.221595246715
12.5199240226
0.0126902386681
23.6759382537
37.3984265453
35.5996780813
22.6322173421
20.8655395629
0.0263395806359
21.8120707319
0.057957655892
0.048561148863
27.4476998899
0.018295084166
33.8869416391
34.9182581563
12.8678184464
12.778056791
13.1723437495
14.1714320365
15.0645243804
0.0746786203418
197.749099128
200.208401874
66.6931123901
67.4201647974
65.6563574479
61.3188670284
56.6953636779
51.9942059203
47.4891790646
42.7154295809
38.0746992671
22.9301562234
18.8083993558
0.0446367890702
0.0353426938067
20.3567250936
153.64573689
76.0968153371
57.2399817822
51.7374244573
46.2686279579
40.2323062733
33.4803125369
0.0172198118634
0.0
0.00276465389199
0.00289002008594
0.00298523780484
0.00304313838756
0.00300822407229
0.00281316124272
143.298968645
100.254432025
89.9674540499
75.3792411827
63.1831815713
51.1908019296
43.4186144387
23.4749760568
21.0102904444
21.9638776892
21.9305284009
24.5300642344
26.1482969797
21.6165206213
0.0
0.0
0.0
0.0
0.0
0.0
0.0
0.0
0.0
0.0
238.880179606
352.569593586
24.2062175842
55.1362780594
273.814591188
115.074194228
59.5488008523
48.8870807418
44.2682055057
37.3355243805
22.7013063397
19.4226597284
0.00997295758571
0.0243895708861
19.7242448765
0.0210390541757
75.020605627
62.1320671036
45.0303276644
34.3932461273
0.0113566504171
0.0113010564519
0.0108385314135
46.0382884408
44.9340118678
43.9273439572
41.4304695628
38.3145063702
35.4701611181
34.564584081
11.6380541634
0.0155433976079
0.0232549125092
46.8110330136
0.0207063956775
24.3705504089
34.0943062322
0.0302885870513
23.8503448963
38.4677765594
43.369952072
43.7025281738
40.4455477579
36.2456372716
11.6393515638
0.0
0.00348426426862
0.0116803427512
26.774375437
45.5271310238
46.9435572792
24.0957155297
11.2826736624
0.0275743123148
0.0921363194878
0.107367327099
0.106395885562
0.0416646670651
0.0503665996881
0.0454156516886
0.0579042290521
0.0473085600646
29.5390579704
26.6404776597
0.0279157317467
90.4326750665
62.7900833732
52.1691746243
39.3671650296
18.2647397262
0.0788822305197
57.9124199367
54.8524762716
55.3593419627
55.4895433364
0.0326278122839
0.140679233426
74.7173136278
66.7856194305
51.770246979
55.3598624375
0.0384184412713
0.0219663303963
0.0123852062557
17.3114606403
0.0216974951521
0.0191783559292
0.0157963926352
83.3813563048
73.0652959366
70.833918719
69.0307632195
0.0336503889073
0.0309741031108
145.777490617
49.4716646404
43.5096038525
40.3294128313
37.5377162831
21.351944923
22.3697086152
17.5968790059
16.6855416551
0.0446836574379
0.0222606019195
0.0208305883615
0.0176212815786
0.0269347071581
11.6076568301
159.607664713
59.3048014283
45.4955953176
19.4731638019
0.0224992745588
0.0238916289805
0.0269275189975
0.0274422610631
0.0
0.0
0.00255538278417
29.4789305333
0.0472426842615
0.0375740515444
0.0296238330364
148.081631941
68.8367771156
23.0385729033
11.4757968475
2956.33136884
2835.94394267
68.1593093115
73.1732239645
56.7944330402
50.412667923
41.3304663931
0.0213400433101
85.2006106805
0.00449524980145
48.7267781888
57.567602912
53.0048062677
45.4808221112
41.4303142263
24.3528646937
20.5587736972
0.010421499084
0.0133902586138
0.0132232720955
55.5677426068
54.1177845382
54.5578913038
44.325437867
43.16921266
40.1159884822
36.7543705386
33.5096470079
0.0749165462634
34.6655583936
18.7216262184
0.0353928150107
0.025586897563
0.0324028467861
0.0285258678707
0.00927760526463
0.00870480039405
0.00795934486583
0.0133834517842
35.695142554
0.0298027671649
0.0474544690794
0.0381450733891
0.0266923678027
0.0305132464463
0.01989553133
0.0115916778629
21.9564761016
705.882544923
0.0393858324194
0.050978746775
0.0748844806699
35.9922649207
41.0690069283
37.3877675615
56.7668613217
51.3601296451
51.1030157332
47.8317164312
41.650787518
43.0144062478
44.4660284421
42.6231501633
41.5660300363
38.4258836412
36.6927568052
22.815235383
20.350082092
13.7407130553
11.5761005868
0.0844543884814
92.4849277059
91.8113466622
91.264699653
92.1178375093
92.3355647955
91.3874759697
90.2513070122
89.4507667408
88.6894141825
86.8257883102
84.5691995969
83.4703222808
137.766078847
0.0295033785685
0.016305280082
0.0770905504031
0.104614914662
51.8025409424
51.7033197844
39.343790409
38.1806464441
40.9108984843
47.3964712774
50.1955670166
44.4358228628
39.1499589585
19.8735859744
88.2298181368
260.219891086
141.012172899
120.493487737
103.321670774
94.9124512399
92.5135104228
86.691684836
84.1910241645
82.3936693393
80.7191507859
74.0971584736
65.2026111159
59.4970329679
27.2710705139
0.0934727517092
0.0965891300016
0.0961344737952
0.181828194394
0.157568429389
0.0936163576678
0.0771509920085
0.0599897958513
76.7233126658
0.0619178232651
0.0412309146456
76.9225147163
0.082558721251
0.0655138950984
11.3566515212
0.0875831561962
34.3241157029
20.6450332637
0.0418599724164
0.0434567644935
0.0864709274739
70.0167511663
67.7187512759
65.0697199477
63.206654105
62.2251048882
54.043996544
53.1557765689
59.059915451
58.9826350166
57.4741775845
55.1886988766
53.1063228369
47.2361561802
47.8904515473
46.0258655831
22.7810706131
22.4762975876
39.2128277416
38.4935671594
37.6703662776
24.2771244302
22.5190526916
0.053700336039
0.059814795156
67.2153489521
61.8565467674
55.4912999616
46.9022875694
42.2178743134
26.6575146763
22.659725559
19.1116441664
16.9392181623
0.120429025178
0.188676938131
18.1167305283
18.5284105912
98.4851691189
13.6202048175
0.0504754869935
0.125920767644
0.0714482843548
15.734147912
0.0440029432121
0.0420621181735
0.0392683720161
17.474691857
18.2497090458
0.0602567527147
94.3077053668
58.3999914401
57.1029460436
48.1225116704
43.2265044133
24.6194072842
22.4110216297
17.0050042891
0.0987063055408
53.0287116476
45.1470467383
38.8497983045
36.1392031831
23.1429383864
22.6457311465
22.6281068527
21.1899139847
10.8391290271
0.16459265323
40.6246132948
0.0947533389863
0.113766191924
21.5611051069
19.6164716391
0.133730680203
0.024600692298
0.0288995545496
0.0283253314301
0.0172690358446
0.0393376942488
18.4286376559
18.9963922649
11.2143074974
139.499907849
112.673170598
65.529986283
64.1350127767
62.2654188224
60.2739234606
58.7814833912
59.1911578848
59.6548023407
59.9818788115
59.6316316903
60.6911238254
61.0339527403
43.8503605087
0.0683475278834
38.7444248608
0.104408843375
15.8242907793
12.9818024824
14.2336024913
12.4302899635
23.2619915848
152.622865454
0.0195909105046
85.8877453495
84.5383902106
11.8875827988
0.0637515085438
0.0915219274793
48.2893779454
19.8449700652
0.0795765385906
31.7639347627
21.7756712184
33.9882304756
35.9209027527
37.2263910164
37.9452990243
38.5286444008
38.7705603566
40.8175542833
38.2290319721
36.5940571267
38.1167086421
37.1300567629
36.0776030815
34.8743767329
33.4235908606
13.5449307
19.119597439
11.2214345819
0.18565736698
0.0674194127859
0.0301369753385
0.0336471195893
0.0631879119415
0.139798299295
0.179735153808
49.3265918381
0.194591422785
22.1350947898
46.079745358
43.6296417635
39.3580324439
11.3893229429
156.13532045
162.231112881
0.00412396569672
253.389571976
141.12267034
142.584379627
59.694963065
17.9598485542
11.4407332752
55.1851970008
171.551333351
77.0038499984
128.552138483
83.6250310432
90.55716478
81.7593217314
47.1815817645
0.0395867420035
0.0328470957747
0.0366303781327
11.9646917449
19.2330220336
0.0164156626037
0.0100740236491
12.5831694242
0.00292960414056
0.0027860393383
0.00270728782444
0.00259830636515
0.00237812667276
70.0072609592
30.3921182895
233.687081022
205.768412823
86.6253245065
68.9642676051
80.4829650501
239.216516839
77.0588142934
171.004890954
159.999239465
125.935528741
140.867537641
157.049927205
91.8386684182
72.0475865223
66.6727449167
20.566276716
20.1396440446
0.00642076214761
0.00889015709722
65.3687061896
30.3315650947
0.0138204673626
0.0133614289834
0.0124860097844
0.0116370900412
0.013752706986
0.0264299996049
0.0200843152467
0.00197806300441
0.0
0.00962058044419
0.0
169.718685993
238.436522596
243.573170223
43.6353951297
63.9153682641
114.154751555
80.7121696228
48.9035266501
0.0407755573156
44.7660940948
261.047646258
64.5059120713
84.8725161005
93.7025255993
38.7591436757
132.736352933
127.837471878
105.171642111
33.6279412211
27.4409736003
0.0233559315242
0.0228819687409
253.079874673
229.102816479
247.65837861
0.0289048695858
38.7231596326
0.0255410370243
0.0179924510218
0.0173808119455
0.0167140483855
0.020572489039
12.2211594235
91.6882358401
13.3998764111
41.1775247349
0.014360100253
77.1095342669
29.1542789793
14.5582466086
19.0698799207
0.0140439314983
0.0140159861295
0.0138769567952
0.0136129028343
0.0132255272814
0.0127867241822
0.0123155276924
0.0118050926906
0.0112957107787
0.0108491812412
0.0104738786722
0.0101394793653
141.379816186
330.312427127
33.3849864656
19.1747887006
327.034582272
15.1549401058
472.055915464
335.217747182
24.0610828969
0.0442131792419
19.3137517735
17.3753370464
15.8395696014
0.0171516786399
14.3587389982
13.8037031532
15.1386487271
15.4691492783
282.951715154
16.9328848532
11.1829888613
14.1907963395
23.05720938
0.0274997730697
0.0575010623754
0.0518949573907
141.570595567
181.129359056
158.735879933
115.438374538
70.0406688808
0.0538426214047
14.7020625868
302.530926914
0.121808673416
0.135936032595
0.0405857003523
321.949513674
64.7009899018
52.5401942556
19.321988661
0.0921914580025
0.103852595414
17.42661078
61.1011351926
39.3023875766
0.104755298541
47.2064181701
13.6955453844
0.0818601753256
0.0851549042655
0.0628866703733
0.0507476071658
14.0559696774
0.0821933985389
41.3632045145
789.471842916
36.6334421661
10.7416686987
0.110228323463
695.075221264
565.854314383
0.0902145011416
32.0345147962
14.1080156516
17.7216300748
15.9025255992
42.7807409323
0.10223689533
14.2719939655
0.037029878281
163.074694285
35.2319429703
190.434268591
151.081117123
80.0479183793
44.5373803078
601.25834088
481.071838104
321.848010315
0.072074484891
292.1199567
0.109248831411
291.778789713
357.40567854
55.9828474793
0.053092561151
0.0428007912066
0.04001966848
0.0460084029863
27.6090437409
38.5825225323
481.569535024
0.0556005369176
467.488342013
441.593469396
243.21261345
277.812333986
0.0395591128698
0.0397960063802
16.6642545821
0.0570259669574
0.0477134165281
0.0469232285798
480.309803184
445.15814366
624.970025012
705.940807856
426.975769056
236.361071818
230.187029381
0.0365502567607
438.268678511
21.9169052188
28.8739876978
0.0965667429205
19.7986704649
0.0519085409368
0.0660506848466
0.0956550610512
0.0
0.0
0.0
0.0
372.909216949
404.386439718
340.631047591
18.1156819383
0.0
278.938985594
199.403538377
179.152469059
264.497000034
516.368303226
0.0
16.947485372
475.74099996
0.0
0.0
0.00687805735971
51.4880001877
196.00406781
0.021450460453
210.34548587
198.587807125
144.72966537
119.285452363
191.743656402
79.1168204972
92.2852143129
25.8022375076
21.1669179054
91.198300519
29.0709037103
19.1936766402
199.943688353
103.742668609
25.8454989018
1396.15156221
0.0287296654701
0.0233778042784
0.0266451442306
0.0293614765698
17.6427211771
0.0531116972943
157.425463463
18.488644408
62.4959861413
59.4695546479
34.4397086082
96.5125933715
50.2671619999
27.7650613231
25.1538121902
162.06298067
146.441123189
142.63143347
89.7422515108
105.740506342
71.2163757585
135.928858137
30.6611161573
21.0717385689
0.0519391629554
0.0108782249575
0.025087432454
0.0413750792991
23.051767528
59.688452458
0.0372967418184
0.0283733746529
0.0168570262067
0.0164787274485
0.0127164015952
35.4453701474
0.0119684600598
0.0115944983233
0.0112613168498
59.0971649354
71.7281422374
74.0635667868
84.4216088604
95.9888589165
143.610933345
57.3745429897
80.3613885321
94.256120761
66.3675005252
89.3364443743
28.5755779571
58.2527632563
26.119312794
50.9024769285
51.6324153467
76.2538191541
43.3601891089
56.6903442367
17.0362264049
0.0205397115367
0.00951492983399
0.0
0.0138510678255
0.030664835053
0.0426702859446
92.4595759959
0.109042001757
18.2927129466
21.5189604959
21.6158916088
17.6810636219
95.0764269482
0.0122238865927
138.089052623
104.628675017
63.8952392338
107.962626871
40.5247850553
29.8983780645
123.866024308
97.9920258402
96.4394372984
86.7956909038
126.267563134
116.184106491
0.0901281993919
122.150975226
114.6300288
122.629061069
0.0401102297855
119.082365216
159.17737013
275.566269922
325.115232811
0.0371164296392
31.0000393272
52.8745583032
18.5663204999
18.2043801766
0.0192502914822
0.022251342573
0.0343600869737
78.4210623815
0.151186086819
25.4567866024
60.4576922273
47.5004506878
0.269452777456
75.1546365727
87.6562759593
0.0594489618824
18.4006742856
3216.3580963
0.00712638177563
67.8602510945
53.8440231432
0.00995394382916
120.246272978
59.7111807528
16.9378568807
39.5514893029
37.9759394343
0.00779048443803
138.404061725
20.4872993375
66.2193090046
30.4193628237
69.7601284073
94.0197096193
38.4442647756
20.5938586177
63.251559912
0.0903764742544
0.111663095986
27.5315575733
22.0421785117
0.324668468402
30.2149752588
0.0696111223864
21.3675358785
25.4389711194
26.7056762419
26.9295415339
0.0676338106753
47.321580675
0.0769365880699
16.8329104544
53.2253277286
42.7878407496
42.2136730101
20.9637133207
24.2143514085
0.0640336803709
456.354532454
334.708265691
173.00776852
0.26286568616
362.157406133
225.805066214
0.123512200145
17.1632612883
17.6576367014
56.2953554106
22.0395148196
0.0794202196161
0.10247656078
64.1701517829
29.6322175037
21.0610477458
0.153482177107
27.503558665
18.2848321138
0.222098899418
0.250776393197
0.221925883566
307.343606479
66.4097675533
57.1434029101
33.8190803563
18.2250639117
0.237888201516
18.8244735244
92.6180706139
90.9699587158
0.262487265064
265.185923896
274.932190627
0.190784837697
16.969691073
26.7812548704
0.205046099712
0.220929228786
49.5511256541
66.8326636467
91.5839996247
110.879254149
61.7550086531
0.261718949279
0.259956573689
85.5318655555
77.8942346564
130.965447715
0.207440783958
403.773945828
486.422356501
0.261304951486
23.6421651504
34.0354404209
30.0898604795
0.519959361913
110.548171869
293.179475456
53.4863040374
38.0454759297
58.6843014594
24.2192269669
271.590988675
27.9678931035
133.453300719
26.5274816199
92.2070401287
154.154359355
0.0440875521703
86.2736092699
86.4878036586
43.8661478615
30.3964912821
32.28184737
27.5104032154
23.7113880907
21.8901329361
29.0046236404
21.5189060944
0.124216969331
52.8681522312
274.926370071
162.474242488
278.920589147
208.883541887
147.788697207
114.782144662
257.123816702
0.178513886523
21.5651811957
56.4339876459
58.7746298668
30.4556097746
0.139078120008
90.4974943909
47.7806381799
0.123246687191
0.247827192799
20.2145585921
52.032814763
0.123701413084
26.7723302274
0.118031495148
0.18406621948
0.205880773475
20.0908239764
28.3864131247
71.2158784805
44.1506837675
0.139803507572
0.107849511294
24.5079896802
0.0688128627834
0.0493368617816
0.0577069665577
19.2897760623
52.8039552569
0.0682303217528
16.5950185182
19.8069058609
18.7569933305
0.0600734561527
22.9527317684
802.020875572
0.115040194864
80.5712895498
56.8978624021
166.181381105
92.5745738652
48.9110592965
55.0255312063
79.182160069
76.8305252744
81.4846859112
68.7549408045
63.3527922061
26.1207023767
0.0927498746344
39.0673275295
558.399095579
114.002807495
170.66180493
163.868149501
0.0896767957351
0.123388551163
21.217036936
0.206624280001
0.199917474608
0.232281659037
0.24383837249
0.241799388961
0.256763783097
104.955147334
108.533363537
202.101318644
185.596827726
201.752409661
193.045588572
133.6376851
145.827019201
202.793891547
189.205323423
24.8661242314
25.6880538824
0.076444610781
0.22584341554
0.223900512612
0.250586447082
18.2032004582
0.221108764265
68.8212861407
75.3161377388
44.2941489715
75.631533037
43.5479216057
0.0527993286787
70.7786118202
65.5983590065
36.228175317
57.6933184391
30.9759923454
49.3233767061
28.3591205909
31.7441060024
55.2128693142
0.140382173733
57.9320372351
19.3843282744
17.7573899937
175.563960872
242.878125678
170.238213673
65.2523990268
37.6113456101
35.5145126478
33.5268899387
28.9535130764
26.7005290589
26.2891545557
0.0791372858781
0.0481207966073
0.0438787455885
0.0379129360414
0.0532693045035
0.0861375712537
0.093741230515
0.109323420027
0.173341526684
42.1048317881
51.46388677
73.2826335998
89.3758592625
0.189270416023
0.147424221683
0.121848813539
428.399287662
21.2855533825
31.8932700146
0.0853498309309
26.1363140466
22.0131540516
0.0939421044167
176.987654117
95.2989120131
51.6340944076
87.2890522123
95.1687974962
43.2510960205
66.7669687963
55.8834952476
0.096585545241
25.0204485967
30.5920724531
0.131216148917
184.140700396
0.120995503801
23.8139405013
26.9977730242
0.204780740328
0.240609144055
0.260322222694
17.6766113539
194.771658823
0.376547262606
50.1019960725
103.619195578
78.8500212305
72.3429381507
63.0277466585
31.3946172597
69.2624855836
0.0996214079846
23.8180036248
56.7116833833
50.348830801
16.9804629914
66.9254362248
146.401348804
112.30600867
0.0722880224246
32.2797404292
0.123565584526
50.0704692593
23.9659753799
35.2464614715
31.3910570418
650.644113294
669.289390857
108.174879519
80.6005100463
0.156798284211
25.6749670326
25.3035704316
271.318800346
72.4866083288
0.0573812474969
0.0908201134416
21.8082473193
53.9214825471
108.074362923
24.2757543665
50.0905712134
0.10332533201
0.0810757260524
0.0558817229431
23.0858750789
18.3100835099
28.4119193731
17.2022535285
0.0543542832813
0.0505133475405
0.101066926618
0.0933242875694
0.126795006907
0.0297641425732
0.0294073721835
0.0235037990909
27.302414391
0.0598286507277
0.0896244304516
0.0856525965663
0.146007087679
0.229308619199
0.253892717131
0.33941137763
0.320478217838
0.24211630266
0.11841360425
0.0341968016913
46.9995023063
0.0402383796253
0.0337955147217
0.0352545896635
18.9696927905
18.0983203823
86.7645413096
21.5333479864
0.102970751958
0.0636265585352
0.0777074795365
63.9390290686
380.019936129
18.4119950178
26.1133669766
29.0011634586
23.3678848076
33.1617057843
0.0652347667015
67.147212664
27.5485219459
22.2090153628
0.0586579200219
18.2771781128
31.4590875308
31.7447642858
19.7075115748
0.0522854114469
0.0258476524353
0.0322598349954
0.0277253643717
0.0313267425049
0.0499271786572
394.469936814
0.0676317709832
0.0761998308611
59.4316115777
44.4017296846
34.3735196666
39.6366026886
75.1794599798
28.3736343109
0.0130761027639
29.4768146762
60.125438697
17.1819637049
44.8795238874
0.0968051154651
0.182102494423
83.5472624472
0.210086347091
0.176042612906
0.219097503935
183.784332934
149.266721225
98.3032689624
98.7620808629
84.9900360996
76.4068430328
105.490208121
133.589817314
186.014366133
0.0757920039461
21.0606219745
356.702262174
78.512524415
87.3025123014
84.9258475627
0.137599431036
0.100498430692
20.3047069152
100.812411308
100.79332175
98.8692816643
181.749351544
184.403413448
191.683890421
51.962314842
59.271603416
0.0422099394151
83.8110467698
264.006577354
256.039516729
180.82804143
127.770987258
127.241188995
111.337776142
122.200612526
112.374589809
78.1610380296
0.060198177758
52.5069134692
16.8034610671
34.1586562724
0.129387441132
0.0998254635587
0.0980938796114
91.8665153789
83.6769784127
100.497771202
74.3320550813
59.5264158725
18.0560450305
27.8312943417
20.7456644035
400.528547175
0.112509671442
388.93027947
212.127228637
170.339919701
0.19499300099
24.4186818039
18.9871652596
33.9563767921
33.2271381363
31.2273851199
0.266184760179
50.3392228227
31.3408188703
27.750651994
0.0745850458721
0.0557539185864
0.056696594958
18.0571584745
28.0036203676
0.0768405928869
0.0444967835825
0.032891903902
0.0442755259332
0.0702583502435
432.94907661
0.220610598875
22.8033583405
0.23875930604
0.354142863252
0.255473275045
67.9533103218
80.9600023423
0.187578200027
74.0827018874
57.7048104292
105.19510887
149.879624593
65.5047839674
0.20140844895
0.137550107481
21.2481992443
0.170713961031
0.13232230271
68.1236387831
43.4484947989
23.561521679
0.183118901095
0.179249991432
26.7664939866
0.142579209167
0.0834830767252
55.6479153798
60.8115997506
54.9857471402
39.8744951931
37.7146409724
0.108099817444
0.0880392053249
33.5027156791
32.0922066735
26.9806187774
0.181892587766
41.3862320708
23.0179917642
589.596571172
17.5252307522
0.212117954392
17.6649490363
0.216115239319
0.106596230368
0.0747734057158
471.494168629
517.499750652
244.030949153
0.0802364864151
18.6526148474
0.0784606217883
25.5367378779
28.7669522836
17.6053929789
46.8927643938
0.10055240644
0.299384848068
66.6770074761
23.2018058218
0.113314328049
0.0798523198844
23.0910495218
0.0690679428579
0.0350704437827
23.3123484164
0.0110024767015
0.0491269932512
0.0380823841999
42.8955487994
51.2629265459
51.2853996755
0.0304748015831
505.148303728
73.6156985865
0.0472460169589
65.9287084381
0.0862890804387
50.8582485439
0.142199112688
22.7467110911
0.172431669303
0.187353667545
20.1953367838
20.2775026624
0.172646879996
0.142307097405
0.154680031741
0.146056719968
0.201127715749
0.267476494143
0.292929884539
0.390485527096
0.367209017778
0.211096268013
0.229106973798
0.186146925151
0.182281240201
0.199335609243
0.238855050274
0.25097390666
25.0046480078
25.6564152834
0.203772302922
0.260017595792
0.567918553261
0.605838204626
0.486460733026
29.1779474618
49.770703871
69.3873251501
0.496704102048
0.492455997183
0.410397064676
0.424509956654
0.496860116461
0.255443220258
16.7959692099
0.146504280952
63.9598990517
39.9545241397
0.303819613422
63.128439365
21.0792615133
17.2159280887
17.2999765942
59.1796389916
0.169989724881
23.6805805725
18.9628832692
68.5901917114
79.8273045809
101.650110539
91.5569006112
77.0441035452
63.7881703159
61.3364716002
73.84652857
24.2042611222
80.5076101203
36.6855333683
16.7827212426
56.5558754239
0.197128634884
0.192943640718
17.836385369
88.8761752961
93.8734250004
93.6125482467
93.2562342319
94.3524211019
0.0939421516714
0.0471112698446
17.2072430189
166.36643458
0.0939721321295
29.8820064306
0.228060039054
0.270015851154
31.9359169239
0.0805409719708
0.0107276765878
34.2830675945
62.9768763196
63.1445335646
57.6378960851
17.938499888
43.565727316
64.8098867071
0.0788364137577
0.123325145052
0.135299380655
0.0705091582004
0.0403427136978
0.0843204936988
109.225126751
0.0478582989568
0.0664869594253
137.597297622
0.198178596708
115.64494839
237.576507929
0.0462248197334
0.0461610165875
0.0739229758956
106.181815982
140.650303627
134.262878902
108.909601481
127.937904405
124.282622343
85.0976899318
80.0773141351
105.163768133
33.9971825905
36.2767601046
114.821955091
93.8626925485
20.9611413466
22.1336448725
0.293919332492
0.288392136097
0.302190196525
0.309800642975
0.34197696886
17.2117070092
27.1441429547
0.0120819672899
22.4660909993
0.0224408131236
0.0205872832924
62.420761518
0.0707824613721
17.1349958845
60.6322234291
0.396084551216
0.45592824573
0.501828592543
0.523810937362
67.74058127
38.4153452261
31.7016487979
30.6035517603
29.6139163876
0.0740544469616
0.0716827843483
0.0955377454018
25.1831652216
0.069455433744
27.0761781579
0.0774681011346
0.0481216490267
0.127101197574
0.103072154929
0.107882879347
0.162062847118
0.101767577321
0.121060490116
0.124150869811
0.156961731275
137.773123769
104.074972529
80.5905206033
85.4958341805
23.4515765607
72.4179155723
88.5503235249
62.7886810097
17.3375323991
0.0434724709259
32.163311546
0.0689553137734
0.0463515148183
23.0542394011
0.108065759524
37.5824341313
17.7428003133
0.0973057714891
0.113900515731
0.0660743632769
0.0990731443914
0.132772485004
0.142543446384
82.3335083715
0.123719610603
0.14919531208
29.2581907033
33.3067877643
0.0792707262666
22.9816738898
22.4671704631
68.1082906892
59.3739203839
71.7482448007
54.7382764814
54.6239546867
0.175706400122
0.209174225375
0.0534213375814
30.1254246086
58.9145059892
71.2882045424
61.6805068412
17.7199885958
0.05427873923
0.0903446889074
0.133852310963
0.177939136021
0.082798582865
0.0606570005095
0.0625971391057
0.0388868615671
0.0490165559037
77.0403832364
77.6589311712
82.1673127973
0.0106875478366
0.0130425987193
0.0138736432965
0.00859124236457
30.5566984569
26.357730058
26.505045453
27.6107601488
0.0
34.414195704
69.6057957313
87.1303685037
81.724268299
82.0757524462
62.1527472366
84.7368109779
91.135315522
80.3850729385
79.2161027529
98.4098331326
92.9947917182
97.5453733186
104.874889265
100.757704095
90.3807626062
84.6000878496
64.5045607315
0.034987445976
0.0296166294781
0.0162960302159
47.399089101
0.0425716081225
32.3072354232
0.0638449098934
32.522675371
17.0648257438
0.247119590246
0.320753301319
17.8719419379
29.1153390761
17.5014695153
28.940834744
29.3171340333
0.0266640985918
0.0366506219226
0.0358745971124
0.0420012421994
0.0626138458802
0.136737920086
0.170892618377
0.179420193063
0.147510966473
0.174928103256
0.154650238438
0.201334972038
0.27648498451
0.341605670496
0.0456855268079
0.0595844419951
19.264880192
37.7590476118
23.0807129278
57.5430437032
74.3256173234
26.8378873982
95.3004326435
71.6793056679
81.4126291494
23.7175714305
62.0724052317
28.5397739798
64.4820553657
64.4487455229
94.2713093879
91.1978097016
117.138957721
111.147109323
79.5437953674
19.3686008914
87.3742885704
0.0827726675615
0.0686762594641
22.3673813319
17.3509018013
16.8007615256
0.0594738486827
0.0594841734088
0.0594935856327
0.0594761666915
89.7340499992
0.0287407580151
17.9941757675
0.0497690651457
33.6579784951
51.041707313
29.0708430795
0.164718853708
27.0744921265
33.3436971642
34.1575946076
28.8183026928
34.8949065629
55.2208996012
36.7944749555
0.0
17.5530829923
0.0156116537008
0.0268624520412
57.4326277301
0.0451326340442
0.0187009329718
0.0161758811887
0.071248152402
0.019461575086
0.0242929237418
0.0287986797332
22.5253384958
0.0990473206214
0.224779821615
0.174315073814
0.197825903696
103.381649424
73.0946633555
60.4582018788
36.1839118475
126.27882493
208.907812553
0.179955356351
130.852109637
133.435940287
127.655101957
71.0844543
0.0414636254415
30.3590678896
61.705003991
73.9121910815
26.9621630798
66.8382311437
63.9192139023
0.0686891829711
0.0552621657919
0.0590619802869
18.6590160821
23.770333477
0.0753900117107
0.0199583944718
0.0262469810971
0.0135579041394
25.4326628461
0.0126104080329
0.0186704676102
0.111083365382
18.1019457749
67.2181139063
84.5353197683
85.2737146234
0.397291508859
28.0747093278
25.7240720177
0.161547640778
0.0650934301566
58.4126516748
0.0464150842636
20.3624117182
17.8721623052
0.120792971467
0.114018450815
0.0756540026127
0.11743307936
0.0746005967256
0.0628387447682
0.0928132803471
0.130015955263
0.167227630857
0.13976915527
0.167980551973
0.240963399244
80.7907651647
0.265141874512
46.3891215884
84.5878803734
19.4976778759
72.1402385892
18.2785067536
22.3976276256
59.2348688635
0.106401505063
0.108577252217
16.725076352
0.0239016218796
20.9340607465
46.5322120242
86.3569956955
66.578477427
41.4995869717
66.7043860211
31.5940634167
28.3522116329
25.4761749346
0.114219246807
148.984206174
91.4954182916
80.8397791324
68.5170266019
64.2771551056
59.6676593923
60.6674053716
0.184706103105
0.21774673181
0.193554150845
69.0764239942
0.184014191043
0.231158598533
16.7830701774
0.246582604856
0.249229821122
0.211436415601
25.3453989445
0.00216927328675
18.52002407
0.0363759769677
29.7096225578
30.8425555785
57.3199183474
54.2394503937
0.102792929038
0.081007166856
0.0845328568519
0.0707102352621
0.0686674282716
0.0670408755709
0.0707710696802
0.0631198287829
0.0439350607351
103.89285307
0.0445791473479
0.0339958976039
18.582871278
0.0112153718112
0.0145718382884
0.0117259062554
0.0140478759436
0.0216944111236
17.2684742329
28.2156280245
0.0473610114734
200.325314184
124.65239953
0.0533630035231
21.4808131788
0.0589896851273
39.7329781748
68.5679908002
75.5973477824
19.7926069235
0.053698950353
97.8241934657
100.07359749
0.0657771130155
0.065807205645
85.9851200553
84.1174271993
82.6966631193
81.0731097586
0.0237438748674
0.0328722314748
0.0525078379098
67.8194983005
0.0738269367516
78.153011193
78.0715857474
0.163099670726
0.469689808694
0.514006910449
0.437691616645
0.104214618844
0.0276546301165
0.0240847635485
0.034913401857
0.0902142901731
0.141647349608
71.7250894649
67.7763985864
43.8603858684
0.124854688404
61.9513830556
59.7722908314
55.8440011706
53.2895420403
0.0674451953688
0.077091288252
0.115894408364
0.119541965806
0.156491767619
27.2329146122
38.720847075
0.198938840123
71.8564214257
63.1935502863
0.128314015321
63.9651195053
0.138053263611
0.158026495708
0.0448111286809
64.4031052517
67.0856146717
64.5856900278
0.0329133173018
0.0870546181037
0.141877955365
0.176970953772
0.152972038669
22.4690109546
21.7886726095
0.0662290585192
26.2720568105
33.0423541407
0.213855205233
0.243979733536
0.345476839254
0.32552075369
0.207960892382
0.0623054523781
0.0271453715183
0.0218094756677
0.0603888645952
0.131235639735
31.5217684417
29.2294650488
0.121230125432
0.174971697691
26.2256135591
26.1018535471
24.2762654375
23.0826223522
21.7304285906
0.0653230932449
0.0816454048404
0.143145812631
12.3788745588
0.316205526363
15.7532372334
0.182691756808
7.4194300099
30.044729219
0.131906513909
23.1750850175
9.53877121006
0.212966421681
9.40239987624
25.6796940263
27.2606822501
24.8892096992
23.2980596556
0.0493122561455
0.0568969483691
0.0669918679615
0.0576720318299
0.0642720402797
10.3269571538
25.3928221279
24.951360452
0.141059618742
36.7043429221
0.45087853307
0.452912255327
0.453930291471
0.454305718132
0.454063338411
0.453520815921
0.456350317926
0.147703567295
0.0784031355504
0.103789949911
0.142997075589
14.0306762792
0.203832573978
0.27373594412
0.355364881461
12.4172170064
25.1890462729
26.6586621387
27.4002253986
25.9997900653
14.7302530425
13.4283161437
0.0849063788337
17.0216891393
37.6508661663
0.208887612347
0.202904046668
0.148516271285
0.0632480409088
0.0664743944442
0.0830245092566
26.0383737226
8.41866721387
0.05483997661
0.13556584104
42.575806467
0.322774100075
8.16189969825
27.6959407905
0.0850990705482
14.0728813189
0.228611374173
12.1590050035
53.880945979
40.4576629117
9.11167948149
25.1346420524
31.3438337856
31.3025913211
0.0658898979661
30.3530017295
9.18767845324
0.0456481837994
0.0622049187079
7.73836955109
39.9142807859
28.9654172765
26.4958433437
33.2265004148
37.7620527724
0.109171766838
0.121158907988
0.106868862226
0.117880547605
0.070766982028
0.0260118063963
12.41734146
0.0300324224595
0.0308967464567
0.147587964326
0.196104062966
0.187735729281
12.0652914243
0.350015107921
21.9118584607
0.361555854402
0.163452725309
11.4657063515
0.0202558420861
0.0191310140889
0.0332333225313
0.0313738736367
0.0685166232506
0.079441351028
0.0526019163414
0.0334320356571
0.0433052130841
0.0735189778076
0.0775010009845
0.0734579117181
0.0746864209962
0.0904778961218
0.113209687185
0.114305579308
28.5901972645
11.4088173139
0.125513321262
29.4423050673
30.4500055051
0.0167706906318
30.573465963
26.7572618007
11.0483680808
0.047791349386
10.1766534484
0.0154023569155
0.0196355154876
0.0365801842358
0.0320905014514
0.109449248847
8.06494793103
0.0979599397633
0.124103033794
23.2825551293
0.158947719142
16.2826754534
13.769370958
0.12250480991
20.9950967829
0.143056669979
0.0792321518072
25.4838696419
28.0007925792
29.0582137557
24.2981489459
0.211187569987
0.253557953826
12.1064593337
26.7018671669
29.7962351439
0.11653468249
0.148234689465
0.332725643715
0.377056351242
35.1475783079
13.8784512117
0.325705488045
12.1244399726
13.0251816807
22.7869959165
0.121797112626
8.1797711339
0.121159229797
0.104502290969
11.4181200572
0.145512885026
10.4416912037
21.314629957
0.172470231223
0.198364714457
0.224303612111
0.218069193647
0.116506807457
53.6076522897
0.172357954528
10.6755343844
8.73082348348
32.3111429694
10.8782394839
31.9906997648
37.5516832481
32.9645360848
28.244544024
25.7140204509
26.7172430177
26.1600950532
24.804857982
0.178665357489
0.162170374021
0.156819251845
0.241242142019
8.06020015819
0.335737882992
0.325275229055
7.10049711213
8.78402373745
21.6215296914
0.324472505969
20.1782200472
0.0758754565461
25.3073701837
31.6010290407
23.756098735
12.6463446363
0.109329886971
29.5371341946
32.3795677999
31.8218304573
30.546887903
27.7596873391
26.4800878238
15.4713773307
22.0875114403
0.190256333985
0.0902744192713
0.0406787870864
0.0457995900581
0.130007061574
0.110468885309
0.101276303305
0.109481293254
11.302793739
0.128153663619
0.129072649571
0.0403726721485
24.7582204134
24.9084447389
23.809983082
8.37967789693
9.56799058576
8.96962143473
12.6290819178
0.220243028663
0.201609344568
0.216041348127
30.4119597508
10.1520554784
34.4313359481
35.1873257917
35.4532048022
33.9912827624
34.3978526964
36.6818059348
36.3840709942
33.6866772354
32.8615399467
28.683453747
31.2829078449
35.6152801188
30.8843979587
36.1467634792
23.1941536204
0.0743611800358
37.9011870682
0.104307764357
9.71813285794
37.4472602852
30.3533704499
9.81159151494
0.108892974786
0.112166376813
43.0887956165
43.0558833031
42.0610675447
0.0533189693063
10.4163292658
25.1809121666
23.6062312233
11.3503180091
0.252278603343
13.6842644066
24.4002280532
13.4577735219
25.9787681034
29.0538663464
26.1061551925
27.0899835813
27.4802854113
23.72650436
8.52281420946
0.264057018017
23.4182584661
0.0377162987893
0.0590017550307
0.0581592649084
0.0566338338502
0.0702446031901
0.102100115337
20.735123689
22.8169892079
11.4234202092
0.141968555413
7.80008275541
37.1138074966
15.6228523586
11.6993243326
14.8631897105
41.8605280115
45.271512898
14.5124972721
0.061222965
10.2382371776
0.0596059741261
0.0442990300409
0.0350397991374
8.70042001804
0.0659282888596
0.0409671707663
10.9115274673
0.0496967372383
7.38579983331
0.0703255924382
10.9317124809
0.0622836457751
0.0752357094456
0.076774987793
0.0802993045743
0.084016627166
0.0653152562639
7.08704901269
0.0160375336604
16.478609387
16.5543098209
0.107047435828
0.175514403726
11.3550460977
26.9266135818
28.1480515744
0.363415048576
13.6674439605
0.374553520904
14.6716655196
12.6458970431
9.88145770255
12.2005356603
0.0224828377342
0.0289738904508
0.0410796182318
0.0491268231259
0.0461788208298
0.0280554229988
0.0299097571264
0.0335306682308
0.0834082883101
0.108979026213
0.164927214051
0.133308363329
0.146525755958
0.256671617706
0.107512880583
44.718003742
17.4179675615
42.622293826
47.1210046154
18.0601177678
7.44992416454
23.2076573614
14.6819676993
0.0742814985886
11.5243804379
7.0268210878
0.139490672162
0.0123547704958
22.282840298
10.5017236056
27.9897728517
14.9180934287
0.107938809592
8.38335483037
0.123303184667
0.0970668123519
0.0824153061281
0.0837944844959
7.73673774618
0.0564859954435
12.6466617941
23.9792912196
27.709334498
30.637101593
29.7896266379
29.4910794906
0.311609565829
0.12976782394
0.165660293531
0.175774873351
0.150359377952
0.164276602754
0.200546383045
17.9518777008
0.245116314692
0.168309986322
0.174627685741
0.180333759657
0.179503489989
0.107839120552
0.197394164894
15.9748521498
57.7934786857
0.280784586205
0.16741077104
0.180100764809
32.9089396206
34.5196911832
37.8187519255
40.8887768002
42.6890907681
42.436765311
43.7149761544
45.6236193998
0.0785505827281
0.0660736647426
37.611742137
0.108278814538
7.37816110421
0.0803120760858
0.0886563345698
0.0842424767829
0.107278278911
0.0933190926024
8.4003483288
0.218970834893
0.210595612895
7.78817599321
0.113957071563
0.12974980928
0.145632407548
8.22734198137
0.125711817422
0.185041820804
0.165966310857
0.0919864577144
0.086727696003
0.0823395649782
0.0535054840149
0.0469018256508
0.027612579772
0.0402168853761
0.0386541925602
0.0352523297401
0.0349686439046
0.0384160446107
7.45317747613
14.1862316918
7.16442605399
0.0219623639252
0.0218532290701
0.0214635422401
0.0286622417506
0.0355859088576
0.0343870306875
0.0153767480182
0.0205345692627
0.020441003492
0.0145557121387
0.0247238374444
0.0192427762456
0.0190133954424
0.0186877102236
0.0183207315738
0.0179953120359
0.00814977920915
0.00846538120876
0.0158371110835
0.0135909615118
0.00775472597427
7.42245375977
