0.0
0.0
42.3476731936
643.526521546
1547.81624628
2704.46859987
528.277619606
532.416920639
364.234875335
1768.7730423
48.8479899529
79.4375713285
124.706146324
87.1696225167
134.523198822
0.51053051056
220.089089806
0.877182933081
1.24994024806
1.464014326
0.877494115061
0.945826394829
1.08435128666
60.4736162947
0.880876683527
0.85113130329
79.9626603985
0.776410080514
78.9498896299
442.23469641
301.665958237
0.66470450888
57.5349449377
457.461376073
0.488668541644
0.442496797754
161.149700073
44.2818471766
0.468968417176
380.651799135
220.730813278
305.757096853
203.133886487
85.3789319966
0.597631492691
185.905338291
247.967419815
314.706630493
211.72505403
0.830423983599
257.6277799
360.114207033
299.452563213
1.02427650718
344.606287216
134.266451222
1.50868636281
60.9139473315
62.9675172628
61.4848485738
57.3275184985
163.07724551
182.783515591
219.336497743
47.9988086803
247.65227696
83.1661353785
217.800117812
241.503937345
249.206695214
245.835137421
318.515992397
278.274583196
91.1605330073
346.036938283
293.953241214
180.458303982
236.688342698
214.573344369
139.751136602
179.420957533
58.1997146866
71.7287647146
243.139749754
189.053967504
195.523446005
162.55287153
89.1342486966
174.440624546
0.540232619605
168.860341359
160.473223608
0.454508071683
0.501700235204
41.7380297068
231.369464298
48.1123264046
1.24759348379
1.04385647692
136.71199944
0.932899784716
43.4058435237
50.3446903162
1.11067694669
1.234298909
138.80219687
52.5511578216
0.897247950892
0.807175697325
40.0738830257
124.307572442
152.112359695
47.514533546
0.846744961929
47.5098578393
0.989779472586
46.2571560779
0.938835595536
0.925252565
46.0330751175
44.7089809361
44.4765904706
74.4215675946
40.1014970416
0.484263279827
52.960827064
0.537692282807
236.4450141
66.1623087171
54.604366459
50.5436146899
219.478963351
0.720772792632
0.542021435347
0.865917772826
0.883857447098
47.0400570971
1.21589920622
63.7589053135
83.3037858368
77.7232030835
85.3792487213
1.46057116053
1.27073611614
1.12634049347
64.2654130915
0.848886113041
82.4248962061
0.463106157708
85.6515997005
134.373579736
50.8672369104
149.632821172
189.335463327
200.146418733
180.700959277
220.282238704
297.261915063
235.775380738
344.321426496
470.444813525
475.620555342
451.105373843
503.920302529
393.354795921
54.2410791886
845.446005115
339.735181156
60.9879851562
78.1847389921
180.086130087
120.632171941
211.956058424
171.474660004
183.431625529
180.822260138
211.72565013
196.135552694
224.21648807
1.41663509579
1.66954066517
298.383967358
0.877074834618
283.703814839
1.01984195196
285.338778425
107.559857196
460.570301225
53.4970523088
1.00767601761
533.717857337
45.0643430395
317.352720354
282.00017991
364.251576788
531.135998554
499.637845355
2.24054910406
759.189760543
52.6859790284
2.42540277183
57.3419192153
1.64551104187
134.456318689
0.902077360103
0.876624633287
0.837060061403
227.111581737
188.988681279
1164.66910552
1.14715924195
1060.89317577
993.534220542
175.717754511
73.4052533966
1139.2045348
46.7809437594
62.4857029198
1.57975389461
834.614731456
51.8731703998
1.68827818871
261.736014066
590.575495712
1.33372266296
510.209052756
1.52995013615
43.1188358455
1.67122829373
43.2867650821
897.692524621
1.07230134921
48.1090777636
529.40171032
504.112598657
861.211764596
1.48345996351
413.503527638
463.793624896
47.2855126056
654.096922759
1.15492115597
1.23657105991
54.939134569
0.988054726421
144.350538689
1.23857609317
1.32931622475
1.20837709138
197.335146673
91.0895883645
178.058016133
40.834954335
1.69936567324
1.44275988091
1.35865442375
1.55288058014
188.358117448
239.963860764
168.982632505
157.765572887
172.144268156
119.181029845
123.991873304
40.9806382769
0.828368918353
60.4014109752
76.3641277938
119.141336037
1.59831737899
1.62818733983
1.67714929373
41.3401519007
44.0902041988
102.177365244
166.803781169
49.9747319322
54.4202493429
116.815899139
1.32155018052
1.13247331211
283.416332612
199.715647479
42.4503083217
1.09676626398
81.5082859072
156.403826131
108.872249194
159.805136887
206.939533833
101.08997577
73.9043453462
152.848081191
164.276537999
83.2693774489
81.8493969509
173.231118654
168.397806436
78.3390021971
0.178439511064
145.213934683
171.207323469
95.2448594922
104.50489817
180.799514185
172.473626837
99.4807127112
86.2615801364
80.3895445474
78.3670560088
76.5923205825
60.9190582143
65.9237263292
120.16102809
69.0757531061
65.1935274169
64.4019611074
0.036473976769
0.0389731043293
0.0442984791454
0.0966211560058
0.0673945136281
44.8933135911
272.391906267
167.007120653
120.513352546
0.402564504004
0.344267967437
0.278055098104
442.973771958
661.264308075
451.08088941
445.830957709
411.070028514
323.449078745
325.36036822
322.059354632
205.146941467
208.499952148
259.81829724
186.089477321
191.269758626
207.499652249
565.053687129
130.716986935
81.9860311052
59.4892686216
0.461033085068
1020.33467898
753.138100584
725.531906805
411.194307372
118.113682464
0.392497868688
490.520228562
82.0356657959
40.7983664474
128.552728643
440.165314994
105.034822763
196.929842234
144.03782643
278.310588648
0.685698111408
0.754833505748
0.804992123471
0.814436998887
0.682025738767
311.950257851
282.231151579
260.043711052
393.503414843
45.2783550045
347.570152608
302.690780492
267.728564184
277.852074653
289.163369979
291.290186948
0.30183524875
43.972736408
223.496195725
183.856285061
224.414513872
214.182758163
226.530528675
954.280872673
0.383341375143
658.755347295
51.5123424231
65.5533853292
44.8924902857
163.661368914
184.898271449
53.7363433501
0.180396824847
51.6509501071
405.487127951
304.917702693
260.063354771
53.1071275029
176.243964448
0.243828586146
0.365501824155
0.544378189715
0.669526630877
68.3519525655
0.424596808765
0.656821965888
0.7488732064
1.20048372872
326.499111831
322.285186509
303.238213506
298.132765042
297.944573632
285.346870461
281.130486709
279.259578034
271.815800282
255.414836339
227.552976052
229.833354098
225.47261078
0.308232609441
209.616746801
206.476057921
0.476498100338
0.50995808325
112.085328809
0.610064818087
0.61362005406
0.613042194724
0.528094712438
0.605381087569
146.791052947
0.260046652215
0.31776908135
0.30908936978
44.0956999913
47.2620376732
172.300941637
175.623241866
176.110662095
159.765874594
159.66561263
149.095016706
141.975060105
136.390139723
128.920305088
123.660587542
40.5939822401
1.00908926705
0.300981620939
0.194418080588
0.267520293315
0.216751381016
0.196647827881
0.197387775472
0.18323388842
0.160871625861
0.14899544811
40.5417612475
0.118188084813
0.106403697022
0.164406140185
0.170313199101
0.204105300396
0.141106588455
0.105677809224
40.2339780821
101.848969873
241.643212177
280.907497041
249.130364314
207.295918664
213.075584226
0.19500269252
45.0058651014
1959.72561861
208.418738742
0.643945874909
0.458024499806
383.609341892
1830.19015534
71.3375405443
50.8861655297
45.4841431031
41.6303294771
44.8942154791
0.850702274282
282.03549544
351.533832045
313.752288692
439.477610512
79.478378902
359.022063792
48.3072520884
0.657669780788
355.121720164
329.004163126
188.885272378
447.923615478
49.8299136815
484.82844393
402.758321473
285.950349199
71.2674950468
123.353920238
0.217687791746
132.951490471
53.1458684076
253.006736783
200.750980209
176.100072209
0.506929875606
0.545975331098
0.563151380363
72.4092456211
0.721423797818
0.615267485727
0.770498336593
0.842304845681
0.780894446913
0.577182096936
0.713823523276
184.37828598
87.4548755535
43.7020617278
50.0497226581
0.694682092504
0.905839955167
109.236424808
0.734021515538
97.3824722945
54.6818322852
42.3979625379
0.574661130766
0.582956042876
0.591848724342
55.6688127681
100.631212798
124.701586268
509.65931777
47.8753736169
621.737727132
673.419528956
518.70224098
174.70861986
45.7307532305
40.3328045412
0.314811150111
74.1055825444
0.0978725350563
322.677452202
46.021997054
47.3878345015
407.316761096
459.546696247
44.3772912216
0.648154344367
89.0587792722
181.627362503
42.5785513808
0.717998817653
0.599218379343
67.5072425803
64.2749691453
394.337573694
383.341153614
368.027817833
360.604036313
368.316335678
366.727415445
361.842551919
356.793940909
345.71142063
85.5151895408
0.56676038812
0.525537168276
54.3771518069
0.219588244376
1029.03999763
71.4342883854
49.6475311832
0.551072439005
143.580551064
161.893523269
144.272797479
137.875354228
155.620440408
155.087186731
155.402735718
163.324581696
164.164832887
137.416790086
157.124042748
159.422562831
152.745390842
155.591067544
154.264482675
145.744966933
142.701854185
138.172908776
124.390957904
123.287873937
79.2640390033
116.778518326
0.257916500636
0.251889926266
0.245136997814
0.246511391583
0.251522392817
0.253222350686
0.249834999495
0.23982125249
0.240329542311
0.244656398786
0.225693599947
0.216452005206
0.209420220708
0.204731943798
0.200643086799
0.196158360071
0.188161188157
0.19885132081
0.227121540307
42.0669919299
175.422603554
228.743256152
0.240743326799
58.240538258
154.589823155
0.237226363777
0.176924405865
41.5388037635
335.108118545
62.6280099479
352.52863183
427.162258633
241.402605974
167.425908196
50.2410391005
204.870445119
170.387089841
90.8568280806
247.952593587
70.8167986512
144.394758719
66.9537779379
545.051823488
1.09132646956
175.605030707
66.8140856421
40.6071003234
99.2542585063
153.464653466
119.295819674
91.298153745
53.2027606948
1.04025577005
141.80795664
520.82836779
579.497896817
134.087316487
48.8328322863
233.741484439
0.429390975425
0.284769699681
0.231216604943
0.52821303042
0.770894704751
66.6691060153
41.4985114352
0.733065892169
0.732492455192
143.198973209
121.948946626
200.255856563
91.5145690585
58.7947121389
46.6509081552
504.115995706
1.4384892245
219.070720998
235.746655555
214.929589317
216.814704406
221.706321147
227.855067608
245.820434883
234.607127609
195.353140054
47.8070126596
40.6688217001
44.467089081
215.21118497
137.677599477
68.5918517475
0.903768238464
0.788545625021
253.343269844
294.514816806
320.092345965
332.81922036
257.057538799
0.528166959177
70.7490911142
224.127928999
283.263882743
49.8391893853
199.055138873
0.39411977025
0.602084976717
0.773641688754
72.1957613988
336.156466159
277.671678231
163.726081137
0.976462823012
43.8736501486
325.404557075
137.775259089
101.881931283
86.1208491888
66.6495465158
62.1500955467
61.1148004382
93.1442914133
46.9138120672
130.261769106
547.019354668
523.468295003
407.782074531
0.75466647794
616.465487361
1513.8154585
1007.52426905
843.925709462
145.865085432
80.5823596397
50.9789841271
0.600673633672
60.9523543179
237.057771291
0.31749314215
96.1777949128
63.2858931882
41.4161611046
65.2748311092
0.539333255785
0.712108974796
52.5303658786
42.4312222743
549.643178658
405.28209418
365.245360394
258.552278209
313.692458464
212.028637833
127.347905986
47.9749727386
1.12923873326
40.3296408512
1.10145955869
1.25965538193
1.2283186372
1.19402503091
407.566756023
162.934553274
198.681259623
169.164376426
151.054308369
87.4017034308
71.1386325308
0.623200661329
328.724574056
306.645344435
282.253578277
0.407183026798
0.57091985743
0.532115623556
184.046287005
201.745231917
195.695647952
166.964319321
141.853787651
43.4256702963
0.321470676308
0.397559910667
0.483685458156
85.2754806109
83.2268842533
0.992950437536
1.18274084369
501.050616096
461.039656204
41.8562281768
103.992148115
51.7481496562
58.3022358336
2.0574068257
249.314299744
46.0479055059
146.965957155
145.783360962
2.07279380545
2.07338519283
2.05014948244
1.78226936367
67.4840989902
1.44961293619
88.6564374922
0.914371705203
144.278422034
92.9604270697
134.887725922
0.592480662471
0.526155230186
227.641666068
129.661756979
74.2482713006
149.351963365
185.385741576
140.058558571
0.257706993348
0.604316583706
99.0660631348
97.1039649191
99.3473147719
101.965783615
144.101341466
109.709817909
151.284673805
105.914800062
96.0320373752
92.3152964234
85.5393361126
76.4859262763
77.3655777212
70.5043454902
67.7405654572
60.5189791778
0.566529198674
0.48125798702
0.752527915558
0.730037546972
60.864339673
154.915689916
186.147473966
0.795550289835
40.3778098193
0.453731992157
122.582178683
75.2160756022
70.0627397123
45.8159013446
699.579824875
653.037090905
648.745927106
664.881982261
459.13950155
61.4063641131
44.8173586609
62.4974616489
41.2077799593
407.573652345
177.986378215
0.602610585239
143.521782159
0.37671831568
40.4243749497
62.987198097
101.543420037
134.179131299
0.211699878999
166.130166629
50.8531196629
141.595579543
68.0763488575
42.5978749452
0.294263836251
56.7626411131
0.29182744956
71.6341010972
136.631772153
171.955454048
215.839702947
192.845817604
181.278852581
91.0560816074
289.55021103
375.633765935
484.882007525
176.077928043
117.210719828
253.297959922
352.070408871
0.0875250733405
898.622328206
0.086732449889
0.0819722831876
0.0386107479885
75.1335959323
0.0297826349128
0.0312852113023
165.903951696
135.686023263
109.702361166
49.8325232036
0.0
0.0
0.0
0.0
0.0
0.0
0.0
59.8384325914
60.227986847
0.0
0.0
0.0
0.0
0.0
0.0
0.0
0.0
0.0
0.0
0.0
0.0
0.0
0.0
0.0
0.0
0.0
0.0
0.0
0.0
0.0
0.0
0.0
0.0
0.0
0.0
0.0
0.0
0.0
0.0
898.674060583
0.0
0.0
0.0
398.501086344
48.9624411333
237.276560678
225.246653141
207.998194897
167.999164039
39.9449762834
157.701182401
0.0
130.373710729
164.92190026
84.8518108037
201.215251702
0.0
186.544029711
163.170153818
0.0
0.02389346187
52.3528223472
48.5358607008
729.046428901
44.4530822353
0.164292000914
48.9755133309
0.0555427898646
105.886187289
313.453845085
183.652349617
151.368264716
447.774758632
387.13329969
47.2003592264
0.266644100296
160.1019243
64.8843392375
40.7554193001
277.511937507
301.52434497
365.37827972
348.679078598
325.853650511
248.891227673
224.933030486
205.845138798
136.446449261
0.128435065146
70.960335127
723.031489563
0.0982874132345
0.102589415031
59.448236691
0.0862003383193
433.488494826
414.285299716
403.36207432
350.24476565
358.850654809
0.162732098939
0.0974102658459
0.134407806603
144.519321743
102.674454967
191.071132615
159.388388328
247.957026247
225.604463704
198.699831646
185.648353108
163.678946561
143.999221045
138.414734818
382.532126151
217.678290293
436.330129123
56.6046541837
102.486379288
0.324065681164
46.7899107966
0.127565432917
400.983422767
0.346522756319
0.271542422561
162.162848242
163.614561042
84.0393582811
206.167178862
109.671613761
142.699256004
62.2656267924
285.648743023
0.199441136187
189.3325159
302.682897934
380.485070784
54.7612408807
141.753308013
159.367565833
175.428664778
139.941262038
0.214466754132
397.864580791
53.6861102896
56.8127912145
49.9660898482
0.281547562502
82.7135084274
61.2503825543
222.77701494
0.281158806721
0.362643227303
138.961643948
0.259763844829
71.1210275306
0.314665104363
819.442150351
656.261041854
0.198078266156
364.330767763
573.01100556
156.286996318
122.80626137
49.1702832499
45.1268089609
55.7016344943
0.179729787311
77.0731646796
41.2242050575
68.9957457136
70.6387371655
83.0048917051
40.9648375032
59.8458795873
45.5211520199
0.0575892273992
140.811983941
0.0638601945302
64.5102547489
44.4720185706
42.5985789673
0.060436559292
140.47898657
152.372559498
61.9485623874
273.575853855
412.368476449
419.60469638
365.341997736
324.974433207
414.21511958
591.498994686
740.762749714
441.962473861
0.196443990109
0.207503954339
39.9956536921
466.586633607
429.311320726
365.29680053
292.028589991
210.865594584
0.409047747647
0.498387160626
0.371993796583
0.417889705928
0.365829276793
286.897632785
286.936075103
157.343320329
0.285108805366
40.5164404947
47.148477321
284.876779129
48.6779999683
0.559646197316
382.997540157
104.212627226
0.345182001552
0.288999692701
62.7702167522
40.7628774319
1.12664638492
0.289106654018
155.860207212
67.1602100809
66.4810836314
54.1826840342
0.163439637673
0.372632095314
61.599473355
119.3350575
61.8070896378
49.0472749153
846.88952114
74.6476746817
46.6625874294
40.4337859409
0.3703010078
0.249329285283
65.1324796829
0.134324346092
0.100978347273
0.16925859912
172.49403666
0.243181899857
164.979648639
56.9329268086
43.5767011595
140.366312292
210.314214945
0.116484901864
322.921701124
46.4282705183
0.0989187441581
0.126154383357
0.148365166585
0.141187522157
0.261706621988
54.4394565836
507.037684641
0.243631146526
0.182688907856
40.6729831037
0.337324019358
0.466948613746
0.516586822863
0.499698486422
89.7773573316
176.492604182
167.203375161
77.5677693779
0.498144284475
1218.57982647
548.772830341
183.164083399
305.807588859
201.910966547
88.3516198347
43.2002583006
51.6201566216
1.04783460317
0.894235767917
1.22158741468
86.5428620801
62.9422053059
53.5953581759
1.01740125573
0.873613858066
0.747942040899
0.569938811073
0.365875104432
0.351904678328
153.791014544
783.409296116
0.482653651723
43.7071392038
228.461456858
0.413006427391
0.380208483033
0.361036243299
77.6147224551
135.344574313
179.291457908
205.333596753
165.290641285
185.710022971
210.000695868
188.295377154
181.151987325
166.974610664
185.465104405
237.427132754
281.597522315
135.614290808
510.841589019
215.543174655
0.754649345094
40.3047764275
194.728151767
207.624613946
182.611768627
115.166880022
0.457553391631
75.1938709278
301.94578072
172.755549717
195.860286658
154.053208161
0.325854348899
0.329292216508
89.1761013984
139.95796194
165.444468751
44.9043012224
41.6619868874
61.0174585893
54.7675139698
154.33611513
178.662174452
0.276284083745
0.428074422831
73.6620293514
68.5743947156
188.601417853
83.2280362472
45.2998930472
0.485947995158
45.1021294424
672.50729732
129.401801317
79.0879603749
0.563088855365
49.179618316
206.684946525
46.4589402533
576.463637551
61.5531047841
142.220768929
72.0471112623
99.0119517702
408.16322278
0.959421962602
1.0035530136
332.77406453
160.118519753
49.912748884
207.685884764
93.9792746818
0.690433762184
0.718069483354
739.464716616
127.48303828
230.623652415
244.113567854
228.056676557
203.219701871
161.891711625
1.04552730181
140.178919424
138.041699321
41.8072291168
88.7044068598
1339.84784618
860.647703398
470.295625231
140.46669554
0.426728118705
0.389493484478
0.218511491489
0.155088888177
118.373484804
0.734261438988
200.843019462
103.865624073
0.386195996544
124.111281551
1159.1858637
1027.86611071
1011.6817463
456.115563771
0.416568335697
0.505944054896
148.735500317
891.236088467
125.356245064
122.482385808
230.272605798
281.858124693
190.699680098
365.368218779
240.611697681
135.387052703
140.237262737
0.746348896433
254.94553396
0.531368355849
311.761995485
211.402785538
289.756404547
312.266429487
0.558565658883
359.69332529
0.729292519595
0.776026150659
160.8637708
476.639330887
159.540704134
0.780810348713
0.49100362633
136.64275606
345.172725258
0.559218313754
75.7647214141
0.503052690698
125.733531598
292.260341244
248.068171075
0.489218612046
353.596991647
346.903503637
310.55457191
396.620308425
500.218561552
410.299675798
127.094692777
112.396137321
0.510512790552
128.282047849
0.460578092395
77.4540403259
0.422650158129
0.407858933289
128.771794638
407.126988917
246.823604787
230.650187497
390.621649471
406.258161517
0.302931534956
362.491834228
0.48392011503
0.500791790972
713.815179434
155.030038836
0.473819000823
1052.04438108
103.958116743
357.60114139
1295.24388411
381.822718922
0.432300711017
0.39056289045
0.288136635145
0.345587368945
0.320847610615
91.4100988313
1010.37250435
1450.10346165
0.738427081797
1713.35557317
1580.14772119
84.3638128868
120.469126245
309.270448927
81.6202578907
584.837288072
2517.19296439
2196.73962412
1543.56400169
189.168510089
192.59923008
0.437853818479
76.6998023544
280.066263702
179.901589734
74.9741113232
1451.9287606
94.1169607883
2154.93100624
0.540716016703
2205.01892594
901.697042353
1209.72700195
71.7324409827
261.329391134
0.442904246031
0.588042482181
0.404779773515
119.923096287
72.910069078
91.2395804759
105.168253112
4388.40928985
2732.42031186
0.253908056914
1696.47406542
1725.29013082
1237.79548186
1858.80694636
1504.75355573
616.864784862
337.382452323
139.453607846
98.5586075912
0.318989548163
113.153805678
0.259006969223
102.244025477
73.9268252893
235.545830417
0.269149011064
95.7416357395
98.317367838
0.250940248688
0.22587407283
0.217541987043
0.398315636379
0.364821769548
0.518104023462
0.647483220233
297.341611708
0.455850389345
0.226233343004
0.421921420914
80.5976785821
0.506344212878
0.512065643003
1454.03364973
855.269318295
1415.00043684
0.569908037087
0.375764112356
111.318675188
98.8365348801
0.396408685694
370.85462204
425.082452307
471.733905724
420.836995122
352.895765367
95.8044539364
674.392885271
84.6215711168
87.6654285132
308.720882745
0.812000045613
215.604774994
0.97843708213
130.771773896
118.168384876
166.766645402
148.558087912
0.509392672844
99.1185916072
0.390893612891
0.310270662108
83.3301221135
130.557115485
170.252398343
118.927386644
0.164510778755
0.161769044396
0.279728590938
0.245196522335
81.8313680901
898.084774433
871.616591549
0.260570695531
0.24265046227
676.22083241
639.600827623
0.201752212235
606.760840529
455.608208601
293.216832216
171.984708066
387.300156908
555.549279326
618.24511489
519.285873585
383.697561262
0.134523015486
676.433902706
73.3233482356
119.041072948
0.262114988026
1947.04430768
1368.75060872
1375.90378838
1162.93581749
845.889532863
0.35496905238
325.060732894
263.1085864
115.167322359
271.905070513
0.684108345847
0.802314411931
316.865138588
171.959603608
0.314364023794
591.261580979
212.015035833
0.927416243429
0.95852003726
0.686431847109
0.778014960043
97.0147649177
0.764209581385
0.77861369722
0.901268014275
77.2429372222
0.664455974346
76.3417370348
89.8267966433
92.7833057365
84.7955988725
301.080954148
490.106280877
516.067572496
384.047872631
464.19680937
925.169687242
1.07447293096
457.432150656
176.064574321
331.501912966
292.651332317
87.7124527799
507.527125754
350.119872713
359.213667247
170.787286519
87.7583433147
74.5447689539
78.6486089182
100.433181798
344.394777927
280.888777929
412.092826766
102.692080929
128.312792089
86.2276606804
88.114939574
0.0265086611431
154.63927239
284.262807723
0.257131378252
315.346177218
322.429489562
270.440032871
126.355109538
0.00627194452396
0.0
0.0
0.0
0.0
0.0
0.0
0.0
0.0
0.0
0.0
0.0
0.0
2873.54123685
3312.11751984
0.0
978.332389292
464.989772004
1279.99497827
1533.42391764
966.897047498
1418.06452089
630.737124574
3648.40529975
2720.927889
433.130645327
0.495905655782
203.979591139
721.699174925
2223.78084812
3281.15653972
3679.85649867
700.075342581
1.51442221717
1.18583545078
148.715493567
152.63069394
1.91719728742
114.001944616
3.85098808764
139.319933126
4.3653725837
5.47194657915
2.53792387251
83.5045245733
2.31125663189
2.36903356832
1.87248252627
1.77042790568
123.911477505
218.433436097
4.72135084597
5.33434656974
74.4357542553
4.67459561708
85.1388837805
2.25929970533
1.73659719411
2.45130057144
73.3430124118
1.5556407225
1.87245572467
245.036919198
258.068845535
138.228845355
2.23870528211
2.27250516865
89.7199133466
2.89165789452
3.63467252968
5801.40778466
4115.14403477
190.88211816
4385.57515697
3337.60394853
1.65528964005
224.127547667
4882.19587973
2021.5478032
1.47665256304
1.56509476939
426.957639277
835.84589637
1.04927115927
1846.55159865
1994.64938663
263.7138116
1.1311262792
1305.53417498
74.5858310364
133.479737466
129.54108769
2247.67781165
0.679241664126
178.958356689
280.185117825
564.489393314
1532.18120181
2083.23274802
1749.08240994
485.135209657
698.201670545
2822.5740836
2086.98680766
867.911199465
1.25594816476
1.55547932559
730.380853454
710.833848123
1.61138931275
1413.43074802
76.6010913319
2.38104384046
1.82179331462
161.596613511
2.08429094767
2.04832133103
1.63799765661
1.44037427842
1271.21779443
1135.64175016
112.501065806
1.52644866799
235.630854013
212.35127292
1892.47180043
107.181928928
194.405104577
106.507604821
212.799568707
1.55536028306
141.247355453
134.621085493
1.65377390186
92.8654802786
276.853966831
0.360961901728
168.926858544
72.0636252139
672.059319024
301.572488561
522.819646621
1.24438511159
5224.81289358
5636.21723948
93.7847404364
1.55580226004
1.58854308777
1.64105285761
1.71998646051
1.81840935098
1.91386692726
2.05132931959
3.14665576822
2.77004614194
4831.99483772
1.87785846338
1.71577499461
1641.76124203
1068.56065382
786.250208002
0.547348526746
1361.36082496
0.562296834907
0.620989855672
764.254651332
1583.31817193
1694.52456169
2015.76629692
0.921787663944
1349.01910579
2147.48846208
1059.36926909
1858.22591363
1357.55832683
1.05148069082
1201.62492307
1519.47108187
1806.82969303
624.376921016
1222.98502352
1478.76365792
74.2724072827
118.6621782
443.25262543
1.06056496487
348.760866612
372.726281775
347.726497823
213.112709837
107.892487842
404.276203199
306.88465675
408.453957655
734.533647002
1455.72289773
811.822405816
116.563738021
0.885280178724
541.450130963
0.881554661662
77.4870059886
256.160266294
440.223207311
512.98543316
715.72602684
309.883341351
1.4749901563
85.7636601944
1.94878982703
482.876519963
383.994644676
87.280908673
491.66938969
297.37725424
1.45907614449
132.374066606
1.41051665735
78.0586672378
136.742120667
1.87260259647
1.10742906291
350.462917321
440.432923976
945.722842983
341.640293137
2.96734250386
253.584763911
88.0989399388
154.322148195
391.074777307
469.498555895
372.97537424
1.84928975119
2.59865111011
96.9609704777
226.882795456
134.764256814
4.12952318875
4.52336907947
494.326194483
280.698263227
166.17383986
2.27086986512
628.850713537
703.145903903
211.158564237
141.43740974
1.19857356403
308.509297203
89.2190301864
80.0268910431
71.8848229304
0.698776266071
103.120345482
114.825466808
1.32847546484
1.38608445814
1.63026416135
1.92844768223
1.86694313055
2.0065206485
1131.22728068
2.14202580202
2.29851930513
158.448641631
425.733123185
116.752896158
2.38701090823
1.92425054913
324.195463756
111.632195937
201.330820239
155.075584275
109.397171599
121.868553821
113.563089502
128.772964103
0.643200793069
0.784093067471
477.383414869
1.0221379736
85.3203057171
306.670619004
1568.67173048
1715.56367575
0.60696346346
119.414481126
1.58310443781
94.1584933094
2480.11216572
83.838469881
1.39601288531
236.987541502
188.448591368
183.927969632
167.721359241
2.11146007306
247.693305211
110.738380286
5540.11470157
538.864086874
4247.3097948
6679.43009577
131.012286477
2.16639646979
2.05836054973
2.48546346824
2.28811545197
2.31434990239
2.06648903009
100.23851441
2.13406410456
2.02350716677
2.22433258816
2.18406511653
2.27954658818
1.9563736524
2.03188468325
3.21399884246
406.902125232
4.21338464934
533.255559053
100.598468171
574.162746989
1.66979144497
1.48697175066
1024.58356403
1250.49071928
613.590658801
1.23464816222
176.880715665
546.072900051
1361.40001408
1016.24081986
103.226463901
850.44778968
3330.10850721
2799.52634117
1105.81021132
100.33920151
3.73234291825
202.69863049
1883.2841467
4345.64000231
1613.10587806
332.316919286
3.83440737852
3.60854710718
1494.14385218
4.13226650916
94.3784094479
4.5355501255
3.59415227886
2.7557434561
433.101563294
3.41222814824
3.28095533136
2.68699705319
401.82535235
215.703913133
2.50597958374
110.838105259
1.91231888098
1.94545793027
98.9595785596
1.70053780507
139.786930559
576.591023608
245.090670099
2.10453092318
4859.47766715
91.1550370937
3119.18545538
780.115130062
1.60032538966
1.47522936244
1.45979037398
1.41245079677
1.23738251046
1.35971197845
0.995877781601
4360.65582666
5247.53492371
2.06306534916
3377.38072545
5842.82420088
3562.32953654
2660.32761065
4430.49415202
5407.76735744
4684.72133149
648.834016411
441.295251351
408.639758902
1.32092226612
1.77006274049
1.42912355048
194.364155635
1.22137277013
0.958029139183
0.881433578076
1520.11884326
1734.46360511
1282.91953473
1206.88312455
1.09480119387
1932.29268834
107.279104999
588.154350722
508.772435002
1089.41716303
0.750490282771
300.366900877
824.868798464
2469.42293922
2251.70213365
1344.95107346
99.6942783201
0.765464397492
707.783548515
735.588196724
1186.22780611
1421.81258256
184.435129711
0.912928783541
0.878027729089
3799.25371175
1.12517986213
1.08537982976
101.867987323
1.24332198106
1.16007113907
1572.85505033
105.243080088
77.0446845656
0.617059694829
0.654387283343
305.992357581
1.18144001833
141.002398038
174.532154639
106.211148072
78.2564691903
2.03312689935
78.681932924
4351.58569373
0.60620273165
0.750132413569
419.738539706
2521.73572521
2814.26315705
0.207434350232
2443.67385543
1931.0298328
755.503671898
381.053547209
108.617528725
0.158376726019
2675.42355593
0.161848713668
0.174227071633
0.886317608241
5387.97608618
0.935100004887
5718.62259737
5784.75719018
7150.75827171
0.951135151194
5348.68225708
6144.98188248
5825.56262065
76.4845161144
88.4416200687
1629.53548379
1163.51943821
389.702113563
2571.21637016
0.457069877373
86.9982975656
127.566452627
73.2763406955
0.765501256239
925.285970536
0.935647826658
2880.07332175
2540.51455014
0.706560514119
3199.93235247
2793.87875761
118.19059247
2469.9097876
791.87401685
1248.96863834
1612.60575919
658.398264715
340.529224327
239.683845242
1.45326166297
1.28760983594
123.002445774
117.504752048
1.75708934687
406.087790768
127.810151327
160.756092433
85.4310018948
620.342840146
529.911999077
271.549723151
264.649991695
0.953210222197
125.070939696
1118.10036841
95.0178788556
427.01292848
125.6770674
619.356198985
142.390398143
1.42734408421
122.937044883
74.9365687018
161.28446535
712.170548209
771.644106172
717.700247428
1.12499233585
814.237206098
181.360502043
246.250436881
280.685590318
1.8036362667
125.522124185
2.16681657796
2.33923857474
1.4761836315
1.64436225281
562.202421069
390.792949872
148.171009261
818.811017168
129.128423692
126.894688308
118.552216765
80.350760078
2.4357945954
2.29832627777
779.188063389
217.628085251
3.28267220445
3.08467592783
107.251675892
284.778494654
383.590521914
1.85917722166
265.572278402
1.45881715832
79.1111621978
139.642484178
2.34953216661
106.363460312
113.894465108
701.493044114
301.510891718
498.855052638
432.477602964
667.877284103
426.477071353
246.041679994
543.793233388
328.466995179
135.812878063
287.941462211
135.193399075
0.367898448749
0.599744421854
73.9398976441
73.0550331975
122.831799135
110.026524386
73.6921081915
0.701191935207
109.641077928
0.801088619742
93.1947438326
203.415994521
101.59401951
111.863847168
92.1800726372
1.97622588924
2.01249121919
291.764325818
2.60135117401
244.679931274
337.21077738
233.704923527
568.737980601
271.899321767
283.741070151
2173.56342667
1.16011851645
1.48881593118
1.62182929803
2487.72628083
1.57055864184
570.727988535
1.04632922305
0.685989598108
136.75471229
1.00811725943
1.03378859189
1201.42696312
1486.97051737
120.152921328
1.38096740261
3478.70977285
4362.35689793
183.808898837
124.674447266
1.0609564622
0.76452847169
0.737382738203
0.542948115171
100.959040173
0.654982992952
0.872529426886
0.683752125944
0.556279327703
310.569499918
348.536004568
0.426281772384
422.944540965
432.869558686
399.334831621
363.127367094
125.392087606
114.508374717
255.139186849
112.820990956
148.328231935
82.4524802829
338.941547005
273.245318974
0.534120523561
0.549997870611
599.514243948
1162.27424996
1408.05021683
1618.41151884
1483.36547931
795.550454833
543.232475027
280.933000199
94.8688542532
983.067894853
0.319715207727
0.264773154179
293.539813093
90.3322962459
0.208562575137
0.258444941217
105.032209701
0.220424741248
0.180511501307
0.350426839451
0.188654727699
158.454219931
145.098050402
647.087666243
0.125932209789
0.10129860262
144.373655685
0.121960022839
303.289957843
1293.33409737
400.289983958
332.244997372
514.947254308
97.5523128201
96.6434796255
0.173477152963
91.3429649075
95.6105576737
0.162650884322
192.400342531
380.73955974
180.823267217
0.124727591759
238.548996398
88.6141022987
74.9273157911
0.161464526002
1298.79194363
707.667790582
0.235872767104
944.339211478
478.873047191
87.8509590687
506.236923842
0.297218591863
505.886109149
453.698628967
438.450338326
419.379144791
369.699315825
331.349294188
330.853483767
340.614056023
0.442103697631
0.449849034857
403.768905381
377.637891472
86.413074459
0.564066631694
99.9689350228
0.498443675184
0.552883891256
495.145627768
214.205486504
553.56883822
384.493424686
72.6083161016
73.433434683
202.802693615
454.039743205
683.412111571
454.855382439
152.079019959
77.2725202611
0.141850845386
0.133593274857
0.202187926741
247.903909392
260.576133848
245.400363557
138.371189578
0.548175396688
0.463419294456
0.588775695615
76.9310281371
0.865504794566
127.849856987
189.28900344
385.458858052
410.179454345
415.10870477
391.732997646
311.381276483
290.214819975
171.315969143
147.890904879
150.126250637
171.98218922
185.662880859
196.865509967
197.163357726
349.013563416
315.322902917
231.814865001
0.830710391566
0.818185689003
1270.43262765
739.012747616
0.816749820667
0.618176274841
163.627361489
169.224706685
148.084841645
0.457588187768
0.386810105679
0.239220566509
0.263373267972
0.228917388196
102.109750444
0.13841677676
0.145824465435
0.179044709608
0.107935944182
0.0437611755027
0.024936754462
0.108525346021
141.692040604
249.666000673
287.534319132
0.00595044334348
0.00743177313005
222.268324398
0.0202046842405
0.0
0.0
0.0
0.0
0.0
0.0
0.0
0.0
0.0
0.0
0.0
0.0
0.0
151.151136189
171.751886549
129.285045598
119.11797374
128.346303402
0.0
0.0
0.0
0.0
1305.36229894
0.125579149834
719.727457969
731.376841726
666.40626432
2050.53373499
0.0702051851191
0.0440552866077
0.05771725019
0.0694094352947
0.0913418596691
940.750612625
686.092645083
97.8306309285
0.048747853927
0.0336750445752
0.0246512198889
0.0187307009015
0.0116542547752
0.0123172352716
153.95669788
72.5036881165
510.324124551
0.0245582302402
493.793382744
379.546669041
267.16572483
510.132051852
633.268930216
698.128927961
879.138381985
1442.27334127
345.440846346
266.243552444
136.438383801
0.0260273620848
102.485147389
96.6515256913
187.326347261
72.0760321403
0.0
0.0
0.0
0.0
0.0
0.0
0.0
0.0
0.0
0.0
0.0
0.0
0.0
0.0
0.0
0.0
796.329261291
0.0
1090.50356849
1313.30443224
120.353396763
153.614269394
0.0167062618427
224.049962873
232.172715909
246.85053099
0.0202387832402
0.0159506016155
0.0254645859019
0.0339342927246
0.0691589451279
298.564470689
0.0300359638885
166.929368697
0.112366001629
0.126979305799
0.0756555812714
0.0272563748175
755.334433166
0.112655859005
0.0536396864449
124.567871022
0.0410260997998
0.0825810507183
0.0862451543775
0.077526322334
0.0761076596978
0.0693724319211
0.0565593245178
0.0830291163835
442.600485795
425.763312515
393.55581106
354.2027724
408.317673994
404.109676286
377.741685727
368.527802592
0.0559730387906
119.486618385
0.0864040185483
189.669498634
510.346053673
72.2635415479
126.940914448
0.211701601553
293.980484606
491.14343455
606.523670302
589.185768652
787.401846878
493.567448806
0.170502072465
0.153781668916
617.680109887
525.044724212
420.609104949
356.420056431
97.3573730913
339.178722042
0.0571061352979
123.855931133
0.0568973095732
86.6206696469
0.0929165033264
0.111490387508
0.0899247111102
0.105545625649
0.12728593901
0.124816628849
0.150883077428
0.153950588769
0.14488256064
0.162347505688
0.148252292252
0.115842026008
0.150122698231
0.139256209113
0.148739373217
0.148461219158
0.154401848019
0.147790998864
0.190678564682
0.195431233825
0.201782663217
0.208406846848
0.214028139783
0.216326333364
0.217191129567
0.206640844553
145.955894534
0.0692072341619
0.0361981200865
0.0623407838318
267.391622254
426.161967182
122.121450085
253.571249282
0.649630353428
0.51537924203
0.535990057733
76.1604238086
0.668673312231
162.575645878
354.941386974
292.649885225
0.66406133487
405.991306733
450.215805539
543.508733988
520.348530627
645.86801718
559.764222626
672.992514529
0.847664286188
445.462588237
179.02823334
300.707544215
0.667715181405
0.559078416846
0.471535506632
0.369564453852
339.831692511
345.942789368
381.737348963
300.955457684
0.302889942819
566.180094695
625.617703899
0.381151166809
1045.64631549
642.291172168
908.025794219
0.133839404408
0.0823902052922
0.266914515453
0.377953867817
1.80686859617
282.505511045
340.765092988
302.259056697
580.903192583
472.161939823
664.772110543
806.15159538
928.01169768
906.476819429
871.376461167
841.588842173
771.214139414
615.09532542
1287.28390408
216.053408742
2.02518521528
225.991992344
283.762678625
571.142656281
2.83955525559
596.917470608
200.066969703
1.80334154623
1.13192340267
1073.40021682
1049.14492264
1035.66111413
1173.05282165
724.391290053
2.29910692529
2.2686930713
380.56568913
542.637484922
845.967960689
1008.67546565
366.971182436
783.328409488
770.549055341
678.798386795
912.407935703
673.212940672
332.828407166
884.629657792
786.273373133
924.920080405
1098.64440537
1084.0481054
1161.51009599
1082.46003675
939.961550925
675.353309921
231.128465281
176.847304722
1.87004002901
228.434517883
4.26771722766
663.792862944
2.98936732304
3.05379069451
468.787117714
4.85328104015
341.932486874
4.98921028836
4.30466384399
361.656466331
612.771568529
526.045306158
2.57283060378
4.68832529503
230.130538754
770.384185882
403.564129948
221.31988147
4.79580733625
439.920827694
6.93990217017
12.6144697495
815.963803622
812.944177804
7.27816400318
565.489486088
5.06051562915
4.75920230343
232.103188259
4.64332042187
4.54741488862
4.82227087467
4.04115721947
238.670890306
5.24444209847
173.446025258
5.96635575147
189.031952433
5.23629251982
175.058432507
2.26573411514
2.82450024849
2.90945967147
235.773944874
2.22466168979
829.613831805
447.149235181
308.821283609
1082.88679981
244.709645431
230.057084464
1361.40953064
6.88020520058
3.97348040532
992.628504442
3.99009721505
488.983367871
3.9360079646
1.39612677447
2.40441534799
4.3363082549
3.73830225461
3.01671100997
1.97312564352
2.63281327394
2.82596875163
3.78246839085
178.336001313
511.173530241
4.24505312513
2.7293355954
2.21755029547
2.36362123772
4.86750029991
3.07368317848
576.273906439
2.51620227704
0.342919372633
0.348950116506
1422.76848462
1432.78469384
254.324862769
0.129795616883
0.0642015537393
0.280671936904
0.187286177051
0.36810024118
3.38055949663
3.17590756291
10.8761338985
658.345179857
962.449787786
1214.09880436
1263.07026237
1174.90475406
406.286832467
115.034521702
89.0655889467
17.7681925407
48.6540964746
12.9670495277
23.8823087175
825.897602212
798.518121416
801.405554326
855.945477509
864.901437911
583.325712369
548.563928784
214.112312663
1061.83517735
206.651723213
985.073660262
339.891899029
829.771742003
328.310957035
23.8351688042
221.562453664
19.7170393849
45.797528721
215.448115444
205.470429744
222.675099947
26.5910098746
48.634419675
62.3855029271
32.0173339526
2763.01782402
1835.84714499
557.640017131
265.327196128
38.2366566605
370.15796376
1022.72161572
354.493043693
30.1948119307
395.235393657
24.0113939116
428.409132604
55.9673020618
26.8556331469
29.8556572916
389.598652641
185.72887198
34.1388672253
1136.68230013
1060.78129773
1060.85540175
66.7142434257
856.032433605
1833.220698
32.6772196103
948.271353539
41.7425656445
238.428925086
10.9956869871
371.746330167
382.527528678
560.209948355
1131.27680507
19.0336106955
99.1582508991
30.0053917814
19.8720796428
11.0866939238
20.1693883674
16.7319810944
171.821010092
32.6540841267
588.88308378
1173.54946165
111.473994423
640.05078959
46.9194483488
478.178225335
216.650234066
418.010840208
502.735966341
311.262884081
34.8196519277
544.803620182
405.425448096
457.085054136
58.1628752085
71.2789878687
697.428787905
798.337519477
737.944798776
49.2512722258
340.53230717
558.454142931
337.999571851
60.9836184743
50.5615515598
270.47494899
39.3409672156
45.2661362977
217.453258322
33.147355823
482.510995193
39.7458636025
257.849382189
30.5960966615
263.953844495
49.4554510389
47.7465726154
278.430817202
310.432947907
625.336571893
767.791878421
666.781742085
872.889385864
19.6405729972
490.013948268
128.13804797
18.855051685
195.026388528
320.819416072
537.397855065
629.097644659
338.2326965
33.1335486228
583.224336172
755.141050645
319.643736798
189.603596642
106.684999204
263.455464831
28.2089100837
25.7507006238
28.4237315522
1075.50451036
214.382335567
170.505772918
227.759520921
255.215414597
47.2109481935
1231.71002736
1088.537348
1117.73500017
1107.80058873
93.3854111415
38.0893459264
477.03545122
27.3090883534
22.5713908265
21.6575336596
18.4990905293
275.644802109
76.4668163323
266.300159458
61.2086502115
43.7515122573
811.587446504
588.097543407
313.938330307
434.661276374
394.073643876
48.8570695971
33.3159439759
36.889241241
36.1391485244
28.511234
203.62026494
122.867436606
103.068902583
528.961269747
769.55205533
59.8510507398
328.241699676
384.934504618
654.771681519
140.54400429
2202.60446224
1815.32281629
2504.08547765
1939.04447183
1541.26212677
1006.73012772
902.652160524
410.189535059
218.629457692
790.934722282
503.141667692
74.8315440143
809.784470628
68.7688291016
1477.51323485
51.7720478376
37.7694046965
1806.17543099
1996.05176252
829.72760078
1410.54679896
69.6773908103
264.325956327
80.2178151675
76.3068617766
83.9684168006
72.0283996929
344.167508625
74.0005159445
105.768851862
52.2201187628
51.3349455514
540.530796907
66.8092283528
807.583923058
3527.42335661
1410.78792502
644.958686666
283.240184407
206.968560248
316.792286442
405.342260669
4275.21372053
3626.60126687
2549.65955892
2399.00841705
438.758634818
36.9014393543
22.9761914201
172.519884866
188.60912258
160.521248839
255.609147582
552.16475555
591.464397948
1088.21887838
967.73391861
400.893541979
90.9126295443
217.959789849
534.812143248
675.355093614
789.550602746
31.7834674907
439.338320155
112.423200727
1492.8123559
195.974441939
368.092763198
393.313271252
109.829356871
86.023801996
221.300213708
108.095007523
624.203776011
238.388843656
353.809876216
250.479800248
128.989028638
788.861778261
80.963621858
348.960635773
711.550458684
823.440719937
384.143959234
453.058117516
153.116791082
34.8249008124
84.1490033783
214.938397082
44.0524873546
250.673551
220.429483
356.504006602
325.881018663
495.692110885
234.578811105
45.3944657984
346.638084542
503.242386184
1097.90608075
183.864169878
296.718412192
243.261708984
90.6511979788
86.6200579701
88.1077418236
984.492453083
96.7701773805
739.180995946
680.363181629
382.628023798
345.211546719
67.5776033611
1174.66921921
200.495721893
316.565542586
610.411996273
393.753476548
141.958489467
227.899256717
91.7884950568
61.3108265544
603.626034138
949.835313438
284.843008858
1560.043521
2147.03135296
259.217381541
1930.41954444
3340.31074688
3979.03628294
2920.29943519
2109.40538601
1518.74393105
482.80318987
424.778674
72.0752485345
86.4975272533
149.630669533
545.385894207
176.782803868
108.648266124
1340.29442523
122.961318753
693.921701597
882.063903724
1080.41245932
1224.878229
870.505801291
260.383461897
1150.00089438
1335.15641434
1034.06226211
323.993293623
377.443286397
568.674675247
600.113202672
257.426224338
485.884258689
284.212740074
636.725553506
121.681887774
131.40409182
154.852390892
868.775853793
336.651166249
2715.38742447
794.950149808
280.790940208
67.8498568403
390.694782357
477.698234937
274.26376687
202.845886106
979.013075479
756.844711812
661.729049701
851.007081901
364.822780153
301.396967835
953.120782197
139.465010482
130.851936292
127.44725685
516.646564739
75.521675082
801.338780073
207.542507322
854.328500344
1150.4923264
940.960504661
566.353701012
99.5836767641
455.010894355
435.244849421
180.696926407
171.701781696
506.1877059
537.752976594
606.079016798
60.1514165115
50.1015447687
38.0218923496
42.111484495
182.140038796
453.100809158
590.694955709
314.558315248
605.441288894
1169.50534804
376.38185682
409.048869976
433.338850809
455.33065773
1678.2377105
657.991088958
909.901586995
2359.7523304
547.671739641
922.526051297
1769.51542584
584.356488576
261.331780048
451.105874926
431.006974038
540.17487793
101.728048239
265.639711138
90.0791193582
415.539722032
112.420736465
300.526418974
356.401890405
666.840446691
1728.18429777
1702.69874349
1706.26017209
319.728502526
341.871459022
256.922394832
582.122707924
1018.41948411
557.283694723
777.780423709
1436.82862862
1041.82770326
1122.73481969
1514.07788123
770.302074757
716.764949415
1772.42262812
2827.80736466
1154.21522809
468.439506136
234.60379074
122.982024275
428.613075026
1155.07401337
1782.30291054
2280.30426471
2667.17405413
2273.62514722
385.792963713
2808.49383377
2274.66528807
2953.83698144
2913.08604821
2190.45723523
2137.86236975
2372.33220213
1549.79862076
2365.69606225
2013.65092207
1774.28932768
816.043898655
487.032453575
177.68725881
647.863025775
312.711622312
545.371395344
202.359527542
89.6855045064
145.330679095
397.64260064
583.667540985
210.147416775
659.134517615
100.232778535
94.3063030514
299.742821054
244.356425027
1463.69708764
1902.68380662
5495.54163246
2544.2820686
650.794802897
204.126215503
495.904934486
628.658093987
182.279216258
1127.51332214
233.496074828
662.334528126
928.186901113
633.856403392
667.845415855
230.649856576
404.857587456
175.668161145
406.200961009
371.530870755
331.419226994
191.778558583
296.805255444
696.884658986
322.677884393
268.938511279
768.726405037
170.307577263
144.519400124
241.657049896
341.329898988
137.598040472
380.239560193
250.212983425
778.409472234
232.260279514
560.107365084
566.398020246
608.380705065
1264.44630126
787.324320089
555.55816996
212.715041484
293.358873894
177.001540648
136.881214067
718.441481598
642.06368758
575.097677879
642.235636549
651.892171928
634.696357121
635.558638296
173.927724003
286.416679843
955.747895168
407.986023449
356.293639768
417.251840948
994.372463542
433.369885984
2342.15886401
3135.65729028
2527.53288362
1971.37668799
1693.05066775
245.625234926
253.988124984
282.97069704
233.132351901
242.742401752
333.910897229
1087.84195941
324.255970297
330.622194644
674.694615564
343.491498794
362.951470515
750.512177981
363.686179891
452.068452141
2563.12404917
691.663539832
348.630686905
1673.17603272
1500.5983401
2241.45334497
173.393345169
328.147333742
188.564286982
442.126695433
273.209431441
1375.25452467
280.062929049
290.382647865
668.14283872
872.605218093
1126.72730822
951.706456616
1011.04694161
521.024936422
176.423194202
1267.55339266
177.239448064
230.783375254
395.865224502
496.639501659
179.150181609
1039.61767375
161.035971822
211.725467204
536.598838211
404.826197363
140.661291472
187.150637047
914.311624115
782.750696002
327.455260355
315.074274891
68.8378489315
82.2490902194
255.902503855
536.721656921
106.989495456
109.089956937
119.102996021
113.93557649
115.115358524
113.671009188
107.867148068
116.245062181
124.223337083
288.40836425
301.209257425
320.708206295
326.540934704
342.169625048
363.753714174
373.894312226
384.248694078
405.649445369
422.599576906
418.261233166
577.678301308
247.037250307
742.732099448
239.381334191
587.43744766
391.902330122
222.733452597
801.562070668
372.059993815
3410.58024587
289.712450237
241.905295077
576.973913122
518.254668462
912.930822358
1168.46909028
2421.19223374
3806.13105176
1934.92436834
267.061389721
130.445967494
140.221763918
1406.66530016
209.982945823
128.081108905
136.361300031
236.560338202
190.157745976
206.263669425
259.896992205
505.287430166
319.229060911
211.327900855
107.990999556
117.742804481
161.396055446
590.508226062
143.551098634
183.992771509
5320.30115872
674.448852014
452.216373402
103.35006467
150.581548253
2883.12393105
126.602128614
143.825668729
77.3138995446
1051.68834602
150.174976766
2924.73957261
5272.26303654
3917.2362528
124.758644123
3125.15426417
116.200636378
4203.75671485
4053.99570468
3513.8414726
3460.38332073
3309.18920243
3632.8541192
185.671951755
4226.22475973
415.179004263
1209.43854089
1612.55420638
158.523308355
465.020919818
354.285760896
1021.7134982
2237.15295064
167.728818481
898.112227332
273.472439988
136.885971259
107.210427364
263.342080767
124.699917671
205.013462349
170.520829075
1349.58156321
151.114347339
1077.79662301
1419.01277096
1340.54162864
611.368727531
96.7455837138
1385.44017007
1902.23755946
454.356200814
915.098692403
1011.67848145
437.350400484
803.288148266
346.440193082
1214.67604709
124.607478853
188.966509708
230.459622835
392.010974296
258.543676083
591.631389131
572.532998233
522.791344927
914.770640084
1132.58210057
862.611432053
596.746268848
194.949102627
863.654095835
823.637592158
709.049343475
837.397392797
176.531371764
286.834168112
125.649615407
278.349739779
395.171421419
130.736622643
152.167853105
341.152125229
1892.21076405
352.974929854
199.183230033
101.862124906
172.751391826
224.539587436
1104.03351079
401.522388692
5139.54877777
122.84514185
3975.85337087
97.8783101466
96.9445284908
107.34281138
4303.89714782
4737.07231274
2474.44135166
220.959565433
124.628393623
135.600492098
201.941656603
4140.19043009
693.847304687
960.154341919
806.019068631
316.273690033
568.396199778
1423.14634219
2065.6786937
180.827293155
1198.57385406
1175.93398568
1992.53034576
2155.15885475
1248.60765525
768.729908925
1430.38225429
468.039410038
558.245899352
1584.31763631
2047.04816828
1288.78495528
1519.94541077
247.18370304
1111.78988384
1289.80618016
97.642757059
119.187329885
1035.81109582
337.537691874
176.221742729
282.116570582
204.02483736
499.064469549
315.420485864
456.722099779
298.610208138
262.678324934
520.123608189
655.766213467
322.353942211
553.530420602
449.909583388
562.780382408
520.560904531
146.624380333
468.28212182
397.30210975
617.226083183
482.076516031
341.867669849
446.390052461
177.188755885
278.556461833
176.424689858
330.367030541
347.34872275
191.744972143
347.359229954
100.241739153
569.088813718
333.457016082
293.955124713
450.096241943
294.352611996
232.700561939
826.602368733
244.199457444
715.212305289
573.923471345
475.068630645
277.163780313
747.725150901
527.717945398
384.222177394
488.704414896
385.640980571
243.288630801
242.060218865
290.493325746
353.315297159
786.940617144
370.641248329
864.439589894
580.637426956
498.974755789
312.243730164
569.487134479
369.222059979
622.334678166
673.510952649
388.398960964
504.202437875
195.919423736
539.559760952
473.548934304
402.681775428
327.447732282
193.445512535
133.525553813
140.815217267
819.277374917
965.083976557
201.801050266
227.956008417
148.731442016
1493.35079941
836.722142967
207.892400115
448.204085191
260.35610764
548.307213648
662.284351083
403.384658686
467.060037763
378.210210993
411.796149762
232.387069391
538.472593763
257.21079569
542.230117147
2922.02480355
280.403706051
497.982807026
976.813264822
853.960723542
1486.25890062
1328.30084137
933.585678565
2042.34662351
364.070400785
2144.46589808
1585.51449976
342.288780019
855.911904038
267.50250776
604.144947358
511.115232552
821.546092705
374.738857811
549.777573961
192.669513741
276.9536081
228.528599231
202.011191647
661.131047701
1517.41380014
2406.13103658
184.686055297
107.611534581
119.234892597
119.041662355
102.675826927
2795.90414855
330.136383064
59.7731681438
80.009240399
233.303712134
560.70482815
288.030930002
210.272972354
231.991119489
241.426492074
420.437408991
288.354760404
188.778497637
157.881198344
260.136914441
259.671011649
301.742577745
201.251485024
372.080246001
485.577916042
89.0942093929
571.395775733
495.706088495
124.452840209
115.560622845
491.371661611
533.484094727
782.595428224
1565.2493522
189.14330983
1583.07369437
2221.98038883
210.538946838
2788.13512478
2099.90228287
1564.97677316
1792.13460422
406.164637008
262.634797148
1772.56681863
884.510606124
416.24784486
749.047713349
388.566588497
377.631490914
537.030489244
447.973887579
423.244460352
436.384842952
1138.8109065
563.112945081
482.747960369
470.602766041
1103.11077478
481.120371596
585.096070966
452.710044986
391.041204575
331.293420784
671.981941798
1221.66530191
223.690061457
3202.98843231
522.694072334
2152.16893467
608.876239735
229.748309799
509.901628127
167.142604632
344.150655251
246.477082368
187.697166405
270.81601776
170.296570198
335.3632535
567.548999934
419.292896846
2251.89497314
1965.94443536
1631.76232271
1604.99316797
2199.48336752
2081.60454003
958.041221081
849.836871101
577.38458235
428.256385637
470.508051179
584.521762256
535.048009799
1023.88089699
326.244247699
382.302262421
659.57086977
1275.61462265
1730.77413193
598.955407419
1957.32856269
317.240361851
519.9201722
675.923162258
578.085806601
573.372441229
1381.71716042
208.879088327
478.134672607
1011.55228876
1428.44943307
897.471947291
1234.42648178
402.942771776
649.405095619
1171.69981282
637.21931439
834.828862233
331.383627042
326.102168687
319.316088152
526.294680889
1222.57057177
291.846266196
416.070277617
530.074074324
383.934054088
787.674356695
539.223106386
242.546361854
351.479722751
98.6031271471
352.450222247
460.779796559
631.767698039
344.050563208
299.883607051
933.940009255
1540.78226413
2025.03029922
592.159233454
1738.08812285
170.029701199
355.311410924
353.870659823
1212.68733573
288.035152256
680.076398629
1262.46188823
914.15799358
206.848563791
82.5797798332
419.832439508
869.48327009
571.350264659
333.633899024
354.722522881
2271.09731928
2507.49824225
2793.00998828
2467.5278139
3014.08226303
2584.89004377
1906.80913619
2409.53228139
3157.00472738
2247.02642858
2521.2372542
1693.57731441
735.704882415
375.981515527
655.112467879
116.278842707
251.814325576
190.351774974
994.560920255
1019.31743762
1073.83017127
891.128560837
788.407847027
648.578535573
1838.39318369
1287.39957969
1042.83019677
935.090097949
875.2678373
349.106989926
828.118063157
677.096759694
532.715908492
965.258739305
430.51007449
454.194497753
1919.69466512
288.269563524
1584.45514151
476.670485331
743.665677687
230.159761399
655.880424947
391.337522545
369.371528203
461.006113928
402.893405929
479.083328221
655.615666161
545.521718186
327.568004704
273.94278426
427.967595788
405.148240873
1529.00716844
482.043805362
325.241400405
354.072743864
295.428587133
373.1416177
447.332968063
521.381569347
324.689658217
227.159597064
782.535474917
466.791012632
393.466155904
241.779464615
249.693771031
256.452755337
212.686196148
1392.4500558
494.360121151
661.288262708
0.0
0.0
0.0
0.0
0.0
0.0
0.0
0.0
0.0
0.0
0.0
0.417849295938
462.801944582
276.699115852
183.169610688
174.63772039
665.875784151
296.996822305
607.321041925
211.683104668
516.241265389
275.884629593
178.072210926
354.009472625
180.256503083
378.434353109
187.460315763
152.934914712
211.983836665
227.391120975
318.209492976
829.721286782
406.291996908
581.956663872
210.080344202
1281.79450164
425.320591604
112.10341169
242.071681085
155.109856442
278.809820616
168.857351491
527.324133203
613.431017183
602.769584627
1507.32005367
1118.8100527
154.084522824
3.49801229831
606.044721173
581.069843294
202.023279892
2.55735594574
2.60671449796
227.073905672
344.515791121
4.92452069262
4.7156521248
4.82270080825
236.498253883
204.614480885
327.678345309
1732.01221072
112.001364299
2.87071744233
3.04430611526
3.33373007997
162.856966118
3.66636736293
2.95730731789
707.09526317
292.880375273
449.628927368
221.622490079
2.72506275965
387.950587123
514.097111141
134.362270607
198.009554743
392.355314366
287.553462482
155.997142091
207.749981385
1.04735308132
361.058301985
124.860581979
1.70731475315
1.61066664152
1.52100973053
255.032755386
179.10612571
1.84430393242
353.403275178
309.036112482
1.2027104305
147.068025501
253.398327894
480.785550484
498.290991293
868.046301236
692.588594531
619.585767652
545.637596539
287.781726863
545.657661666
0.821517320241
1547.12569549
189.001503476
1284.05892767
2767.68072545
3172.89650785
2922.78981099
362.130085062
143.653731055
162.340034099
2248.82014617
115.955458153
152.216134926
593.202881202
2440.52980811
4207.13619565
2.14212650407
6567.86214122
5516.83427502
7490.89649848
0.762654392193
185.557156812
6617.8515077
4445.1815756
0.692932280205
5784.24661376
4131.00360358
0.836153464186
4861.07051553
4615.57852077
4889.56577578
211.471436541
116.628079981
124.408517804
1.1995564801
164.907442866
2173.20298917
463.36339144
222.198470151
494.263781849
830.785872449
1549.04758272
176.419657356
129.593990028
1809.32992857
173.976619865
394.331711425
1205.86289831
1915.8204341
1396.82608321
520.200929832
1.22294304448
1401.61275342
2110.25053599
1986.65539577
112.146495147
0.889789740571
2.03535449283
1.7565347518
165.819067372
3356.90178064
1384.60670553
1439.92161931
1625.13065994
1531.46396444
954.832962492
1.67146232281
1.36627460256
1.32052221651
1.29369810414
332.652158481
207.832932669
187.790745705
386.414475618
1.17809547531
386.710455268
1.44271429612
1.53591862263
362.84701639
343.901197743
1.24720769888
514.617209276
1304.38375331
973.422895092
199.502486909
381.860742839
0.849239174853
2637.32270124
206.780919756
209.616079027
153.173694905
109.000082981
385.191115541
1.78861619344
866.391968872
1517.11291753
1.15902424469
0.894284443112
0.281773739819
0.571208290445
3813.46536132
0.867826527715
0.948016450996
3521.62662737
1366.09340432
133.25359089
0.898024173807
236.939235478
415.230078531
411.533110639
515.532508509
739.693512073
794.852964253
789.548319201
608.622788705
118.340129124
1101.23271573
868.678981707
2175.1361723
0.560612095753
1.33664689231
3071.90198337
1.26465403766
0.746097395156
1.01153721171
1.1897475765
195.870806735
128.612008821
4368.67727733
4146.05873642
155.144391573
3.88935861976
222.30187874
1.36488457501
2.153493504
141.250851535
373.144887278
430.248255744
424.636797048
222.251885505
130.601733563
352.381832301
1.87363117143
1.18649304104
592.445672491
2.05637008917
125.6319348
565.313745207
735.176349353
1497.1951972
898.460211376
1.74040358513
1906.66596353
1695.76280227
682.855011351
1172.68570858
1867.4109725
1092.11763205
1039.06933508
564.846045808
240.179232215
791.865671087
1021.78990925
0.868083592572
1.09015458129
1.01241898612
117.174612584
1.02182884562
1.21282608543
198.43255562
206.286162801
191.621044357
1.89414182277
2.37821457459
299.637581856
1.48861465779
601.409060367
3.27178183599
162.962661863
182.329583211
555.609434115
2.18604147517
1.74373110246
1.65766058775
2.18938825475
2.65509781443
2.15905476879
1.55335840814
1.37218295475
1.53167260643
1.82810024037
216.582556958
372.709789875
465.460706047
334.621227828
3.52065006067
4.56336270561
200.257435027
1446.27790999
5.29200494681
4.61233864436
3.06057293342
247.300047095
3.08050050983
395.040918416
2.35810021467
1.99175961134
217.428111051
2.40764408857
1.55952172322
234.054619775
1.20062165822
1.64317039543
1.81110192337
137.587670528
1.35546278979
1.28227516758
1.24035877785
1.85599828564
278.550252197
831.985966897
147.951937165
1.71826071385
1.76758868456
367.373598555
2.13730711882
2.37481913834
2.22082582061
723.463973771
551.574080618
1653.03607171
1672.77079627
123.022445408
998.717169461
2.23448979965
2.08067031909
938.847181887
3.06401373651
1053.65919062
199.130934918
575.772300481
1.68904270591
1.3431955765
1.82811238996
1.793524012
1.69845807048
1.5121166613
164.276774378
192.157249337
169.153121312
1.59687685349
1.30051358545
1.56165537515
1.5358364917
114.334986831
1.47817755099
1.51185333946
354.855029102
1.74359134445
1.81070191024
1.43435743655
543.822169118
1.13256453612
1.42454040769
1.09692468049
1.19302759386
1.42315412381
291.421237148
909.213497826
450.622854826
1.30488665523
163.090128855
1.39729583387
150.281684164
597.363089663
801.070690044
2.44481057194
1.76847900735
119.436110014
1298.82396825
443.673109724
338.713744135
348.419834883
731.883190245
1.80249423599
155.834699035
151.423140262
3.0841949803
129.756103945
464.048220358
2.35008739852
1184.92643534
325.020700787
2909.18249532
3240.03511596
1.2027438998
4010.14521948
3799.62778739
1605.33779005
960.367951157
948.244872738
1904.53749414
0.516399861602
0.478636350063
536.557936999
550.401220306
0.877846004458
660.792778675
648.788733799
1.04107335079
123.396160396
1121.27137434
1444.97177074
1.35820693928
155.856236204
182.909563616
1.51260367392
211.41024757
109.707658412
802.950509308
301.99984948
1082.02787017
1.09426599132
1.31731833551
1.09308442553
1.22388690244
161.448647554
1.78897701768
110.664823058
1.54998263202
1.88843645525
276.022309162
108.398226971
1.26693210959
1.29143801539
1.90045091494
2523.98365257
2.78744984143
3.53521092545
828.904147591
558.94349122
578.596537741
2.79394829734
200.172896233
1170.977837
288.63872435
111.954297768
1.69208536383
2.28986854753
123.627991999
2.17388364394
147.564366784
2.75153404556
190.117645138
1979.0576906
325.86800928
208.326816958
2100.08327196
985.08835115
769.906278357
545.107205393
641.947534805
0.910158698724
688.208015059
228.968793176
1677.50891289
131.410294242
1332.4378821
345.371528002
1128.68324017
415.042992106
2.0678252947
2.44336982526
3685.96323861
2808.40516152
334.28436864
243.506986155
1.80072366157
772.446856509
2307.09366492
406.331215948
2.96831209746
2.76504658741
1115.93991496
1359.45120291
620.488862002
1106.30648945
116.073565432
956.809657628
1307.58178544
169.698938997
1.84820104466
211.959993373
533.570504156
738.479822536
375.214297698
1.66703370965
253.774366686
1.35595522354
819.017463229
231.493203491
181.172358883
526.126753142
282.615733833
374.120040208
169.198847668
159.377683398
562.718430675
237.727907448
198.809827617
598.788023155
2.47199956738
2.19190341769
724.601323278
645.194084453
528.655448516
677.145893007
1.46076652726
596.624023399
1.26211342159
634.252058629
222.666265019
183.517295951
285.330741044
232.30425482
131.06160219
572.949995891
269.306265117
340.059597013
0.346005733371
549.64172983
890.620059702
1.06769355153
1.38608957225
119.888691013
126.977223021
1.49912428401
1.47989618328
924.758540961
391.652094416
626.397755747
3.95741108597
500.71509584
8.59384396497
1048.64765077
1817.92399416
128.479913586
6.59779242991
6.12656217884
5.46092510798
446.48906686
811.62667515
423.926101026
325.391942964
0.461436496153
0.233679362848
0.209539438991
0.235932060803
0.26480514482
189.979444983
0.220553462635
554.777428889
0.200702313436
231.506987887
0.205392945521
479.832065511
0.177107694108
416.28963835
0.309799716435
194.552296871
0.221721323484
0.314843618772
188.206614227
0.377062554923
0.339249070832
0.336671191314
0.301267673921
0.333582015891
0.33735421676
163.664925427
0.332568114378
424.669171652
0.499565098134
0.607055396279
607.016667521
0.725484968238
0.629128887369
726.700407308
565.304454305
622.326853869
1449.88740776
666.001780541
1.37844378378
115.580302523
445.834520381
1052.70276252
826.647308602
1.40821550701
340.721102622
1.80969543699
0.961871684013
652.550351829
442.858937593
299.866527413
162.257034154
170.823888778
0.847607639894
1138.62941867
1.56121738927
112.526712163
967.55694181
1059.26541733
970.606718172
1217.78270478
594.367046003
429.839524149
692.63417054
772.387896621
942.506051909
550.530370614
772.227862892
1027.39561884
999.118057066
1114.28088355
894.887158475
1.48847171854
1026.74354286
1.66155807883
2.41162246406
2.42793156242
135.8141316
2.56777446822
124.591084988
2.63266208587
504.239013775
174.444920993
215.019985338
556.628198615
421.140018751
987.427852425
0.774444732775
0.81866593951
130.711345976
1.05725463685
0.932468782941
124.060337752
0.419022182284
258.43729485
136.682530693
3959.3685735
130.015915856
0.193078619082
107.774902941
0.194953749455
1036.87324726
0.261129447383
111.978812082
0.250694176288
0.257723740468
0.284144665554
124.719105281
0.250185305485
0.269530575529
0.313959485898
161.694653955
0.85843926911
420.618160204
651.700707574
0.786526849423
0.7450065208
191.999424772
0.59515270506
0.678409479195
175.202447546
117.691102039
0.738254569915
0.673221346406
0.825906347154
145.222164951
227.811410299
120.625863439
0.627367514005
159.529194416
366.453000516
366.453784669
1000.76975062
0.462142106212
145.983420958
151.119511337
108.557627486
369.196115655
193.41788332
307.350125086
1149.26241148
0.516845287922
320.601662433
0.755552066563
0.720978283857
0.359723802996
1082.30881743
900.636721697
0.595625192094
0.364311429469
0.553377231505
195.601211934
468.360442171
438.612591056
443.368273765
234.199594589
376.97389014
236.285145665
320.09526486
0.282827779023
0.334521314331
0.223012674774
0.595801446127
0.578082105843
109.538226529
0.913272761676
1.42992206629
5211.14014935
0.306701284025
1760.4116937
245.810094406
237.028072348
3389.98266232
471.318479442
2109.83625128
523.893996024
2317.56204645
2700.2064978
2244.26671946
2147.63468646
2245.34781461
538.41478617
450.509832776
2025.91703214
1440.09621341
566.168037964
0.595113738204
0.717552640597
518.917133582
3025.32887296
5188.60826141
2994.46423905
4106.65429191
6530.93010906
0.0255805818702
0.0255885056668
0.314736172473
5465.67186193
5878.34905322
5765.63040562
0.0901737414624
5473.66966909
3767.35090728
5998.03796734
0.126648329317
5248.83658182
4088.80916578
0.1713926529
5923.58829513
0.0349330127363
440.30307061
405.231454794
386.54897493
332.808029256
185.985442465
1950.60318522
2673.6442682
0.0284211256985
218.564165512
271.816250194
447.258754912
532.035438101
663.824630224
556.716013155
606.813897185
581.36281107
1910.59681384
3892.69289202
3391.23190089
357.27686464
124.765396949
1.13505412786
662.626011022
2238.91234353
4114.5737869
774.188045589
116.501188516
2.48789772224
309.549970417
132.263282709
3.67958044379
3.31251984623
4.46695452347
138.521968534
395.278514013
205.579672953
4.13183409987
3.91770119532
2.68433275204
367.371771502
2.62065665422
897.753479835
125.215100188
582.628780422
108.90539366
1.67660600113
1.09566358148
172.240415231
1.10541962244
166.064375501
178.211716409
2.21069185678
2.08436944819
604.832058469
778.457614139
138.206710412
1.10951020215
1.49108612631
1.55303189189
176.988921446
1.79281195116
1.44660105105
1.71541446084
370.162299807
244.656176133
163.43061173
4611.18061448
1.76697986249
3184.09290525
4276.19984985
3502.44079944
0.802411888208
917.442636457
441.299329859
229.840709511
140.101281244
0.805065018016
783.837893368
1017.65470847
190.707232623
1215.25452862
454.562923115
1114.15279396
1287.22701296
1680.20575433
1477.23006627
1412.33301186
1577.6522151
1134.90352765
558.263677599
686.885621786
1550.70374012
1210.50476473
1172.76408151
1131.7222714
1.4069702875
1682.10978602
1.76086021817
0.888064822206
0.998694356239
445.995817476
748.378164078
1203.21024962
591.412265856
1.92155840171
2.43855887046
2.95863304347
2937.54592237
2.62932889749
2.14194827563
610.308943136
728.350217305
334.667119363
109.807767952
0.581864265987
481.090917982
150.98214741
0.420769398517
0.488788411959
0.639925897315
137.425031202
153.877353382
0.79378395473
192.723180155
3968.68231167
5467.90285372
4563.95992088
2231.46770007
258.064858784
241.857791014
2622.64366289
3732.53651203
2905.72923757
2818.73804452
1461.14139274
419.726436317
334.541978438
1.05050940685
0.916183192971
2642.74275872
1.05606586178
0.968345133436
6146.83957414
5850.17698164
0.803224497635
5111.4266057
6584.51993983
7220.63888939
5056.10921143
7008.15286421
7276.69453991
6723.19212755
8588.74165303
1674.48973493
1354.32939727
177.280411567
108.975263933
0.537139299512
0.610197669708
0.711365075022
0.636650040443
0.59858918507
0.711408043434
0.742171826162
0.439443227908
1312.40600048
2684.58113024
3286.56780557
1561.28753722
2920.30070837
2623.5093422
1.05710947941
832.990969739
1228.77466976
777.571557606
1.40667002392
119.601723043
0.524562985838
119.582146598
1.11080498852
114.182502488
149.367607959
275.577926535
1.0452324529
1.53572416096
159.910637991
548.226339356
611.216598588
337.245004977
582.703793987
1.2561967387
142.535686991
261.232546859
0.861425615292
111.537745738
108.428578055
0.805474768644
1.10991101186
356.11126206
259.666383859
148.548956835
344.14311286
600.173165264
255.353083351
136.436975363
262.420058366
540.412166677
457.44198109
119.258863549
513.778504839
0.853263676797
327.862558143
139.467251903
190.80182547
432.08649519
431.530189732
506.132823247
959.352572064
1.65974549504
208.683681971
402.173078024
1.78196130705
1.4118646939
137.54330799
1.85976244991
1.8885801442
332.287162209
658.321970853
1.35404583993
115.28353184
1.35314218255
161.953388062
1.26382102348
2144.36890764
1.13750138827
0.982721814452
160.139010399
500.956798743
484.350913503
474.774717949
486.972233172
243.492647938
767.75437053
546.741724148
316.730364158
1.20608722346
458.911318818
1.45501235957
139.429246211
164.49212599
121.252500556
476.360485935
185.810056575
1159.16676779
1.17316253099
0.996087619278
366.712135054
1.29461840688
158.988000511
1.20554734162
1.29308724017
123.852959567
364.673044902
288.901202038
1.8290374611
224.080645973
149.290527333
171.926191283
2.67814927869
3.24197067155
2.95447743516
204.678137748
258.999455647
224.823880837
235.209096883
129.845452056
3.26044764017
502.574500915
149.391194174
1922.60776522
1.55884619042
2145.69687698
1.87657569437
1864.50115828
1.40512807463
1.68147610903
1.96724593722
120.142671086
1.85686924467
1.37080864624
0.821598078924
806.615400936
2.00132350776
4562.2975455
3335.88442409
4005.61420214
1.00297203541
161.282674051
2.59988857153
2.69021309814
2.90546996421
2.78569418689
141.255132631
132.532480835
2.70357407614
2.91088750847
241.964138314
1117.6182881
177.517925353
134.54611815
2.12522480959
286.438035269
399.181369059
382.652877733
568.17982444
237.079284191
989.287783365
221.737371232
200.6874092
1.68818600861
128.677971749
182.577903462
212.48238064
348.388880835
111.225878759
558.088177931
1321.70484313
1222.10203519
1218.47622137
804.722437247
730.245283704
612.188690041
110.967601672
0.496204512094
1104.34004669
1186.70767567
614.887595288
129.706071642
131.946755934
0.467082204539
0.435583271221
114.389616519
0.246248061574
0.130935454369
166.548388172
0.0153308283998
0.102471568994
0.0607037800813
0.0357240378362
0.0210137121999
139.116997466
552.882740037
861.364144803
144.975154642
151.966987377
159.925426399
459.969732194
206.614437772
182.038576916
160.002920914
0.118058893969
0.045424485849
0.0402163840539
179.755006145
306.163356792
140.495141909
262.219084196
0.0
0.0202055184945
0.016679467026
380.617189523
1009.02228056
1141.18752428
792.847382297
838.408848914
960.864386686
167.956645397
0.0569785221404
0.0317469236663
126.504196687
0.0162703584187
176.23452589
0.022312528563
0.0129482948419
213.021941236
364.360274603
420.957786018
494.088184461
560.383273739
680.058268204
654.895256038
543.153756123
977.359433803
616.706045716
116.198603521
0.105866536027
258.11003079
158.08464098
559.305185484
524.473236377
0.0577975434965
0.0507471438611
0.0911351051782
214.40760188
389.969278662
740.84892696
401.432344425
174.578601744
596.17837926
0.133527380243
0.0706313897083
494.726830724
1520.34804554
597.940828572
0.122117413129
473.687525501
130.616472012
265.666657984
464.916119225
371.802337507
154.422056641
292.520452355
0.260356775562
1132.95025583
0.0
0.155467123128
197.685578143
205.625283839
338.429555571
244.589068508
384.498466133
286.776993881
490.049894294
466.131625037
275.642030883
534.526359212
488.11286777
496.842910247
0.0130870670872
171.783670661
0.025327523754
0.133063369741
554.106711956
542.800945522
518.128824251
478.290922799
434.316709427
442.980974062
446.539573681
452.445649982
436.998855747
705.543909956
607.016899265
514.888322873
439.789175507
352.530241123
204.926016424
189.048723691
194.696374931
198.283740151
197.579263178
0.0
0.0
0.0
0.0
0.0
0.0
0.0
459.70507794
491.280100309
512.057575687
532.461668094
537.850179331
556.863244925
570.363220412
570.48063673
565.653500533
547.537876257
514.766067934
508.064159834
495.471816414
0.0
0.0
0.0
0.0
414.158852582
0.0538514178627
377.687578001
250.090719432
0.24934571523
0.355024184484
717.284840261
0.16898673254
639.164550571
1018.54538758
0.178863419693
109.802652141
674.85784055
947.855299313
860.341079216
1453.51667351
840.411895248
661.665776903
613.816393083
492.302979197
544.648389631
512.634617638
0.115120029132
0.114389948616
228.377607903
915.393406081
745.811450412
469.246354859
386.796774001
214.615031938
425.743545566
341.83337537
502.865292221
446.675135529
375.072031855
374.617688494
209.79128962
200.703034889
0.0125440766801
519.072983284
531.301453523
0.026623360314
0.0208825293712
391.565865708
522.964282983
0.0434726602183
152.449786782
0.0296287543144
0.0281481253124
0.0239386059385
0.0172754386325
0.08247677867
3.5472101243
4.35354423719
11.9216560641
0.293005893689
0.279613184215
0.350671239281
0.343551308086
0.449543013135
75.6682999574
19.2881043379
14.6815937793
18.2995882525
25.0053523946
0.380753147131
21.5933455343
23.7277313452
25.9058493704
25.4395565991
41.3350844113
24.8767216822
32.0234500967
29.6547066023
32.2929461424
33.0263145848
37.0133856248
40.6073821072
32.5856439829
32.3077072658
0.252054633434
7.3694658489
15.4549567604
16.5216653237
10.7058165334
24.787066015
32.0929477774
32.600282636
29.3594614729
39.8484358162
44.092883918
49.0328207008
51.0096825739
56.8221087576
58.6707837708
50.0871343318
57.6426338547
65.5593430861
103.46209358
67.1537545327
69.000504738
61.0202295548
128.382594327
84.1060934277
62.9406931995
58.3993443022
125.975442968
66.4822435416
43.0395773106
36.0893892247
119.530852334
50.8920916185
28.6222524991
25.5574936092
84.5696953132
28.0056435512
31.6497718719
29.1204864009
193.827850895
72.2983541177
24.8459738497
79.0009609598
5.83846294203
229.238468215
0.079931618727
20.3595903699
0.175099168632
0.217873827753
0.139923902377
25.6355535942
0.190507509026
10.8629026508
26.693012782
32.6254670458
0.35323583983
52.0312230075
67.8079549631
85.324093165
0.27260314807
61.0115757446
0.359162581399
166.319179851
87.4721050309
45.5464825168
84.2317489633
97.8095167456
78.7281305868
0.21232396461
0.302943525221
0.221754928233
75.0443458175
84.3443550628
47.1196254969
35.1193205987
12.0841627527
22.7281086866
20.1290455919
181.997866571
347.973690395
249.921717703
141.296086072
106.957411599
159.32368978
0.113778183917
81.7483590909
37.6382717603
57.1825390506
57.8011521184
33.6943829025
36.3967834811
10.6151534964
29.2847417627
20.584298907
39.2492923812
23.7905636558
69.6869778603
122.567984827
100.497956513
103.652853221
131.176737025
211.255257402
23.1109668097
13.2305562893
3.98501077572
112.79876479
0.112955071758
75.3145840613
109.517986634
136.277395724
5.65042612529
5.62345445949
3.84682493562
6.38742300142
0.108973996832
68.2500020904
59.4424492827
6.21299575463
20.7107520048
10.5769375834
86.9104950805
0.428006286425
74.0864032049
0.408393413368
0.35292432445
0.177770137934
4.16735522165
8.3877202505
14.7720597502
13.2893155106
8.06533450211
13.2736206258
12.6006470674
13.159189771
15.6716326657
13.2218186413
12.904137569
0.517396601363
34.203008044
22.0122785958
17.8409584179
25.3466512024
30.1072399339
37.8269306945
46.4141182609
53.5397887199
51.81095454
35.1508058166
26.3308026307
22.2792400614
64.2193708993
27.5749438716
56.317334399
61.3044022246
52.0282532268
64.8889253604
24.8712209778
24.4215327676
24.5805027986
18.6204335121
21.605554895
3.80752166913
42.6492605537
36.551389014
12.9061929127
9.82091774123
95.1814996471
0.37030996881
0.384015998373
4.41003927667
157.722652757
79.6031757022
0.448264689825
90.2766524408
0.245630122722
0.193882905174
105.056753695
108.827373217
120.380472861
92.3680161201
0.169276799992
67.3892152542
101.043420962
0.333044256345
102.142854636
77.6081621954
38.1036718817
0.461513149044
40.0930846912
30.2044926447
33.6760269366
9.70282896303
26.3117375056
16.7794164739
4.38282298772
25.9570297794
37.7777941777
72.3945144045
26.7660396546
6.88332213355
0.231437013244
0.129896212055
28.9478697632
7.00380546087
6.28719457476
8.54943243678
6.91853633726
4.45353206534
11.3964779036
12.8522413636
15.4674128867
18.1627315284
4.70982025092
0.225393100291
3.6594437074
4.75933894214
5.69072678922
5.89470569462
15.6540321889
7.31814922743
8.19840496504
7.69453366332
13.0685221626
0.123790592219
3.59594273215
3.7103607849
0.111222518663
0.121438208071
21.5772308909
0.134443295865
3.67474467518
16.5893003852
12.5901564569
0.13637934968
5.88422374912
0.115688331485
0.111297451627
0.103946440836
0.0897131012273
0.0726319609827
28.3897462234
28.9350758592
29.5310311208
30.1620781853
29.402103957
29.2017450741
29.4317419184
28.1909459474
27.8005609179
27.2911323697
27.3201058651
26.9141474992
26.4423610967
26.0629600461
23.9362631997
21.7198403609
0.0834062925669
22.2099447366
31.6050759041
0.142960813998
21.7564537963
18.9823649422
0.0878207770121
0.08248423016
4.82382364452
6.26360609756
0.177795536418
0.175540463502
0.446710939372
3.92666843565
0.435179751181
0.691053741784
13.3770690018
0.412440071707
0.878434332954
0.270899552616
1.14737346349
5.84035104682
6.3877236148
0.963060485948
11.4638074435
4.71263257104
6.35397597555
1.09767481259
17.4612775481
4.3417188718
6.91553845251
5.56191770447
29.9767994653
20.1510807918
4.61688418911
4.90605861757
39.1671863125
3.62693992138
4.98899984119
4.42541698439
