0.00148786314464
0.00156012037168
0.00174256234657
61.9116584661
0.00264604024553
10.9637004041
93.3075794355
154.522620622
109.864981853
41.3453402936
34.0988365819
22.9736835021
9.85000638053
0.00526076608504
0.00541975066252
0.00555554545255
5.30668722064
5.983966645
5.6652096866
0.00584921511899
0.00574332453115
0.00574779420965
6.40536211848
0.0056804359848
0.00560716933226
5.30057571712
10.9302877043
7.9795708196
0.00934283869911
0.00919647408098
0.00899017295698
5.26553678009
0.00981246560998
0.0104653448566
0.00913810549597
5.73806601626
0.00782877589763
0.00921177800721
0.00877426157574
0.00770482789264
0.0088030451972
0.00732383754038
6.46501640675
23.6638465987
27.5432065928
7.93223357238
7.81234903238
0.0112885044577
0.0131237942801
0.0155244229432
0.0139312386882
0.0129154750231
42.0775106856
38.4186129252
8.79591443204
6.18817164622
0.0129514625833
0.0129579217652
0.0129643074682
0.012969191151
0.0129646235125
6.78843270308
6.34560866902
5.47974120508
0.0138315096128
0.0137039119036
0.0135382987464
0.0133881001801
0.0112570201862
0.00952671685229
20.7190235991
11.5990119154
6.1260506744
0.00850035910358
0.00891121956802
0.00925576590208
0.00977738547675
5.53124649682
0.0139116930236
17.4935582694
0.0142044326297
0.00958018067537
0.0124346124462
7.47685232394
8.42690788134
5.69160974791
0.0152771876165
0.0144448090122
0.0144472164294
102.753471137
0.0170267879231
0.0204510866335
29.2320202754
16.9859295048
5.67375181161
0.0142755073117
0.0141146175816
22.7659883647
0.0155151325089
0.0208548530682
0.0250145922782
0.0172960076212
0.0173021977633
5.44091576015
0.0151797340843
15.1505168612
12.8521065309
0.0144438928446
5.13603067418
0.0145214535317
0.0182772483511
0.0158019247635
0.0174763733496
0.0152149950281
0.021417813458
0.0156115051988
0.0158904045982
0.0145522056229
0.0187150356106
0.0203199645301
0.0192985505991
0.0182376360538
0.0146699936366
0.0145841353578
0.0239402639594
0.0184112476308
0.0175645500155
0.0182777426786
0.0187047210557
0.0187234386055
0.018561212467
5.24588000414
0.0112311979849
15.8472729133
0.0176672371896
20.0711883533
12.0902034637
22.5124171691
24.5582234588
54.3658270836
36.8006784724
34.0457959305
26.9640811467
5.35990811485
59.5527845961
51.4325651918
41.6613340552
34.5775410715
5.44415061809
6.41762585185
28.9849033672
18.7136324258
20.9191515632
8.75310325548
6.32568421567
16.4679501747
6.22029811604
13.5757677017
0.118237213478
0.103337518916
90.1117065965
0.103813528381
13.5557191492
5.48891749986
0.0954962079274
7.28077709636
0.120752999248
0.0630372553653
0.0668626058504
45.933230602
75.1434580108
5.4539996511
0.194953106801
0.112304029459
76.1160445587
0.188357084983
5.42383050504
0.0718212272939
32.3658659535
43.3196785867
43.4955015148
19.7381015167
7.93842582544
6.25142154741
28.9604179291
23.9460947055
15.1279800282
17.6693825156
8.12907973192
9.02516687076
7.29428810987
23.4995921093
77.6181943916
53.7224249224
25.6248514651
21.4898058783
94.0101483913
5.8371730771
50.9388391566
80.6280400848
84.0356523722
85.4017660438
10.4000020331
0.188025741393
93.6816865656
75.6083771813
61.92406634
0.176995625527
45.4606822224
0.310562217658
0.180922945111
85.5117963206
13.8171861036
13.3997066994
53.0519700062
6.48811193106
5.29971169237
0.263194369539
7.46085956836
130.461824581
0.357886256287
21.5971163476
0.203649569025
7.40703865234
0.183092151542
11.1959873132
11.9461089699
16.1040359192
0.210439211054
6.43608777313
0.151569685949
6.92219960629
0.176032075004
115.841025436
15.7911895484
0.238684513613
0.153868665768
0.172181863715
0.292644716662
0.0876386183868
0.106716346508
0.089780073838
85.9898501284
0.200176055026
0.0719741393775
16.9160044885
17.3631490267
7.78623131046
0.0891099201911
0.0716368345002
16.9070086395
197.907903818
15.8363269177
48.5597354493
37.8169865429
7.6834701465
0.122995005973
0.196741959658
0.110669424598
0.0777255119343
0.0815938891419
0.0580354077801
0.0608221805647
0.110369123182
0.0881292382329
173.706295139
18.763632894
0.110527203006
0.108420290658
50.8148413395
6.62449783562
0.252895505885
0.255947274218
6.41298445851
0.361877080924
7.21664048453
0.11779432832
0.226605933169
29.9034924587
7.5588429145
6.58607553583
5.13894917613
5.51390811563
38.8759749213
6.04132556249
49.9559432056
0.643473274101
46.6736752451
5.78368768429
5.55847679815
9.3228162104
0.362707985376
12.7695928302
1.01206468394
7.16445416628
21.3024352486
7.74796182494
0.201930695637
7.55902514288
20.4886273523
6.50818656773
0.453859152266
5.50706817015
0.397875974291
2.30480946528
160.387686386
153.854706709
7.00118284448
53.0544992074
35.017512306
0.5602328783
0.669637599899
37.0511621937
34.4870770129
0.598249896382
6.18768619634
32.4957582861
43.0444945521
30.8807893933
0.482652404954
28.0346804271
35.9766173819
14.280283103
36.8888200461
34.3374987567
7.85371216242
0.563147377337
10.9506648436
7.53844809685
15.1246799796
7.62899775671
0.509111191551
11.8786479616
35.1942494861
34.9720390125
9.37630390426
1.24018552373
0.463613491523
0.0342596726679
11.6462500705
63.627161568
19.0589750829
15.5145514452
0.743942755367
9.98440984751
1.22569198244
5.82458437066
178.404363071
91.0650132366
30.2056619277
28.3130570033
0.872272330295
9.70113153814
13.6192598314
6.6266606562
0.412161755976
39.0698985124
32.9350579137
0.106307416825
0.378666847329
1.72592872765
1.15984232416
5.59783018852
6.56518311539
11.393156625
26.8432256462
5.92487282492
12.9371814579
11.5478686008
2.09261223109
21.1051454322
9.23764554347
8.51591582262
1.09125710526
8.06866780056
16.3493216876
36.5614122381
0.765379491883
28.318841328
21.3037853159
12.4691866317
1.11049035691
0.984646079751
1.53117195566
0.990238570669
54.4930834102
52.4011191515
6.91908848014
25.4653098014
3.03258174617
14.3986239296
1.05998414721
8.47814573084
43.7446732096
14.4376466944
2.4037626159
7.89956863663
33.2365564508
5.98425240988
71.8278535661
32.3060134362
71.7386272448
0.777933381183
16.2063124573
5.63612359806
53.7348674212
10.2918584946
5.71071111837
21.7117611437
0.589707838877
42.5375477932
29.9268121239
4.97204172949
0.0
0.0
119.70928582
61.54133873
67.4199209679
4.85177987033
0.346383138612
0.0
0.0
0.0
59.6554094091
29.2115779584
50.283110365
90.1321780733
30.4688741891
55.2948954715
0.922020357856
0.893862231161
48.2686835245
6.33628715452
0.686651899953
1.87088676659
81.9043811176
1.20439325789
63.913557012
8.74734287952
10.1899066909
2.16597522823
34.7059400529
14.8426725223
8.26713000013
12.4416280975
7.65284591322
14.8776654989
6.24499008046
6.48723933536
2.39353338895
13.9479211343
39.5771107893
19.2474226531
6.67178374969
9.42464262597
9.77092053024
13.9882190678
0.55816176953
15.7880694204
128.486546311
152.344016575
8.36303949465
8.03838176128
0.704864880056
65.3916292228
51.4083399736
20.9226067186
36.7375329387
1.948450618
25.6844456862
25.9317240411
3.39186595889
22.1880118958
1.17732218825
89.6975208399
62.474717533
16.4773729453
117.039086576
0.835647391328
0.545426084386
7.12787568316
7.82819788647
0.0
121.268336358
66.4744774713
13.7072579802
159.694515905
0.794732473267
16.8495147364
41.2611279514
7.72371167034
31.9544644468
15.5410226287
24.6876864228
201.505455813
5.62238192564
0.191064326098
0.197907528727
3.08409845907
10.3656002843
0.866938611617
2.34040101374
2.14542517662
10.6179881047
17.9486651435
6.27477232375
18.2771743212
1.40859046962
84.8787641186
1.51947691888
33.114282058
45.0268083898
36.0936070923
7.4835366645
1.24848572814
6.86326471234
26.6893467709
36.1370611183
16.7626456896
1.69943961189
74.3929027607
6.55982894929
7.74761392338
30.9329033365
15.8720192036
3.2684617306
18.4582070626
1.4012118529
77.3924061038
12.2691130991
1.19215041296
7.66266626153
0.635322350313
3.60300856536
8.16564055233
10.198199489
5.53873002384
11.6974681924
6.15754507858
9.27164780626
1.35674481719
4.1472925486
1.64739278647
2.2254137258
10.0179641318
2.50526121854
2.05786919018
3.50901972951
3.42952271435
56.0476398816
0.0
49.6552893925
2.6413284816
77.0620363324
7.44505634704
3.53611390322
8.31019544824
4.47009926049
304.761673699
107.165811236
11.3695644785
14.7496204437
85.7285712026
1.6972097016
24.369551017
50.6715070115
0.449868406212
11.7298391953
81.5007464853
1.43509806282
14.4832549765
38.1190414744
5.76135469714
13.5550787396
10.3249533702
26.7571964441
30.1241031557
16.9535745962
7.04921467379
0.425928116541
6.05587787516
5.69423531675
29.4541585412
34.9712603869
57.55151121
66.5975996869
12.5842652866
20.7561467224
25.3624761969
8.6507909185
2.69684456138
8.33354635133
8.9243220253
8.26869487117
5.10724624057
3.08723639004
9.95364794118
3.70370272608
47.5500984695
3.02250931637
20.966048157
30.9501360701
17.0127966546
78.6505513085
36.3873559321
50.1326309649
33.1499108429
6.09237476043
16.8069898564
13.0678066824
10.7412564784
3.58706710538
9.01233230912
49.2185886384
21.4226036783
4.68429349276
30.4938919458
70.8899299684
94.9634130355
9.87933581711
99.1979897406
81.1610446279
91.6092814563
4.38209941394
33.607393882
2.17383344158
5.32031696771
30.865440199
40.3366550671
140.530749198
18.493482304
91.2540629172
120.236617044
27.8682971997
2.09585043804
82.6482069412
57.9605841735
9.42544008676
60.9810975852
36.3587671093
1.43898043924
35.8732000427
20.5063187562
17.3438365807
101.077828071
12.8597990681
98.9998077848
139.355153718
125.086839218
7.55082329018
9.83772332314
96.0119581388
48.5571565487
36.5396275924
17.9379883962
32.7867905752
130.661981423
34.8324908278
230.093213041
88.1542679634
196.277804351
91.1548343622
206.073639661
46.2858863167
14.1636836435
32.3756157203
29.0544295384
59.6096533416
41.577214263
7.65411504842
5.31485768722
13.1504772665
30.376475976
26.3089185449
15.1623839329
20.0525184496
46.686295656
55.6525611025
6.06598247709
5.55529072525
27.1729989655
7.50538060103
17.2873054984
15.0301586625
15.7309126203
23.7330262566
48.4152078122
31.892208127
7.70292667517
7.69719299777
33.0198155074
28.9368653521
34.772647898
7.13215694873
29.3304427962
8.65779260516
2.22676441188
13.0328329174
5.44457200642
11.0725762909
19.9700604833
70.9501075526
26.6802877815
102.772970008
6.8001922071
184.624058689
104.328770615
98.506911112
7.74180906695
11.9011415997
3.72050941694
38.4383822395
41.2292745892
3.23711620093
21.4302958883
29.1663378632
13.1726906659
90.6710324853
10.8541455275
139.793342907
25.1019464629
103.480494553
156.528478333
71.3365219794
3.00228458747
12.4349092947
59.3779924686
32.8817345592
10.2226693139
71.3356962898
247.771434784
260.625970443
297.137363361
290.439540096
75.0562995079
31.8734853508
176.278772078
39.2058998775
49.7194504679
8.958933077
33.7462040845
18.5852163883
31.0207956981
50.9698262556
41.2716584353
33.6271576905
52.7224620436
9.78910132545
16.1952880064
27.3593641873
32.5382660589
34.6639593842
70.6420532929
3.88938152601
29.1287293294
21.533181341
89.7897553046
7.60559671298
105.320664966
71.100666513
16.2634079268
3.94763125554
30.3805276145
21.6751380248
9.03590178788
102.582084384
97.0262177014
11.9521119564
8.1078834017
31.0578815603
1.05944319126
57.1713229275
7.01660263285
25.7239889056
7.30006666787
77.896214056
144.432267979
18.6279618006
100.82749612
150.781496988
5.53266402843
91.6723867702
124.394384928
38.3912366259
17.7890285041
15.9908035492
76.4867055367
88.6850154228
48.1467459208
71.2333993362
153.398977951
10.0991679377
98.4873857498
11.6486465706
83.0438068135
48.2696654973
43.6952742505
8.42856668402
13.5713377363
55.9943303256
86.0591548513
83.5187607807
30.0618543282
266.74234189
318.325391217
310.972194276
353.546399312
20.0793891189
153.838647286
50.7673722068
6.21045021085
21.2756733963
38.1476753825
14.5376121551
27.4353033604
68.4708626896
15.6412215254
61.5421768179
50.5233158454
40.1844476448
14.2893075459
38.61356183
15.259492822
28.760881681
2.28570066237
7.94832665003
54.3928300418
5.79184360579
4.47988196449
6.8671391845
57.6749123259
65.8518426369
17.9936365049
110.645795333
5.07566576487
60.4386922125
17.3091850389
69.4921931935
4.02261992194
12.3580460861
36.7944433241
30.6633142286
32.1182590625
53.3885442599
35.7582742203
29.5171769751
21.8288879647
27.0633879477
24.6716508583
46.7605467652
16.1771905108
51.3987378585
41.7865187954
32.4105594049
26.8498772535
7.43697743653
45.6348024804
80.0471899535
75.0877977994
13.9564854787
46.1759611353
84.2510733343
137.023308517
8.54405923876
40.4086935514
8.94945455193
68.9748904415
4.71529589289
9.17665914267
265.174098815
10.5863921005
39.1997426414
103.8087033
40.1915577857
100.656755564
16.1564437809
83.7802869459
64.4466309655
323.726508139
183.819764594
14.6703874032
36.4929466699
193.15778058
66.0065219874
11.1747840305
147.640924518
51.7770594897
55.3234055894
25.2818138362
38.4533008418
32.9853344634
11.9030652038
28.8605473863
27.6931246913
10.7984375603
13.3587477094
29.4639610854
19.9997620251
21.2538108727
22.938374874
73.0779015169
28.6355905029
14.3482239368
27.363662045
40.5219132343
39.0738804681
6.47516985204
16.6465224371
17.0348916299
11.5214745198
4.2329635175
12.3705350113
14.4399378268
4.34006071052
34.9377836734
5.72304562529
13.2422068592
5.74971785622
5.66376501346
7.32128326193
3.52923294852
71.6093173795
16.2527577324
146.421376331
127.753621266
20.7664827655
18.3567229689
22.0926694876
65.9058637422
30.3170523877
71.9736295204
19.0239729627
31.3501980758
44.5277361016
156.964435644
34.6961970687
235.08359866
28.0034131331
18.0165472023
13.1272095983
10.5898735467
17.1311511582
56.9208045194
62.079341506
35.544183937
35.2895073058
36.7908564835
7.31907605244
13.8112368763
38.154071591
58.8190326651
26.6442506579
61.5531019923
79.5737196314
50.4458399517
25.5849514912
56.5488854134
105.989036129
20.3454535113
27.9831550494
13.1082984548
17.1490732682
24.6061398567
44.8827068408
33.5867569871
59.3741263524
59.7440399412
40.9354798377
18.8719440404
80.9670013453
2.57548777881
5.62144490314
9.80926810068
9.93395326616
93.4718998904
24.3337133718
147.344336607
11.8594843641
31.6367439272
88.309146247
30.3786597058
39.7553647737
58.0497130509
38.3463780716
4.70332144126
48.7352598882
25.8360024404
29.2512020632
44.8528771586
91.7758957381
50.5566177278
36.8846786249
14.4781021645
11.8311912663
219.106788697
38.6904762462
35.2971479952
146.76389016
222.233121138
11.5855019507
84.8994562857
112.761530243
70.0971175418
7.78436247479
64.0368033071
30.8820735112
8.14881100799
171.901556657
79.571686123
89.0748373717
46.1306261567
10.6547385742
64.7839281876
14.2042080886
57.7857512736
32.4280828547
17.4839142185
33.4651579527
44.5275775006
73.4621650891
28.1692515295
16.074614804
15.0136114801
442.376636683
44.424002121
640.256457555
69.993396141
67.7484518585
49.8352265796
19.857110455
14.5552956955
37.7021273986
8.99765134032
18.6864433463
53.5886922151
37.6141804043
64.4229303191
30.4649384952
13.4069665744
14.9571739554
13.0882579278
30.1749159157
12.0212556078
16.8854734741
22.3972521242
47.9797753135
8.12909558797
16.26622889
36.7621515841
8.26493829933
49.7258342786
18.8299691449
9.99164657367
28.85746379
50.5536252502
14.0892331562
54.8924954184
39.4092331365
27.5825116021
18.8405907883
6.32353703609
6.43566795611
2.79215371954
47.4977873238
52.3881873662
94.0386775438
124.913901934
22.1870353644
67.3851986729
99.8734709787
74.3896331346
17.9955119824
16.6413622259
67.9820045119
42.9205889304
45.7003646975
39.0978506056
37.168564039
37.9413064781
81.1350857808
94.7557952044
252.966590006
33.9696354784
31.5349247584
8.22679390655
267.05508473
10.3040143636
9.05239112253
20.1821285731
6.45292599382
21.0727646619
41.9137011662
47.9235578032
8.48263977956
12.7718634348
114.9285157
55.943968534
51.4848427183
263.024040272
440.24618904
253.401047726
171.815524939
23.6513187164
162.628336844
15.4472303843
14.4981030232
79.8570137576
168.093446508
29.7744478466
50.3311350297
82.227381643
34.7312418805
35.9210845889
19.5116217833
9.84327598219
11.1730394323
5.67998890575
41.9729163374
53.1681674621
50.3677536774
17.9204989321
202.109328776
165.604632278
7.82496178114
193.301002487
30.0640877179
14.0551239147
76.7946594527
98.8066184174
27.863545421
44.2904387772
26.9795247756
8.87652025263
7.40733973932
45.7447083625
18.0255692865
22.9543786101
110.42464823
29.457644469
21.580781206
28.2139121339
27.7604185528
22.705228775
197.515049904
245.452440103
234.322821352
151.37586696
59.7047251215
17.2471103835
48.2913009818
32.9776219697
80.8073533069
24.3600918769
236.032664669
22.3703613369
62.8215507324
34.1698151486
21.0173511852
34.4721579054
7.82254077041
8.13611828639
38.3856353668
8.07630024076
368.689749728
38.5018637416
7.41573387277
14.5673614948
11.9764823788
8.0825334504
44.2809315497
11.6838546697
18.3456301036
37.8768752346
24.6457461919
111.072435108
6.01095431903
8.73925879052
9.15486932793
5.19848794004
11.9309677095
10.9108376614
16.1235585488
5.2106779805
10.9117236878
7.10550065022
10.427426387
30.3409495935
10.3984698821
22.9464820873
28.5045079565
16.6852740205
7.34716476586
36.3924103871
12.9957138702
30.9657026154
32.4178052449
17.8085589301
4.6472071056
14.9637253083
19.700231979
9.85946188137
7.83316286189
8.97542032999
4.81590506406
11.1713640639
8.71929392573
6.79537812474
8.25334549874
17.7081562277
12.8810797274
47.9608280331
20.6713905344
32.6795664483
10.5161376516
8.65750821318
15.538298153
19.3550972825
15.7675312452
7.47242334921
7.89079834325
30.141032728
31.9254066457
9.19914849004
8.46345116797
63.424526608
42.8296641356
38.4838062297
18.949830773
14.0837680496
18.6319328521
24.4908330181
26.1269678444
27.7023376078
36.6371445161
29.7932899779
25.6150289407
6.70725918542
13.8795791488
23.3943578228
5.60083874652
13.9097065194
8.36393956636
7.26290822022
18.0500738762
18.8895101089
26.1558357167
27.5641114053
22.9925170513
36.191809588
28.3062313347
17.9345329702
16.6495999384
10.6934481558
13.131207357
18.644598382
10.3504150699
15.3709120087
40.1395632252
42.8489973368
17.9311344959
32.7479142717
8.57851969064
6.7236978479
14.8066795837
12.2077108075
17.0551730522
25.4198884183
25.2391050767
7.32344998586
8.52318148896
6.0687974475
18.639869603
81.38642974
23.252656967
17.1048381138
21.5991013104
10.2207318123
27.1581409107
16.6862771094
4.6711591753
39.213322297
28.05699119
16.1013235197
18.278471692
7.59405989458
8.49965049578
5.72153082231
5.93866028795
41.7490761217
4.62204764599
18.1238935017
6.99040674367
0.0
0.0
0.0
0.0
0.0
0.0
0.0
0.0
0.0
0.00389570901249
10.6046446334
90.1237886861
19.8745382446
24.4942524649
10.733436049
17.115703739
18.4745374086
5.04181567696
0.0140044295774
31.715050195
0.016847692509
72.5889774756
8.86208444302
37.3177904509
8.11757977216
0.022793757719
24.6344129907
16.3084323516
5.43927541977
0.0156029925949
95.4378865571
71.6358244401
0.0160375177815
5.4291371136
60.3613622357
50.2348847869
14.6940074882
23.3431054903
0.0153475966035
24.6599103218
8.36530702347
23.818532109
0.0300917675761
21.34094662
43.2369232169
0.020888924006
65.808856233
0.0106307236066
62.5539114645
126.054691691
41.5018972993
10.9721734991
5.50341026065
39.5678054234
19.81555691
24.9177980699
0.00792539373718
40.7384400514
33.8271702786
17.2404273156
12.9413995733
0.0122267508187
24.4602631741
0.01256155442
10.9958796369
67.9729760371
7.60841675826
12.4502556088
62.9299824943
36.9614549608
16.7695652364
134.567759969
91.5407884797
36.981706635
0.0149893564065
22.6590922713
91.7784739928
78.7226369744
53.9652176368
36.6928536151
7.91775093933
107.05018584
96.2894420213
20.2894485186
10.2499835582
12.8629405407
31.2375903388
28.6803286977
35.1290114244
5.28277008775
10.4916755953
0.0103020750244
0.0115218175926
5.71372500645
5.23330637911
35.968258495
32.176230425
0.0108052259113
46.2767957963
21.1067769617
18.3630403276
36.8102461014
124.189215315
11.3412309441
42.7327993023
46.3771258224
0.0250600357738
0.0264247809939
69.604730126
0.0251583176322
11.6738507867
10.1419250674
5.86045360376
43.5615465805
27.5033586766
42.6567506352
5.2755659509
21.2373501281
12.477795498
35.4993546687
8.36838618977
35.286015727
0.022938437646
26.7580844692
0.022465459867
73.7878439761
23.5161763682
5.77352663005
68.240664866
18.7684274599
56.1840520222
29.752698786
18.0631783113
68.7061322798
45.7217167687
52.650936058
21.1626136843
47.9325777867
80.4887475156
16.9863469854
7.30773360365
7.13669227285
62.9004212911
29.1410891063
58.217418526
44.4480569935
43.0393593752
13.3369109526
0.0336999740337
15.2886885204
30.2736360713
59.9835661682
46.1868843572
0.0294356959565
0.028245646417
37.0571162436
31.4577138191
23.2221323422
43.1341676283
74.2734706839
44.6664997396
24.7301319995
25.2956082461
6.64728393041
7.74603793055
7.14699353146
0.0269470119605
50.7905530507
43.6994518486
0.0278839631779
7.76199979946
29.4905484439
13.3766031783
76.3008248122
81.1349696586
15.342173324
61.3846056727
17.1073224336
0.0479842256723
14.0377525274
40.1760340428
18.67356354
8.8129704367
29.6785706965
21.0611978161
37.4020281849
61.7815659467
0.0605538605345
52.0042477653
32.1591338666
39.0732631309
0.0587276679428
11.5157942246
79.9637996082
24.3160519247
16.4711708458
5.50268660094
0.0690163072186
29.165483769
37.8102544765
13.8009030472
50.7957474481
19.6126049755
0.054928177728
15.929711413
64.162345311
23.7520925788
14.3127836582
6.54419329025
11.2710080147
16.4243764153
47.6542140342
0.0923665760764
6.48818511674
15.9283040031
0.0568958509152
51.3671261631
0.0617549574356
5.16517123393
28.22412032
6.29425246228
81.9608095702
0.0579887871038
69.8163764268
40.926072022
39.8973060499
45.6706560947
36.0058834294
34.8719978062
0.0461710740256
0.0429536570774
0.0415759058719
22.2292307907
131.048944834
6.61863084912
16.4214853033
34.5530519155
5.11462754774
0.0613479475906
0.0460605372819
17.1683852382
5.74599171745
0.0795245472716
11.3121246992
15.5914740106
8.36831012232
8.64166189333
0.0199084564222
0.0264092657288
36.4067210957
34.7670584535
32.623597307
64.2868559683
0.00621016727354
0.00595312507924
18.6775290386
0.00248766743329
0.00277506043972
42.6686597306
0.00112236755909
15.5981959487
12.0189500435
22.0337319695
5.55700949003
81.2524737981
13.1395503129
88.1497327913
38.985664785
7.73120655299
0.0
38.4629564541
5.90866905975
41.3822125142
5.51874585477
0.0
4.94789715011
17.6510903935
21.2639679161
0.0
0.0
40.1054438991
14.4528594909
112.329239273
72.6825698271
47.0351832754
0.031617537932
6.26443476927
5.32495613381
0.0133918214599
0.00661027419458
9.55748622404
7.11122696162
47.8355043588
45.951708365
0.0501548032324
7.14116192934
0.0709824665817
43.1033969569
17.5799747598
5.17697256564
39.0354492392
41.2061565383
82.8661901706
17.4468716733
41.9484107779
21.5384405288
14.571459863
0.00975121248877
0.0127993406846
20.7358328472
0.0128576462873
5.19034375162
0.0423844319864
65.7804343555
0.0772009869252
8.61173837849
6.13409943543
6.70964459326
0.0220506306748
95.281538658
0.0198346246418
0.0241201240808
35.4722237801
34.196636146
0.035318459833
85.6999862257
6.59972030861
10.4412101077
8.91442551753
7.21866199232
9.06657514126
28.2899118417
0.0400638010498
0.0345349075295
41.2709569136
23.4028743399
7.28630790458
0.00915633828109
25.4682115566
0.0161439480715
0.0109763429027
7.26586659119
18.5766262747
6.66003696159
11.4122178711
10.4376706574
6.47592099106
8.17926541509
0.0534334205404
18.6746435048
33.5120017803
12.8200961235
11.6681877522
0.0360691223441
132.317491947
70.1238318408
0.11750842155
0.0908460612044
14.1270886199
0.0296989801076
5.9178962405
5.03572427538
14.9066837115
22.3758853029
0.0418031366069
0.0338324830444
6.72171349522
5.71787719124
6.1890729501
34.7919340768
36.5122860253
0.0256762050321
24.7474432096
9.47838539621
6.22796370201
39.1323249844
0.0831757629303
74.7953862986
0.064442002261
28.3216497636
30.9526178233
9.24382686689
5.52517652771
0.0266850332888
0.0262802706787
11.9410777448
9.49836513463
21.7246067427
0.0509729329398
0.0791016347466
88.3501088156
69.4585691193
37.7485878382
5.68327247025
17.0687821038
34.6729049972
33.2858475268
0.0357758092234
90.4034933664
12.1533935325
25.3734030152
21.9168922545
7.77709455439
21.6796737262
46.078674986
31.1757977053
25.3971018437
0.0131436344848
104.50906473
5.51683430627
70.0628417158
17.8497296377
84.9570810757
22.2446111005
0.00286351139247
0.00165882003121
89.6978720041
15.6717380955
0.0
0.0
75.5318874596
160.540730621
8.37036914139
15.9997098588
34.7209413058
23.5438647428
8.24021239073
940.55539158
10.17529627
39.2011157059
0.00944203400321
0.00719202680675
16.2971694812
6.61406757592
0.0285860270265
0.00953523708182
16.5312494757
47.5631661478
0.0144828359439
43.8864813118
7.80479355725
6.76165105854
31.4125475081
0.0103791648119
6.15368026441
0.00643866692397
5.08345687108
4.98747673357
7.55222343046
26.2313774661
60.2250531604
34.184332411
19.5621060651
0.016385596508
23.9844722977
6.66556274575
0.0223653522177
0.0256265857139
7.16739841193
0.0466564658275
25.4664239916
0.0840245694394
0.0360987390708
0.0250083865018
0.0216048273045
5.8159789196
70.1388131647
0.0379434025791
34.1623708459
32.3884455461
0.0904534511601
40.4049851439
0.0850175243861
40.2072094348
14.5061197022
16.8855486372
5.42935385573
15.2128643598
54.14150451
7.01551332148
0.0155777515842
33.0161136384
1194.84189426
33.1913032694
38.2010289729
5.79908531196
24.2684684077
0.0177548160089
17.5145304302
25.065965587
14.4265283856
6.79096737193
0.0258169917432
0.0341528535867
6.52386063376
21.2648269208
42.2613284221
5.194658954
5.49472083822
0.0221123745868
24.4409037213
0.0712394591721
10.6076078605
5.34737716153
21.4689713713
16.4744025283
0.0601444420804
20.4650334762
19.4797744749
49.7410475144
0.0364427673363
8.72651433803
5.48964846573
11.4415705996
0.0816684325199
0.0798732413939
0.0859673048255
14.5990114013
5.25123478184
6.19717803891
5.7081673261
6.04930117606
25.2608040128
0.0614218964266
26.624955232
6.04235263338
9.12619311421
0.054318183752
5.70095065784
0.00982450798707
5.35882034976
0.00869175954553
18.5414791753
8.28963623369
73.0191068327
77.3861390898
39.5741269138
16.9892484947
6.67577136478
6.63647191844
0.0311255343786
32.2024861977
0.0336039578466
5.89737982862
0.0315035568297
14.8582175432
15.9849845682
7.47534203679
13.8595667298
0.0209680642699
0.0177627952616
20.1524816203
0.0136492098538
25.7576326904
62.6914668526
75.3554001538
63.4494641004
34.5218605292
30.4637083895
7.67947368301
0.00376382282537
31.6080563144
0.00215004861408
11.8807316767
0.0
0.0
5.11431325997
0.0
100.772207789
0.0
0.0
5.61606589674
0.00364485365281
0.00660303001699
0.00928712795608
19.5522645745
0.0095087952121
21.0865401497
0.00708124517934
0.00751729848369
0.0154174417302
10.3948437261
7.90632205478
0.016666334927
5.73462356687
0.0306370157085
6.46886583822
0.0482181614308
0.0374153425412
28.3324016693
0.0469069054762
26.5737965862
5.57333760566
8.94702127909
13.9681651045
7.41455871422
16.5983273537
5.02504356599
116.457097746
0.0172709554268
0.0213232144399
29.0651082906
10.8362656456
0.0164505246893
4.98338306628
78.7054313136
35.02827829
0.0170396812579
0.0306714778472
5.26936926613
0.0223500500773
36.5532591589
14.3339913236
31.2178304382
46.0827309432
37.4108126576
70.7877340698
18.618880436
12.1021438596
19.9237356213
10.4102619544
6.45036163524
100.970848747
70.6417268407
0.00275302591947
36.5851530443
0.0
27.1877659698
56.0572037147
0.0154883829238
26.1101660211
6.87920408332
0.0107550015905
101.362033855
20.6857057716
16.529712387
9.52282976654
7.02145173096
8.21065433362
0.0199417328668
5.5498942309
36.7742415848
12.6211304608
31.4527785481
26.4459120987
84.5430557966
19.9204594631
0.0868567373242
5.26548101728
12.7342756297
5.5773058719
0.0126543686702
5.41791863631
5.97901634045
6.75354115113
43.6768691705
44.901753344
8.32274899724
13.5786466917
14.7392261799
44.2897012803
44.2041817575
0.00739018400687
6.78558116373
93.2803680276
5.43122765706
13.2491004482
0.0204696358121
30.7667094571
29.5359483399
7.0992385577
22.3802633319
0.0271131594094
6.10484479436
49.7754747802
18.7526207222
20.2991802453
0.0441670023432
15.4688087404
0.0868757231389
0.114835104236
5.36008888822
38.6258089753
0.0743947876195
7.93044345001
30.6369140933
16.8364126775
10.1618697259
6.14571401831
0.0696873553075
24.3285470022
12.2976021576
15.0628352181
8.4636850909
14.9561870965
0.0186697956403
6.5589359722
13.2507392965
0.0180878798953
79.1402031442
0.00988380191042
70.5847610614
58.6885349042
34.7537462302
75.4456993905
56.9133440714
25.5678681005
16.3060266836
0.00199824425037
0.0
0.0
24.0982736698
83.2031779348
0.00287164924776
5.37781733395
0.0
40.6563771959
7.67570456117
0.00763733107659
23.2942310756
11.430905132
7.20275236545
35.7546056988
21.7144240563
0.011170931315
0.0173635842723
7.68680784176
9.50886967555
6.18516922429
44.1363093787
12.3751361658
30.9631630867
6.41366935408
7.19769783628
7.20179463744
10.8363671007
8.12324455512
0.0387001794506
70.9201919573
21.4617897991
33.1558523465
7.07184291761
15.6288106956
0.0126088321525
93.3093865923
5.1982818722
302.501782757
0.0
5.1061049419
6.15000700525
0.00257392055901
47.3885667441
15.8420369351
5.10867731985
7.88838460034
0.0241663894186
43.8584886606
44.3093999195
5.42662436186
58.8313777655
0.0358644934277
39.1605246067
72.6212035408
13.5986487711
17.3457305934
21.4084953493
11.4192710007
66.1798103661
52.9238046507
63.721670612
79.6582348486
50.2856152219
24.2322471383
6.66080137269
5.96401774137
5.64079060968
7.13656734737
6.93068798635
0.0144422324166
0.0131058783818
54.7505418828
0.0236042633622
5.09164656902
0.0266174847859
0.0450469993354
12.3740330622
34.4267848526
22.974797885
9.22253435751
13.3736232688
38.2687354799
6.03274712405
6.73560904645
10.1639638977
5.76960593421
25.9021366614
6.84770755453
0.0232731263039
15.4625247194
5.41446188368
17.3911782289
0.0319053556536
0.0591400013351
0.067563242345
11.207360662
5.60833066951
8.1638611503
17.3975798836
5.00351713036
20.7691210208
5.38804926022
20.2787062264
12.9865741248
23.3583388175
0.0794712709644
24.4818691577
19.5413865597
11.7765752762
17.4055949359
57.3206094389
42.6134871583
26.8204534282
0.0855748745902
27.963457707
10.1193571391
23.075407346
17.8696965022
43.3972459315
29.2796125318
0.0387699827508
18.751601181
16.817373651
0.0278466643611
10.7332712418
9.55548147046
8.02547729474
8.96504614066
25.1938159007
26.3700726514
30.312093189
11.585452554
23.0974514561
18.6217023884
23.8923685606
16.8582245852
19.2112003032
6.42243301924
0.0585904990296
0.055748772657
0.0486055011299
385.431770939
402.008083566
374.225203089
334.71169131
0.0023524312056
0.00228749605879
6.18426032514
5.23042681205
0.00263416417759
6.25883807021
5.52853415931
5.32953279121
0.00314452815012
20.1000123617
13.3413188151
0.00752049810244
25.9729895443
5.01527460139
76.885295262
27.5772731316
5.97475850924
23.7866820415
225.887789756
0.0125472443026
0.0152836286506
266.26027349
244.614159911
239.224214199
217.547308689
199.08227444
35.2727639911
5.62711503103
62.4433712563
7.25711878376
22.568076513
5.04184979071
21.0662098371
56.9527975162
103.244607177
149.557393032
65.6429129496
59.6826871012
19.2815888616
0.0118641168773
6.49576019248
9.35720934784
6.02620623965
81.1029058838
34.0466759924
22.9770362887
10.5665020074
17.1688847909
6.15211047075
4.97311612527
12.6765674047
0.0027311247244
75.6067526629
0.0
19.8485502964
5.0990540245
14.3112497129
4.94769801888
8.76733297198
24.8128479656
35.0112043069
32.5325870253
0.00579614255646
19.1926481299
6.37736242708
24.4960780494
23.3683100351
12.7550017345
117.834033719
5.10383489526
0.00344463988847
18.0166040696
32.8573501355
0.00461811475596
15.25957604
50.2443773775
49.3302132259
76.5800810632
21.777355638
48.0543377336
8.82030315005
44.9201686967
0.00383366863583
0.0
22.1710228645
0.00191143340585
93.8888896907
80.5649282298
97.3964027689
7.61025187587
0.00435189058677
25.6547061477
13.3232889966
246.375121845
138.002107352
81.0958776864
34.8578807766
0.0
0.0
5.40112426307
6.26706320316
4.97525255718
0.0
30.96636136
24.8384360276
33.2278110603
39.462427337
53.3661033625
9.37495985108
0.00976994256884
19.8787432148
5.12174832717
34.1441247967
7.8859837071
6.44963274391
49.0193637398
0.0110733994901
0.00946976890052
6.19979971703
17.6092253237
9.35041682268
5.27038277772
11.9760028433
48.4669050578
6.48094569722
0.0
7.08831848074
14.8225550777
0.0
69.9543950028
0.000907250357878
6.52035129039
20.4459325781
36.6433768106
11.6812459271
371.207073075
17.6202163319
35.2230637246
9.26559945809
0.0104338259304
5.08021513221
28.4060275746
75.0105821462
0.0121183150978
0.00899027873636
111.301794953
59.0404057027
7.1873175138
34.5316283701
0.0159086149466
80.8290367642
171.474448792
101.293657265
0.0266414820142
7.54970350829
21.5486455721
5.2004360654
0.0752777332854
0.0824093291903
18.5162503618
13.5119965461
60.1163085323
32.4415333447
0.0285639413238
73.7072721555
51.6030655386
5.60552951593
128.667259876
68.7871523929
10.3892572008
6.76047551209
0.0
50.979185741
5.48274187364
8.79102348297
0.00124449776675
11.1251085295
14.0387237294
5.32183583634
21.8020724454
18.2985487901
135.352120987
0.00839339537019
0.00887363029647
79.2869041447
10.2956476244
15.6068047243
5.67821578538
25.9475579661
0.014976009031
0.00215570304877
94.1149792501
7.26860732074
6.85783648402
16.7734457696
0.00428382112505
0.0105509091022
104.461133081
49.4761547001
0.00211461549334
14.5419675004
5.04872197849
15.8169557426
0.00542863600719
0.00305628980911
21.5739326462
0.0
23.1062529012
0.0
5.22961854086
0.0
13.2220700896
0.0
18.2843516054
0.00417824095666
7.98714869944
10.3517601319
13.607958204
7.4682654348
0.00200068572986
6.51746854225
5.16852196593
15.7687114091
7.13421113511
0.00595243800144
0.0
6.25696517565
134.324642513
0.011049897319
5.2077230673
0.00361236106673
8.47264207901
11.0162996321
26.8795335003
1028.87360207
27.0761594499
27.1416035272
37.5198277019
49.7530623091
23.1274965085
30.3910471189
19.644206491
11.6991460471
0.0017226285751
32.1598398132
10.9841644284
20.5273006452
34.8057281118
18.5283716371
0.0
14.0505941949
25.0311571859
9.8465026166
11.0917023666
0.00718041597765
0.00901905933583
6.61951429861
13.0431343222
5.28081567823
0.0260150484041
0.0294348923056
20.4734950166
8.28518879226
6.03845489263
464.807000275
342.16588671
230.194300914
0.00427216118446
7.06722075057
24.6443875743
0.00268579268995
4.98588406529
71.5369237784
35.4585562012
6.70892713575
0.0
5.16661746794
0.0
33.5076715095
5.61561986641
20.0232771965
26.906911284
62.9591027765
89.3677169094
20.0289391908
21.5137259449
0.00872272452803
11.6657984148
15.6070268707
61.5165338112
22.6603864403
0.0038740213007
0.00723373265452
25.1684046091
0.0409621347379
5.8978901542
19.0924101447
8.72580598522
85.7687671128
6.15202966984
19.6341487898
56.6260696578
0.114989604793
23.2346053448
9.27539717335
10.6543528516
21.1435226217
5.30552242758
8.31049637895
4.9562686052
5.4910966723
30.3741934001
45.2429018841
6.95922184022
0.00233779343005
0.00259479667513
0.00426400012127
0.00616590062093
18.3952545741
0.0
18.1048424501
0.00385644130339
5.32581126349
19.062043045
53.3749732822
6.22919797722
0.00516319768818
23.8497788442
40.042932477
37.1535954966
29.112016428
61.0920359324
37.784852682
6.74506746987
19.2756390371
24.9327383143
74.9665214536
0.0125842952779
6.65030817045
0.0423233508161
123.361778158
14.860400232
12.0012862218
13.9430826432
0.0690961184603
20.0055051571
7.9954870683
0.0620821193973
0.0563792421717
0.0509936603574
15.5752575588
4.97171095184
12.8190502171
0.0407468630897
60.1571979681
6.72428979072
0.0286413015024
69.0453583264
39.2437146678
6.69388390193
12.977326652
0.021369030599
0.0139022671139
28.0645652677
64.6749276192
0.0
0.0
20.4090422709
114.722995185
52.2755290271
13.265451348
54.7463613255
72.778535964
64.6633266171
14.8432279032
0.00781509134255
10.6639787723
6.30388310434
0.00140596989052
1670.88141377
84.2941008265
78.7498678948
44.1589556543
42.7220003708
46.2817656725
45.5589052675
44.8734544248
44.8452931505
45.2487413175
90.8044964569
0.00613613710576
30.7126959155
0.0190367698092
33.6995251818
0.0189202170988
5.02338885316
70.9149146064
67.4737508984
59.4260896325
0.0464231938425
0.0399984755597
0.0765915032784
14.7728524959
0.106493660541
0.0882226690397
15.2140774427
15.003440905
0.13339431725
0.107653995001
14.7097553564
31.4815334282
15.8221929288
38.3012837166
26.4941021935
37.3567165019
12.0460720313
0.230760739204
0.221019701473
11.4850158007
11.0146771933
34.9555178038
26.7718538964
0.17814683624
7.01352974799
13.5684404489
20.2836830677
9.68007804136
55.4611129452
0.0104214040208
22.8940387459
15.1254847572
44.8185198658
56.4605792899
23.2565669452
0.0115591593191
0.0174728286643
5.2586903858
0.0117403547267
48.5366446899
49.2843989245
47.9767344889
0.0169778965235
7.0776427994
8.09382709398
6.66940102653
43.5630811964
0.0836315822534
7.6943289125
0.0234730641289
66.0155276527
53.7883969931
169.1026865
19.400895843
34.29673348
8.53670534986
39.0352076615
0.0688263074854
137.19912726
59.2633734756
107.421387519
67.2757783723
8.76703497331
17.7920882828
0.0909760093444
19.1375956685
2.4309198898
59.7136134171
48.347121285
25.7150298862
31.8500309065
104.124685932
42.2570322698
44.6858161706
19.7721882667
57.9664250241
104.6276197
62.558766344
71.62298348
8.59812902521
1.18203527446
57.7627116038
0.982310239918
79.3426892371
11.6014795443
30.9616900188
14.1002398633
1.46061405878
33.4557407923
18.2627321129
1.72854592847
2.27615687237
54.1738777807
2.90564922097
0.971575925957
79.2280195615
28.7080013524
4.37311234609
5.20428505176
23.0979352927
17.7849138333
74.7992236282
73.2151121835
3.6250691935
45.1447672547
14.571876461
32.1034493405
11.5111994111
1.19947124058
28.725593552
75.9517895181
29.6781988088
2.13139651956
43.1612243256
8.34740323465
150.759547792
120.570801798
62.3144806561
48.8440329689
81.6844834362
18.7927015768
65.0811630069
62.9187541366
67.7745150218
0.948113258035
5.5818046237
29.6594458141
26.7557982228
32.7487596606
1.3216429428
67.1969138409
1.34250134525
64.7685937839
11.5383387682
19.4645711051
56.2406336754
27.7531004058
37.30412444
23.017254202
12.2190805489
19.0577047046
11.5942415803
46.5446156316
13.1333337137
50.4723035289
39.9635095577
26.4976055432
69.8969169497
59.5469538109
55.4781635142
24.6740113853
27.2619277127
10.2659036832
10.3458325395
2.35874156341
67.6630177898
9.66174058696
1.85248042031
34.0410338423
40.8737541963
1.05529698506
72.4368146335
9.93908159898
120.834139026
147.077017444
39.8410992652
0.839898666177
31.1401607296
26.3032046134
60.566907763
18.0356654298
16.1805142346
142.235850721
13.2693519021
10.6831380395
59.2088296023
9.37410601448
93.2974200989
9.49899930032
11.8427492352
15.3661026004
4.21834595074
57.3413869645
31.5410900298
74.5178242964
12.3083003705
29.0038842719
3.62273467233
0.770389367398
26.533885427
0.119371690889
0.0705009196801
79.2149999975
68.3863838696
0.693279784924
13.7998937177
26.288297459
50.2952671929
2.75413765633
12.0362777902
92.8561344147
43.1934426799
94.3339285478
1.80742810381
55.2269148666
56.2944379242
17.1088867858
4.88471633469
8.68225879642
0.821350154197
25.2841129306
3.05974902827
77.0730360038
18.1762461775
16.7111224631
92.4524323698
2.91627029833
124.108066837
110.517571506
2.25672265452
58.513994295
62.9479111247
16.7382654017
3.40119681099
46.4748894232
39.4820703405
173.010432621
10.8001806938
6.69883897169
10.2455977745
2.97726628808
133.279850388
2.72038615961
14.2417638891
3.4467167915
22.3804076759
18.5714547622
52.5468173861
74.739762015
37.3386993893
33.8543618402
29.5158822721
40.464607434
31.822453454
34.3212024976
36.7873926387
46.7371269124
2.54714954812
64.0486942101
37.2943003435
18.6944715311
30.6211898951
10.8510941581
61.6855012092
16.5643342733
98.8781123728
28.126715173
42.6310828383
72.9292801164
13.9479413407
12.7368386631
26.3824789214
30.4551735301
143.421127776
116.474909452
38.8078865995
61.6467195969
58.6273189229
8.80684166078
40.7384502066
92.8960855092
110.861470796
46.5787876368
18.2320108501
53.156886676
16.3700461208
11.0170834454
10.7744601417
25.4207403635
47.5752744305
6.66310784202
1.32728492351
36.4424629367
62.2853803914
92.0187033744
47.0011891134
3.90136075402
5.60564839982
36.2010746117
25.246095714
40.1224108654
133.724788903
194.134254801
183.542487548
65.8633461784
26.7131983673
122.607731245
37.2006524839
21.3916512543
12.7646915663
4.86077821022
9.96679553615
55.2664024762
4.06102038821
3.77336130065
11.7330698829
3.59555821257
54.6352324993
2.67600943986
28.0588235129
31.721035436
9.20725312008
33.2213623277
27.8561090341
8.45947394151
1.30251396031
1.69418522821
12.1077490953
67.3120953592
0.69161285203
42.914062445
0.0
84.5784841968
50.6057722808
21.5726931159
6.13330919386
87.4621506016
29.8749738167
81.9336676847
4.31938456675
5.5844351664
87.6505654262
47.2551165323
2097.48697328
105.290465921
39.5471748107
99.0409648974
64.2334714543
10.6012330243
12.8589378478
10.8080927258
38.3247014792
4.57313237838
62.8578525876
34.5414647851
12.9296260247
47.265141196
54.3654854503
101.105823916
49.1187443124
159.989747415
133.290724438
122.898342298
29.3660255042
9.13999414312
11.6936658088
91.1042851829
45.8000201038
88.3832110519
17.60110478
32.6271033027
10.6193316201
3.23316880634
112.583853182
37.4081457266
9.44306020237
56.2002538425
112.86524847
10.9703363704
29.18027705
16.6509979062
83.480042325
8.8273112766
15.4287344337
11.8898225572
6.52179121106
13.1087105252
18.8653999421
160.035924684
198.399906206
189.252832762
55.5585871152
52.1135083972
32.3105581609
29.9439916585
2.64513833736
69.5846081471
42.5032541266
8.35069787924
1.25964508986
35.3764038194
49.8908845365
11.8759322492
1.60271388417
2.28763427424
46.5772774759
65.7624377444
54.5340784624
41.4947644705
13.8768137648
80.8360239402
7.39153689526
15.0226712134
26.5171806974
20.8720423436
11.5737038668
16.7489478475
22.4146529649
6.94397641336
29.7782485073
46.6874480181
2.1820353498
14.8797503671
33.103565312
29.1695915623
85.324708426
20.5391091092
10.6744555752
19.2637910594
26.6296200084
103.846824783
29.9134077939
9.08385458482
44.7885625008
91.9513409963
17.8019776734
31.5531928998
1.88730786954
4.3712394666
53.5482311827
37.9734310406
65.8072241392
19.5792668672
5.58374497794
26.2624972262
47.2366227699
43.7417821764
75.9882210927
116.816815174
7.26053158202
24.2696355045
43.3466004729
17.8734170688
10.4274962468
16.1930670104
27.5413681967
19.9438938149
15.3187829516
21.7270271332
6.48004479603
48.2618369893
27.8838006891
42.0580435622
11.0739387624
4.92738309514
17.3190901805
3.31522751551
94.6856200969
4.39509975255
31.4123323133
21.6320519309
25.7507374917
54.1622267568
17.9827397846
27.4396564201
18.6032229027
1.44497663652
22.2472007778
8.42876045794
41.2217556323
386.911446635
26.9601044295
9.68829446483
50.9986040688
91.7974091322
10.8415596701
130.082245313
28.8746700432
42.5636887981
72.1361221402
99.2258849969
59.4256042642
31.8238406582
1.93515102753
68.9019242051
54.5930586074
93.038101425
58.2273282032
60.2453315495
61.4425247123
24.6374863385
4.47604087329
47.887453741
8.66224282569
12.1799572432
61.3796411459
7.14518646604
7.29511535491
106.345904889
2.8900100522
15.7346808872
10.5062217259
54.773644922
237.084905453
40.8145768394
40.2807958093
31.8764037945
9.80329848022
18.1544144478
31.1085845628
58.0336769002
51.1480138583
47.1346835272
25.0176378047
45.8331384167
45.0156665953
11.6409780351
37.2839904476
19.1855168046
10.7905936328
10.9416363775
26.8906719264
11.0488589081
50.7536141311
57.4495934205
4.8764218654
48.7561170577
54.0770785018
12.9590482224
37.3320243251
90.1664852814
12.3739403671
62.9127510771
66.9034210067
90.3758902787
61.8665655999
55.2553297118
47.5463105471
54.1995671481
63.3153400246
56.654379499
15.3758330319
14.7519553462
17.0606113882
62.0609728507
33.3730669699
36.9413442064
46.9804686232
6.15929218306
7.47048348832
27.8954859756
19.6812478271
13.9081111348
10.2777731505
50.2337286428
55.8655033565
10.1617512364
59.0867520149
1.94437379677
28.3873775441
95.1813314334
73.5285971765
9.04383272889
101.448453564
114.683944061
58.7337261311
37.5048142258
72.6731106594
27.3601284344
10.5917368407
5.2807188457
68.4747520387
80.7988659068
81.1532396291
22.1767368477
14.8403015906
78.6068624285
25.8002961118
20.9958848992
28.3974213834
5.90231582539
24.9646269476
27.5154491774
58.0538515316
3.22578342615
74.2814304811
3.09427179031
83.5327972437
27.8568946299
44.0274919534
24.9756654241
6.0651500462
2.59618337395
2.9285887751
27.9248220852
53.7931695121
19.2256278684
29.2558274576
41.9656129674
9.44711202877
8.3476334668
38.3984498039
1.92948493404
2.23009388146
38.0270155912
20.3974494609
14.7842332695
2.11076897843
18.4558187183
77.681468821
77.8742204483
17.5923544097
9.71137475002
43.6531419049
43.1990490836
2.07337756347
2.03449042689
2.85187740544
3.34166514437
138.733595648
90.5966983569
2.33851382805
34.5656402895
41.9105658704
90.8544844501
34.4209322812
9.29338251704
19.154334909
2.30059211337
2.28531485382
2.32572279708
16.6887364522
7.79874456725
2.33273383009
54.2096320403
22.14334259
2.22931480663
2.12917023287
8.40007858581
2.37860963446
21.4243862818
45.5186092261
1.71293128555
1.95063760494
2.30518388701
8.1593235151
8.14552327452
9.61378323298
8.91094046227
64.8521004421
9.02074922759
36.8912418629
5.88472819597
10.9574972275
10.6772528638
3.79339484373
20.9352741896
3.60683821061
66.9928984228
70.6858820562
31.1903311357
9.00851147119
8.63482198334
12.6296748716
45.4235696706
21.357764868
2.84809250346
39.3184066722
41.0101354254
79.7029484705
7.96496853689
128.100023522
26.0967555637
24.997594624
64.7477431023
2.24834095655
52.0359966697
9.54114513807
36.7626374392
34.6308349873
4.71078255279
26.3794511453
15.8236012477
7.54593310062
2.18042043509
29.5071988271
8.29609659986
39.3686129462
2.56395696922
2.46893086324
41.8272248854
83.8896218948
37.9585284927
19.9299391037
8.54475496944
48.3385729103
17.4372016655
53.6864501168
24.4133208252
32.7163480371
3.55511914458
3.41153676614
2.88961720033
100.335442059
9.07056089915
11.1410476483
60.7536537563
13.7261609477
9.62883876611
55.2534275758
45.3297192021
24.1087817372
19.4212767572
43.4949387163
36.1133853839
5.93710790076
30.9856322804
47.0306982607
89.8437650883
47.5492443232
108.044549892
41.6552413636
58.6998870305
20.1985444555
3.1299755037
15.7040802715
8.14387602574
26.89346544
27.4283117658
21.2088305396
3.18460286423
17.2501184277
29.2727979626
10.8723103423
5.18104355838
9.38568502859
70.1637515274
21.8743768798
3.25256431086
3.10171981373
3.91118360666
15.4932798123
66.1049705588
6.16304633343
2.94694266404
9.41387170827
13.5222614806
24.3432568908
17.0820686324
17.7865412533
30.933220791
13.3978027143
24.6472894013
3.66506455379
47.22366176
19.8210036425
1.96248303923
14.0126742567
2.20529321721
16.5033393416
39.3803529492
2.99198393086
7.9662183041
10.2885279933
49.1059541084
7.39365542248
12.2460780178
28.2566221967
29.1924690025
29.904649754
2.76726810675
24.9124231241
36.3742258963
40.3025144117
71.1564041968
6.27030030606
61.2110535126
9.63759370388
47.5584286587
3.47632471099
8.67009407517
25.4876699646
56.6497526055
55.0785876036
5.10394295696
31.7788040519
7.66337273201
3.51020911078
3.88915985386
289.75939548
13.3508144334
47.3734680491
123.2274029
71.9531278721
32.5420691961
21.2835553475
13.2196102665
25.3462356352
4.11445949987
82.5180604495
54.1571078242
36.480807168
13.8964129265
32.8072928151
9.37109685433
23.7976516968
10.8717309427
3.04040929533
18.7035149144
62.8200948078
3.82087733137
3.71220578485
15.9066871747
9.92436543665
14.063053083
35.5767568287
6.35832923781
4.99096028225
6.80441974809
18.6630506167
101.852022731
23.8274958465
184.900399661
94.189733405
51.3102241696
30.0834702809
42.2252527847
53.0054384139
44.9571510774
16.4150777661
3.18663636887
9.00306238225
9.26418840178
50.09268351
21.2292180552
12.2917708274
47.5035513837
87.2914133396
58.0401881302
16.2441252237
22.3370581204
5.72186846117
120.239086272
45.6393112489
42.2974772544
135.283156062
109.778815731
60.2809325237
3.91573159268
2.96511998729
71.913751282
29.1260789072
6.15226693621
34.6151599283
21.706823649
8.58403937838
38.968113773
63.545846432
31.9046579913
2.62369769017
21.6167751045
4.81910291007
16.3946856696
48.973976662
19.1410500049
18.2927064588
44.2789618132
17.1458320525
24.4947253368
13.0454118874
29.0547441544
14.4742274268
30.1125135745
23.1441077522
61.2910971577
62.9574052932
21.241846965
20.1757408392
18.1845117734
25.3040911884
24.0356884371
17.9606726423
35.1398614496
37.7870691712
11.169378075
10.2129956949
40.5924141894
15.840702518
8.54384970064
19.2515112132
32.9431006224
7.56340734565
79.5049329531
23.9213176308
4.30683172839
24.8974220559
62.0485584148
16.4792867739
36.6683403313
9.34488210488
0.0
83.0212697553
33.9851812163
0.0
7.50947989034
9.1669665397
81.4349468741
80.9839574654
33.8914945205
2.3983077248
77.6565640524
95.9783456715
14.5772848644
13.3853527819
86.5608936752
11.4276335327
27.8927812557
89.2544403695
17.5354268282
5.69459260372
41.8878247031
66.4781587374
14.7167787051
167.911064479
49.5146080367
48.8746332976
35.6641299317
16.5628700664
10.2572317322
40.6371775736
35.8525208009
19.9086673362
8.16403143025
9.04982419885
60.7661677634
21.1376608657
22.8287819919
13.606628527
43.616603358
20.2374104852
184.623006654
34.0711948724
16.8465157015
16.2436392941
45.268215454
25.2859338486
17.7951937404
10.6120451293
101.167681395
141.09284451
46.1812666218
84.3402846728
51.8149937052
90.969453057
25.0069704653
23.33640994
39.2271768397
34.9655475474
15.5958495868
26.5697233824
7.6331622549
8.64487814908
32.0120451073
24.2405790638
134.195091022
21.179165314
6.82684461249
38.6853499752
41.3068971859
16.203107411
20.027431889
24.6704905412
18.2460354247
19.2968161211
8.64661153306
10.8621675187
14.0851673685
19.493519523
17.1052909095
42.9046731288
23.3663811505
19.658582562
161.304811656
98.3144195311
22.3440001373
17.784702122
8.69610062598
9.14044541603
51.3897668527
71.9833299295
11.3340342975
19.0955695047
21.3612229672
38.2815246106
7.98924167233
53.1084424968
87.5656554372
79.0029724378
42.028190161
26.8264000521
21.2895908606
14.0917121643
38.7455644722
45.0231040168
46.0746734003
87.1904856631
35.0062947793
46.6981387413
40.826021502
13.5849902775
22.8308306873
154.029152799
17.2302101455
79.9145461566
21.1476377693
69.6259725503
15.8153563949
82.9444085741
70.5534237023
213.785712126
59.3175112746
17.0998362855
22.64955388
14.6527842861
91.9521204755
48.0864554358
87.9417175286
57.1126726349
50.523589033
22.1684968583
19.2210839809
51.029360575
61.686287953
38.04424852
25.0550755963
8.63938957142
20.4323920788
74.2883461209
61.850537257
52.6344791576
54.7096674164
18.0026040099
10.3472604464
21.9734317514
84.3590521398
44.2698452916
0.0
0.0
5.02470886347
154.543970343
17.3625884994
12.7633671775
42.9063109655
26.2935541443
119.90103167
298.706969538
838.812469858
40.0562533868
21.0608508979
77.5526992543
24.1975416824
21.0197070555
0.46074031476
4.40594514592
8.56712185961
6.29936851765
4.620081921
2.94576077363
56.9800972211
21.0605113521
51.8517208025
38.2080987348
16.3268132284
6.6027297001
8.38784676188
37.6528084859
94.0948883031
14.0881442907
77.6377135032
79.9290789414
29.0739231985
35.3679141541
16.4746199034
16.3543213073
322.125145772
20.0983323911
85.1872519098
47.3636520583
22.9160879298
10.9496077243
32.8088727115
16.9567538858
105.005769148
130.902407
54.236853176
32.0038806096
38.2440341338
55.5876505214
47.442747486
79.7243953453
58.6606085825
42.4992493902
76.6506343456
27.901270782
21.9744279027
25.5489612923
37.202133073
27.5176288431
132.546624969
207.235949189
50.3872414458
14.2052352586
5.27359586077
42.4811846205
21.7438472975
10.1437053062
4.6890799491
3.87392807432
9.45755323846
16.6303226641
8.44616190575
18.946145468
24.1926559093
14.939568632
45.5524203359
36.5763418809
10.7825365666
8.82263003957
27.5397813028
10.5764682952
23.1684065525
25.6812105868
10.9824197586
165.196620946
170.49700584
41.679896344
18.9875663412
9.68549096901
10.9760613992
4.66526191062
6.63995413878
12.3745145511
14.1067069589
102.977865708
47.2352599844
16.8302135026
12.6498889756
37.3368675835
248.082872901
12.68695997
41.3970936512
18.8764174229
72.2635760664
23.9714550673
31.2117785837
19.4548209844
29.075016449
25.9242691316
128.683991412
282.379206495
130.19327768
28.051440078
62.4457617035
112.157545956
108.192386139
32.9384683874
27.7237312476
13.5009684519
16.4638332414
14.6103543062
71.9513031051
35.2533130906
107.214697564
87.0247095987
80.5550896494
17.1179106717
20.1522856622
14.7995924179
35.9000344304
16.6377932084
26.3223677987
16.4029750466
59.1954690054
59.2034069382
50.8790760967
46.8561551418
15.6592293053
10.4861033029
36.2366162446
27.8870665209
43.5752438589
11.6631969875
0.0
0.0
0.0
5.85485632772
28.2069898269
21.2110748043
15.7286214576
196.110583987
12.2319538293
24.4550091729
11.3843285869
48.8228232448
31.3889594772
14.6976115751
56.1089368842
50.1330405131
0.203491666812
0.286177844823
7.03558051419
3.27499391269
48.3836052784
6.34288691238
102.227807752
182.864222298
58.417273333
54.5791755115
36.3184503445
41.8149250732
82.3760594058
20.3633577872
20.0929477091
12.4701255789
24.2974489438
308.84881454
76.8896068813
17.3205252675
12.4793674229
201.694076055
23.6109082238
46.294586204
35.2180641938
51.2049194691
60.7124431066
28.2434222634
11.7541730569
22.6130234881
202.368818051
95.0646748616
57.7895501483
50.7819219094
46.7617020208
79.1388729455
33.0695834091
17.6401156993
37.4303895111
35.3980107765
28.3884120124
35.1641474042
67.7848351554
59.5443017454
13.7351604735
194.259364879
75.5352311811
38.5501316078
16.2998634182
0.786024887268
49.5907805081
2.9861405029
3.17169039851
10.8846195822
8.0301218318
14.9854944692
22.7750083809
7.75792316053
5.10490047374
7.34847148522
20.4083919854
32.5529629761
25.8494027056
26.1339444242
14.8675987073
127.942943472
35.5886787631
16.4888489288
18.1804762481
10.6546449312
33.8950941433
16.6927179232
26.344898483
8.81434908646
14.6576190556
25.1951603416
27.1144570676
7.55308669621
12.7448952175
26.9215494776
116.147143436
47.03509044
72.5483213838
8.83024936803
60.9896325179
67.260225394
23.5015381633
14.2023515461
38.0548811463
18.3127996561
13.386648034
14.287566256
17.191125766
10.093910148
367.098334709
48.5882485285
396.247430832
209.479706557
21.6605428045
34.7880527653
82.9675835247
25.2690467579
19.3323709716
173.662537751
20.545701233
29.7420609223
17.1944124815
81.4215946738
41.061563227
36.7785477452
46.1391371429
36.8911195886
35.9808101167
31.8005469489
21.2928377713
22.0351961488
18.3970475992
17.8037242564
14.4736070694
14.297533371
32.2478994812
48.0014247553
39.9055463982
52.6813817445
53.5383478511
15.9410702776
34.3289573294
3.75152388147
32.1911812581
4.51181995322
0.0
0.0
18.1376605589
75.7578526505
6.15892445168
5.52882815423
2.41445623575
13.8685119782
0.100155475708
0.124382646102
0.119703417585
4.12122637057
14.3703216627
34.0732619614
0.0211106996567
27.1911640346
29.5227129485
0.0100762537303
2.34376246213
16.2030617476
0.0361309993041
3.8553053571
5.97290451958
8.55143808063
0.0261073358059
2.01731214469
0.0867581705553
3.33475644867
3.9347170817
2.80534204385
6.66231139541
0.0896893860577
0.0348731542026
18.2682565845
0.0138111339748
0.0144597946568
2.68756972277
3.02106855475
2.34194198629
5.61361171442
6.72533169815
15.338055582
2.83987861995
1.9965324522
6.03408374999
1.93864368989
2.9935141785
2.03969283977
1.79744809155
0.00117884188858
19.1777907744
14.2306600411
24.9515855924
21.0639199588
19.6844964411
12.9704014468
2.0543957135
18.2093251097
0.00311763732517
10.9755067495
5.93137779615
0.0
0.0
1.81922989392
2.06140168016
25.5102976221
1.86655187514
0.0
0.0
9.65325714128
16.7899477148
0.00843866339805
3.87165556199
2.20594360292
9.60487999797
0.00942964341579
29.7438273268
0.00711339971963
5.2024633865
2.10749374254
15.4530139043
15.0196860708
1.82542783315
27.6087199886
4.71137253765
14.2259398137
24.1555725191
0.0197206278662
32.5845404237
17.5760999556
4.5106033253
13.9817905157
9.17246826222
2.26401982638
4.44799709838
37.35180801
6.72554328567
59.5802018518
1.90782918302
10.4277990985
2.0013809382
2.09872136418
3.53847944646
7.90747898337
2.78366151417
2.41836450763
0.0284166066083
5.1654441526
2.04756479983
12.3105613553
6.45310296219
9.34966414547
7.81457680511
4.75411738366
0.0292892480644
9.31984176903
9.04996796811
7.4768169195
0.0219213307036
25.9750311816
0.0175544207779
27.7644438444
7.39146597933
8.59027990387
1.90427412875
18.6478237233
53.7008421185
14.7599578066
9.71021135442
0.0102705142722
32.9004043771
0.0114204349877
2.00048588466
3.73610666611
2.38993573705
0.0296608354571
2.48355584168
1.94534534434
2.71951523092
8.25310289301
2.04718871105
6.77010075222
7.57848048986
2.01344269589
12.6511590633
0.128577254389
0.113006242628
2.57734855815
0.0208306068313
6.79443881749
4.60723452125
13.4541930081
2.74068447065
14.0911603466
0.0643116344778
0.0736470478032
0.0135470587926
3.05293543111
0.0230127797302
13.4024228579
8.83092689407
18.1666804388
2.2257399099
7.19679865568
11.9505591475
8.13196191017
6.0062283443
5.719699543
3.08513160197
0.00909411004298
11.8600615629
12.1618328598
16.7018075686
0.0449741385459
2.28270265277
6.33409801403
2.16492424515
2.36197339727
6.39969922283
5.4157705575
1.91536747913
2.96608036613
3.25432976331
2.04705230968
2.38462226538
2.46800771626
3.00402577976
0.0359645809173
2.5137021749
10.4759702839
12.3271419124
2.85436905144
0.0181591617959
2.40336957011
3.08683798761
3.2138229343
2.95961992174
2.40344918654
22.838018527
18.9027330201
0.00527758313192
2.45740137266
0.00445417841809
2.36234414705
0.00267843908042
0.00638129999466
0.0
0.0
0.0
9.80825636546
17.5351494819
0.0
85.7325833776
28.2765399413
0.0
9.60565314189
0.00378797762006
0.00782110596783
2.5853699739
10.1923447322
2.04952070608
33.6655532547
0.013215971302
0.0124303512842
3.41546799651
1.89070563186
0.0145265668066
0.0204927909483
13.6800469214
14.7937006337
0.0276172412097
1.84255611581
0.013999049398
13.949263807
2.03634274906
2.3913828604
5.14625062677
1.89349937023
1.88008414081
7.39360729759
13.6185427907
0.00864971534181
0.0016324523079
95.8086354231
0.0
3.84296087836
9.06969606066
1.90556460132
2.38744375067
2.29932958335
4.51234705147
2.71926524362
0.013577138414
12.7067912486
24.9035839245
2.02444774535
11.0414952902
10.458397538
0.0351875045019
0.0371694651014
14.9819786392
3.02101937373
9.47970797637
0.0242042815822
1.91139654025
0.0
45.646121387
154.600086467
50.8137002754
13.1886248951
0.00390361626074
0.0
0.0
0.00218114802044
0.00525484443287
0.00564541128503
0.0197264522607
39.2159893563
7.0393451693
2.09451524223
0.027295766155
2.69524011701
10.5417519357
15.3255300005
465.256875077
5.61661024928
0.0165765374974
1.83726113433
4.52402505813
9.0551790646
9.5450073203
5.48996507376
5.41399564377
5.13668424254
0.0192850661287
0.0275404964342
1.78802909182
2.02374413157
14.4550979993
2.31005095699
0.0446760520495
13.8559798871
2.54445756667
1.92205204082
21.3433321627
3.35459521968
9.54050374737
2.16310067731
2.68603453433
0.0561445838535
1.85646048871
0.126543178222
2.02374550569
23.2791185489
1.94673976812
2.82351729676
0.00484269656222
0.0103146170739
0.0143599177359
1.83856497396
0.028477712037
1.81718370843
0.0343554224546
8.69552273885
6.49848904577
3.86364605203
1.89214785517
1.97055397504
0.0205350758891
0.0381627266017
2.20316026237
0.00649419830271
41.4795798556
8.48967673792
18.9445172413
5.82970162941
7.25959370975
0.00373488482049
0.00783263762871
4.50103304603
0.00816103819497
25.9231723099
5.30176030285
25.4291495286
21.3818993662
12.1516351814
6.93366237789
0.00542570579097
0.00316586927251
0.0
0.00375699051996
0.00209871196793
6.9276551939
0.00112788734284
12.8544594819
6.17017184179
6.57600069188
0.0
105.303566925
0.0
0.0062408296719
1.73934279631
0.0112497518767
6.28238907459
14.736013686
6.31808578075
3.90536842329
27.7021903002
0.0149746926312
5.22353516795
2.19857087654
0.0165540907863
0.019465572893
2.51066099691
1.83353195704
4.94455688356
14.3462651457
13.4740169957
2.65108608446
0.023863892841
13.9926060955
0.0103593502029
4.33807213972
1.97223702777
0.00803603666974
0.00806454454556
40.0726969716
23.7030703749
0.0125794126603
3.77404761728
9.48373557968
0.0562776838183
2.65319531544
