0.0
0.0
0.0
0.0
0.0
0.0
0.0
0.0
0.0
0.0
0.0
0.0
0.0
0.0
0.0
0.0
0.0
0.0
0.0
0.0
0.0
0.0
9.9708202668
25.5174610072
11.3257788619
0.00123508799061
0.00139463666543
0.00147230277679
0.0015188958469
0.00154262226878
0.00141229220147
0.00137973280697
0.00156601394875
0.00178669712415
0.00197289172753
0.00321168436493
13.5993727574
27.2365076081
15.7131885756
35.1650373115
0.00572892639057
11.3515364556
14.2554962467
16.2525434488
14.586059648
31.1283152878
9.96780514056
11.2114976971
31.2148655276
30.1617999773
0.00351338288133
0.00506941205041
0.0105922522605
71.3224583794
72.6683489287
0.0076403121662
0.00555488535976
65.1668453449
65.3951779443
65.5550352883
65.3386838949
62.7623152609
0.00373309524011
0.00363462945459
0.00351955649309
0.0145294637274
254.951071078
383.973970839
13.5214744103
10.4389414785
0.00712640155092
513.723095127
0.0101248232114
0.00735264680321
17.0038300142
29.5873028638
9.49140186546
9.49552892037
0.00741437180549
27.3805881343
10.5718439595
0.0430882127766
0.06173357052
0.0581912370374
0.0626915869146
0.0717873584295
0.0694184249788
15.3127541187
15.5944795281
0.0611599953619
0.0592064812458
131.905001147
141.592318975
142.568210117
124.897606272
116.305532271
123.61739108
122.671651525
70.2055370178
0.0363538686686
0.0487307679837
11.0942412115
0.0611729097983
9.81922917167
10.3346516542
0.0161928067725
49.3964945537
68.4114290251
100.984486329
131.438494365
22.5244813269
23.4268467405
22.0513330403
14.6269143793
12.951975978
14.765357004
16.5625771318
0.0588412070006
11.6218445812
0.0420440857798
0.0452956000443
10.177222307
10.5165968527
0.0481262669546
0.0365928659859
0.0287138854894
54.3310383137
45.0933165504
16.7428132732
0.0139068324717
0.0126100910594
0.0107480869802
38.9060994045
26.7790202899
52.1110802178
10.3407814939
0.00680159327084
0.00807921846734
0.00855232854225
0.00826979125135
13.4543431087
13.4356735555
14.2515740865
0.00860400966899
0.00637367759439
0.00623621849369
17.6899558663
44.1072205546
17.8572341946
61.0523493949
52.4722244785
0.00581983017162
164.550992499
0.00449082464343
11.516893799
39.554320946
0.00864259358997
0.00473172912627
10.8583413923
10.3653093993
74.3022854171
35.0531534469
0.00901858613748
10.4363262253
25.5697864878
13.7185052809
13.2430193085
0.0172234100157
9.5860821038
10.1507137696
0.0196647614793
10.7010751568
22.7032789843
28.1952486241
10.8592191187
0.0134968195617
0.00949276017355
11.1196436341
0.00145615548814
175.951636815
0.00584394550533
0.0174727916201
9.50892610924
0.00581432144092
9.91728057079
11.6741125518
0.0321610995989
13.7697135854
11.5375976435
248.010489878
220.413549075
0.0240500045738
0.0356034334927
9.68555781108
257.665800387
159.135928797
11.2016653291
0.0392497830454
0.031589177149
28.3801747265
0.0312494721938
11.6557522085
12.7933054732
9.79998017548
11.2337361044
58.8367395362
133.78864284
0.0240368740926
132.855386201
103.676222772
103.216149914
15.0026180715
43.6313371541
15.6168400086
9.6125800512
0.00956543381981
0.0112518219618
0.0211334691176
9.9244647022
0.0216773732243
0.0176749155571
12.3749367276
11.4353265856
32.7321309392
18.9236506843
0.0245591434391
40.6068591868
40.0388665692
34.4831784015
17.5013399558
10.6685626305
0.00877604613513
17.0334339244
41.2107312396
37.1124507741
11.5531867608
0.00870027956981
12.7152034292
0.0148317771239
10.4930733162
12.0466511023
14.3805050601
44.4045520616
47.5536294684
12.7544288232
30.2952195804
0.026131191816
0.0201054096563
0.0181292986184
11.4035770982
11.9698986465
13.1142266401
15.0029918684
17.0390911321
17.4508343748
43.5603370125
43.8472579279
16.1238228609
104.40480208
147.03385006
11.6601305616
167.712045439
109.701220112
69.746067344
59.3777448714
57.8631820816
0.0377871032491
67.5194753887
33.2590047084
11.1071950838
64.8561176436
48.6128921728
232.500408458
0.0321956493734
0.0456617052967
0.0845729061071
232.274845902
165.765674366
104.749699682
123.567623996
40.0524711133
66.5355155906
68.1408055082
47.1808842119
0.0206108182588
13.8075540463
11.100023836
0.0583758356611
12.8646455709
27.7223349821
0.0770445622931
178.205181906
0.0924488463903
0.0910303891218
0.0558377667376
0.0591333936902
10.7577311573
0.110587665289
0.114299466261
255.92166611
49.9494416363
13.1763856932
38.6478899927
0.0256939537985
237.704791886
14.0006099946
11.4338826412
11.9886442517
196.041286661
0.016200052133
0.0123113593956
50.6844903139
35.6897681428
0.0238075343065
9.68478797304
29.3944715761
0.0597911150314
0.0699747764199
0.0649598191474
389.545254287
240.406435249
112.864149262
137.946023674
67.4340674192
30.7878111319
285.023518347
178.580106063
116.321897031
28.3972200437
9.74919156637
9.88762186962
0.0276820493549
9.83302707612
11.3958168321
308.412973678
97.2157058125
122.289648519
0.0231450741721
0.0198721545967
0.0198373743045
0.0241370648752
27.1396435096
145.644505566
0.0448332616817
11.4839838929
11.7574152419
11.6526884612
11.4258729967
10.9642606602
10.5549205725
22.5849942756
21.7359110376
21.4571250746
30.0912325171
51.3542064109
35.7277858389
9.72232151581
12.9001230973
0.00303636620261
0.00713759011574
18.3036211654
18.4714400336
17.2914241613
0.0113670309186
0.0270271269703
0.0
62.5724458474
0.0
0.0
22.1740831903
41.509629581
0.00851024094655
71.8509505678
135.242467619
68.908921971
59.7388594217
83.724653297
90.0277605512
87.7838183067
0.0479421064286
16.1617007098
19.3604106621
10.1360881978
414.468854216
506.921061367
10.3059929674
0.0911197776262
0.108361374805
0.0673221590513
9.86898279875
0.046765553316
0.0399651074412
0.0446048950176
0.0391747414417
79.5497263922
45.7642629508
39.5771696152
13.7341181888
0.0439025743705
30.9530945044
0.0494380472939
171.023119214
105.780442009
105.660305642
29.3135660406
29.849026186
50.7399166566
14.7676624588
0.0660118139579
47.8343451878
50.3553795877
252.947001928
18.8295695393
43.7192448017
13.5692021171
0.0251555491453
54.2735581914
32.6064267891
58.2651131422
50.1643525389
56.7439552678
62.4936148891
57.5440318522
42.4945862809
176.133419046
102.387391596
45.739452565
120.530225819
11.7695440199
0.0713536441777
0.0502938538725
0.0648878247794
12.8004470879
16.9052066813
10.427087352
0.0669052095996
19.7083477512
41.2771652431
11.4517514134
0.0814151721575
53.6495231114
102.802995423
29.7946002611
41.3194660215
73.8300817718
24.7131135401
14.2906838388
50.3511802587
40.2479157122
0.0411287601367
9.56894333276
9.58103997776
30.1204218901
0.0527737865413
37.5244398896
0.0661922520842
0.0247995706215
13.8327766835
26.1265657072
0.00606202862598
0.0177377215587
0.0211296970128
0.0296543572058
0.0334504203092
0.0200948308658
16.6139375706
2258.0923878
10.0455720554
0.0129581730111
0.0118565913689
9.45027719509
13.3826854042
0.020250747503
9.74356163792
0.0620106339829
0.0373337459514
0.0306242579631
0.0299921543696
0.0351749702669
0.0359809127547
0.0363127805626
171.864550795
100.87419342
65.9896295644
167.359553308
91.2595469034
114.922431802
155.681238961
14.6246750762
47.2254621597
44.746631105
242.837415068
187.94679171
0.0254178302506
314.463281821
33.7153878274
143.490570462
0.0685649661662
0.0611154512778
0.0327182860787
0.0363115360935
38.8182004232
161.887928009
0.0308673915756
11.8646148568
9.61815990042
227.749159623
11.6633710377
18.5562875906
45.4339064063
40.7425494068
36.4396918313
14.0138317669
47.02492493
184.228814821
196.770137757
169.109693152
167.465164371
175.904100817
178.071553578
182.330985559
87.2121655509
50.0313376255
11.2644559135
12.2648993319
16.4667759599
0.0585201953528
0.0388306672758
0.0530694285389
0.0545661252344
0.0465498943063
0.0302881186566
0.0332507876676
0.0263223992234
0.0148750402511
0.0144983633551
211.442980973
10.7010971483
16.8187822354
13.0451065974
0.0609412372499
11.5670558127
13.8431531432
0.134196886738
202.514075286
9.76781713754
13.5706491057
105.419431813
205.9355325
231.105702153
0.162966259382
0.180057172721
65.0220607809
0.191530469753
10.0872211883
40.6195287513
46.1423645848
45.1461183754
10.5596605984
0.0250095977025
21.3556098755
0.147920256983
0.0304147739747
0.0473380275689
122.415201924
29.0060041652
38.0072292131
33.2705560141
28.6953555716
0.109984801092
253.591823731
257.406034182
0.117517768721
12.530419787
11.4765165031
9.98921399478
14.7248042666
255.435930817
0.0215737250025
9.68017026626
38.8742062855
180.696605013
97.4359704762
0.043028753814
10.427955716
11.9507113852
12.5301795396
11.7860880244
11.0168695427
9.78742006701
0.0599092888886
0.0565185867544
0.0556503255655
0.0513209651719
38.422089919
19.3218342203
12.81265237
0.126923632239
11.2281352389
0.0928255323901
42.6078845252
0.0972387510917
20.5069924145
37.5681680655
41.7072187643
48.4929189791
24.0000708183
101.951490209
74.6064982885
73.8305555276
23.4536694506
143.580600062
0.0475885311688
87.9255795729
82.1928314262
96.8833894297
87.8368267168
0.0200636126441
0.0179685938112
16.4168238952
0.0035301527918
76.2393832782
104.557625428
57.206678474
187.277240435
117.429201787
115.73970525
87.953478077
89.510283327
101.01282748
36.5797607736
14.5254864977
0.0849067703376
211.803874224
87.7038224632
0.0523001978503
16.1521168636
178.766583467
64.0948057047
70.9707780317
109.835595911
131.255757638
106.938015153
26.5401310799
84.5017965159
17.6449134417
20.6145900575
19.9811665099
11.1545844954
0.115597177009
0.113294694948
13.4461567353
0.0449465998119
23.8555814464
59.7389105564
0.0383933000169
41.4787144139
37.3806006617
21.9497604279
10.750254811
0.244370324349
26.1542994468
31.5648806041
0.175520373519
0.170687067333
17.2046973705
91.9726138102
45.8960510298
19.3798713704
38.5277393649
20.5143290088
0.183424104409
0.176028868971
0.192703646475
0.197566080113
0.20790693732
0.118545088184
0.120661039832
10.4076694885
0.175311246914
0.177905346501
41.1687926753
35.9561994134
0.200518029195
0.189073483362
0.20557865181
0.220523505613
26.6454454103
46.5853516229
32.7408424888
0.152656220695
9.71478938121
10.0578145971
11.0116558416
10.9492473719
36.6917139921
0.0314191163997
13.6551159578
15.6063884728
0.0355945226412
15.1834224649
13.8018558936
15.0668275282
17.3668099054
0.0473898513327
13.5085898385
32.9589867744
0.0379008497978
0.0732735482644
13.099954018
17.1125744479
16.0786209717
13.2543092538
0.051689721382
0.0608606670876
86.3053910755
0.0551545500794
11.6829431186
154.144540532
204.204668971
168.995257529
253.381552739
140.213007391
122.566142967
85.7561862133
98.3716943078
111.615451609
115.410065512
46.2713778691
144.281787284
177.753940822
117.744395486
151.967502627
177.386057432
202.264969329
175.22725955
174.384812968
193.049936468
115.502916856
77.2816212735
99.0755318679
0.0323973357965
0.0451919107669
0.0479651873803
31.2672984176
12.3266491162
0.0202095254306
11.1374684198
12.1284993366
43.510419026
49.8071768199
40.9408479009
27.7776083118
118.127146443
85.0979679284
0.0468134855281
0.0597179112673
10.0492905729
0.102156811814
0.108543499016
11.3197267079
31.7393706599
0.140607562173
0.137684794433
90.9053749268
129.76907681
0.0723583142302
0.0942589962159
0.0714799031621
0.091780980632
0.113521454817
0.0342918445082
54.0931340811
46.9058035923
24.9508365694
0.105607276659
34.0717185576
15.3650345288
0.0419083047177
23.9664126775
10.0797784077
0.0333317014171
194.376199525
12.8927962369
40.8176442997
67.1617988073
14.2627444773
21.3207698829
12.7428174155
119.935867972
35.7897030754
49.2411027562
10.8851539478
11.2064061075
74.1704996523
10.3116360608
12.6669311333
19.6102953504
0.0629508214431
25.1779375936
0.0438318392597
0.0479606545028
10.7296314702
0.0351201155936
41.8572329771
50.2676290845
12.2495489915
11.0459814191
37.9124873771
36.5119040135
0.0514256290667
34.1593566566
0.0416896862633
0.0456634733338
0.0455499807117
52.4155998322
62.6981193407
78.5892384963
97.5648184582
100.208733618
28.3039805567
48.1410710793
54.2947416463
100.662880968
0.0719141243878
184.299079718
227.493239297
203.063642362
101.444437521
11.5608016981
0.150876520265
0.154853429364
0.0920073635396
0.107658198861
0.0891494642708
9.88659297154
155.497436801
0.0665811383248
0.0169520541186
107.007046584
0.0401402134973
0.112108122065
131.465525096
132.610781998
85.2393743601
12.6946042053
15.91344147
28.8768106955
16.630409945
0.0121074526152
29.3945828636
9.64364168834
12.300265442
0.124486447185
12.944914389
17.1341659177
0.0404834477499
0.0361695502965
0.0375027723598
0.00695839445615
0.00948395725793
0.0194860132271
0.0242097057703
0.0465125995959
58.2101914339
81.7898934844
15.7997333442
13.6816614371
13.2331487953
46.7467352778
0.104839252299
90.0617295112
10.5220175816
0.0710930144713
0.0352679558772
0.0305380454939
0.0161381745804
0.0143262915328
0.0193494284004
0.0254566269019
10.7523960649
12.5621052958
0.106968112426
10.9129399374
0.169926354013
17.3144855654
15.8405725169
32.9874375233
13.2871792647
155.865797145
27.8174122157
0.113329256142
0.0546273403153
15.2902255011
12.1483201324
0.0352345960372
9.54251912868
12.2161796757
0.0429550128575
24.1979511994
129.287279864
0.0517773317865
0.0549291275367
30.5427026589
11.9138478542
0.0272126301004
0.0258540761735
0.0230553804709
0.0148948388876
0.0218177899706
0.00905348431208
269.082450359
29.4455588015
0.00628033208185
11.2046925544
38.6340550846
37.7692753839
20.6276674614
19.0487854835
18.0804182808
0.0417716508135
15.6365344365
18.6395477623
18.0154773084
12.7119597408
191.623895028
11.0886482209
0.103360228475
13.9154478963
252.580057284
145.661829879
178.023693267
14.8345368485
133.811454611
179.400099516
129.4844886
167.962263608
13.9924440602
0.0339916600434
13.5266631019
181.349630757
0.0859963302348
176.2415246
221.159396693
112.580962751
125.118676333
103.719716977
83.0293602387
110.266348214
84.8336163933
28.0715595504
103.412112814
190.21642127
174.699655093
169.37170735
214.295289824
189.190576303
143.199079609
159.145883084
189.465616154
168.429769688
142.889021774
114.050325332
171.016694256
98.5746367895
46.2389973938
0.0709451273137
11.6113081669
0.0177679038875
0.0161269983362
11.3080797294
0.0234792512527
10.6807665603
0.0394179039957
144.630854233
9.61484299613
0.102777921667
238.188861673
142.798361704
125.794939771
142.839665363
0.128585785907
0.123805616112
31.2363122013
42.3324206622
23.2744219015
45.0483713663
9.71409987406
56.2380449612
49.7580990488
42.428713151
104.1152565
43.2160656465
205.556083568
0.0927068849022
0.102998682102
0.126340566031
247.80926803
34.7085600736
17.3059068535
12.5761545276
57.0504600461
24.3521056544
29.3478992286
208.011344497
195.787289263
221.379152355
208.734328281
19.9000414404
10.7383263268
207.452932691
0.085643698274
33.2676758029
9.87168246537
161.931786198
0.364533818518
0.0428854131949
31.4930205366
0.0425742575812
0.0368207075875
0.0396059450794
0.0401354623393
0.0443831542078
12.9040288881
41.1449362655
58.7923868082
12.9506996552
38.9987875307
17.6543444693
15.735352153
50.2201104174
84.2458956399
0.0557678475645
217.134003621
16.9904954056
0.0962220458824
0.0494535567589
216.480022753
31.7193531526
41.565008921
12.9638447935
35.0456797194
42.8659727416
0.0725819417731
99.267456098
115.49392259
14.1806542593
77.7305414848
252.807682917
135.228833244
213.539371609
311.243404101
0.0745562432022
112.416153901
0.10169768329
0.0340690679586
0.0310707623455
28.5278724129
39.1280396232
39.7692352933
0.0244497096991
0.0266114230185
0.0423530846336
0.0776976923486
0.109061097582
117.74604193
0.0966572761057
0.0935978959038
31.7248813948
62.5571015841
41.2803047624
9.97951964431
32.7882556753
23.007264993
0.0702520274633
15.771131162
0.0961984700173
0.0452514426865
0.0686434169944
103.51517358
65.8888750288
0.0376040568627
23.0925247093
0.0593761503672
11.9275189053
17.7610647693
40.5839534988
0.0457204029029
0.0636932563377
12.4178753422
0.0405457885776
41.2317777707
43.707575958
111.089475177
74.3213391641
0.0723780909505
0.0460090104711
10.4284257606
14.9972481737
142.179870018
57.5939576057
76.1199933567
0.102869428653
33.4484507904
0.14499566496
0.137906506766
177.681008072
199.791060532
75.4409201624
66.4870267048
167.005216548
34.9114283242
69.8335397296
0.241843248936
0.231702428336
73.0376521715
10.9299240769
17.2427254259
37.1512210502
32.9521182758
13.2714982499
91.1385873589
0.197936183439
0.3455702592
0.0492794951219
0.00836382740252
17.1259470581
0.0448871441785
0.0562570845375
11.8985035674
0.114413957126
0.0656352067073
0.0900716712729
0.108326706218
13.3565246512
89.1310670235
101.191097711
72.6721432646
19.5704836164
53.9938458556
13.0376626772
0.0692182403844
108.636157299
0.110121491834
0.0859712559373
14.501860614
0.0907977894062
51.100710706
0.0949436697169
13.3988041726
14.8726161768
9.96195775364
64.9062481639
230.536270577
199.697497969
158.043757011
76.5621535393
141.699122803
118.503251082
130.60092296
109.108450258
99.5803829308
9.45748816491
20.5264998351
11.6866959141
46.9824211924
22.3830088701
21.9802393612
11.1985845903
9.93503363985
16.1174618732
26.5991063575
31.1421653815
14.9045840499
0.0901715656862
166.756633568
11.4686962209
0.138618914234
12.7977277241
11.1087034361
44.2091370732
19.3845936588
20.5695917167
99.6039227566
87.1621950594
72.8959139428
89.2573326694
44.95110086
16.2685169366
14.5605944201
36.0519388745
57.5332955408
33.1608881169
39.8787005786
53.0746219444
75.6186800527
33.9375806822
49.1792311171
43.1793099173
44.672948944
0.0501562839234
26.7942929762
19.6745580043
28.0687700626
33.361904639
24.6319149453
47.0506601811
37.9975458231
43.4296315557
29.0417835342
103.633608385
90.7251124893
84.2101635621
124.250484038
47.3314629091
22.5862665839
27.9438017466
0.0756166519939
150.119639388
162.317423813
0.153379483036
286.649193287
209.870560811
222.984902949
160.048351275
142.251897495
175.452569767
76.2601529583
187.936876248
113.094288508
50.6588652759
33.2247438171
13.9189025709
0.126156160979
23.8249234442
0.104063078833
0.0992818339436
0.0264627542963
0.0509948574891
0.255265082352
0.173560808068
17.44022872
16.1810730496
0.220905332222
20.3968334791
22.4324703094
65.5113680658
75.9282224967
45.5745034717
47.3696846655
0.217180826395
11.7785381004
0.139088080915
0.0883425800918
0.0805238743206
9.31400455772
19.1377514842
96.6859277227
91.1710190811
51.9586213328
58.4620701796
39.2186967224
0.190201177305
131.6752984
80.1632954306
12.0015809795
12.266202585
123.431364082
97.5516008843
15.9730910482
15.807284398
16.0543337043
0.0574716086027
23.0414887206
24.0264772416
0.0768577855936
0.0971641399225
113.394444863
77.0778639339
65.7253918715
84.2390164309
57.805996874
77.0835045232
67.0082903134
106.055520577
133.927704821
146.439469494
15.5317494911
0.229519077465
0.0509549120863
0.0477884577401
9.34362647033
0.0329799886967
0.010916378747
21.373064099
15.6030679217
118.735050656
78.8520467063
15.1919120685
14.2188356971
74.4790132395
97.8931167634
84.7166189888
14.728014182
0.0717662022857
0.0731576684121
74.5261589937
77.3074109434
14.6685226133
0.0919635277689
19.6236812536
72.5503177627
46.6079415006
0.0141200602361
52.7311821675
78.3914740369
15.8658762012
72.6990515306
102.431935277
110.808892556
33.2088805996
442.600517054
308.268993011
68.9042737457
235.606462401
15.4775661427
0.0536473993285
118.156961154
20.442592518
52.8498396989
56.3987166516
0.119364447022
0.138679002166
47.0335495067
65.6411894021
0.0405987877194
0.0472898405615
222.907252633
145.182618548
0.0609446652875
0.0576726290386
13.7816153721
217.409627789
0.0490139206943
0.0455334190001
0.0527523383454
0.0512188815291
0.0681124081868
0.0921980740184
80.9228482487
24.4296796677
24.903760628
0.166259103281
0.0811364339159
79.0871310344
58.3592901054
57.2693686453
78.4158970345
85.2191584834
82.5695748262
79.9902319963
0.144553984594
122.782912598
107.053964055
139.83208092
69.2969462337
176.291329162
91.4690159507
115.422181337
95.2338933224
39.4256179114
124.855948504
64.6351658403
124.468985579
106.871926022
154.748436343
80.9108213635
116.53667685
87.5384599296
121.88062931
75.6204812653
27.5486620263
123.099861921
111.409218204
71.1522578201
39.9183996853
22.1935776553
40.1627072452
15.6727078023
24.1492931492
13.8255824093
0.0808201440933
24.4988643756
46.8709893521
50.2334398326
15.8265043776
0.0906869844387
0.170139409497
94.2541918776
0.0407094396026
0.0430372453975
0.0533436238297
0.0560481704108
260.812788359
154.474614172
147.577066234
74.1597565566
172.245056565
190.720863103
161.615625807
220.049356847
13.9042487713
16.5086986889
24.3435457828
54.8454963502
0.0659024034111
0.0520628040621
127.772100786
16.235290357
0.117428032181
23.8382555839
102.598856453
124.255464896
0.119403429053
15.6313903096
0.123144459717
0.0672938167616
75.4916453062
0.56832597766
106.109884278
40.3309636992
95.7741191609
78.550763575
72.7927114219
37.1134861789
109.140513802
159.504587979
239.525442259
189.715083663
132.29030886
133.408871381
0.269710341736
128.911557586
73.4756418328
50.7652887351
53.4365980369
0.25436413312
0.140001037869
0.136275754717
0.185125718946
0.186546937324
16.4263482582
17.3070967701
17.4955374889
17.1618871107
17.561313123
0.126536241206
0.126423478
0.120449618722
209.98712599
169.811823614
151.418810178
0.125314386897
0.192705146121
148.056638104
60.06179584
201.917801704
137.257309671
0.173511341207
81.8800533027
91.971633656
0.071235825384
0.0887167183457
57.3592613468
89.3879197397
35.3653303932
114.089008564
16.7069954771
0.199030321204
113.977618823
19.7726654453
0.49236499154
0.42624994519
167.945040755
67.8179903665
47.4488578973
34.0141191677
26.3876518566
40.1925646157
81.2635723938
29.6505645507
78.1686462562
135.575846559
164.292661613
152.615627677
194.799081934
84.601947063
145.220331733
146.861429715
111.495252705
116.950015365
44.3849877549
68.476207206
15.9366042428
0.431835508342
0.40878220398
15.0733393181
14.6227645561
0.353272299229
0.213366435551
14.1203992434
0.189961257733
0.067014728191
0.100792002244
18.6988305767
266.248514573
226.643815156
0.0888770927427
181.312633807
16.1614451997
118.106481287
89.674336909
117.573525092
91.0855843917
0.204377997352
0.228101433481
22.0996784848
50.8370728023
0.239295181621
222.287697131
187.96473195
152.305251424
204.855319586
116.278532745
129.189153353
115.190010667
19.4848196059
52.6519025005
81.0252970017
72.3756535595
43.9034317705
101.823407905
330.671044033
219.769097337
121.108393652
134.570210196
127.806606935
167.208830577
54.210405076
107.318598347
83.0288649997
111.720712503
93.4688489488
39.1299419911
68.0282627164
65.5467860119
125.034277401
0.281257199366
19.9360039328
18.9966178778
33.2134772276
20.8310669171
17.0068771901
19.4101093701
15.5643030283
13.928516626
18.5535950817
14.1182183958
16.1120903965
0.297410868504
0.316471022043
0.374386343984
0.334839314688
14.9379413888
15.5645249944
17.8049257678
15.7021387481
0.303128510134
0.380293337872
0.41335731405
57.8563398418
16.5160584826
0.567632028306
18.5766131741
0.49235332471
65.2838186374
0.524756648728
0.61784011368
0.698289106719
18.1140910986
85.8264633486
72.5770453058
26.8212260529
21.2564641853
18.7008752859
17.0903914658
58.8405537707
329.503370621
468.622767544
465.756150208
230.228785036
0.278645576955
0.252903678105
49.4322486261
309.187329799
15.711229297
0.59892816092
0.650421524875
0.0884469227786
497.001131838
374.057332949
115.698185577
18.6738175492
41.0302272894
43.7998039955
30.5848853582
41.8258414725
24.9205883554
20.3471529888
0.0870567161277
53.3851824084
59.6214774033
874.628262502
0.0179502006691
18.0633193981
352.067289435
157.172716258
0.0677710952984
41.3300574951
17.932177553
118.518351255
15.7829646607
38.3063125707
0.0554760146891
17.6908973696
16.8532946727
0.0393477029438
85.4664161457
0.0657655828242
15.2037355585
49.0665417407
52.3740863128
32.7648371394
22.6994400498
22.8676997788
21.8534562093
32.6495085579
0.0192516907752
19.5333335683
0.0239847015602
0.0147771415499
17.3270526385
35.8933319637
0.0109393850207
0.0103522316044
78.2386650298
13.553543162
0.0768910961399
46.7345391125
0.102662520118
30.2478338053
17.948828119
0.133867140865
24.6684649124
0.173331237922
0.202227638978
0.171316220224
56.9832609089
140.817855843
221.934438339
164.565785953
157.842009071
154.250795286
167.307310281
123.047784278
189.145464819
0.0764351550758
143.555800261
44.3565863234
91.9936278007
118.082107094
0.107604323309
14.1736724774
361.308781409
15.4197782319
13.8369930256
0.180632686531
1557.91910913
88.1950509149
56.5034776588
30.3090966487
45.7087963487
32.6790037051
183.547082493
127.332338279
45.4535011826
17.6814750661
0.0886878387688
0.122432653556
0.0848702713612
0.0961090477995
0.092755837536
50.0632718252
14.6881271162
15.2514970226
0.103914446041
284.105338101
304.640466764
281.277113942
168.167211227
45.6486320019
61.1565549302
54.6804820664
22.2196522739
0.241034030486
50.9902981282
61.757953904
16.054968334
0.225247660936
0.279816772524
20.3841855917
0.666187727064
0.73427945727
44.8710542217
41.4905317749
52.7555711923
52.0624031601
17.6696801478
13.8543818093
0.177888875105
0.218606104874
0.178303267072
0.162655433872
0.048297226524
13.7433241066
0.0411865080981
0.0523906260081
99.2690237694
14.0775230698
16.0817843375
14.3271271484
160.494939979
18.3516033
46.2282395045
99.2680006288
16.5133199097
13.9374119955
13.5957542956
60.034821978
17.030447623
18.4014733103
19.4325763891
22.7125610043
45.9030864377
55.8213927378
0.427372205936
0.291965606162
122.48139042
36.6504034959
93.8671711311
0.176842778334
106.971541927
0.221133509184
226.559767623
45.5798368737
17.6989094422
0.192139460742
117.987590779
79.2527383003
106.630755869
94.4427239701
16.9480243326
20.2417001841
19.1603560868
14.4908609774
0.404578209742
19.4055542271
0.758652220942
51.8479551884
0.717542433121
0.374345824432
0.343198590857
19.4783276461
0.351860064969
116.188707622
16.5284110232
24.0677504393
37.3678198093
68.7322312675
43.2411269208
22.6941667759
0.255753197141
20.8002916302
26.1482762724
59.8538282871
69.4318683858
61.7154718161
26.5319916999
0.226135791971
16.3162294417
0.205506323863
20.7580600914
21.1768326764
0.408756328057
22.2299226382
22.4628381038
0.0487542171029
0.0688065672453
15.1954516124
0.267186214571
0.312988187111
17.233232531
23.1127089517
170.502469335
13.3479112868
0.210114360519
123.348030604
20.3868216541
66.3410099093
174.269123709
165.28551449
0.171322422031
60.7760896252
0.183267032764
0.0233751907312
16.7249268822
47.8215774702
44.2695868262
16.02829356
0.351400202527
0.488792192772
74.3031386519
0.566313440613
156.590077561
0.769556618026
0.433512428738
17.1255044504
19.8313031045
17.9853671974
52.0001806258
46.6687736969
39.6931316032
0.331799045708
0.290637593657
0.174002441537
125.298880035
0.154996878325
0.169820348152
0.182801638323
0.222537444466
0.224016534798
0.281733462901
122.708938685
43.9826251618
21.5503926286
95.0785317213
0.278271342415
0.412096492379
35.1357716629
65.2081826894
0.0970696973658
51.1570812712
30.5124109717
21.7411637051
40.7956448489
127.393348771
27.2071272681
19.1675907729
0.043467458587
18.2547654369
14.9174443569
0.206212639917
14.1849294924
59.8114166752
43.5732722778
0.194802460602
0.196683982717
13.4321865778
37.7525266791
0.18708840398
54.4259243
13.2989613717
62.7822390961
0.373623831311
18.2231462764
0.522725728762
0.552460016514
0.566541714721
121.860228481
98.7861446352
20.2350319445
25.3513267813
25.6588632376
49.4604048282
49.6942075335
34.1775436134
0.519417258672
16.973142015
55.9566670752
14.4173382671
33.6356498087
0.351931023315
17.2034679449
36.4300738647
22.7074391964
17.5205994696
0.357777445518
15.1262782096
15.4880878295
40.3209098039
22.6945601519
42.1786052033
24.0579657341
281.977408359
0.256150200665
0.190723694398
189.849823186
0.214166334848
55.0385426299
0.211407864654
18.1311237704
0.290833895166
0.317941894153
18.524921372
0.352781852984
0.221578706148
14.9376456829
19.517286598
38.9308006277
0.345759561211
0.343252991512
0.354680214483
43.4240313643
92.0734254283
92.3299993437
13.2613272737
0.429254689045
49.5594389148
65.7903914868
46.2585269621
53.6699800958
38.8147727764
66.2733886479
1.00143285301
60.6064426108
1.13969030687
90.1041375638
19.4418266578
61.8046589682
33.6697468
49.528215554
20.0816157738
0.0754376011511
21.220909833
0.339118956483
71.7439521073
90.7076625399
15.1964647906
173.374779822
0.416279993498
35.055955776
74.7967259619
0.471624743937
0.523230722465
17.6106261293
0.35951069026
32.7012725543
73.6816844525
43.7714323909
15.5342791683
15.4294085356
29.6629240496
17.5459110882
0.057720934871
17.6346004226
19.1824275526
18.6802527674
18.7253067682
21.2295906003
23.3630998793
23.420448193
21.458730534
0.325451866937
0.318250893971
0.323428003324
0.32138555537
13.92089829
13.3513612823
13.7434115303
0.609028292082
0.624869049534
144.944476404
18.9918458244
177.459193697
160.639283344
74.8510923258
130.852525618
85.5158506639
120.55436372
291.015679579
0.276019129481
91.6178173559
0.154003622355
0.130004949803
99.6470658638
19.0983916927
0.137181014149
0.160741176744
0.108546392665
13.6457837985
0.120688358537
58.8694750578
13.1273743724
21.7670327694
16.6472772531
0.231980788611
16.5247101734
48.4217970061
36.1729816334
0.118043809988
13.5093458177
14.525285386
17.5014289809
18.4699722514
15.9462511532
1.42421478749
1.4531578355
35.6827153265
1.44248724855
17.2707783101
24.462048352
24.0008901771
21.0522243528
80.54939285
81.9613023028
82.6680365055
80.2505071762
73.4491886841
0.151783173687
0.25482313796
58.0053139063
155.681394364
364.024488632
429.1390786
360.739455669
148.448104692
16.7661438961
16.0335494716
15.2078411984
0.862367940533
0.857313042363
0.862508674545
0.808356101329
157.364004635
61.0834701766
0.189839471112
13.1292111602
0.918508134273
14.4506585353
56.326883456
56.0639628054
66.8033480621
71.3781395833
69.8885035664
63.2784831445
52.6845833569
39.5586370491
18.8218827911
14.1746776168
14.0384164643
1.17885319647
1.15800022366
136.40750386
1.0958790681
27.5845020627
108.873699552
74.1035261009
91.9563753442
66.3960826975
87.936710199
22.1199229609
20.0937349125
13.34048777
32.8544576566
19.4660567847
52.6420594486
92.8004656112
16.207421482
31.399919976
23.9013130502
98.9036201452
36.7268373802
0.0166819863702
0.0176767097214
16.2316195378
0.0264350624285
20.1679707118
16.8361413713
125.991581262
16.4123747087
300.637188296
234.939535159
217.996082525
0.179095415693
0.168913592261
101.465619955
46.5395787252
17.1280149913
14.9234152211
13.964151148
0.117514466869
207.48284095
320.120604091
0.0203406792137
39.7408259877
81.7316975257
24.0359679474
48.9866997033
38.1110698544
172.627412061
0.0754543800273
86.0306348911
34.3882377227
87.6013659726
0.0296968646397
0.0445455750927
21.7514633296
40.8915579519
13.9555187142
15.4587201577
0.0118320668264
0.0114004900943
0.0161060320192
0.018755608861
16.713565466
0.0178546030041
20.6645644074
0.0135645741654
107.799374473
131.881841818
116.875654819
0.0545289351539
0.0662880503538
167.974253758
77.0463334596
112.719083709
113.866255082
46.4919764926
0.0150434272992
99.3722966204
76.1284318235
0.0404558018909
72.35032816
65.4150566849
0.0762188785377
0.0633457693919
0.0888877979413
0.136232582365
0.132419404481
0.123093909334
0.125266577283
0.123493604458
0.123629039739
19.3979293986
17.8930878134
16.5217411244
16.3751994206
16.1935889632
0.116314588833
1171.53951496
0.0903293917203
15.6660330224
15.36846496
0.0668580456302
76.4803390186
60.1482167431
44.1996011495
17.3152195096
0.0205944924233
0.0198706246563
0.0190480519167
15.3712394818
355.590765143
370.447780871
149.197198263
221.064206035
0.03736419673
0.0272586844442
0.0576287787167
46.8470528145
51.1001011984
55.5776480702
55.6413568538
59.3396926746
95.4658517509
35.4890887088
99.7455968421
118.068312759
160.432130781
121.644195557
160.742085896
93.3481662958
104.392827729
70.4010646176
87.8715305942
91.7004119413
82.6170711021
59.428306601
22.0378628515
0.0438286339052
0.0359317238701
99.7679043514
0.0636397680109
21.0065104158
61.7448903955
68.5230497932
0.0513956312929
24.5191243559
0.0614542004695
0.0638390663852
91.9407567887
75.2521872326
70.1489789218
0.10732149281
49.5780012751
82.5949634704
46.4076578131
0.0310587601208
17.9428464902
27.7108660441
25.2564095706
0.0657458644631
19.6522293285
17.7430420685
22.9418092098
51.9157220214
28.0996782636
0.0239399442724
0.0485227526028
0.0485514273397
14.5791521322
22.7827837681
0.0437024931239
0.00424177830774
0.00718901673663
69.3435683951
0.0116915432378
185.929223868
0.0298559094824
147.533617227
88.3982165667
137.352260703
0.0716746160985
21.8271714053
0.0925298319475
0.124263036098
18.1468906678
24.1584998909
14.1589042153
13.9212573322
45.2326075297
19.9218803534
0.0287032485655
20.9147416868
0.0241893090465
14.712232053
0.0278450833185
0.0268267379247
0.022868065978
0.0149019200671
0.0141791143247
0.0135519131426
0.0166511339992
0.0167817913811
0.0201681010468
0.0248670532937
0.0147282265013
28.6049832584
19.4539659127
2073.0108029
0.00782584206612
0.0130400517392
0.0162782691866
0.00986945337901
0.0196557342074
0.027446612185
0.0293235173418
106.753994824
0.030931768771
0.0313008200892
0.0311500302801
0.0304826731396
0.029305831871
248.416456048
47.260144067
19.0859326807
113.076856217
25.6661428074
26.4860129218
60.8607929631
0.0313633571567
0.0299065818392
15.9050049512
0.0222492434232
0.0206569040466
0.0243031641234
0.0239910115427
0.033005369621
18.8156603484
16.8141906693
127.957584153
0.0804256420002
17.5005311535
21.9370654802
0.0366360763596
0.0622593000616
70.7709699792
16.9855298044
13.8797129599
31.3943001263
16.6833743709
39.2842059754
21.9163043682
17.8244063013
54.6556067395
21.6530627109
97.6535149519
59.3012940175
17.2082109249
78.6659098009
32.5368196177
116.074243341
54.1475294182
69.2025189004
57.8143108607
38.2573546898
0.0506022780883
0.0486277445328
0.024032088779
0.0489650055884
0.053551948924
0.045651230226
0.0525189977958
0.0201699352842
0.0278807118157
28.4294878217
28.080536745
17.583217001
19.7097203925
16.447691965
0.0264813915469
47.8487068457
53.9951235234
0.0443165686953
0.0810735311606
0.0628768222366
113.728052193
0.223527647554
0.224068881534
53.9005733775
0.218874261527
18.1428280102
20.6172496989
19.9008407225
15.1433272434
44.282014485
27.8484516729
24.613656652
49.9569960468
58.9645085386
36.7179841198
21.6137775137
0.111938923352
16.6793085831
94.797756426
0.115344199618
208.759390919
29.6609202246
0.0204279619546
0.0252621675573
0.0681761809704
19.455838124
0.0944590245987
49.6497210099
20.583094317
70.9484289605
32.8673428792
23.1639724271
0.114221575983
13.9032895835
17.0637199812
24.5140497253
28.6852837088
0.11114270288
186.80100908
133.658502888
63.1296432138
0.0657142166584
15.3277077969
0.145140098859
52.6198808187
16.6871376764
0.111493379677
0.0958598678078
0.053692766269
0.0537376946463
0.0710829131988
0.115827431112
0.134583483121
0.12314554008
0.198022939559
15.4492629686
0.229379738681
19.8984036714
0.160176328305
0.151397630225
0.136121614478
153.089401804
57.5609680105
45.5037398631
47.2518438518
181.508890576
95.9534960719
0.0723390989855
0.0665918431536
56.1375843941
58.6970857712
65.4361352885
0.0424366661335
61.8648959781
41.0973656892
0.0197216633092
17.6538695826
151.71888704
0.0270897883335
209.481203991
261.451715721
124.044761305
139.524779304
106.908044734
173.52810282
160.476931844
49.1494900598
0.0919930562453
0.0306095729343
16.1493117662
136.980205851
0.0121329625608
0.00568958779237
82.4479469023
133.946987902
109.149775317
112.349291112
107.852921133
55.9020975498
61.682955807
77.2812296211
17.5492533921
17.5093013961
49.6027227572
64.2505812094
0.0628542815062
16.1116090493
0.0629847478253
0.068931306317
0.015472712173
0.0126087419034
0.0189048753136
47.8770598735
31.1950956272
25.7939926841
0.140073128051
44.5539461926
15.2501744733
15.7400237688
0.023202919817
0.0289982287467
0.0199082672013
0.0357852797214
0.0503148797783
0.0485099679718
77.6720908278
0.0831634016181
0.0339967790935
0.0368553757515
20.520330192
16.3329375274
17.4969819659
0.104490355799
0.149759566476
20.1195132461
20.9031971294
0.104638461986
0.108303084115
0.169105011827
0.178563093295
0.148139999341
0.0799605227312
15.9386196601
0.0669047583719
18.8177917507
0.0654388699085
0.0564813488317
0.0457157126961
13.9037856297
48.4454851164
15.8923079655
0.0334598327806
0.0301191906033
13.8998168055
15.5716821357
25.1446711944
14.6261144927
14.0238128746
16.6416525988
15.5906977608
0.0313290640634
14.2314104035
120.604431422
14.2089849218
0.0316505614917
127.617758969
133.328197999
0.0254143495045
153.56858869
95.9338251305
0.0
0.00474914854964
15.0881062914
123.937107462
194.536063717
50.9699945097
178.075703157
152.518964003
121.83034457
100.388432678
76.7308043212
92.106092219
84.9467736438
97.0816083671
103.237682213
184.968332262
105.243883263
135.919793814
127.507940009
126.970321993
129.199670296
109.312379703
156.068631086
159.325202946
73.0227146013
100.267246743
67.4410855716
20.3215937282
0.0588102534097
0.0545204937441
17.0294657848
31.2620475692
0.178640074051
22.978355369
19.9426366928
16.587586702
19.4070796757
57.4344285722
110.025090998
0.0402740387328
60.1520786627
0.279643535457
0.268559104836
15.2714041781
315.688198166
137.180342824
196.817137178
194.885506494
118.736254733
90.1716421457
102.467971312
21.3974136471
0.0308949261035
0.0512899334583
0.0436656565324
33.7877188384
0.0348718200483
36.7647621062
48.4828356035
46.1366817418
0.0581899728712
0.0501480904109
0.039742294808
29.5210067094
30.7311719084
12.7529555422
47.8843312877
0.024377485263
16.2768191007
19.0769953156
56.7172420375
108.766623676
0.0635991142207
59.2089574837
0.0476469362251
12.6760344659
14.9019387946
0.0826863702416
135.313417049
194.414985987
211.072300508
159.445497292
88.3458155353
100.596096732
40.7830680813
0.0712866383333
13.4247475377
0.0837344622999
33.1695751344
0.0672070351267
36.0491648393
47.4500606786
27.069921035
27.6580896532
0.107042321994
26.3753796525
16.3556658328
45.6139292914
23.2549453354
100.298290941
165.26262284
13.8736348433
204.128653595
151.293232578
174.749946798
170.695961134
116.556028161
14.0682462033
79.454864103
132.04232639
138.839480728
81.0245794567
60.2396312286
21.3149524284
13.6387332333
0.116482706555
0.119498925557
0.118690957521
46.5968187949
34.3836404587
0.0844121924623
0.0726647365048
0.0244543354132
0.0257808545092
0.0344383926383
30.9272591162
192.311450713
17.5452410155
16.5190999636
30.8163964518
0.060210010956
0.0442735882457
0.0412520707734
0.0424482582316
109.81285714
19.0114825447
231.490680592
210.018303884
113.847240403
138.050644062
0.0517983307989
96.2958370598
53.2495344927
16.7667557939
0.0299258300288
170.356914959
196.839170159
190.710941966
243.03980139
183.400792812
97.3636435878
0.155636387021
0.0416238789334
94.1593566662
13.7491744507
0.0609296829342
0.0609246335393
0.0681693525138
99.6079387117
80.1025665303
27.4872168799
17.9369706953
44.4753998634
16.8600292942
13.4585160288
64.5702775201
0.185738473795
0.194087952558
15.233184742
26.0238024236
29.6861149988
0.202657729395
98.104849441
0.184698247452
0.151463795355
43.2408333014
31.9676290424
0.0157743669048
67.4869064653
0.0332389886366
0.0507857975409
36.0291101949
80.3531853329
88.2622440455
74.0945143915
0.0372381748217
44.6685863377
105.675900435
51.7336523774
29.6682272537
15.1339426374
147.259029259
32.0658137945
85.2205303261
0.0354953886442
13.5488998071
12.5487299645
35.3361108761
25.3514733495
17.9186687093
14.9069462359
14.5714726408
103.205026769
174.26952285
31.9388390364
13.6963870319
0.16430334037
36.0186379148
19.8557274811
0.0236436581062
88.6225686513
13.7914057553
16.0956657093
0.0371852365729
0.0415928757914
15.2535497338
0.0392589942018
21.5171384911
13.1865385527
62.6317167433
57.5300486168
16.2058252254
0.0264910964236
0.0507595871364
0.0463991358621
14.4780053637
23.8276166936
28.9751180072
24.105194407
0.0186788983343
16.1118954221
0.0123391794822
0.0125685254617
0.0329501372449
13.5578702652
23.509952065
0.0225556402554
0.0196798456719
0.0371125168087
0.0732432483922
0.0764904179091
0.0767558580408
0.0791609793078
0.0756660149721
104.261083817
113.209545309
0.0867462939511
0.079806244798
225.527525583
164.878711287
176.906033327
137.903625658
113.166201778
123.17096598
120.361099269
126.643926278
13.2433407602
19.5483948902
12.7860967539
151.487204894
0.0274456768436
166.062372387
180.131419637
123.43946376
117.764104185
87.6400045608
86.9746834558
110.230312731
59.3230825026
25.3029619835
112.005926881
175.950501096
0.0412330931071
166.496627248
127.420701186
166.607009776
93.4778291819
126.843734829
148.059123314
100.071857132
93.7601692618
102.207818726
124.514942041
77.6783726832
15.0307678457
0.103436511727
19.5779224109
0.0107397932627
0.0115955721197
0.0130696279573
0.025641199752
0.00666481669419
0.0103922196787
131.90029269
199.183792294
0.0649202764311
194.165060004
76.4509338396
121.423658602
98.2758552501
0.101517444023
0.10204610704
0.0888258574263
38.812109796
26.1213618301
47.4521887032
0.0860534538046
34.8169604291
59.5806066688
22.1053082766
48.5685074479
70.9061231557
218.269678276
0.0668844968559
168.695207927
140.931336416
0.0796915908346
22.8691166191
0.0648763281312
116.069510813
48.4074354317
52.0009160519
0.0233482548638
168.841758886
171.871147114
189.822161976
0.0504843550945
12.9094362595
165.951147952
131.599294209
232.238939963
16.9547534477
110.545296775
130.75274988
16.1624438664
15.2161085875
0.0729007301971
0.0481872952598
0.11023540638
0.0289673552582
14.4325571568
0.0350389351368
14.6767063074
0.0171156681711
0.017546293153
18.8175566996
63.4250335747
0.0296738575558
0.0330839457477
153.783571123
87.923884064
0.0764301198676
15.4473684081
17.7970398487
190.925915532
22.1099421763
0.0366348059969
14.9769796926
15.8969141544
12.8467315313
25.1713250033
36.7671395747
291.25471028
64.5060745054
90.6390990028
0.0673690561755
122.137169091
185.589611367
185.464069123
214.284953738
265.788859626
105.238718129
114.582215669
0.129601793971
0.142076247194
70.9639116805
27.6203533047
44.2371056527
0.0399866865048
0.0437809094208
0.0430497831498
0.0734499375622
0.0763648114992
48.0804259294
123.38364937
12.7392159024
0.0803827540136
45.5239216124
47.4804234569
28.9254199801
38.4830577768
0.166687703931
19.8087857196
37.2067118136
17.1898666846
0.178207066137
14.1848539171
0.118895655311
17.2633569263
0.0303830657428
235.065724673
0.0263369957117
25.943263212
0.0455072932522
0.0734558733527
31.6801364615
13.7732089633
17.8384649456
0.0206492784941
45.0201163258
35.4295634347
45.0450915279
0.0642822133257
0.0700123960341
32.184973885
14.759861082
57.3208793995
85.9571274911
54.8930779713
54.4363735598
65.8405019581
37.5740248395
48.3665287848
20.883246901
0.0418567693692
30.0378666748
132.805033152
115.247439333
117.790240054
135.645485793
123.110027329
140.149589541
202.626915467
150.470268575
160.038993631
101.418923676
128.06835355
137.385805847
139.752667795
120.850565268
73.8822350442
21.3759468878
41.0819940926
23.7524165704
40.2302634478
0.180489785116
50.0039929686
25.1934301303
14.6723695359
0.200833753888
0.145218768069
46.2104890951
23.8354881063
0.115273532075
72.2092385866
92.9055751337
59.6418034419
19.03815742
48.3646642987
28.8255071976
13.5884744155
44.1168002418
17.6694064006
17.4148912461
14.9142477391
15.968697213
13.550288953
14.0288968964
12.8394167371
13.7284229465
0.182563753511
28.7242613345
188.722531655
161.263820069
80.8797608245
77.5882570696
51.5654238734
97.2983218354
117.363803119
93.9081535166
62.4871932318
0.0868056393302
15.4691937002
14.6224722558
18.4930158613
48.9683167687
19.5750956511
0.0716980312665
0.0303761872697
0.0330971177661
13.09924763
18.1342648037
172.243423971
149.985487996
0.13684381751
31.9817476285
369.823986007
0.184570197091
13.7209531513
17.1430261701
13.6023977515
13.9784337625
56.3409654756
73.6224901828
53.0566117122
80.25033771
14.8703539919
15.8819868523
12.6034466456
39.0687135144
23.7292176061
0.185491099803
23.9890575425
21.6017152235
62.1056588378
0.211085862355
18.5895247947
25.2829414495
13.9218181707
24.3669732559
0.0985816238185
13.4562223735
37.2741282381
15.7854416201
0.187040355326
15.9844498776
28.4201805266
49.2198133638
0.165261793447
108.20233794
100.12437665
65.7414076564
46.9025327032
0.102786242961
21.7518554923
36.2744972664
0.157685211211
104.326470156
173.202414778
103.386339731
285.226012791
161.207379926
193.289020998
134.581148079
85.6931271249
131.360354117
26.3443742564
130.909159361
81.4528086887
36.4767294046
16.8304081787
0.175509947944
12.8840111539
0.16970132429
50.5060291859
54.765021414
57.7641132005
0.27998559133
0.282854690364
0.301544315009
0.371080031613
0.383930514309
0.336458456214
12.6019555003
41.842126226
40.4668785724
27.675159565
42.2957067116
16.0670072759
0.231960630282
87.8655499296
99.3173843442
17.0232542745
0.0925068508328
0.0856107657443
23.8584095718
107.481801256
85.1458370984
22.5323562278
58.5844071732
32.3171216252
13.7285705649
70.8281982415
14.9358546987
0.366827376343
19.1465817144
87.0839559543
86.9172052437
0.277032021695
0.285622500185
0.246707759954
0.114175602526
132.12321136
12.9240343146
17.3408474018
12.4152824678
103.875079078
70.0142557429
0.00371789905824
59.2473958427
64.8865146865
39.8589791693
50.4384948626
53.7640166776
74.0657572146
35.8983794587
468.663119239
346.977573261
91.2857118734
0.176149208762
0.193689029322
0.211928850296
53.8096709955
0.3026509079
29.2682672604
25.733760191
0.43148133012
0.45059625755
21.4918825089
13.43746654
0.396323695865
0.39411331627
139.29333814
123.612022154
0.32435731098
0.326237561394
0.319865709588
207.966567774
0.242124571294
13.5213509018
0.194552904777
0.213844895676
0.213800911632
0.235060289487
19.4499073844
38.8087417535
29.1022266522
0.276264186135
13.5661103491
67.150294706
31.5252203628
54.6801110482
68.2629726847
79.106592966
77.400393142
90.558752939
0.0551159877961
60.1487903858
129.60291044
138.047062295
94.5907510821
154.653052951
86.9782477115
153.076871217
106.202945607
69.2225314742
75.8181233994
61.3687080566
99.5623254152
102.796339915
97.6354095218
50.3130334319
120.656429998
65.1041514835
147.211361778
44.8639062686
25.0001033228
60.3236705513
65.4034509039
63.007134323
43.0528540249
17.6285139195
17.1630365942
14.344305253
17.842841991
31.3388987337
0.339612927557
0.319043336984
0.272886356616
12.4201950473
12.662729366
0.305241003546
13.2392126156
14.1523730554
0.225024124195
14.2998480814
0.214389971905
0.209936180529
146.49375942
212.719400783
173.132376242
141.808165086
0.243181829615
12.4311887995
156.840263214
146.491215071
0.215600433782
23.9232022295
27.9451212386
53.2443679045
21.9607099814
36.2309734632
44.4145066018
14.3118990617
0.0590701284631
0.0685880172796
105.869033328
0.0441802275559
0.0344460977817
13.2816850501
15.8485883765
0.417893640224
42.1785107546
61.6809674891
77.4100149205
83.9507806945
93.4001193115
85.6710841633
83.4369923527
34.3163252804
88.3333386976
175.011943687
194.848108771
208.712490413
112.481157055
126.766001478
174.584055826
112.164250549
75.4008257941
46.0606669984
0.71231554204
0.693741379784
13.9240607074
0.66697340238
0.681290511047
17.5378581578
17.0288372259
0.55482037692
0.537163120913
0.323771789698
0.318743777625
0.316746141866
0.320456727936
0.316409622292
137.340149559
174.831328051
146.405469147
0.357236735161
0.418228195649
183.781985918
133.028337551
173.991719406
88.2882434062
147.425224711
93.0161515192
101.959721633
0.0624980075821
14.3381405082
0.0842686477107
73.3767309893
29.8871663861
90.1293799545
60.6832188885
0.0783568477559
81.2575491332
54.4858111884
0.0360047750531
0.0358830712243
0.190826422116
99.0784332027
31.556559597
65.3828674094
25.9702035848
34.9419063955
72.3784435597
24.1161506457
25.0206313777
121.29839874
213.474873091
142.064127407
165.931634555
139.888083248
140.514329162
163.219504259
89.7389491579
143.597936588
53.6204512397
61.0101747429
44.9277264573
0.695189869088
0.672581192671
0.672145631238
12.9044919378
0.424346181757
0.307676655189
0.315651373667
16.7678972951
0.31903341329
0.32193294849
0.321981166826
199.563090457
250.991243374
0.36957384682
0.379573621753
0.425551644978
101.603001407
145.735760686
110.502649803
15.039476908
0.691334790803
0.659240591932
102.978858517
15.5818755451
12.9382827026
159.031757157
209.113373456
95.1258483093
204.695003076
119.521699079
122.701268284
122.838969335
14.1328476503
57.7966365656
102.713803782
79.0144843228
57.9241444021
61.5766641056
309.633455903
14.2826791902
92.8281442545
156.874583388
103.799581713
186.304068444
118.398061768
101.323950287
76.8055353541
90.5958334381
131.09407771
0.855800006688
70.4759360218
78.3110275081
0.865204548644
0.859876073984
34.9659386747
20.1270267953
30.2098632483
35.9374057666
29.213866992
17.5850859557
13.0453281561
17.9686532578
16.3405733869
13.11797689
0.397901991141
40.6048120699
15.9456440001
0.436986013325
0.455110514848
0.407659378331
16.8842219398
14.5864437801
0.704980266933
13.8320620049
0.878087371336
0.944880046776
1.02810532237
40.5512030688
13.9418564419
32.4853352293
1.0469682611
383.294818037
78.8988436542
0.727073689334
0.724777360329
17.4533430176
0.656629044327
20.3665808556
18.3462725974
0.858973656719
0.815557420584
0.743643947764
42.9044324693
0.805731046395
407.562669805
435.325186218
234.596616641
70.626914227
0.757128088192
0.736675424151
277.212295135
480.045434895
12.9169437306
13.2965999336
0.945712808192
0.980562764314
427.246832314
171.366504144
43.6425710536
1.00244713704
0.948795793763
13.1065826894
0.802087537643
0.73399492662
37.8579437193
15.6369424721
115.691568159
80.4886360206
0.00689282257752
0.00388467934272
0.00910144852307
0.0324390274058
15.9294775273
0.0386889841973
0.011761610069
0.00567942281341
12.6179467316
13.3260748393
0.022800955529
0.0180540060014
35.8898266944
52.6048324361
0.0
0.0
0.0
0.0
102.698717578
85.5476768092
67.1466613884
87.4852506642
158.878830411
141.058942423
0.00361337269742
0.00696640526946
53.2808174292
96.3850044034
75.2067098934
16.8261341351
37.2898448801
53.6068380575
0.0163179657764
50.5600088549
0.0261197596598
0.0141726623182
0.0187764860312
0.0560579141509
0.0589916749524
0.0750103668813
85.1808458597
39.4463730384
14.7665306621
15.2903101381
27.1865694348
0.129617623634
21.1372435841
0.115384003846
0.117383147115
0.0896840285454
15.1781348046
18.6346953357
15.8634229323
139.700077676
0.0308028495635
26.4902636371
0.0142155720356
34.5269135696
21.4849522377
0.0264884351455
0.0192223576633
0.0369239800465
0.0285173041115
0.0208604942948
126.591874655
15.9911281709
0.0
0.0
0.0
0.0
0.0
0.0
0.0
0.0
157.931850705
18.158599317
26.3969451077
18.4185704283
36.800055847
21.2353856538
0.00547308657272
15.645731706
0.00846567966519
13.2971743694
0.00412618395505
0.00386073918496
0.0132148308039
0.0149519623978
0.0133612529486
0.0163781427643
0.0245995520106
0.00660745158436
0.00846043409792
0.020700066536
0.0157375994084
50.3410290981
45.1683522702
0.00324832834038
0.00660460213739
30.5346513698
0.0
12.9041507276
14.1706645367
0.0
20.1737806562
0.0
14.8208184415
14.0787040693
0.0
52.718815214
55.4086263369
31.7962753882
28.6642698092
36.5469975817
18.8655785487
0.0229688530143
13.2063012831
16.3436687751
0.0109861710129
18.8771272951
0.00841946807018
0.00375110064729
0.0
0.0
0.0
0.0
36.1028469144
0.0
66.1935738755
33.6225359248
30.9470797601
22.270507217
0.00902005723995
0.0174622652108
0.0155150118194
0.0108797040427
0.0135899687981
19.4167886293
14.0467453267
0.0158848766605
0.0156456463112
47.8072989921
0.0100279751925
15.7911974592
0.0118238253064
17.4966206078
0.0437691926332
19.6127347279
0.0602589573503
0.0672812586017
17.7265992709
13.5024692862
50.1563425564
34.2040907787
20.2828737969
0.163773049348
0.141641419973
0.132764551843
13.9897605345
14.9670169565
114.563273796
0.0814476514123
0.0841598508734
14.2277427785
14.2940278053
0.0285771873971
0.0294793035
0.0350997767205
0.0143821917807
57.5434442557
19.6294149724
41.2726132008
13.215386757
19.4201049872
12.7875721209
0.0267320619372
20.9309455763
0.024338134282
0.00343359148463
0.00361373351357
0.008436466916
13.1841456411
14.9789505063
37.2763601355
0.00924675925673
0.0120159934746
17.9752353657
0.0117324468181
0.01401610212
0.00997268953463
19.5867995233
2244.65759238
0.0284268461084
30.3842708757
18.5228567028
18.3914681799
15.6865956828
92.5095299385
287.725900414
0.00386626490038
38.9115111297
16.5561953155
13.2835951226
0.0
0.0
0.0
0.0
0.00185107493307
0.00532993770712
0.00434868423218
0.00427092251486
29.9194817324
31.0437495135
29.3560617375
26.5632774001
0.0183746136189
0.0146805283528
0.00823473550228
0.00983290769907
0.0130321570003
0.012402408366
0.0169617099187
0.0226821880578
0.020861166786
0.0
0.0129899176063
23.5866736094
194.01549831
44.6196655417
86.6249454717
49.5730290821
13.8160147311
16.7902840589
97.2842947843
42.2626123196
15.334178321
113.029924763
251.248036308
166.177253991
161.298613748
187.047576188
70.2518222169
58.2929116556
53.422996333
0.0
112.903619985
0.0138494881497
167.568895963
116.046322463
87.5104527395
88.4022492267
0.0169797555771
0.0225220269329
0.00397326800256
193.075554086
14.3641512987
240.583100792
187.407336769
0.0294372094539
12.6806800904
22.6452916963
15.7013035605
34.5450020023
58.1448493174
66.4884535514
56.852720178
32.723528703
54.5420382947
12.9822021475
88.9291035368
0.0906835277407
47.1822116641
0.0589545550999
23.3430781978
44.5295580471
0.0421726096856
43.3245897174
48.9192647827
41.101051554
26.327203221
0.0392287690039
0.067475407423
115.052287851
12.5940117084
0.0258387759661
0.00940887751975
32.0791588631
0.0259665867335
0.0121720116607
0.0076786240846
0.00902040491952
14.172668731
0.0
0.00226158128303
0.0021888490489
0.00173083120032
0.0
189.074413489
12.7005981492
0.0185246809286
0.0188244803784
0.0158647896072
17.0608848647
0.0155337693433
14.9750019734
35.4680827189
15.6427803004
168.632242773
147.873444741
85.2647746273
0.0113647186067
0.00986256972085
0.00454007783154
0.0
12.6481010902
0.0
0.0
74.3968667874
111.309472678
0.00860664269782
0.00568788835444
13.0186772973
0.0
14.3862110503
35.8604425977
36.8775725582
21.9314305454
45.846201245
0.0
134.346556422
12.7483720388
61.9264799587
63.0943758385
28.0213376394
31.2880244205
0.0098560642541
0.0212949166488
0.0209486817585
0.0243268744744
287.93404846
138.303295639
19.796418681
12.8069971434
13.7408019613
0.0
0.0
77.1572621504
103.235580242
60.7676242247
0.0
12.4844032481
39.9142007527
13.8305006207
22.5278160639
18.6877223498
12.6746696785
0.00993889494087
13.0631194232
0.00354102974086
0.00346158147576
0.00388326368685
0.0154093431129
0.0110941606495
0.0134472712105
0.0161086765798
44.6773588311
0.0180204396451
88.9956908338
78.2169476147
79.7489556507
27.9027566737
48.8892419188
41.8991535919
60.9647045884
0.114200396763
0.140831961516
47.3869773728
36.8987654144
78.2192103377
0.123982570481
19.3311828434
0.115140796458
18.8880012263
1215.51197344
0.0601914979577
111.72845314
0.0851243809217
39.966356935
53.8552288403
14.6054066973
15.4757554917
0.021035261476
17.7999753684
18.6945683323
0.0306736138921
17.8402532608
17.3572180941
15.4087798602
0.061861391893
0.0608360135277
0.0650506798402
72.511700047
26.8125135785
36.0387593078
0.18056625517
187.655985706
321.656201785
14.916388226
41.420343501
96.5365496573
28.6928633599
30.8841638186
13.8945278894
0.116609887674
0.127349484339
0.11589123548
13.2381046595
0.109619357878
0.203174826286
0.203048123697
0.24052186018
0.244953562125
53.2598574654
22.2231064905
0.255210806886
0.243027922642
24.1761083807
13.2667101463
42.5808906846
76.6490821798
53.7709258896
29.1553136062
13.5667971663
19.5604455112
51.4475626333
0.0576318133184
38.2414910182
29.5370011786
0.147118408088
19.7733532776
40.9212182988
136.100537937
147.859067248
150.345556563
86.6318165581
163.89066823
0.011294381298
0.0115363690964
0.0303868544394
0.00504461003756
0.371055384817
0.028362618273
239.123666662
0.101988117547
45.6659626967
22.00958395
76.022672494
0.782427728302
31.5697531872
33.4521205376
0.286023412906
27.5725543336
88.3802577634
84.9188320731
53.8300138598
221.399488764
0.396250961776
82.0898880995
20.8246695547
0.232104371762
31.0512114094
49.7029328176
187.719850686
35.8766717631
0.282025881775
180.251281673
159.609457734
155.631806519
128.363201087
136.837747495
149.41159687
135.547245331
197.95083775
183.647271357
185.962557701
186.046181016
190.32702432
28.2545851229
227.473207351
124.64480933
58.9523204277
44.7861172896
135.014911825
124.346047439
129.750939717
93.0692585319
31.0266054305
0.505958191618
22.4126431586
144.280846682
117.900341275
133.513463009
177.873835778
53.8523499408
74.9346941523
86.2071827089
2.95692006676
0.914096311145
1.00089370793
329.612504656
0.512895531208
0.173397352742
68.1818114936
95.9791416856
115.869466228
128.989076068
242.878460414
1.8888009
1.22674725849
44.6882309983
54.9362263622
22.2879585996
1.32508159161
177.320828481
24.840110175
35.0776653767
111.624681818
99.4223431506
2.08671424186
1.79773273928
0.772613386291
177.859480942
107.997043006
74.2988712447
146.21554831
1.48799454293
47.6719478044
72.5263395874
35.7104008113
89.9200601541
46.3667955133
105.376419386
75.6660352591
127.743548401
47.0820730158
10.3372984027
2.34338794178
70.4843015852
66.2019771175
30.829699248
20.2320939889
1.08962826678
45.1107272093
131.294595565
133.063639607
173.040227342
230.809661439
225.556473522
13.7167542092
159.665322735
55.3755681237
218.822526957
25.71468406
31.9225522707
7.48946238896
66.0757232621
1.5849013259
2.14077407231
59.008410976
3.33619864535
34.26347919
97.2297219318
37.0182643073
3.06771425
10.044737887
38.55481702
25.7848419743
87.0905141233
89.5332267047
150.590028174
2.86198286299
90.8062557869
159.406379086
86.2346052129
111.148353265
140.644451547
153.257354152
129.362020938
115.445075838
174.498566661
110.464346724
9.20934901071
58.041264298
61.7838715592
84.3672903278
25.1376981241
109.981109896
77.6648672219
2.06830241372
29.4842106449
5.59956776716
71.0303774372
108.055604355
72.0243267211
2.72697808273
59.3636810981
56.6076273475
96.2995459293
59.0897671346
1.58151990417
1.21393562894
33.1001066273
58.9336875531
66.2235862332
5.96349001131
47.6585827549
54.4567789555
22.7660296853
93.9766468629
132.56846001
127.009301588
24.5366455995
452.716715723
236.907636092
57.8695796609
279.371100848
20.758374235
95.1782955323
145.589468464
9.90532469268
63.4936100043
60.7190649948
25.3578157975
29.3618974778
33.3797885336
94.2900868737
36.1415151917
3.77012242535
183.58204422
146.428001147
28.8528728231
1.77899217993
1.38573153298
200.455094385
4.0395237166
2.96131477522
6.33215689633
32.4045837714
2.46220144245
21.707074329
59.7381263109
23.7444894668
22.7462159069
2.86030400619
40.9022414733
33.1615734711
67.2887332976
21.4505259054
70.2642804768
80.2210561291
90.4049730984
93.7736598404
1.99711346614
114.974701181
111.689308748
99.2850905334
74.2712361948
172.802738075
108.492765391
70.2460343405
75.2103293573
44.8735651017
120.585014317
124.33177756
102.796250929
86.8703628788
146.574062002
68.5439576866
123.768862079
69.4490874664
110.46735391
58.4661392467
30.162391972
90.3350900898
132.565102099
57.1517089487
45.2278339633
20.3928453866
21.9994586932
24.5476376351
24.2485475932
2.18017343911
5.27843948728
123.636951125
8.7658300682
19.0621535424
18.1463025457
1.45541787143
4.1458335935
146.041448109
8.82179118804
3.34453790807
4.20136951464
2.79197482234
241.10454291
167.909997943
124.175039028
44.1659816779
134.290091578
120.285026858
106.436765547
182.86961456
68.017897569
34.429219911
41.8227022628
66.3666521093
2.93577825268
3.67557419517
141.535606478
23.5113048812
3.00291986947
24.646543733
89.545136498
24.6896026935
29.3117385534
5.1704771649
8.77047574233
38.5368463079
77.3941401092
23.8600606003
101.835829867
49.329246241
109.011114188
70.8805191669
65.6539146372
40.7007140205
101.85389821
138.016293044
223.352642588
103.934418847
101.642746286
130.637298624
123.697609792
115.063654397
34.8099942639
62.7303123103
92.6344250389
63.6030812034
59.0375696572
19.2444130615
14.4714298717
4.85028832944
3.71454690449
4.06321592509
5.92736999349
3.59119910777
5.40738771696
4.23967692787
2.91487530117
21.1992852747
242.494796574
141.611413958
113.45823867
3.24862133532
192.996317351
129.373427316
54.3110601667
138.06212329
131.877491407
8.45786092275
79.1904784201
65.3929207217
6.40958884478
23.7876362064
68.7011590081
4.6078042557
33.7289231285
35.6597247257
26.6103571427
8.15681731341
74.2032183684
23.4364889591
54.1328563481
31.0173413425
153.569309789
8.86699722365
48.408760125
33.2314278517
22.5696115642
37.7214834791
72.0756146525
23.2741644401
62.1078222971
142.076165586
178.866302554
85.8100943177
165.699951663
103.550810477
88.9961422212
129.172036599
113.712942926
69.7834678471
27.482070245
29.1854713275
62.5524837591
33.3240752396
8.63401325994
59.3135924491
7.91291873897
7.7976849782
7.81216265888
8.72906689648
8.52477453664
88.5468198605
7.28918736147
26.2335067513
229.020123107
183.311073341
2.2128946007
140.199195182
41.7380950536
184.344279396
82.2953944102
169.335184669
63.1192492988
6.64355091666
7.40847314402
10.8286308721
23.3843228764
4.61036245479
182.583170014
161.098382196
130.150442885
152.695795921
111.664385637
190.279443605
116.732059848
21.8908530612
115.989553629
81.7263399444
98.5093234737
20.8822210313
136.319744541
302.064961972
4.00760083587
110.402624782
124.442838681
126.439408916
134.735336799
72.4782860453
177.358432807
140.038076914
104.80317652
80.7174185652
49.2521997823
55.6962516221
62.22651776
139.114916429
8.57600614247
8.77915596163
22.9372936298
19.2959075418
18.4443989249
15.0250146753
17.7134795388
16.0385865455
20.5145987828
77.1700732721
3.77833125012
69.7765076843
9.32842464948
4.53810724455
4.28860781149
2.16303700308
15.6634256411
6.00879458405
21.6043247377
13.649021126
119.433166496
24.9656469122
81.4326534363
28.4770312987
24.682809137
13.1809673267
10.0974075581
50.5777428319
56.7296931453
11.1921004845
10.5682604876
25.9921633877
31.8947368818
58.9136311772
21.4435987863
24.380788599
51.8177652175
22.0026995872
49.6280227063
35.2501956141
19.2703008927
26.7908472924
21.736897809
6.1784871927
48.9380000215
101.634473119
60.7387646589
280.511520295
342.146536039
18.3268931008
14.1590928873
307.945597317
30.4390928035
233.976139151
41.5381082402
121.120253617
4.96969838373
22.6154227488
51.4919108593
6.34504452344
3.94632948771
3.54132814383
2.5373632632
54.6623932931
56.087655689
73.5816659385
32.8401467935
29.2573168004
248.589098158
156.36101351
39.2341882739
50.6394196354
24.2397572893
120.600722196
43.8658449849
110.285218819
16.6080540687
43.2796810906
349.663293041
73.0073422523
74.4154674277
27.0806029811
96.963303419
28.8626018463
44.1573157232
27.8492366646
31.5225143834
26.1556336861
34.6770790586
47.1715056019
25.1024298594
120.878784526
11.488888679
9.81561757827
15.6721002458
6.3813502734
114.894085103
4.80192398407
74.3638013043
6.69327465751
9.06608073754
20.5062864943
88.2798622515
16.2403449972
26.4963604189
25.9842280296
29.5938335273
25.4119253261
10.1375449646
22.7223470821
119.591503647
191.853462306
169.58548625
109.421923283
221.727619253
51.6168696787
33.7040500458
3.34162967981
30.7211758462
155.471983624
120.044593398
38.2321570321
46.0486069547
75.6221543175
63.6330370138
16.8333955059
4.89444308963
3.26932228625
17.8926369664
8.55168982549
15.1305088879
7.01471219959
164.279690397
130.031752266
101.877961609
6.57208588053
144.800719116
103.475292364
21.3350125194
24.4670780238
3.85340511489
5.09434423773
14.032697688
29.7998167528
21.1010242423
167.798332357
10.1103885124
9.15421315723
126.486519671
211.754091607
71.5414236883
185.595720168
90.7345332363
2.70435641063
2.45661278418
48.7890777295
40.7063332699
18.1996150836
92.525732418
137.249232422
64.729867812
13.0103033489
18.8220229206
51.7001179114
23.8240721988
79.8040779795
13.7684590359
18.5471375202
95.3884211419
27.0267147184
21.2090001811
39.8707325287
36.4564192479
14.4776456384
15.4782008392
39.5317904545
40.2976686174
3.04474927535
35.0958279756
14.88381991
91.0400246784
14.8388434903
22.2755163323
15.8597112501
121.581840276
21.7078514961
22.6992673173
78.0834090595
9.08283158901
8.33196277559
9.1295948814
36.3046003277
18.0373222824
30.5681602691
18.3026456708
21.8067828241
34.9192960488
17.5910110614
13.4818707733
86.8745016651
133.345036342
45.583740284
63.5408964198
11.9307936065
18.8897101698
20.2574202974
128.522059196
25.7249885529
3.54504575516
28.8321861948
71.5993859887
48.5658346081
48.4738491629
158.232355554
19.4199782829
23.9134862117
178.668405488
22.4987470312
15.4209436296
19.3034146844
54.8720722285
13.1891583828
121.988980731
43.956835004
16.1527612277
79.5407396251
34.4964524691
86.664660846
4.23565051755
12.4819121978
30.3539865887
53.3717503871
46.656011498
77.2798171999
48.8127914133
55.858434483
5.01575697752
31.8088383825
16.1460074264
16.5513384609
55.7600903632
133.585226889
23.1247054723
139.321147156
32.3302603375
32.7856807075
46.7930216847
22.9725955791
19.7075810252
9.68783053495
6.62396328442
2.21049936227
3.25022581595
3.48875293618
29.9391384514
28.8134331215
218.861089976
65.0399460793
26.6172720264
187.987954041
31.6822205861
5.66375439158
98.029731772
4.74923232426
2.75498483114
21.0921136957
14.7913889764
44.8882181221
16.7484687434
151.122253337
33.1681171737
19.9106545434
73.5748066003
36.0577718273
21.6282508039
19.4140148535
516.646781057
13.44117822
45.1102921356
82.4463878213
45.2317487089
17.185620797
46.7951174828
10.4414712438
11.0513888958
2.84485986494
27.2934345393
19.6219505956
10.2493359799
3.19251347989
14.1488826043
14.7233864055
2.99710493593
26.995664445
14.2975060702
92.1882704982
32.8648264488
16.5605159331
53.325430877
11.7649563121
28.9010911507
111.518046447
28.5927483363
31.2968633657
43.442667314
13.5158040231
13.4381561562
3.15316964057
24.8727362266
26.8610026309
51.1002037277
47.1648383553
41.279845084
54.4547411569
37.173092031
52.8478978335
53.2461067448
77.135273157
47.4624000303
4.99113910692
51.3116578828
25.4025128376
9.07396732906
75.3997713756
17.417981439
52.3767472122
117.372206994
35.8135436492
11.9172858689
12.9726359048
64.5534993099
67.0309306058
66.3197234648
45.2569308241
41.2718743168
33.8430633792
56.4130333261
8.62884598723
8.1922772292
22.9585311777
39.0092704718
33.7301499821
24.8975210869
35.1285941142
9.42664673464
3.82122345548
18.9999505652
12.4558426333
165.963721
3.44898581693
12.2538300182
12.6184464219
8.76292638395
8.97326662269
25.9433163078
57.8869849344
110.411561737
97.2712001036
25.2273522081
16.0947822107
41.6868274125
38.0980292471
5.55066321342
15.757639984
43.71255463
25.4602324816
135.760545462
202.635878713
19.6308365976
35.640901443
190.880582412
37.9290885473
16.3463078081
11.8938310288
10.3152401927
20.9846946987
40.8777628215
33.4821413501
147.246696455
19.1234177893
146.304639233
188.901632171
34.1474496742
64.2675217814
35.0716445652
42.60709718
48.7235177473
45.564493523
73.1309280496
60.1113646503
38.2546002298
181.786803603
34.8563292042
45.2463431316
12.6000710839
4.54023995248
5.55031375824
28.0886738692
8.40104616735
64.0265789975
21.6617223989
70.1524616351
22.1927587618
25.3919076944
41.3620118335
7.09422845049
39.3812501804
153.969842285
176.311071928
42.575154753
91.6070419901
55.9522781113
195.195324821
37.6274096342
15.4218583755
20.3712782896
10.8673540569
8.993895569
16.3437434152
16.5807894528
16.8593126177
20.7042651054
62.5520390921
210.605621026
19.0610480859
7.03549904006
114.370655548
5.70177946142
8.10733677945
52.3243615154
26.3802544842
9.15078908268
7.91623300527
16.9850478869
80.8370480129
27.3394487305
87.1194850302
161.81494495
69.1718270445
70.276824115
39.3026848827
69.3771770009
15.5812055944
73.7895335236
52.5602442395
21.8281110233
17.8600303683
9.47974793766
13.4737540461
13.8331012311
0.0
0.0
