0.0
0.0
0.0
0.0
0.0
0.0
0.0
0.0
0.0
0.0
0.0
0.0
0.0
0.0
0.0
0.0
0.0
0.0
0.0
0.0
0.0
0.0
0.0
0.0
0.0
0.0
0.0
0.0
0.0
0.0
0.0
0.0
0.0
0.0
0.0
0.0
0.0
0.0
0.0
0.0
0.0
0.0
0.0
0.0
0.0
0.0
0.0
0.0
0.0
0.0
0.0
0.0
0.0
184.702575384
716.115561652
191.491550585
49.6069825331
348.114451894
294.290668738
235.270718483
133.403054823
43.333689764
1072.59944008
919.834156612
794.488464077
1101.5180254
115.542524465
0.71878802552
0.519338846501
0.639805864092
1.37104219838
1.36000851646
1.63935317203
1.49490206982
352.553777219
354.760578254
419.503869843
0.578530878424
223.975985083
105.726537252
252.414456529
215.526255546
43.3853190636
47.9453724285
0.290015084797
0.281416793525
375.069359035
354.414655317
316.11324021
258.554096403
232.808687002
231.193346467
223.347996271
210.597375834
217.937077725
231.261085049
233.766288959
225.690750997
216.660916616
207.233873632
196.297991189
191.540714851
174.219591076
93.3116184291
160.606955392
394.286321002
0.00839276328984
55.924836422
45.3939323854
116.713274907
42.0297689601
51.4932520932
0.0355386300319
43.876946889
42.6530656531
0.0841412632681
280.965294511
58.3142714722
41.8192617688
39.9992430337
0.0911074676607
269.064539959
0.228833492958
217.505539098
237.519528669
339.913798992
139.163439778
115.392004779
99.0236332352
92.1166755509
88.2859123089
0.611045960905
78.8620451824
79.4644994317
81.1711508192
64.3924144543
68.6052169263
360.428076067
491.816957644
830.140440306
170.282100232
0.616797762284
193.393184268
176.373793565
80.1349427187
0.501415948693
56.2595635343
56.0941383209
58.8078250584
82.2368463499
212.507448506
0.776198055622
58.2761563105
0.542119662183
0.523856061705
63.0379631006
107.74057823
0.356016281546
0.343201868387
2185.7752182
1715.22799842
0.467364022849
997.09664337
493.603463388
725.13942259
110.596791941
0.00728523007481
281.88312874
90.9066625073
42.3196988528
614.0504146
510.414242315
47.2899271066
440.019045064
0.658354030593
268.425742942
0.427941667178
0.625756659338
217.984994585
421.624653705
0.338122985852
0.349824994849
0.35121946007
41.5702684957
41.729025928
0.247340920449
0.324879923708
0.326892474829
0.361573058103
65.584001595
1691.23113587
58.4825178685
56.9706213816
83.8825021138
75.1878718235
0.447674505354
0.42548347535
0.378586526878
77.8509098857
70.4442382053
0.344023319403
0.329152928791
0.298348319011
0.272217011637
73.5042036393
73.6218926086
72.9952698863
74.9789562067
71.4641369951
70.4468207765
68.5679502083
54.0019112333
1001.16769971
656.730846437
247.395374581
42.7395449178
486.574011129
289.568951189
44.1496299253
45.5075122918
0.160633822174
264.41316187
1218.21044955
48.4930667277
0.586267268836
0.397192458266
0.362203973785
333.137276017
193.410609226
0.61459038643
0.462625220238
0.0548162185319
0.215011593121
0.232562868252
0.22137142948
0.245415586263
0.24357292492
60.11135147
54.9920346904
235.473520242
0.338602370268
361.459451617
164.932510534
158.450624101
303.919929573
292.925776243
134.619354233
225.581066843
142.651136237
118.847011606
105.891068707
114.028967516
109.516865954
111.451823513
77.0343540357
90.9033591361
73.4085935643
93.7732636042
0.216650424195
143.096335458
108.075829148
0.210781294035
0.294268270404
855.116291614
0.211037660714
852.941991471
0.225785635729
138.788814272
0.275712825539
669.435819488
800.170434254
680.197051689
473.430444187
152.905906709
0.117261411988
772.571492634
0.032662847838
0.0802137889896
0.151912696363
0.121355002858
1510.91242848
491.780811732
710.090408446
617.801553452
664.203668837
0.413063382359
0.453314076126
221.764047734
613.697256446
686.671820449
321.619084054
217.837069826
270.044539016
259.493865093
42.1430130672
80.8598771862
206.188039856
0.126242831964
112.27181856
41.4866444878
124.948780051
449.74252345
0.268238962453
1031.28738991
0.19246073546
0.202738014202
0.170792532686
1699.20694297
1865.58242725
1239.13067354
589.722017387
80.7225280758
0.358230703322
0.153225628881
0.288763191322
0.29013881619
132.345751384
99.4244045412
67.7027451127
80.1423205012
68.1673521021
0.172614905778
1763.28982113
2872.9737066
1971.36313097
2718.65764623
1970.5758091
1507.6743461
1105.83522753
865.315717297
0.788313576871
0.497434721318
240.46135921
0.508002850687
0.511172723766
233.64623715
887.219373574
415.47030988
0.604448365051
262.901773852
136.706321043
137.311148279
201.226802052
244.655073717
57.3575237958
48.5364274218
208.091302785
177.399951023
145.729005631
1.31056084727
150.732467363
61.9153255368
2.1203440487
162.514867522
161.121259125
109.503551309
147.645557239
87.8791734632
397.400352052
49.520581022
331.683405179
777.109660244
2.12482866641
43.4417765802
58.0757963116
42.6599425816
1.89669876303
2.06104160603
1.93274735996
1.92157523542
1.92786603392
64.598932705
63.6257575603
2.00906619483
1.96350645607
1.3914077247
41.7130217224
117.14252757
622.088348246
272.610490354
0.509723561742
0.363088617262
0.307847535012
65.8561086211
64.1209215942
0.500876918489
1080.5136038
733.943986576
656.657238788
900.350213919
1710.30171496
88.212842011
48.0467888105
0.602875699436
266.590923148
258.970555037
56.7439832052
0.906150630734
0.95104539806
0.906769959693
0.886171510208
752.239470747
133.601463751
387.963193485
271.818614261
0.75160999886
91.4305952315
84.0207121195
80.9631495191
75.8469344299
67.5701024029
59.7324223349
109.588646922
77.2125012891
68.0475003473
0.527819341281
0.505760414006
0.477518017241
0.459742457709
0.448911415952
0.437368517903
0.425757456192
70.8817040192
74.7653456952
72.4980114027
0.39138741068
102.961321844
341.377802439
99.0904876789
41.845858365
526.798548171
270.954501532
181.821707515
46.7386622045
50.9892609922
0.260714783782
0.342591704901
0.364615542556
369.467200844
184.124945231
220.865702078
203.945057589
0.480429787411
252.669109861
282.276189512
367.287431331
0.863036906419
139.233059439
64.745041486
71.6958131885
0.38352628864
0.533390115845
846.011092226
0.436066367012
45.9714791634
612.51974495
577.322457173
557.666029656
482.653244846
368.951362602
253.007275465
195.707350537
169.319231074
97.464956414
128.23760309
69.5686760724
281.082055403
255.580289153
115.092497389
42.1298627449
107.595190982
183.207565972
125.733605389
0.221666490182
261.130782948
0.0294243020319
1429.44366399
781.369261945
188.422962872
0.0
0.0
0.0
0.0
0.0
0.0
0.0
0.0
0.0
0.0
0.0
569.822252178
1418.3576221
257.972413037
0.0500151392348
102.467248819
181.397505094
77.6022975885
94.5508243453
412.848142028
250.911242078
106.96685422
48.9412515222
0.0799011193242
0.216621176253
51.8100624667
262.453762305
259.123236763
0.352391811482
139.19701083
119.078071095
56.4875947559
174.714350804
207.022070537
193.746184643
0.719950555869
61.0846728044
241.724305564
202.158850573
115.462609897
125.157288171
157.634718119
151.608385445
53.3610396422
182.445153248
187.466389548
0.518826024023
0.314520878209
0.356329427958
0.317687895302
159.196950579
55.9808098837
0.309441181422
0.453387403182
1330.63815409
303.176175073
538.585811684
298.340322633
199.42318107
196.416938718
186.899452827
0.236012030488
83.3612716394
152.237049511
0.330540395223
0.0884915593322
603.176828077
144.151213139
58.8791487557
0.0387913772515
118.762683694
202.778266335
49.056665104
0.0
1538.75465069
54.7778629072
291.243419481
0.127561298625
83.8958382128
63.7058023635
72.2612656833
58.066982391
0.144435093207
49.6670681099
40.4351697582
193.307733159
51.1338528069
0.444638349016
209.446342975
94.987609215
87.3120713661
88.0125946527
80.7595651694
83.9252505357
69.3882200787
64.9224017409
120.644418157
0.630147768766
0.791178775208
72.7999659012
210.120215537
204.762674647
87.9841352516
80.315221995
203.226747768
164.794352309
836.02702942
0.354703769061
76.8566499004
74.4473896298
75.2535238919
295.301257876
49.3980411373
0.559089954302
0.721671132671
0.271222673966
56.3878748681
48.3528006266
113.380628427
0.21856531411
52.9089000082
0.165881861147
0.165760464905
229.9589019
40.697201964
90.5519585822
94.6605179994
0.191684714304
510.472768785
299.814528574
438.677585704
180.662310359
56.3062381782
0.581234342233
0.580036473314
0.336815862693
185.576499426
164.286511259
152.936084912
266.253673933
140.947136247
91.9945466636
0.294988824243
0.360418430168
0.232028681788
0.235247844423
618.190954007
0.207725540852
0.316770793885
0.201749667803
93.5607010202
0.15563588463
0.474079468522
0.436435967924
0.275884851621
0.225345555772
0.229360035528
0.178972374259
527.945205002
41.1897670997
0.350051494789
0.2611993601
0.220970035712
0.229726776325
72.0033876196
73.0457423306
72.270529528
73.7318653632
72.6655514487
70.3760095738
69.9769529245
68.5138268211
66.8374966636
64.9906798777
56.9148631897
455.732351212
0.00515419234098
399.523191166
0.00486840516173
45.6124261015
40.7109156423
396.534588168
468.945300092
162.984977676
123.180998368
0.419645384304
57.1562614442
134.817792235
1932.25852031
0.172648282292
626.297267365
0.407844358659
195.638101674
0.294440393951
274.114177557
42.674609028
0.485103851736
69.4539929057
440.819466821
0.343417152001
404.145435439
492.121644134
166.524389248
50.8640339819
43.7153300157
0.396178760611
43.7769980262
274.88784125
286.793935939
0.409885628589
330.922995827
92.8150863102
173.429168558
101.943457734
271.008394191
335.076150777
0.566104577246
90.487172946
0.649285782358
0.713624839284
87.3010711948
85.7138264654
84.2552434183
87.0841592638
90.8128613434
0.220589795437
94.8896225031
0.292187983523
89.9684116497
79.1187221962
80.114594121
75.5392018449
81.3153489486
63.3997910634
67.2769471871
150.203875408
0.132766344784
97.5815844269
0.0649206546998
1240.89341878
42.2871099049
57.7166569158
409.582719659
280.079662456
327.875693305
200.411424707
113.148020518
140.479441117
91.7407043467
140.964595772
69.1403302543
0.245387255433
94.4261767141
72.5008137742
79.5687902454
211.603200441
418.833697531
0.475014167485
61.3982660509
0.470952738598
44.8819200982
60.9288964912
52.1491382225
43.401484937
0.398486568958
0.289456161959
168.664733443
0.262044049994
0.254512621623
45.0340535723
249.374841695
251.116267992
202.630115652
226.563511959
195.246749517
102.705518885
223.083997434
228.676713736
154.580634664
0.360287449021
0.576527043619
0.195195550482
145.673353478
0.15124618896
261.806313996
81.5578345689
122.70094665
75.0497630628
254.302043166
853.625728779
143.070289761
102.622527544
155.055936087
151.125110098
0.134203687593
284.545501772
42.2588906772
767.840326782
362.643252937
229.124216673
154.808763164
105.88574114
40.3662450629
918.882497552
0.154809602746
0.138753196696
50.9303986795
55.9379215992
63.3149917459
0.188723561999
0.201040797236
163.503023818
0.178031724143
49.3000846706
1554.79721015
2585.29723364
1286.84428884
0.116652455259
0.176236512269
0.153180251479
0.197690492084
39.5757999799
755.316414365
0.380217163358
46.8626359367
0.323572160167
42.3134400562
0.106800912827
0.148069525317
0.121530044231
41.6252981416
90.585239769
616.484063335
92.4405809948
723.591311734
0.138239525134
1005.39382232
62.6912333972
344.503700364
344.991564552
116.627556089
0.0766593716695
73.0761529317
39.8099915886
121.256859675
207.967915991
45.2528820218
67.6342273387
59.4270842454
115.382975761
0.17258818086
849.30705928
0.148998252581
0.116163596994
0.294003335314
309.539692291
793.87571795
0.120907351929
0.229976794813
41.4233324525
149.222984954
47.3448839872
130.213347226
105.132851103
43.0105502415
0.329053266486
48.2404454515
0.498261309866
46.4385890548
79.1192368898
70.1708864154
54.6904673928
0.345518816635
76.8297232615
0.465266949119
0.326130764536
0.469248869809
0.281688717274
99.9892785625
52.769966101
86.8371663119
210.042965634
289.521037628
212.996865277
0.593143970712
213.597866075
244.358485814
328.321607643
0.40693812649
0.495477546458
76.4278975255
50.7432651274
65.7574143839
0.236815630229
90.0727341407
110.302482621
41.7963672596
160.603958852
257.226236662
97.2800082057
482.825867522
2879.04190705
41.7719589308
0.0271290752319
251.678370919
283.367599928
51.9240974798
1072.20205922
390.937423423
372.081701372
306.489048128
229.896588361
109.291838653
66.6237588978
65.4932171037
68.9479038401
65.9629584784
0.167222462972
0.178088696856
0.361244734653
56.0521541428
850.497716572
215.405038358
363.889768451
0.743720702875
324.297611412
61.3896131918
1044.34933517
404.205607576
44.382637205
42.8459895748
197.86841921
180.754892287
62.5299613343
103.051548865
0.302529381017
44.3425364804
74.7978341414
279.755351961
282.352289094
0.268222404099
0.25290026175
0.17999425084
64.6913967655
136.498952625
136.649814113
42.2347581566
58.6278989408
189.929784974
306.145488422
119.129628271
103.818277782
519.083876008
52.4516492838
0.14998781612
44.3061783578
143.078236474
2697.42562307
46.9506270747
0.065312906653
128.011652248
87.6610095929
45.6607946108
108.960569794
396.650068104
271.120346537
49.7091033508
0.675320038535
42.551947927
159.33215517
237.429062116
163.807942623
184.769218135
129.215213169
0.630953467233
76.7598879321
43.1537051782
304.947515258
315.916949314
263.74121429
299.153250829
44.4963143486
528.652774549
194.658170077
133.043399931
65.5327776961
46.8733778639
2149.19008456
40.6101655797
0.504075013172
558.7069102
67.3828068323
59.9528352213
40.1926943346
0.398577154872
66.7256870833
893.28293267
499.409246933
252.641858775
0.497321865981
1157.64510796
106.075298659
1240.01390145
213.845965107
264.36724839
1676.98676604
42.1240326252
0.389154047083
0.356152330017
0.564092690674
138.90788967
0.559984211161
50.5619857885
50.3595644453
58.698387704
44.5244565279
59.7440615397
0.648522957102
0.527527379852
356.111153369
394.201731496
237.646447306
203.738352166
282.266955841
166.577849583
0.59974929281
86.1996155453
75.1304312203
74.1633493246
63.6741450255
49.7220352656
130.110221729
89.0883619284
140.623877083
0.990325004257
80.3251139759
112.546763227
47.0848942268
248.805376346
42.4222387226
52.5060329327
0.980407905704
0.972967333552
0.894589450147
0.819264482981
118.025319949
284.362146401
197.874475567
373.69986867
117.12635573
100.172287259
108.244835327
826.601603532
509.227198846
40.6009279884
0.747272643918
107.01544233
0.452576982431
295.654248872
718.682888664
0.611487213162
422.983265756
0.550196493506
665.299546787
50.8600906507
0.426117274388
117.360765153
42.4560468644
39.7529172634
48.7169408717
93.7708237323
170.816924543
430.311156309
0.87427506955
395.660988853
65.69751502
59.2149022823
213.922372885
53.3002151406
156.599415867
308.445308393
44.6302667972
83.8249229212
168.507265876
191.249730957
174.383694219
466.514365043
121.96889064
108.991335281
1.25236377815
56.1911365296
269.551995471
301.194107052
52.3975856697
61.9782961431
1.23115530152
0.948609330146
98.6765179673
499.578631043
1.02025879954
156.935003044
109.373398274
219.52211502
313.609773787
260.17191817
48.3626029444
58.4714967178
0.807989441826
41.4414966873
155.540199889
0.722639997701
0.656343229021
0.645717601975
0.609981794654
0.592092265548
76.5026958854
0.644043521836
95.1867333234
0.448027496429
155.534352957
119.816886181
274.419912978
134.253420843
507.489461269
43.4909904301
1038.46092617
123.026613724
173.180936979
331.617038828
488.079790634
41.6109709831
1267.08274925
0.75380687071
153.839379233
290.026807704
205.138649525
54.6692488187
255.757406772
41.4394052999
101.985309218
142.567153054
248.21194143
183.481454476
66.5984918424
0.763034207818
0.689147448158
0.72617722935
55.3571236153
0.679292960697
65.0506801299
0.434205971483
0.391094239231
196.424960302
132.838485215
474.345498312
465.295623039
106.053599428
0.551914945794
0.525601338704
43.6569737692
122.79587217
0.50762248552
0.389805857182
45.0138984555
117.112687554
72.5982338721
72.1263941873
0.536603796143
153.005955662
0.48617406593
101.603784061
94.7582893801
175.296740026
87.4626782729
0.40450484108
303.530138639
128.142116841
373.037922012
263.783525954
255.117823766
218.992373578
194.287969069
1493.08979076
182.089841931
0.569978127416
455.337055927
613.256625875
64.3321410736
97.6935521116
51.9474766443
69.8344754799
1.15543728021
1.3407733246
1.00640027419
1.70676804134
124.512831551
1.83617524163
356.439843841
251.778937569
148.308500909
182.014641646
213.343137396
1630.90770844
83.038945256
375.989019061
410.247310031
850.871475781
598.712735436
44.2382402938
42.8133233676
356.78405293
0.225033159046
0.206995245084
95.8405759729
67.7617636807
89.1000818273
624.909234918
0.761758722084
0.876820823839
0.0501731978272
147.814072072
124.994892513
101.56882545
101.641052485
110.616249782
98.8182812403
97.9126206406
94.3609771094
0.235749038078
87.3168249467
140.946003299
0.326983047196
406.107336484
0.325744397156
145.003124931
411.800762798
0.369790995409
0.38301484035
0.722632940597
51.1953320048
0.671340451361
97.5500279694
62.1944934862
44.8405047511
548.190314178
206.37713822
0.855413679841
0.653400209892
40.3335679926
54.7434495078
55.3281674899
44.5386232569
1.11018443833
1.05452419072
1.1266697991
0.973537660058
700.819387992
104.944726351
0.740258585258
0.779414085748
75.0301417341
1.08672811348
49.4377074506
0.753970946238
132.820455433
501.061360732
74.546449622
68.7576908927
48.4155741482
187.940498885
0.553170241533
86.0704232955
69.964126144
46.2509415698
48.7842063379
47.0141056543
95.5527063786
53.701286007
0.244831569493
109.32746395
0.132490156035
0.214076092314
562.723762834
0.394457027514
92.1857751741
50.7568065945
49.55149845
1.11207388316
903.525132911
294.460895845
0.678094339378
448.327359877
145.028206926
943.399923992
329.156895086
295.999110633
44.1005109901
407.566812396
308.756028873
301.213718045
267.783610186
282.948350029
269.840331181
246.439998083
216.490268826
188.972704538
140.197956361
399.223684339
46.2402088196
62.2304549639
63.0499380621
49.5035845327
2.1851602887
55.764197973
0.118666188927
192.528590946
249.436531562
105.483136874
519.792814649
0.219030750095
0.337634367692
2.04251251162
2134.32192144
0.257910534086
124.146035734
0.256406804209
135.446017547
276.459101686
0.307809099731
551.584952526
0.405801330346
1027.52082702
1041.1427822
246.228672123
254.57877815
379.462074514
1.02432342541
224.028011537
176.604861576
0.834370297758
661.201686039
1875.46923782
0.642671489167
0.671857208719
751.535010627
623.60235414
499.972823439
410.035563709
238.695787217
185.442429939
0.464833117414
0.357404421996
0.353923716086
0.34676181596
0.337107756867
0.310763471431
0.35577400529
0.432509805234
0.470956111204
591.763010046
176.777949063
238.458220493
0.345853957684
1040.1915514
152.968878126
184.225846275
163.649597695
151.566424339
0.16151672656
0.19897614819
680.822924647
0.259899744292
112.64704816
124.896930562
257.073149796
105.830827375
0.326844300648
0.227569233959
0.208271917188
0.0573108082529
0.23031746175
0.226746155463
0.211052072362
114.00912124
128.165387588
296.085191872
159.177055431
120.976261888
0.0529105748854
293.557274642
116.301521896
111.897734797
1446.03066166
0.445914072346
120.49638003
325.427889577
290.567309517
110.274810777
516.580530369
419.703885349
237.167594141
186.18233222
0.591771811095
0.477701043799
171.100115155
0.487171440498
0.49208279029
0.544871831574
149.051512065
0.303526011311
0.495721603393
487.638968254
562.766760451
0.564550958827
0.497127023116
660.504716793
603.399357522
582.578618341
0.193483484617
1014.57472694
611.082900762
115.367950529
153.668946786
147.201260309
163.415902382
0.067908638232
495.041144354
280.787500678
0.0969142138403
108.358397936
0.342449379057
350.857270349
0.320526925197
565.889989609
0.0211321799978
889.054478041
0.0750852409583
0.0288884939519
499.781346599
117.668566692
947.521581938
341.271939874
133.155354753
113.428691155
0.113156281109
979.99518104
836.822576251
513.850446086
0.0300890239538
333.628944646
1774.78216038
0.0529486684296
0.0672885673678
0.158553115248
461.775826372
429.204652517
506.53266468
438.570460609
0.538479508628
0.439827169153
588.173116881
745.162891198
642.608497828
0.901418557358
573.395630058
500.932896328
279.304677375
325.70748899
176.307118063
0.245435825041
0.162139089469
0.128181147802
0.0605307241358
220.36492844
125.757716288
0.0
0.0
0.0
0.0
0.0
0.0
0.0
0.0
0.0172284040816
0.0
0.0709416673375
0.0922232733235
121.247040609
217.978122287
313.945217041
225.137369483
348.452599703
0.0400154604716
0.0740160686755
136.949999251
0.0767360880075
0.0691335691786
0.152564674953
157.520683721
0.222570935791
114.930823774
0.390660676513
0.367721227382
0.495467534988
395.651567508
256.503355591
135.990844995
0.893200237951
111.930787041
296.917156513
1.82234594154
649.990059023
607.349856838
537.6697301
361.139836856
0.883790955194
172.845804744
0.950423403693
128.586088299
1.21758504746
130.83039949
281.437023399
178.465983502
0.773991153244
0.615923255059
0.481240022386
0.402489584455
212.160698323
394.581641737
188.226237677
511.300506472
354.31133178
0.349153844287
246.339863452
131.548357063
136.753599656
858.233402276
1024.7063538
494.424489439
0.554550986653
170.650432967
166.656454799
164.509364637
0.384536893825
0.651727659305
0.762240901081
0.627905872244
0.289822160648
221.21998123
316.132985564
106.010677287
0.122211997943
1032.66115729
620.436777496
641.266795178
658.361797031
931.203377762
416.641409743
0.468401976426
0.539188326114
0.596777342158
137.629473512
231.253191207
169.666983827
225.356741525
1.1673683914
1.88938758965
1.32472787796
1.02809757522
1.28496073579
188.143315158
0.902629120375
0.395775120944
0.41857270636
354.758380689
333.596224433
148.874340478
321.125827052
0.617114553989
0.557613349037
0.392983712163
0.257350154142
0.0425957972855
0.0472917327007
0.0867014316406
0.0424905989702
0.0143398468266
0.0134312592434
0.0
0.0135414380827
0.0139079199468
0.0150817572222
0.045900611312
108.727248872
134.475439103
132.139346181
0.0396263950809
0.137436790004
0.141800254572
171.956123253
110.672996623
183.154332085
406.074486006
634.078907467
288.89530288
126.369685053
279.877788238
0.629216035204
0.63904357688
826.170905795
686.311753723
350.357885974
120.521823128
1261.39773693
451.766243567
163.653254374
372.120674214
125.535611822
2.47644122707
2.07965982029
1.79243961331
2.55446627051
379.116355382
117.898641009
1.42347330216
2.25678614059
2.36865058328
2.15969143319
2.20034312025
1.44638553098
2.41279322022
284.689915473
2.15733237252
1.71556123531
0.258141615795
166.354235128
168.183732124
0.416575456813
0.416539852008
152.310767261
116.656454874
141.716728328
0.265119969284
0.168761910304
1021.30994153
222.654180699
228.512959692
173.213516974
163.632463187
0.148352648762
0.173697357956
120.457205745
0.162364672169
0.149171888923
0.341191316194
112.692525449
158.867425531
0.774595467917
0.661098471342
123.454104807
671.9085091
0.303269196257
797.163726609
146.006465833
768.581131064
722.877740153
1048.26464531
669.830965049
838.574473731
797.10379032
939.16446541
835.040788673
604.174604437
587.102061229
199.415232931
0.753237247831
131.264644823
153.153984369
159.753502441
0.716071509152
421.071317951
371.604827551
333.386106408
0.39328811352
0.178466831381
186.622111687
0.246910267475
0.237662566221
313.502029149
358.942251025
252.456071002
248.742861568
372.498848371
343.778575368
0.510392262695
248.846253473
299.267969403
109.791819925
110.904948385
109.137539988
0.120294544873
116.983747667
0.300810185487
0.365959856246
0.372725499355
124.015133113
0.356223038366
126.504715991
0.341974406871
0.220846905023
0.419063050145
0.312911247768
0.471404705408
108.300236829
0.52993385485
0.47166677473
138.984541484
125.588616488
0.318460622
126.894478321
140.392629123
0.699321494772
0.66843611184
0.872344870776
0.536852011369
206.621193079
0.443711982605
0.385400932541
302.804761407
426.501612589
422.911124781
412.2571593
331.288024231
156.806877245
392.608150484
394.473572091
122.962580561
130.956330755
0.763610643332
0.864286632046
128.434985718
1.00609211612
165.234606647
1.83914137833
1.60495750533
2.96223508059
280.411803658
129.238609895
138.678869927
866.848832904
124.468182985
0.858870136398
161.085076232
407.767322883
111.780912899
479.634615741
480.625234869
604.946309686
2316.24580777
107.952520779
0.442928334248
118.325107004
0.642595513805
0.709330024563
140.151113118
456.600082447
1222.77131959
751.938218649
126.258449682
135.232622323
1.70619600521
131.321097191
365.614319393
159.249928986
1.09570270398
140.015794685
208.472725957
348.775851332
219.834523671
118.486686804
152.932318923
126.323120449
109.346429861
1.29272350032
0.723838689791
1.21353050396
193.530187805
197.073499217
1.39869260189
182.690481272
1.3264871803
1.08036401835
0.878240759232
1.03132477618
0.711856908955
0.604058357346
122.063930451
142.342129827
140.392836848
146.319849389
124.248560573
0.286119054916
162.01530477
109.509444184
122.465580481
0.0437015588518
0.0427140546706
118.194261082
121.619281074
197.495127136
336.517862054
115.550954872
0.0733201469536
199.112268882
161.577040583
250.352845015
0.160227714076
0.0893443085469
0.0804007909543
0.233910250124
0.139035245813
0.119970646439
144.438686403
154.647503419
0.195646419205
130.614383076
258.372182118
1847.75898618
1363.14549258
419.543799657
143.197597315
0.485522689522
0.245947489587
0.317666940664
0.36936781875
131.140036591
0.702915651006
0.974296053228
0.694550221407
0.654267869356
0.746440925167
0.700394943078
0.697082775195
351.781923826
114.792801736
1.05808874098
1.03110098923
0.949058197204
0.964559961478
0.7819785193
0.360726716555
0.471156666719
143.146318702
1.01949473939
1.11101664218
159.724856347
1.24258333556
158.549517996
417.071138178
1.59376539945
118.249481232
1.38885119603
207.77183299
1.21045287903
394.038020864
619.827673641
156.593196932
496.155138054
458.211149815
241.153425165
187.394666501
0.981644229711
913.550772946
0.137493056087
0.239548919109
0.218652904695
0.764312389741
153.31752663
0.44991156762
999.786355739
790.865906706
533.585477906
0.415222080215
0.250480857911
1277.73212931
1363.29159804
163.743064032
771.067761112
342.036067157
1245.05381498
205.966003745
1.35377587956
1955.93757632
462.56412639
170.412425755
358.088086916
2.8102990425
2.0370742992
2.52391070892
286.396626704
332.239140811
148.210013894
3.80854701539
1.99801798259
1.75391024915
301.736960882
1.30437125418
163.655044922
350.232673959
780.816728045
115.359391952
545.205129306
795.52324166
0.842104199448
1184.73655789
271.459682694
121.499353064
344.179043908
481.030246521
343.233125043
457.735498318
683.495410001
1831.20527284
987.137520141
1133.0589919
1218.59552465
688.156784807
811.515228467
260.461401312
137.360395148
0.273370377422
471.217547175
135.785509194
288.957334677
125.78426846
168.429368551
197.276500597
193.552614933
171.720639165
149.586260889
1666.67070755
512.263348331
510.163735291
317.115421119
175.630814695
551.945643526
140.91530405
275.310217668
1.63791416156
1.73869648966
1.56549105058
374.56889398
2.28742319355
123.760300649
0.493131253714
0.843066148137
454.496443102
415.498188647
973.736622917
1310.43681547
171.393426414
0.959663174174
108.449430065
174.386147832
0.749336322718
1540.65037334
1438.08513767
1257.90826756
518.435080153
111.395347457
242.910400091
212.814597723
0.271117339745
121.279207139
134.426786956
3695.68253671
1129.1365715
805.90116543
753.055673882
952.095682383
609.667561503
373.155553577
112.899334346
1333.79960617
113.003069242
0.50576521611
0.359217261059
0.414156286529
376.118704176
1707.93499527
156.727017782
361.006857413
416.982949304
0.537841679528
160.082115108
0.498668325426
1106.68384544
134.844444407
0.889193021263
151.196030088
0.827422431198
1304.28048738
1255.2633441
792.039538293
764.199996417
542.086402181
163.860029386
144.813064039
0.84507789094
1.16924495095
1.31829894665
1.15492238843
0.623507772166
1.03487450091
0.926417189175
0.578011819882
0.694380452524
0.443202316304
0.22232881429
0.182959699573
330.197096957
348.09641625
0.0839290825778
203.593619288
317.225958269
164.20086021
0.116011954321
0.120981392948
0.126743673742
0.104044717855
0.105971251759
0.116242735535
130.05069846
0.184191187438
0.168018061526
104.268883798
0.221325041043
0.344661111368
368.364442779
265.94797363
1372.20890431
1259.35200658
992.189442595
276.013666332
595.956464033
369.318568587
1467.90092361
242.044608271
804.826268759
0.734168045705
0.682713534592
303.399259199
611.706712737
938.248214808
850.910025956
889.966266267
904.656057955
638.007827713
0.771031321247
0.723697183024
2.33424675455
274.593699488
417.766285313
324.629705772
1.44600291547
1.77217791838
1.1522129729
2.63172492916
2.47546745561
3.01600171228
2.96975144213
3.07341588309
2.77742546661
210.42389838
169.106701314
197.469711503
180.535072643
169.942970159
0.306193283398
157.9008482
129.893044446
139.012568725
0.0525432440871
0.052090314075
2013.44650187
1303.89811059
980.132645432
1066.91146312
962.423295182
825.423763068
893.338535485
439.263690479
171.878279084
153.261053836
0.2055676023
604.676477951
801.005063921
590.638606485
409.781550375
310.46595426
509.444217017
568.158261988
536.269714506
303.364416799
0.111914905691
0.078882750756
0.0810432553868
420.562939354
0.197537441011
0.174161121847
0.377375489834
385.825922988
455.120346984
112.365211934
0.404364981591
390.900800383
1669.70526896
887.931794074
1.24931305499
2146.29770763
119.285337361
333.396963361
0.642698428603
0.75908767101
0.529166026396
0.542174135218
0.716506798423
172.702772391
144.748679106
543.702736351
346.758839387
1577.08624354
316.177134273
438.506399685
449.324051633
787.593086321
0.780001442948
995.792423732
1038.6034963
572.57899004
796.125570531
273.745126453
0.14864664249
0.31450391794
0.494610840563
0.379214400729
0.402802529644
145.098180029
113.32919773
0.6315941524
0.838974446627
0.699345275795
133.15002979
122.201934191
1306.3210705
1581.02777346
0.434326159412
1413.43144927
768.69421732
475.679407006
646.82597612
261.242180999
364.622889786
116.905933405
0.580851774996
0.264938139502
0.332402061265
369.910827032
0.410214110312
841.936634103
0.549736321332
0.794660009615
488.137849296
381.955720374
0.775880154905
621.647349676
666.271362245
138.723618599
838.452282464
626.85275639
1.16346512706
1.24402274587
188.936219573
136.113858188
1.53570370736
127.12084338
1.40441902908
1.46910432418
0.488575668476
0.318060777874
289.529611045
642.977438243
103.764900363
0.35964251316
0.653639306461
144.495129161
120.460822948
1.42724646985
0.669193731809
0.319694254932
0.296676690506
0.253125438821
0.145400512168
0.0901782084751
0.0448056408704
145.804718001
291.130352114
0.751929780704
272.057397456
292.967059325
1691.47519305
664.04814434
1.04188355049
1.14297704156
1.03978569926
0.992045690948
479.092203915
584.364104691
576.369349342
572.845715271
556.267577037
475.033068548
452.203755727
1.19361105248
1.31154529783
2.01958453837
1.35510730778
0.891259158814
584.407696306
544.496626427
734.136010024
691.040989632
562.895329263
169.388432698
139.101039685
118.02046843
0.54710200347
168.050972002
150.319128843
137.207743516
106.101074803
164.353515347
160.287381745
148.610483624
105.551647645
0.165250497871
0.144002719552
0.141385064643
0.111888719881
0.111099819164
0.108661032444
0.100832575531
0.185780650262
0.0
0.0262511199975
169.220807529
468.243103091
282.230980295
252.601154578
357.548386009
110.541368911
0.100704044593
205.048930244
410.511802308
131.282529131
568.343732876
504.463038527
501.714175477
112.827958857
0.0
0.0
0.0333990244745
0.0771546433936
163.320592425
128.28855227
0.25320287428
0.316518128382
137.262492343
404.830885254
267.028200515
294.820592087
419.42257769
568.000083343
464.264754175
234.584509731
0.628370109864
0.601360174203
0.329568855517
0.22652274865
0.297873290934
0.449471060378
0.354012609648
0.47717700793
0.445343925626
0.882445415275
1245.67619476
1271.09339423
1130.49319049
119.100716599
120.99956497
109.558590273
109.033933186
0.259852786834
0.32776223576
113.435697635
390.237665981
0.0
0.0
6438.15563797
1187.90595963
2909.48274489
135.154348135
0.0287777300842
764.328805369
6156.57505328
2307.53827444
104.913910028
6998.18210768
5063.97522753
3221.97564055
1225.99637336
0.0
0.0
0.0
0.0
219.399758982
310.486633946
482.325883894
465.329162672
156.495231017
0.309057430605
0.432730940446
222.347419882
0.394549458901
0.931848547383
1.19300307515
1.63952602045
0.926518623256
0.723844128924
0.608759103199
1.17082111354
0.950501984302
0.389622989743
0.391055456881
625.007952717
0.323419558883
126.596044669
1456.54442596
501.516237801
377.597135962
1505.93911719
113.113609148
1026.65154137
0.225166951836
701.056489128
546.593916335
596.480259558
0.329996076046
0.214676510924
1366.55078879
2859.18782533
0.554315295287
118.072857803
251.379508733
0.211970907421
113.544191977
2156.76968047
0.39383730132
0.309174302295
0.35391457848
0.215165050173
0.150437057031
0.0545319789589
247.923192117
850.792229778
1202.64227914
0.426349936483
524.040830421
1048.78733927
865.565676669
483.928083151
420.269386022
366.348388015
0.283661855849
119.273957619
115.153024849
0.285770229788
1192.70692857
538.100398576
799.736816589
622.186834779
678.68090224
1.08554007723
125.143906894
0.721096333123
0.473121728153
0.905079231459
0.661825479321
138.705325227
129.897412218
0.727185657634
0.714329891403
196.289424458
154.829180729
106.607798874
1336.95372536
1.06701483736
720.387589505
475.073615599
1078.50016909
530.975240385
0.523055526267
217.091712612
189.065574927
0.675855830256
129.014309425
0.594162141074
0.356552746694
173.672739311
358.858159759
121.036025051
0.407725942135
259.040639831
2384.88232963
0.339950567761
0.464716524513
690.254701939
0.348447456254
132.587063986
1011.51310515
791.945925893
0.573962162799
0.577318114608
1351.86158455
0.409506382667
104.533312079
1155.988102
329.784955219
0.138600202977
469.179561807
666.17896772
0.401028045439
0.644438215217
110.716044591
294.731330599
450.859802511
334.452442882
110.0283596
114.669555508
1.11493732823
411.337583065
1.14755357775
178.412579951
397.42488391
112.999275219
1.30417417627
273.734476771
651.440944369
136.030787055
400.981042096
375.660356213
0.553341660917
0.622079871411
0.61579769445
115.554293978
161.466275487
162.204628717
786.561164813
867.236189406
0.832650154508
853.562194754
992.142453427
0.883769740425
0.81198356881
114.766514507
1248.12411538
0.587215438106
0.514769428124
141.001011121
826.018623517
0.422686595506
1158.57215562
222.595069341
131.560605904
0.163080041878
0.111924388691
563.436092312
1007.3753543
109.037536045
138.496076266
141.621698269
845.241372245
0.506323476149
0.598813024321
880.19951557
726.257034037
0.129323385326
0.488088753553
0.794875796531
221.980454077
331.71169802
2.46302549394
1.33262628438
0.941751279471
117.532824903
567.270826693
138.702726777
214.888475662
356.507024635
0.484959790983
2024.3870313
108.112239694
892.374071792
158.061736183
183.450270643
808.347689115
203.024851228
133.810345072
445.057941805
870.721017062
434.667194664
0.913710345162
717.675369977
1.13665050323
852.812199018
590.509365654
563.014435649
488.981616789
457.950424938
244.414152682
181.867979149
995.304298956
0.599921828776
1.08925965842
0.96940974234
992.798116886
145.809321474
0.439762056136
0.366930994681
741.275816104
1546.41942984
553.122563074
464.309443057
372.281005618
175.064618759
134.186550542
1147.73626516
735.588558148
537.454131606
1919.58203809
1169.11438007
0.373215911833
282.959009072
153.397709886
115.334256562
139.466337431
117.999561062
119.704287493
442.403771761
135.376349011
0.424450786392
0.54629627772
0.479650321765
800.789546331
0.634764636205
108.994558395
108.198136611
0.564854461726
147.320983402
132.872120382
1337.65013353
2731.14247314
0.644652542514
0.533368421105
169.333078886
348.695792948
126.59867787
1573.59199454
1365.20575538
136.965478476
0.380475171872
135.012784841
409.954497013
227.976429004
537.166300627
0.257139852266
388.804133522
0.997960149171
136.702247733
460.172714077
399.710474297
595.072526393
157.596932329
113.329884324
163.046074413
145.511522176
150.886275013
159.140152868
154.736889219
139.30541992
0.124841718716
0.190447306398
766.083264626
146.48577382
0.469344864643
242.073338016
0.61148007386
0.121935598423
0.125273218979
101.09082312
739.589886905
85.7349810544
121.250361364
712.328178562
545.145065984
1038.30299758
0.587399819557
271.037998554
0.666078110974
0.377242896055
0.4027262072
0.654895188451
0.58191627832
111.920447682
0.542635188242
199.036010447
341.575748408
189.093892214
830.827694529
351.251392892
186.956875425
0.147045721826
107.339078893
144.092796708
245.930596313
306.374548847
830.071667283
0.247834658133
217.096512989
112.842725481
0.34130887268
234.902998848
803.887843107
596.034533381
0.391016993139
199.948922772
170.963279709
167.694480641
176.458049899
181.959045146
171.550505836
128.743328315
1312.89517842
83.4212651323
350.217205956
0.148004767269
1102.5440721
0.095119146936
146.948893767
0.139181656703
166.927480157
0.799649605884
0.550595311716
0.698699312794
272.86989015
113.51336824
213.214989525
0.548218694579
0.710081500823
0.805469496019
0.476660138625
0.367723508511
227.452556111
146.392960232
0.575558035575
788.971984656
228.505032595
0.483625802424
1040.16974024
818.46724236
87.4053297747
906.697003506
1187.70529488
1199.47977298
0.251815118162
783.272335953
91.8633445213
143.801709609
83.9751118019
100.59325171
426.913086619
297.506255129
96.8587130105
0.144325538081
219.010330848
89.7972174753
104.115356957
1117.07867437
0.375052086981
0.419023416816
0.285671546162
0.187301864128
0.358748174824
126.623412038
453.377064463
0.355777638838
0.374956174749
87.2808990672
150.549565638
1005.96332955
429.483967285
558.806566742
0.203240571153
95.6008857993
525.566882647
740.231729872
100.264269701
1.47192470595
1.03640242038
0.402954799354
0.42713583302
102.954941616
542.348828917
0.851825829604
106.848370613
0.874389900184
116.400185043
411.773988973
155.779009328
93.0365235996
1.14118451068
1140.09084651
638.933893648
533.557538377
292.566138091
125.927295435
625.952477345
190.87460003
84.9413057211
0.524918130529
770.605610483
207.190403323
234.590224528
148.218846375
0.0809658289286
0.146919534497
0.099036857413
84.3611642975
380.908930919
394.821736695
260.457707176
147.525040108
121.776818471
88.5780024029
0.382190406734
231.06928608
89.2269496356
182.93779928
2237.46528934
1042.06728519
1128.42330048
0.324834114438
303.69569894
845.872976521
0.426009987605
261.9520304
79.619335052
566.161424802
0.393247915675
203.734608457
110.546229835
624.512899158
84.97170533
1.24177414831
1.13303890246
1.41627009521
77.9121449993
97.4295294606
2823.20443212
1164.38548538
378.828802358
305.898511459
0.452144340345
88.2073170715
144.707189884
239.056094409
109.701790665
0.316808235336
1053.30322979
0.936115753576
120.525091824
607.351467039
175.841751676
1.05051274172
118.93324002
120.371483142
1776.39402903
706.232054713
309.350974819
231.826994958
422.004230886
156.647026699
0.0914218137395
0.261800187441
180.432330547
185.130517215
748.937127702
445.77450824
0.0
87.1399699693
0.184180696091
89.7737005652
677.241680646
0.0483761987092
1397.96332924
2731.71269498
1198.83703579
0.0
216.053402491
0.0286546680964
0.171131507311
0.175840770991
0.362945272838
273.314035745
77.1032042141
0.863985229282
443.81626983
346.810058042
86.2892470169
82.141237039
525.673210819
210.279588258
81.3672804633
0.91223158037
77.9902091618
313.044504556
0.665128553294
488.799789995
2471.029735
2562.70656496
669.371612273
804.092999981
190.457327192
238.657138874
1238.8962425
0.154879544162
143.168159845
221.485116211
0.350378943173
330.770408206
83.2307916261
103.833952183
76.9595698573
0.0
0.0
0.0444380383199
0.0334120647275
0.0623430549827
0.0945965676232
0.116466823674
0.204136808501
0.255498602981
0.158005992976
0.280459987103
176.271579115
0.213423007296
1741.48091353
2065.23952766
0.481832652632
408.426900154
110.237859504
346.251221096
377.20505366
1.1828188237
921.442973225
562.245939099
154.282268394
129.884153749
0.375023904094
97.5966593984
0.558463607339
0.628261544757
1.10510249864
0.501541988907
174.014798876
0.445815983885
142.377481388
159.757719874
146.260995086
125.6175648
0.98454501197
0.879047150993
357.091216229
1.17989057988
1.14969959607
134.663125641
492.786629464
143.622668863
126.795055731
0.573971673609
98.7788440942
0.357276685699
947.633168876
0.285293597026
84.9879586022
423.833488226
176.452562788
163.469541226
154.761287992
143.512369273
134.450210493
182.982028916
0.0860552942019
0.0813411608
0.317672054469
144.327128528
0.224212632957
0.419124227977
0.328501795953
331.76104471
114.142386634
134.495632367
114.096829544
651.878401168
87.4695904481
827.856524796
113.214417594
1946.90479961
0.444546279115
854.712026952
989.471320635
192.493081556
374.249448976
225.389240406
0.631651609785
212.927422986
455.501367281
202.603501969
373.607453193
2027.83818345
0.331983692705
383.009191527
310.978332456
261.063372637
1.0462639311
233.297121727
0.407231486702
608.088939269
229.670404608
80.2218342525
0.285457207682
0.245040711015
0.191492929147
0.157176337431
0.027609057749
0.0
0.138592885195
368.45769001
1644.93882971
264.544318464
0.0285135900864
79.4060842215
290.868910757
349.029455959
395.971334082
461.462465104
81.3126450423
86.1409300445
92.0535482628
93.5694670563
787.885556115
198.249447098
1538.56876423
120.902036493
283.474426217
112.767145303
214.523075119
323.788123931
1445.36432449
0.854282599644
697.500438637
121.079717845
340.244511027
0.973527542608
1.13106893824
0.34393058822
0.207488638952
0.476813105792
79.2938688145
101.639178856
336.878375245
0.744397298891
1.36932155733
156.355541465
460.644104485
1.14401366424
112.866836002
230.806522177
1.21674601641
132.344884447
98.8395889093
149.870306005
468.368337632
2.70059354582
1.19811574785
0.818498941963
2288.6536332
384.936399543
2785.63888093
101.253064524
338.527875081
175.587404816
140.627015092
122.413292807
128.731047657
159.878087895
0.597179923576
320.243831588
581.880759629
459.898047574
299.379558583
0.213676169621
300.587606768
0.497509443475
77.414083658
110.707102884
115.228789973
108.83642293
124.631821658
184.963300421
81.7368258033
0.694953689338
0.631958479387
0.391656166034
0.396129168191
0.370244980064
0.543825195428
0.457428913335
790.19528098
440.000828652
2364.38405729
2171.98227272
0.491176613538
263.352842276
289.769175237
95.4171437434
266.469920987
266.288750986
0.911983232502
903.512985523
1312.51876785
1.19242708608
0.593808032575
0.499460934323
119.615335432
0.371818239972
131.07037774
101.084749836
1.29470639074
116.672337738
118.630531275
866.710195453
1.01006534135
448.565725021
84.6240529114
701.117063843
1.612225203
0.593745196699
0.664580833765
0.019999340056
391.52191243
318.428550718
501.618641977
93.686138961
0.567889189774
175.529296407
0.716299455045
620.472705556
224.732276161
159.168968101
217.978024189
143.292158667
129.170423694
113.373672035
95.2125173008
77.8360350683
0.447944102758
0.371812795419
172.47225268
121.328666493
129.617874153
125.7450824
1.09523693012
1.96258173807
274.853866259
1.00195430844
0.865514639457
1.14406057535
113.620935416
119.417848068
1452.24637793
0.572551968011
430.415584553
338.557701929
267.506005852
136.962556045
938.43694065
1.71057045549
0.513710697363
2386.47398383
147.721395973
0.607243890016
116.39298291
328.308979316
202.043087633
1639.45842185
885.475907555
1.04328859869
472.290969474
488.207043497
0.742542012083
667.544253041
648.824615766
662.655511298
581.942451614
0.61512198007
1387.34968794
942.933104698
2.20930687248
1115.75684306
579.707635297
467.769944267
302.57671998
1.08930490295
223.865647861
1.00793471656
1.14031690306
1.14715468901
117.759372119
342.272747452
102.433889584
114.98953955
80.4719973798
1.0366447044
0.834095309463
1137.11851439
511.420720727
297.997571647
0.495619649725
1.0176411535
320.170902646
147.063387534
497.035727371
0.56150094354
121.543152
1.0842098701
926.37135244
1874.31937041
1.07466413016
0.366303837037
0.344407263973
1.13206291884
0.645647210974
169.57646738
0.69593418312
0.591924472138
1508.24922414
212.297116983
81.7651746962
0.512102123575
972.939557365
295.313539716
359.814935597
331.886056843
0.868552770354
0.604917259035
83.5873582192
79.1688862994
0.26616981744
0.151926269571
76.9300858526
526.025641121
265.561425478
0.390010061343
138.282881526
378.803403933
0.319352916253
118.366434732
82.3250711914
97.1354539893
1243.11696492
247.15409156
120.525801568
109.038096369
371.27873231
97.8131217598
0.280811189441
0.299764189359
0.299811878239
676.684291635
105.048346227
637.136865555
1573.35970398
1.03780259121
0.769992629175
0.878069564512
0.760139991042
290.697745719
0.503268875438
0.615387826465
82.1407351015
1.63633979165
1.48721606865
301.147520588
289.687088336
379.498745408
591.430223285
78.67800383
905.288409424
0.655718434103
0.368338702661
0.373075044498
428.957276331
77.5683139227
171.416488536
317.741095506
0.503560561278
0.423634348546
84.3485250919
434.902879165
136.28202058
1.22373648506
171.17858689
99.8579173525
99.3241517613
1.00786351708
0.613420182062
328.629914257
593.408382548
277.032263229
77.0523294084
168.15042021
101.707657914
334.630493668
0.0186690209539
273.084900741
169.177020998
257.026300638
965.892182522
345.851087929
0.16852741339
495.224615199
327.149422601
0.366625031441
0.420040940625
289.550141132
1430.76726105
879.661939968
286.001727103
0.0
0.0
0.0
257.214202019
116.089722431
0.113819294997
0.199222331943
1204.82777518
79.4654639921
0.360077913123
0.234206499682
1343.89648807
1384.72133504
829.414404423
0.513133016042
0.327176534646
0.301737919583
0.317190587434
2435.85844759
257.582173658
0.257795820784
1259.3119393
0.278065720213
0.275543071669
113.337614339
0.224088000463
180.919342428
984.37027204
979.526438602
0.456357382221
155.968476187
101.683532547
86.2539564074
82.6874134042
449.704836592
0.0349701335301
727.655207618
979.549365483
1084.34818081
192.556117194
0.182332964185
1054.14987125
0.178778333187
0.188168056902
1167.52978198
554.09768907
127.333545639
1288.26597071
2000.0366343
0.112934307725
402.218060398
99.8877290333
0.0
0.0
0.0
320.450189377
602.458090841
235.155430429
317.334338538
0.0
0.038030965339
0.103116157279
0.103768065469
0.136352904159
104.305732135
0.212927164561
0.228244971628
0.131013212318
289.051123918
110.581708633
0.170047823713
108.452512893
0.088555647202
0.0493006078969
1247.29738567
0.128910579161
0.275148373382
0.258637700278
0.178119987699
117.333469848
0.213114199811
0.132689428261
0.109131011581
110.177207206
489.57148862
318.539797301
2373.80826028
1760.57925413
970.882372661
860.545424807
621.840064684
296.453961398
242.272061775
242.653503817
0.0
2672.32476287
2041.69761662
0.0
653.267012831
397.46314899
2789.95313716
288.159946946
0.0
128.078001451
1587.80605993
0.0
0.0
0.0
0.0
287.188925938
130.994244478
525.363562341
0.0
304.278943894
266.753445159
0.0749262699259
253.273063195
253.183490973
0.12966001265
0.136243424005
0.141929914613
332.835697692
417.655571332
378.550112251
229.90157075
0.103483565773
1202.74189702
330.453818672
506.208043376
98.3727859663
0.0457789265766
0.0
134.06299497
0.0
90.5222677354
93.3352993951
89.3089924995
1349.54329176
130.471648111
0.089326960757
759.272897711
740.854793551
0.0700211172349
0.0761592413164
0.0828296615066
343.659112659
311.727952116
0.0491640002928
135.459299379
128.818130081
0.0
0.0
0.0
0.0
0.0
0.0
0.0
0.0
0.0
0.0
0.0
817.26703322
2078.35436986
873.261204239
792.399781564
0.0
752.261293916
607.584695791
626.393661101
283.163948799
0.29275139804
240.367630558
0.239709873469
205.538908457
130.025432449
131.154417654
483.245324336
1249.93295672
1534.28200113
586.790014025
0.0405742535499
0.022097455722
0.136129385384
0.333889261933
1451.86234819
0.398966297603
0.370844915342
87.6032198581
274.197904843
0.520751265953
92.8512193665
86.029953093
196.957749283
859.864339481
1637.38555425
876.22091121
1297.9841001
1399.78426393
755.1333587
523.427964875
441.341723966
314.98704011
0.28544774884
355.130998944
411.564784908
1274.36887252
1206.38721948
1183.77894782
1272.94891887
1161.3261493
839.825952665
874.483384956
852.109439742
659.986686014
391.794441574
0.199212082973
85.0710274777
77.8938562004
0.231666668644
0.280836619058
129.873795125
120.116789578
0.117683494384
158.273308153
242.186656882
0.709917551985
0.602069357579
1505.42614613
1202.81263219
0.803969672131
0.88961472795
0.877943383041
2954.05885145
255.745012343
388.158007476
507.833635342
1446.44353961
1809.79046747
1370.61048012
991.841829934
1030.49799404
165.047818471
0.456168220388
1447.15230206
181.316159857
89.6822224523
127.158793152
554.979942775
641.171630998
991.205580931
977.959125303
913.598912613
121.021355157
0.26915238473
0.231402138054
0.252142900617
91.3529861698
137.361146004
123.207914254
108.332204898
0.375382793348
84.1701626477
307.471548728
283.435717753
178.761534407
145.217667495
0.227132090793
0.240221803617
0.220611957152
463.806569386
1028.79242297
496.570763685
0.268113935513
0.273317462237
85.8626729824
0.19171838203
960.160719318
1744.58635149
1591.42654419
114.796178126
84.2967584754
273.167918817
332.61921435
150.150398408
344.980826242
430.458392194
95.538530848
250.63998814
246.75625814
0.964417258394
131.442275285
92.1153412916
322.76615839
1158.73000745
1457.50440318
1926.43797631
0.880885783773
1769.91658311
1267.21998812
1232.45317538
1015.94384354
887.919177486
471.736530626
0.294210016895
0.260377171602
0.310454943695
0.399521181605
1016.74139635
116.878083603
150.079205924
0.879500999639
0.829677212957
0.876271668342
535.868187558
489.530962796
444.096477463
392.987206999
0.682940308009
159.11544992
155.780395333
355.136862925
580.138034238
437.461046581
94.3997645472
0.473368683358
692.975842831
83.0341725447
0.435324692803
0.418339147877
374.824470918
0.276797852253
0.246685256774
100.003563735
100.0902007
91.8235567961
316.20733651
325.495486895
203.296283318
0.571741142586
0.487153376092
0.458040251391
0.480911365663
0.495012581204
0.482936662818
386.707624882
369.024396397
0.430792462181
89.2794006256
112.718554977
138.763820165
118.657612792
140.57215156
432.716755754
103.441765462
248.226459219
0.224050003776
0.21851298214
87.1543668427
271.24301791
0.191008771338
0.187124978835
97.702881564
81.847058906
221.625279611
0.17393044834
0.161683349555
0.160229808665
0.158435888902
0.155668305296
522.40134393
85.563801704
2750.31346132
1076.62801726
342.391379258
0.0618104650871
0.0565530195311
0.103818617649
101.996637609
555.070291626
736.231296336
585.975747725
509.743729929
706.105948313
1363.81302657
2141.30331642
0.250000267469
3202.40775391
2045.19699725
667.165785442
0.997947508867
181.108014999
676.011328623
844.569034679
688.611699438
625.609107264
821.303921581
0.14943211988
1003.56360358
3208.09518836
98.3942093891
0.551640847519
154.520025206
990.392021562
2153.91174454
3014.17265582
2601.69700095
1860.79753081
2132.63969873
1775.94150734
1178.01084169
1124.57871884
1195.86457156
1429.25592315
1365.03020669
1528.78157253
1802.54595251
455.78952216
583.810853279
140.009302616
351.054992069
319.574557033
161.627999287
0.401072580632
0.304341738588
0.284580449285
0.227330217193
0.131677356464
222.419366681
484.547850379
0.252818486081
315.088208166
486.995063921
99.7574927159
168.251903548
0.219006066693
161.293500349
145.994915435
103.934359826
625.31563327
1671.31188129
2297.57955904
1705.83384199
1245.215854
1599.96101166
1228.80357696
1182.98250478
1186.64286169
1263.91630263
1219.5302021
0.699701377152
0.851039223266
0.87032056752
1411.20126083
1344.23044494
1651.85222836
905.14206137
1131.22456467
709.701485379
112.279711981
1.06219683449
0.661016745002
136.523468319
203.245620923
271.274952723
138.781614124
136.990036433
0.574208677178
0.275349524858
89.8894541218
0.309074774495
721.063262085
0.576337161827
1890.41979426
85.6790779543
366.379245759
675.973940979
915.106317404
818.041340469
770.570494082
1.09586638033
114.063831091
483.395270797
413.901387601
293.170507827
143.509858847
0.45779793061
731.733828579
109.650575396
113.142418334
0.526822756794
1.15080990452
181.138697182
0.532649906226
1040.35586046
204.872615455
0.374286632308
0.148212572566
140.293057979
116.544090933
319.603996929
999.17182768
0.227256690979
0.316565891907
0.738834560118
1.2106817348
124.080011491
165.173323855
118.504392057
309.155091605
700.564217332
244.567275678
180.175900615
1.15586339479
119.409594627
1.40471318863
1.53132147129
122.506868367
164.090547854
88.6337810042
101.108535332
1.11220560191
94.3915721737
1.18140582819
1.1002219864
136.371260667
80.9595866156
0.738594663041
0.517443723658
1286.64181575
100.188828838
1149.42575454
166.014197252
762.031003646
0.662419552917
1904.87550895
1.08757290437
0.913371225641
0.896727298783
0.858257226341
0.587328606876
0.253358187822
0.509547289321
1206.19082327
92.6166801877
88.670366419
0.0888465188769
0.0385765944252
0.0317237299542
0.0921313009839
0.0549253918321
333.316089558
0.0714805194479
100.600491363
98.5999597043
129.660319885
147.740641512
135.362298277
0.851660663551
394.07927932
0.911312054243
0.846649450489
1.17855206169
1.00014293767
0.823567120791
118.461373006
104.986347045
86.2915212477
290.050141483
208.06549841
94.3511958396
0.862364647713
0.962075846308
0.921230219782
97.9621215497
663.505806901
1216.77024881
77.8366924907
600.567179321
127.312111526
1.01199056573
1.02947139743
0.794296882668
1062.88535815
0.507986523192
0.428773084598
0.483557781843
244.819240902
235.111104402
0.76655542706
513.372900133
1057.63750634
111.826679657
0.765522937204
608.655571546
0.681671432736
329.463809924
191.516769401
131.256427633
206.879901594
2.04036028355
112.424308019
316.789209981
1.84895457431
1.06598703361
271.210144943
154.226903535
1.21624897001
0.974995061847
0.682080921066
1.02235148561
92.8640088349
1.130617762
0.870933594062
1.64337707534
0.441094957807
0.631588730983
605.175024163
84.6268318253
341.288301
789.457084653
2090.23167228
2754.38332419
385.884549526
593.275348267
1218.88789069
97.3431984241
199.787663484
136.597023884
130.209247443
115.623633059
328.558749652
184.152732252
117.787051655
1.93742010061
90.1244476141
103.545234263
120.739908112
107.320854786
0.993319038967
0.703572727978
0.581027865896
0.196423553552
101.053563919
0.223902665967
527.054799522
0.19236882221
285.56842512
166.433555757
114.220432015
180.197309788
290.700588341
0.941950314367
196.903884303
277.355931246
177.520384628
164.948145034
0.654634654144
0.642604596761
0.826105148786
0.740445920135
0.727985938658
0.791146330005
740.535331094
669.993874142
626.119858218
586.832035419
525.965209999
352.686508054
460.531698355
295.127257289
533.753335512
1812.70786429
2308.55324886
333.705568175
93.5722730992
780.707991327
1.29246960722
100.805241987
1.13374132551
112.546664957
1.02337816137
140.875859531
158.978743016
101.582240456
1.16044001491
1100.41970313
90.0280732638
1.37458002034
93.3798031379
1069.0369872
1.00880101358
0.889528370184
1.10323277347
516.842802764
88.2185209587
0.912805765278
90.58986083
107.55974205
359.125961814
128.892712568
0.892273532562
446.972724266
174.532275262
111.249418704
307.941521967
1.10733479016
314.021837681
325.779605904
0.582495747902
149.968410978
0.794963932543
1.00452977795
0.552174523352
0.698388537472
0.829329064467
116.847639791
0.844549826803
1.04009429499
87.2999696147
0.816697674963
145.004757757
0.486056185902
0.658877671652
0.951049514873
0.754232999343
0.664646185705
0.402814035511
94.1868542668
1657.00413634
730.715642296
895.152696513
239.009497424
425.333092633
0.289868309049
0.272556216704
0.26730612345
0.290999816242
94.8310239615
0.445558541189
118.785153257
0.354638875336
0.225457949352
0.137560943345
0.135066462445
89.0661743088
86.2970299822
0.126473247107
0.122842657036
104.883270048
133.610991621
123.029548669
0.375948885225
0.450656496745
92.4825387197
0.306527037674
0.266900418207
0.176260339782
0.22263471322
0.272291915479
111.543393265
0.261300690556
0.24508651594
0.345944629236
1251.26626165
0.3571100006
696.934881798
0.304832866384
0.30728397416
0.241815602494
103.84429191
265.342893807
0.898199957599
669.112899127
0.789051117166
843.245533271
1.13734299149
1.59931863119
94.4981700792
529.124746774
630.66410931
208.041462378
840.584611589
387.48227076
356.745545467
1.80013665771
345.404733607
357.081359958
167.860393384
122.403602592
1.63615489229
1.52900637745
1.47859097916
1.71096237472
1.68795645271
1.70060569755
1.66349494766
1.39312494003
1.26643368607
1128.49642247
557.079977537
378.19808963
87.622742632
1488.60840324
1443.55438206
1.04764395699
1.06095049067
1.05291176515
316.503217542
294.526110148
0.882001168969
0.776816698554
0.711133557083
635.691198361
230.967678095
246.142119672
0.582328329862
790.859876739
717.860892578
343.066884084
1031.85128345
966.475097484
339.627645632
1046.50459007
1320.48581603
1.07583477532
0.947344680401
480.976891385
101.118033064
1.42687690057
1030.19187947
828.185111671
1.73989592337
339.768629232
268.442805834
765.373671604
357.495715194
117.454051159
1.52260294741
1.29221101209
730.506074062
1792.01010118
1155.23782129
1.49448644558
1.06037741046
0.738606932506
0.776980393335
0.777858565415
0.883360460863
392.210765167
423.11831852
159.634449379
1.01458711372
0.895583837112
642.292178108
109.490545177
207.881342072
341.280767207
495.187726583
593.319129804
105.116572868
91.8555978059
101.15448108
116.366649432
1001.26628794
868.09872728
813.813048698
164.910016103
174.268284854
0.598040827771
168.414634228
161.495557759
154.431602065
161.283092105
0.681346297622
127.853740046
0.598540456883
0.630588788131
0.646363215524
0.556093773373
151.050397017
175.78073872
2.63793454841
3.47450949671
1.23862223482
1.09201742754
3.03586311321
1.28803554213
290.16484929
1.00697577071
1.23900474744
477.960007139
458.105618835
101.996004455
88.0158931066
739.549426095
1.21108331491
110.232712569
111.072168032
132.988687377
1.08474344243
1.59902341596
94.0037499964
121.583608659
1.44858547211
99.5970833527
113.083342661
2.07278891104
1.72016685311
1.79576961053
113.053793899
1.87979906972
1.64829345547
1.5351805499
214.782254048
389.66854326
2.452638962
2.60475755558
1.32043200419
273.288586411
210.073566198
123.268730488
126.952834305
3.06702440599
2.9281281342
2.638552982
2.44368783629
2.35671598417
2.27932124115
2.22802438032
1.30197124415
430.474850957
437.734979
439.167876685
398.768659634
285.296171263
236.477197055
104.355969334
0.0
0.0
0.0
0.0
0.0
0.0
0.0
0.0
0.0
0.0
0.0
0.0
0.0
0.0
0.0
0.0
0.0
0.0
0.0
0.0
0.0
0.0
0.0
0.0
0.0
0.0
0.0
0.0
0.0
0.0
0.0
0.0
0.0
0.0
0.0
0.0
0.0
0.0
0.0
0.0
0.0
0.0
0.0
0.0
0.0
831.035225837
1857.19206916
3544.8889683
0.0
270.118671375
96.3780191889
0.0722960554473
0.16295715175
194.843517298
437.13393376
236.228259549
127.510905039
648.704835276
1.41707418535
1.13293667995
0.750092271699
446.807916418
0.261944438363
497.352261368
0.41136599912
521.049726903
240.401377831
358.021689902
401.4937723
406.739388049
159.119957209
0.253000682509
116.125106749
0.207406502274
0.198031246036
130.337476578
354.164480592
367.779458218
374.182459622
384.410986092
369.734247619
316.577450043
99.1254005923
0.101187616292
0.128724245151
0.233653880769
0.333799994874
0.364047884954
0.460895767418
0.395317985393
0.317335061121
0.288606728108
0.228987607098
91.7420483142
306.560020084
294.674507
283.431738742
285.34588972
293.423008315
188.567945446
285.71119314
335.510673653
286.570934871
166.90739307
350.798830976
97.6840625638
314.892598189
107.236594093
181.419969344
1.34010589462
1.43622121006
1.19331243478
145.056820403
0.567981076633
0.529546576485
363.514983102
88.7428066557
0.360314099997
0.521969028754
939.590081696
119.824887846
96.0884136849
0.783946296564
0.69726184602
0.758183188133
0.498212413544
0.470562354048
0.470174422267
0.61776584182
102.837901865
368.171213357
392.774763243
96.5426623107
0.429612028346
0.525136570639
143.304950811
150.980853999
573.241244204
0.680404708058
98.2384223996
144.376957461
181.017676998
124.432570797
0.59023812577
0.88844490007
1.16769150252
1.24284666185
0.937522409987
460.130031243
508.593120151
87.0920665987
1243.92142975
1191.83661705
1023.54325264
806.417149952
318.743267322
1096.8285654
798.224566471
229.401754896
105.05675074
0.241545235271
274.214953835
368.272555581
224.296081499
320.985515664
347.937185299
332.394505079
1.00094020168
0.962894650879
0.83598621916
0.911228600903
108.652976606
160.811521607
174.753626324
95.7597930098
155.853717674
264.124682465
278.980410707
149.286241267
262.214058509
95.8909958244
475.031904526
338.134226516
197.562771909
0.0364079628497
0.0375581262175
94.4254886506
0.031268344261
0.0510581594941
0.0515998476893
264.462910918
262.187118751
0.120935033293
0.0173561431237
0.111101578696
0.0326544522237
0.0
289.262503742
0.27177094305
0.214408472775
286.140601751
0.193192403731
413.755933353
0.215066403222
0.270121660143
193.559716227
0.436735281324
233.198279354
105.797692201
0.436343457892
797.335876386
610.237979807
393.501671115
744.696778521
590.409746637
450.511403482
402.095398455
196.379327892
88.1950152548
1.90628283697
441.463950939
396.684631623
389.450763449
411.191940481
391.957478686
324.519894796
341.744675975
341.352409756
336.388008633
323.213663821
290.324797901
98.5758107573
114.972479636
287.768486405
337.372435891
376.113264442
381.734770898
344.232978906
216.458992646
94.9079714642
131.511414627
135.997765329
123.406746128
0.407426851554
0.40354509517
1456.1889936
1255.63998623
1225.15691744
1030.1204173
815.466445851
777.551795786
0.302352599278
0.48703799508
0.578649187144
432.919273012
0.390665635655
109.378224534
139.013524316
0.53401784404
201.459619033
96.36142721
377.613834678
443.939950125
520.504244779
0.494919070048
759.392591887
0.481456367181
336.125214231
828.382315704
771.740033136
852.79322855
890.328891768
704.379150504
555.083760835
817.416732667
575.079010591
168.252359599
156.544569212
0.688465056751
104.067469993
236.207088853
0.132980582395
0.118406566643
155.838354057
296.540596505
0.203398240247
207.514540063
0.352720001894
241.097433117
0.361905111996
354.339405472
0.381151871894
358.047929457
400.686095785
269.468277353
179.931479101
286.985395388
288.329841771
121.602445905
267.538826372
0.3385088896
0.160051501392
89.2873423585
0.070922693302
142.918726016
0.185802434312
148.841366696
98.0292736524
104.084347887
0.622504161786
0.748162814104
1.27642544529
0.551938340861
141.031613053
220.731711886
734.769530021
706.072058396
717.060862789
428.274746379
668.521383519
423.196221442
398.922656026
183.785567956
1.33302989135
1.57599978273
1.63307741201
1.50587010995
1.46287304183
827.901404848
688.95043972
564.821541062
459.329573726
1.64379689987
231.28227426
1.407753052
154.209352788
1.83396820116
144.416811484
146.327740116
135.330073918
2.29756078472
115.800725918
1.12130247329
112.782027334
1.01460295581
91.9007235134
1.70591496193
2.56404736241
496.14286293
1086.25849462
2.09298235265
1.94856348503
1.61770338433
92.7967390084
235.525044928
110.419623121
450.416091897
366.238662481
1559.60416975
108.510552829
144.036063861
111.738946275
114.660275863
106.492496633
91.9481054912
345.77893226
792.856740575
1.04967746635
857.659670106
256.770718606
1253.59550686
1.79710246157
315.287236858
281.669175681
129.064418271
1.9062643069
343.618977852
321.943455412
342.801323249
311.822444316
0.651143048938
0.310491536981
248.477361215
0.839784022401
0.837390602143
139.292094712
147.527512157
86.8689000081
1.39326749191
1.32674815022
0.89294975705
2.04995913844
2.09630188698
140.850497859
1.87167924542
750.595433309
370.673795154
128.664561453
148.255010188
152.511514351
139.313031664
1.20022676103
156.975705992
0.471752841397
0.151596400026
117.967608829
159.961351018
173.277391711
126.941950067
0.122085328961
174.683128298
247.724966557
543.460061594
143.288531224
159.575907411
0.302405961018
240.719386225
107.858466101
0.186492954866
0.120659920669
0.310448932517
0.287403372065
0.229591868614
293.240067313
0.389719940604
140.289763858
162.879943757
0.232926424908
0.140751657631
1071.55603419
245.492149129
578.37290848
0.03244146862
1970.27539754
0.416835994644
0.447601568489
119.278896548
0.598121379219
441.168672267
0.534573833809
0.619465006982
0.750621895743
0.689128449656
0.791733133458
107.336617762
134.561613701
318.825628379
0.495857880735
0.634510795163
91.4996641888
89.6596139818
145.034948784
0.349515325944
0.467996115843
97.993072448
87.5692830199
115.752947816
263.481276381
207.441279458
296.188976706
166.525636259
121.955104016
0.976324444783
1.1920834559
1.52618591244
1050.69717361
174.644140179
0.565421993097
0.573557399347
0.520813365678
0.83556360693
1.00855615771
1.01191825912
144.01973254
0.677246346754
0.41639980532
0.177191273456
130.416317644
372.307774219
92.3650441728
598.695550843
369.120170209
1.324922569
117.89792127
1.13876966027
380.242416609
1034.97069448
90.4597825433
1.13865310649
1.11077406285
0.438939919659
934.338220247
0.638868837203
415.640185131
123.194490127
102.538226756
184.976229084
1.86823713138
145.941540267
1.44682419408
1.42521298827
681.633264358
1.96979548056
1.8991216077
2.06380260457
577.797903146
117.883888379
1.49596386121
336.99227657
327.101220429
0.0149947111017
1086.04949661
0.153801227107
0.150062521164
0.131019994362
0.110168518613
447.978292176
161.112014361
425.552973379
425.11670359
88.1171430877
3503.87554839
1645.56508618
1706.21090798
1141.84022563
1624.09637021
1072.88146007
441.480542667
750.341274664
388.449500466
114.527844075
0.39760307113
407.14465135
139.761778675
212.821725465
143.751312306
274.513283248
289.407829831
178.11338932
166.617388042
1113.35376286
420.274057329
504.416900733
463.07091038
2.08224904283
397.504593991
417.152989033
1.72776519864
325.187547655
88.0711251497
1.05733217667
1.46942626357
107.746326034
90.2782706581
0.398807705873
0.386549486262
458.159279926
469.277700022
473.697809628
1289.16726193
0.747964005271
579.024331013
93.064083028
0.852005025476
0.736368063935
1298.52151798
1729.57574599
0.755896044879
0.637517583305
0.516578737464
133.141934472
141.485256109
110.666248569
87.9796898264
128.971034945
0.367530702731
425.531577156
1118.59809096
1132.41351202
977.773434985
955.999843841
530.7715928
366.129893236
1.23842067946
0.867905970553
1.20373101283
0.850734898401
127.787455727
122.573916961
260.463622426
126.078661942
183.759836685
221.472550898
261.323853492
100.995304474
157.347090929
0.830506930317
0.82793745293
0.87188485554
1.49556265256
101.383415654
2034.17705492
1149.68162528
1002.07345519
819.327116211
688.215881662
208.7965516
177.599743106
186.595369339
107.881681074
0.590321877997
0.662462278369
0.697149482797
0.872077962649
0.424910172799
0.353521916509
445.293069787
0.36918304403
0.355107084052
0.334275729798
0.270929248006
0.2352842976
438.801719265
380.686149624
395.487133638
371.861103686
93.4870679227
0.131674445513
0.13492805999
92.4436031865
87.3633200628
0.123283498729
114.456011927
131.038703022
98.2786766249
96.6010454766
114.28835744
0.122218049965
0.0947856637989
388.496885265
0.325498516681
0.313549769679
1309.58208233
741.886369909
204.583925234
784.52422701
163.789118626
984.319732809
0.444070327703
0.429307670363
0.437283660578
472.62717598
1389.80796477
848.612759259
893.248517621
841.083696253
1054.91154759
665.957029459
780.090787559
693.394804791
407.498781535
342.830514216
321.692266567
246.109669947
0.755026101284
0.74116042155
0.658747993616
1.4039440764
1.74612915049
1.57781122818
1.55299532987
368.760729075
131.21024241
0.557904858948
128.989052738
210.072369688
219.300659277
200.804063496
184.565079157
153.348775491
141.350172217
101.254453841
0.120345876656
90.9781443831
0.0997829063816
99.4817215496
141.650028151
0.0812485819058
319.109084049
0.0702406069903
0.12425660591
0.280872366282
0.246161564913
0.262540372814
141.323199328
0.247905587463
1057.07082059
624.684999976
0.244125060205
0.135064792942
764.199130194
360.109398609
851.55120589
586.888802142
168.52358682
165.176997701
105.300493776
511.373705863
396.128579879
382.658072716
0.319971694205
0.28366889379
0.315332315311
87.1479971578
0.611880395572
0.585318172791
1082.3422337
860.018357733
997.840672814
95.2440302541
98.0255195138
145.78513807
155.669626049
91.8689834667
126.100517533
92.9555582186
231.631292972
141.944998748
0.778860643726
248.546363623
739.03409393
1.15650090495
1.0831041124
377.451355965
454.547749998
538.045346655
937.456278048
0.239435456275
1303.39628928
923.950818959
828.309388829
221.537621135
0.184910176988
0.583843442193
0.663953662907
0.632928664422
0.675010652273
162.271385431
121.047976562
102.220117253
0.775456399595
99.8707750003
102.968928487
537.152252492
685.5062556
1680.65123957
1322.29728286
1832.83953425
0.696263489132
941.470786965
99.0828639082
318.849308355
624.258318098
153.07255792
199.775098415
0.334851462257
0.275293080666
90.228669851
300.227290784
283.163484009
387.976070126
427.453739823
404.269183311
340.61902729
295.145239859
755.377300794
717.288155195
0.647970039564
348.35617065
113.804617437
185.421409172
228.328159723
152.594289223
120.243211546
159.984561617
119.879794935
0.885028121123
0.874086227834
0.326214459122
0.235005348534
141.354384066
813.57922514
88.9642523659
0.199582695003
0.385915104643
0.881736659127
132.396119497
1.45355004835
1.02121472672
109.782325811
122.23380514
86.0830309848
0.177700839303
99.7100874698
99.4086349253
101.161087355
105.319150946
136.938515076
421.203652117
138.852252741
172.521289161
1483.038056
4.79531421493
95.3006774058
92.5941825636
86.2362567969
1.59579913054
850.354227042
597.309183189
570.107314803
546.633880889
522.350702406
550.804766498
0.514536821163
95.9931049072
516.741969644
153.774101498
0.868667729373
344.051302838
169.977689606
433.334577407
639.007001362
637.82072152
555.823572833
175.725747373
138.6633851
600.421438202
121.23546378
352.789463301
166.636226199
119.807674634
172.264026356
167.135695852
152.118335041
0.209382756833
0.19029084171
0.148018744885
0.14060768431
0.131775373607
0.12235553441
0.107886122976
0.0976352523187
0.1255062549
0.138721362937
0.0377455166561
0.0604961807869
0.134635093038
0.513227494358
427.665386386
450.820434257
147.998300559
105.338196144
0.189724998449
0.244683250635
0.269723027881
109.553997991
479.257563509
513.587311735
361.428873187
0.0941932892199
0.115997105821
155.091930279
151.643595597
164.311471495
0.684478225018
148.284088916
0.925567103987
0.325546630297
0.339808090002
0.401225510704
0.431041027717
0.475686328749
0.723175799095
1146.50921227
986.86826236
864.492565081
808.092635793
705.65709111
552.743550407
