0.00011153522096
9.12338826753
12.5131990516
46.9894895369
0.000208021794092
1.01934141671
3.13402491328
0.00146267199078
1.19874106916
1.13378090336
1.02650123834
0.0211621082484
0.0110680299647
0.00873627901747
0.00751591198679
0.0107997976325
0.0379844174971
0.0130764643286
0.0149895398063
0.778723477884
0.016328788284
0.0153018727723
0.0147170355176
0.0203605523671
0.0762866122292
0.0566310684711
0.0366976185732
0.0452200882083
1.99387086508
0.959989188654
1.03818393035
1.56536580327
1.69352966344
1.73604108556
1.49428268315
1.72057266397
1.86813574272
1.90438446402
1.84167303411
1.69359136227
1.30786521357
0.0438267798372
0.101347361319
0.0281144220726
10.4686853539
2.7206752962
3.05419213066
1.24228709947
0.134585752194
2.11795066537
1.96042572973
1.50298229972
0.104512221812
7.56445224949
0.154894055797
0.35154555999
0.104521553886
0.0693749744824
1.17490618302
1.19715434631
1.16157268624
1.12166127514
0.0976380570797
5.56905300401
6.14563064449
6.39059398297
5.30501933477
5.74139338602
6.27529099649
5.59002681826
5.30045355773
4.29271756195
3.72533464043
3.60710729468
3.82692803349
2.9558950823
2.31430709567
0.0435105106484
0.13016172161
0.0601718367437
0.369994538426
0.160495305171
1.88167564007
4.26239733599
5.32798508292
6.36449375611
5.24367386119
2.11397407233
1.10174323388
4.417678593
5.75231590773
6.08103004421
5.00264361007
3.4170411014
1.76740104554
3.13822182503
3.87882726857
3.92192393424
3.09325763911
1.36605000713
1.40386832422
0.081780235988
20.0153502815
10.7907673281
11.4936042638
13.01222149
13.7238310262
12.7587804428
12.8508479614
11.615087814
9.29261729372
7.52134708405
6.3950693196
5.50682431974
4.47801365262
4.49804640192
3.53818848129
1.73530460413
1.3257895706
0.199521946763
0.191187679428
0.290113097075
8.35898013404
3.2722999444
3.81426777847
3.99864234614
4.63404503464
5.47362217306
5.11351274238
5.24914066204
4.68462497389
4.23937309001
3.39711470936
1.98470028483
1.27906320877
0.929369769315
1.19993436422
1.61755558049
2.57154031346
2.86037663751
2.93043283282
2.91968301575
2.74126004865
1.78202462234
1.57683612803
1.38756448105
1.24914666108
1.19477227254
1.30394467089
1.4388861508
2.17895372004
0.262671050796
0.267095348845
1.27817710655
1.1527907543
0.967622510197
1.09563236364
0.118215516259
0.952027928091
3.46362275958
0.390676472357
0.245346223121
0.581492892515
1.13007066586
0.390002665548
4.9342908479
0.940503217506
0.363836116691
3.52423018473
4.76144659914
4.42727183619
1.33927550033
1.28022748316
3.64337812402
3.92932532396
4.1038224148
3.607631813
3.9777897223
3.9534585306
4.05360675201
0.732438519304
1.49978707446
3.10515718557
2.0387061709
1.2661314198
3.85068082925
4.11294190884
4.21805030658
3.78626191192
3.06358295375
3.02884700734
3.128345581
3.0605110814
1.38147602166
3.29404049112
3.62513647718
2.52861939318
2.15208137695
2.24801434868
1.0353441845
0.30675662846
0.880773615828
0.365644183801
0.270232750157
0.588526998614
0.322776442533
0.551191391077
1.51863004871
4.08377940958
5.45568701879
0.503473974785
0.377039586928
2.45185148619
2.67175597701
2.53907456105
1.47908903201
0.317310801566
0.38538599967
0.405918868989
0.697345313167
1.21451051157
1.47467770681
3.05561259753
3.83489387657
5.0453911672
4.64107300962
4.97817010084
3.13498959819
3.29397884262
3.08692479008
2.13966111899
2.17552266822
7.14887231806
6.38162804699
6.52462459695
5.96440998569
6.16169341617
9.47884764904
1.68459159141
0.718601578008
0.745816641378
1.33025088574
1.13922834028
0.89902140324
1.09528039526
0.474268988026
1.01506901221
1.06958478969
1.61023054879
0.566879334812
0.687666273713
0.418594069642
0.489956807409
3.74808108692
1.18343252098
1.64653151308
2.83661600745
5.86001458069
2.70867430412
6.29443237058
5.95918332282
5.84192786644
5.45329669089
4.79131667196
4.95770584317
4.82400151386
4.49219361757
3.74694829375
3.3832945702
3.62091297263
0.581545633599
2.85748004068
1.33263275165
1.73178290382
1.23875957896
0.548812012245
0.939520130143
0.249124773772
3.48097782128
2.67886688932
3.1726899201
4.38415705852
1.33455409894
0.668738472424
0.649034356112
5.12882314305
0.587143315956
5.26628306803
5.24471893939
4.70592714101
5.62052137363
5.09146015741
5.04727688061
4.51302898232
3.58609036743
2.74124826568
2.55073901521
1.82066591734
1.830491962
1.62612034532
2.3098582165
3.65802882914
2.96046141867
2.53936406938
2.02578803594
1.22125937555
1.59912110764
2.51521906386
2.263409197
1.55375122867
0.945469256379
0.266365885963
1.76960800741
1.71863729334
2.6227984329
2.34616670071
3.33477672218
3.27376678419
3.0154529337
2.80274823216
2.87335504323
2.92991173768
3.23756976401
3.57700244468
3.59025061529
3.32767137248
2.81112323886
1.64861127595
1.40432961775
0.320360990233
0.284988696522
0.264143745196
0.255091613469
0.299957419292
0.345695504486
0.269513401141
0.28606476496
0.26693598781
0.211969647932
0.316515501933
0.264156665416
0.256125118477
0.230930350135
0.201893550614
0.266877774635
6.97580311361
6.23983335398
5.10745369249
5.70231194551
6.7687291986
5.93477673999
3.83014892721
4.367916849
0.217438104597
0.192915921708
0.175957461825
0.246143725067
3.92577832484
3.08682698224
0.934685437462
1.12202192597
2.80359383725
2.91526679602
1.83681886583
0.736970180374
0.779302272532
0.735996230127
1.51000237388
1.47136469055
0.951701064013
0.83532801177
0.103450083443
0.855076947579
0.751159908932
0.874512661687
0.0670302832553
0.0796170248891
0.888124486236
0.0861597219057
0.0896613304512
0.0873570452523
0.0763539235408
1.20523858814
0.0520706252481
0.9388625573
0.050829118488
0.0488175015165
0.0837028552566
0.327079903959
2.65509921386
1.87639980796
1.28695603784
1.7413030172
1.17964990024
1.06482343017
1.33755478958
0.631446657964
2.84749233769
0.363158428757
3.33644714759
0.537597484245
0.712534584517
1.20861054397
4.11682171278
5.08672768085
6.79851758904
4.61947249372
0.835022755419
0.397125494556
1.82210703183
17.784949168
0.798249764167
2.6717389002
11.9542010296
10.6348843142
5.0265267171
2.05680562307
3.19504357493
4.70214417494
4.40166455228
5.23267782697
2.84040865479
4.00227728465
3.34262958051
4.18512334941
3.93899827547
6.42853921797
3.92382386371
5.12739230267
4.11027117326
0.44625062139
1.76265112855
6.95244671483
3.77401877358
1.85779083105
0.678945734616
0.845264456145
11.9454644003
9.00693389276
3.0666771776
31.5620032928
2.1330149179
5.25173979113
5.3835755735
8.32517447574
0.958082786074
1.23172430406
0.683218644189
3.88528272223
4.02290692075
2.27583581197
7.41043776376
7.31237033056
3.03227338338
0.584100926015
1.91807332301
4.46253146385
0.6568202245
0.732532296225
1.11955983911
0.32381329124
0.212847057592
4.25935266533
5.28565658322
5.97394227822
6.08345713289
6.73478903297
8.31844098104
2.21169114434
3.27368433158
7.65080759083
3.59312806512
7.44449438606
3.60608651267
4.35888223731
1.41659082833
4.37620371529
2.73746534765
1.20406395003
6.30306974672
6.53294813292
6.68900602676
1.56178880418
1.09098199513
3.2282188727
1.18495250738
0.309347382424
3.58181328959
0.591798045819
1.3362058992
1.02869985778
0.484339110141
7.18921265281
6.25226845609
5.05298611198
4.86165833114
7.31427947508
6.38701787072
3.4463968082
1.47340849143
1.40914964783
0.38190871283
6.00481729137
2.24610107062
2.96670667844
3.56447636835
1.80458820828
3.90924079979
3.65945050813
4.03106707616
4.51052578966
4.06062836375
5.25958675053
3.83372654402
2.58439494831
4.02571668911
2.9815413622
1.01112080222
0.118874736409
0.156401672375
2.47616794023
1.59505817468
1.60135687739
3.48020004556
3.90589568099
5.81151100562
1.00622162382
2.47070702566
4.55479406417
3.08813085736
3.31001051457
1.80308835914
1.58048375097
0.95136444719
0.804934917897
0.718076541735
0.744031786208
0.625573880193
0.457899143012
0.630925045833
18.3703848579
15.6059493042
10.6784553747
0.306330894883
15.6608903353
0.167277196346
2.81002107267
4.40743881712
5.89742529158
3.76660399988
5.24709023363
6.46831586773
2.95851409893
4.99477365035
7.51923058186
11.1925393876
6.93599506527
7.11843248358
7.36517298856
8.24559431216
14.1038610496
5.00191470572
9.57352010656
1.98212202801
8.52643109815
10.7842893514
13.5075028568
10.78112199
1.86678682199
3.76237925078
6.3728179456
6.16586430997
6.54137892757
9.83217472525
11.148565455
3.17971700112
3.00024620616
0.574463760053
3.26020510915
2.8616271939
2.61890638463
9.9454018779
10.5738296162
15.0622483808
2.57079726748
7.84123838687
4.5535684835
16.0064048885
6.38328684587
60.6035243209
51.8023104817
51.4173003423
2.57854520804
69.7226636948
10.4174576356
55.1796979239
62.0743641438
55.3150272998
72.0026087876
88.9325324849
1.00114331143
13.4606364005
15.6975434447
2.47319159334
0.87170455356
11.3842031516
16.10908739
13.5324259872
14.8719375124
6.25348393818
1.04705611904
0.939899981345
0.419748100252
0.444357545077
0.428927048845
0.438384638732
0.417414283945
10.3468134556
12.7230788136
3.20972908973
2.20720801595
22.6319908208
2.52618185586
27.5247436694
6.86155515394
45.3949081608
29.1108075083
17.3361776843
1.89995031453
1.25886247571
1.57638761124
1.81746516106
1.03621213649
0.753445512697
0.587054624945
2.8209678257
5.42817214943
1.99672841679
0.778693033432
0.687540529846
2.39472625544
1.90014543541
1.13122879541
0.809670808844
1.14773928067
2.2130182968
2.86353972073
1.24212255597
0.988205125523
16.1759035646
2.92234276371
5.31999277566
3.09402686542
5.80851423756
8.24203454911
5.66363011678
3.11037808956
2.1709591012
2.97050960308
1.92057801538
3.18812110812
0.638207830454
1.66212940411
0.678708859805
0.677241032251
3.93477538252
4.32437839784
1.15862322412
1.06408288216
0.691992914478
0.897426033837
0.724122307435
0.618332978237
0.62272898823
0.593280124862
0.54281326865
0.733850488819
0.623664226975
0.526855928261
0.487895993982
0.425835511771
1.2703991225
0.757067929524
0.683424175702
0.687287612941
1.57159504475
0.661309832972
0.462544535012
9.44041960111
32.1617799324
1.91440614631
0.344283281238
2.1590156898
0.205696691346
25.7192405275
1.00471114186
0.686899519611
11.1866589659
14.1850390599
18.6491975915
20.7996924287
11.9053283439
9.17625221085
8.10519320895
7.93810476222
3.77901070117
0.598572260695
4.96971738551
5.93571369677
0.840415402294
4.63513435338
2.0507277508
1.45057747241
1.10166153359
4.01304979939
3.8360927245
5.20326921557
2.04231725079
1.44055447238
2.43291263972
1.12855800267
7.47316689267
5.33097595994
4.86002808487
4.47330391369
3.11702708243
5.30192550329
1.34144980371
0.561299161424
1.13636449657
1.31702635187
0.504218333653
0.556871490656
0.46888500078
1.82155945797
0.40215104549
3.70142687953
11.1493222451
1.61177086599
4.55187810372
1.25091848882
2.73913538922
2.37977572464
0.616310318945
2.88413033556
7.67905165231
0.895604178985
8.94635958295
1.17015969739
10.4953658927
4.1055616032
6.99451564192
7.17153219805
5.44760992017
3.6382568218
2.11191803631
4.08796631315
2.07596589847
1.49434369007
2.01843416957
0.734407375182
1.72160283737
6.63288767066
1.22748010266
8.97136480656
7.43277243639
6.49325403238
4.34169302621
4.15484184541
3.89018809957
0.511318481037
2.93411602626
2.51061178385
3.05001671
1.40214429601
3.0200976747
1.93104639749
1.7475549967
4.51944788026
2.89348875625
10.6104222277
8.27376055058
4.90170571933
1.21483957185
0.770939858496
10.7514052467
4.9251588971
0.805104559168
4.09970503723
3.77143855782
6.90236751072
3.03856295902
5.57725531705
4.47301263301
3.01405422938
2.07640679969
3.62019017404
13.3135455713
5.09280459174
8.61095573547
4.76531024847
4.11590378881
3.60768538415
5.2456894322
2.90957357068
2.43473276787
0.7770774994
4.12123048838
1.33542885484
0.730739720452
0.99567014946
1.43121675224
2.32249402651
1.94117195457
2.55206403054
4.65599037416
3.23011260772
3.62565316101
2.15869825689
13.3454779599
4.13748930176
2.05826666418
1.6288166498
9.22087614641
2.98549685999
1.21807707084
0.906501549043
1.38764107428
5.02464446328
2.50029626469
1.82000156442
1.77787988102
1.33541118649
0.37907523193
0.795505049262
3.8577117391
4.46565688075
4.13106699968
4.32741443394
4.70723653716
3.30655665284
3.63964867086
2.96115145501
2.00108873251
10.404497092
7.16524111417
4.67565217229
5.7126322718
0.837841580126
0.400799403967
4.93757195024
6.50419101452
0.725360599579
9.23247452862
15.4824515487
11.3914404974
15.0410858014
8.96960316608
18.8418685361
6.72141332306
8.07196210956
6.41473669689
4.7344138344
6.28721761991
8.294824868
12.9736047038
21.6416865419
33.7643213537
47.3118329261
5.04240579737
3.800165321
2.39747829386
7.09318762052
1.51187994577
1.10944047087
2.39653134686
4.81575626689
4.94553508657
7.1036107784
4.31364509731
5.51236932277
3.30316154551
3.89213289429
3.82226487995
4.66081642778
2.71229853813
5.22627162557
2.78659521437
1.08984884728
1.74806174586
0.541302520092
2.90989965579
2.99690948234
0.548809831021
4.3254540763
9.5083950186
1.21729523456
1.58512994363
1.37640399484
5.63673276585
1.24936614499
3.49352170647
5.01448482286
9.85163147705
26.1510446867
25.0862502546
26.315449615
44.297084358
6.75936148519
4.75868993107
10.9897141946
1.82114488663
1.57780999738
7.99714108165
6.15755192635
6.42273806898
2.81969664934
0.911013473638
0.78499137566
1.38317155658
0.497097198438
1.24744995055
1.6475507244
0.660523718715
0.744710562045
0.755712825998
0.955074403361
1.04914687423
0.637757078563
1.64523006244
7.73726098112
3.71608641065
1.24882192338
0.35032020267
7.61926241744
6.15836808668
4.69027086721
1.63808575683
1.31188685182
1.21636267235
10.747911975
0.802232081574
5.24095794185
5.60453038669
8.58461048162
2.67761725439
3.814129567
2.76737327562
3.35491859762
3.08228123623
3.29387105258
4.02805827641
9.14033918662
4.49731099018
11.3125049929
3.59962615523
19.9436576528
3.83339978497
4.13972730338
1.33590045665
3.47404933158
2.48051286345
2.15452881182
2.23663613551
1.71842010951
4.58775208432
3.02447317716
12.1900854194
1.99370606718
6.48817945144
1.62207273739
1.21008570304
3.81549918412
2.06759767561
1.28075672282
4.43534793403
4.91673959564
4.26231937208
7.20608611325
4.2697258779
2.77043740655
2.9612668877
2.43710667789
2.52951982084
3.48757647818
2.673431174
3.13782360159
3.48682141067
3.59330350689
5.10062220458
4.90011425609
5.03805692159
4.46462209066
4.83941951495
4.17645762624
4.70820901044
3.28031078772
2.13990814632
2.22633153368
6.66675210244
5.37547636289
5.52836986723
11.9809498888
5.48729466458
4.94971940366
8.77109869787
17.8576861236
1.67050333617
19.9881152968
7.24196140702
6.88974647719
0.962404618722
7.69549856053
1.92956778211
2.1357898999
1.46355576579
2.76790844161
6.08805368597
10.3718406148
1.73545915805
4.73276031812
9.17182143675
7.53056319148
3.28475865067
8.24937219401
4.47718614859
6.00804804929
12.5468497927
10.9009807216
5.8704315931
5.31380242769
3.82912211316
15.9177272379
22.1555457513
2.57179846632
12.1016444008
2.94624141043
6.72991151033
10.5570660769
8.97212128299
2.90939336324
7.98085915177
9.86993769228
19.7202673761
4.30071306886
7.03459610575
5.69980419485
47.2630582141
39.2326779593
26.545217588
27.0510318354
20.5798744313
21.0620648524
29.2215331055
19.2632894836
8.22384011549
5.22062358191
10.5269515756
4.62884471573
5.60147946367
9.13069939761
22.3091571316
3.79621415266
3.61889007216
4.1749992652
1.58489549023
3.68776224504
4.39115590023
3.24516697217
2.41128981718
3.09987772881
2.02358641025
2.52324917554
0.373775991517
1.63022145458
1.92682664978
0.953205284332
2.38630784674
0.861516426951
1.61769295692
7.90768710199
2.04646155475
1.25032430993
3.83406692101
3.4023092646
6.06415440065
12.1694216453
8.55303616273
2.17603285855
0.398119327569
28.1870618384
24.615416601
7.89312191006
5.53064150945
7.82730902637
4.52661179743
6.19873723528
11.144249575
4.25189646023
4.43490605839
5.79834226191
3.35208865751
2.80578238997
4.9925365184
1.57609315824
11.3238302805
11.6122071895
8.86933440807
3.27083266195
6.58923407628
6.50231397489
3.09785253237
2.93970589715
4.7195696011
5.16552536877
8.07498755703
7.00726505741
3.037108299
3.10016657145
2.56017648547
3.46131848349
8.91248990427
5.82910073422
9.04586740829
11.9586917452
9.08945592456
1.67503695481
1.87377998141
3.15627467946
3.23170359523
2.1014417351
2.60503972304
2.42820019011
1.98562070747
1.00872144583
3.76007468726
4.79499112199
4.6250806893
3.21794291427
19.336438234
4.83863422649
7.24091084182
20.682046147
24.4992143408
2.27269775275
11.1232736933
5.36978621916
15.9108858704
3.90763344036
7.35741357322
4.98231890728
2.67354068272
1.49723396245
4.23439992938
1.9909070604
1.55603258668
2.34796135338
4.94791214727
3.51284467635
2.91568385093
9.07536145993
42.1915371397
31.7121036451
15.6670089532
4.59252743169
5.78684331624
4.45841065577
2.49637071551
2.433626798
2.69571310457
2.16752075329
16.3676177995
5.32327928208
7.40480880995
15.4855862796
2.89116376411
7.17658549243
1.57484004193
18.9699738181
28.5744206105
19.9832546237
32.5825358659
14.9591101355
4.99795651434
6.83090461539
2.08070823629
3.05172270541
1.37844451266
2.75173400363
2.22798738707
4.79514328344
1.36440061507
2.48072162448
4.22323835093
3.28384980429
1.10244767962
3.0201856807
6.42746612355
3.38649137026
5.32913765979
7.27756811766
50.7951864443
32.0140643903
4.77127033379
1.74319077508
2.16272113884
2.45634988725
2.51549559226
1.49713373304
5.07433762748
4.95255366499
7.82713676243
18.1285306728
2.49227221167
6.25151781642
19.3807994862
12.3491023313
3.3523390246
0.752841121792
13.2812846255
9.93370365487
6.39709743867
3.86222069275
1.53317277053
2.36505834856
2.19929557247
1.22514003364
10.0415884758
17.1886979082
7.96690465227
1.58984255917
9.82859954304
2.45908692576
2.98879063158
1.04500302532
3.54056682594
9.89459860888
21.071973244
13.4212043971
27.0088143547
5.3345071665
8.77805731061
4.91768091806
2.62445668526
6.22082153415
3.13797121932
4.4602080697
2.93974014658
5.49120108308
3.99706182294
19.3814818579
3.44981475132
4.56160681576
5.12994908499
3.3335760352
2.34958862084
8.01105259005
4.26901741394
4.3746359849
4.07856818681
3.94727768337
2.10366302464
1.71308350521
3.07172986594
1.50163232004
3.45857090211
1.84570561697
2.15623277638
1.89140926525
2.43932536682
1.46849871291
2.29799202048
2.85537450387
5.06824585994
1.41997498721
4.52412356892
27.9728325784
15.6068705289
9.89561728597
37.3894494181
10.3933716208
3.90435875636
12.8822231082
3.18756223131
5.19777069631
4.19644560973
6.07181242045
4.39684696283
5.45985025611
5.32654360605
5.33436719913
1.80784008525
0.0
0.0
43.8863331599
13.2885216914
11.4472247919
32.5189327531
3.24254733799
3.4562631276
0.0127213638284
0.0114871106
2.08905951301
0.00648754171596
5.26145361402
23.8084771799
10.4537893494
5.49639997282
15.3635582994
0.00693279247627
0.0146283513446
0.0102810691129
4.77407297859
6.51568537945
0.0119419883339
3.15595214642
17.8723106073
0.0323791382967
25.4671017351
43.2510116749
6.92754487393
4.1183216055
3.13125509925
0.0234632016261
2.44238015578
0.0225429817008
0.0274508393747
0.0215961466122
6.04216167602
2.99993720732
0.0329438911661
0.0364799496937
0.0309759005367
0.0308731293227
0.0345073466062
0.0267223375055
8.05247292597
3.55810135335
3.93071428503
3.57888512406
3.44409240213
2.31231254085
0.0448063038624
2.90585566069
2.45932095139
2.63153915275
2.57157638771
7.03511845118
4.27060749859
2.46081695657
3.56147098583
0.0194714337252
3.23922804283
0.0387761999162
7.42339666607
8.66611492547
8.68061780644
7.08171293035
2.39579504537
7.92588249571
13.6630991086
0.0549328291683
19.5188192083
18.6634775933
0.0468166091453
13.8743248389
18.5369930719
16.9058650895
14.7753063373
12.5997767309
10.3936352427
10.2438277474
11.7200627104
4.86877860395
2.17055078209
3.93310881553
2.50398464991
2.18596046434
0.0418979366425
0.0631497070306
0.0671803439561
0.0695339392534
0.0709693796041
0.0485984850291
2.62651056014
8.51668738475
2.36568979493
7.89954360625
0.0451359394688
6.64753352645
3.62129581794
11.1226653424
12.4961100157
9.61368502465
21.1174438018
15.6347735837
15.4967295142
17.5366528604
18.1494422554
17.6442613117
13.0262095349
8.82955862993
0.0177688575576
0.0516819093162
0.0415156702013
0.0393642423573
6.29155534668
16.7084546807
18.2806998739
16.3553824315
12.8989216497
0.0285566526851
3.97769526557
19.9027114404
0.015312655384
8.42996786585
12.1406836207
9.45306376196
10.3678807858
9.21284169392
6.93272882934
0.0396698159366
0.041710443275
0.0413864943678
0.0397273392342
0.0408763675098
0.0388077810862
0.0391037353824
2.38086322474
5.0746772023
3.24847070849
0.0369254021475
0.0333626524625
0.03914827863
0.0567044043054
8.01107509354
7.3187225429
4.36128778883
6.81234842302
0.0275162105206
0.0287935075699
0.0211629228928
0.0215781022242
0.0223843436348
17.6760425438
16.5035448138
12.7820202342
5.46484271341
0.0178217794727
0.0132941503786
5.08581695581
18.5889877553
6.64980140842
7.37846709972
7.93188366598
7.09157227955
2.70766539864
6.62061009602
7.44611417578
3.93690714346
0.0208236078588
0.0212528746102
0.0186086366994
0.0158328917469
0.0154847534776
0.0159485020861
0.0194271942728
0.0190404486889
0.0222156960714
10.5992135268
13.7244877434
32.2365504447
0.0312679045011
0.0285195214196
0.0273835023685
0.027745342669
0.0281165880716
0.0278345879493
0.0251780538077
0.0189804727033
2.18566649605
0.0264215922625
0.0324878777955
72.7766676587
0.0192932159524
65.5243586542
20.8123559396
0.0175168881886
22.6119630302
11.0198906295
2.90890607545
9.43494090595
5.91750951402
3.38003460998
2.64355701181
0.0324748119871
0.0220362162698
10.8787400319
2.96920029013
8.18342244988
0.0136447953719
0.016618047877
2.32493510357
0.0107588323766
0.00759861399125
7.27769643737
0.0255883368634
2.37731822046
3.14017767168
0.0170986153075
0.0153450249595
0.0190906481696
0.0217245924541
3.21007999014
2.71570237841
2.56448768345
43.1997299263
56.9317654954
0.0197278743881
0.0279980437567
0.0304532454578
0.0303859616028
63.2718172876
71.7298756198
0.0232692837482
2.82038053219
0.0227974371959
0.0217528427507
0.0220873667531
0.0228386523622
17.1666977017
5.72203091533
11.0765644503
8.83543436565
6.31640421104
2.39583992851
4.42440724647
2.82107451031
35.0664342294
2.98248085957
2.49524280115
2.44035028535
0.012191693228
2.79580224861
0.00985390764268
0.0171532941348
0.0202294139322
2.60728558162
10.5252338567
6.98243828046
6.41606758827
0.0232605387555
87.4867008185
0.0321882900197
0.0363198272215
0.0333973644265
51.2364374034
23.9284662456
0.0211535989901
4.26245635008
0.021364144794
0.0211119984984
0.0180965661461
0.0141301107684
2.41882271192
0.0169054903656
2.67869881166
49.425389114
2.0593261156
4.34587384528
5.16077873996
4.7214974608
4.68825023419
4.13637209704
2.25106987272
0.0141722332466
0.0131413701119
6.22024018941
0.011867067474
0.00982107555461
0.0104243604523
22.1714299456
0.0117532095323
0.0135921416824
0.0186931720319
3.45640396246
2.80800581833
0.0123139390794
14.6877952683
60.2459198105
57.3794224477
122.348658302
74.2954882419
0.00622801118196
84.0873798958
76.5793346771
14.7664955303
2.72321140506
66.0414391991
88.3565313938
55.0516999081
0.0193817810661
20.0014696594
2.41124759849
10.7405323779
0.0264183066576
6.6282296653
0.0384553918071
0.0653560922986
9.81283490105
4.54656987614
0.0408405811903
13.5818812864
0.0448771307735
4.05147388097
5.36427073716
2.20384814136
0.0655959090639
0.0780997289833
0.0526502603136
0.0605993007021
3.27584140796
0.0612334790437
6.4921973673
21.9969519964
25.068233806
34.7079751725
25.4949135738
0.0699532447339
0.0564971343586
13.5498688631
0.0357366605568
0.0142978995543
0.0175954914213
0.00939323466525
97.5084809312
130.312548221
12.8841348428
0.00467747873445
114.633892662
12.7348595128
3.60227040043
119.753729101
3.05933056329
13.8410040173
2.37111276324
4.93394328199
7.65748752882
0.0557618470409
0.0581639858488
3.22511886485
0.0448044278078
0.0418180051843
0.0439932590286
3.56916517744
0.062778031428
0.0609396595943
0.0257479165702
5.92833009653
3.19026504407
2.28272585687
0.0336434576157
7.80365496514
0.0118663415231
31.3516429654
20.7161704974
11.1659668017
2.37328483151
0.0398018918811
0.0790075190703
2.76514986206
4.12014233268
4.22559274621
8.66208578891
0.0765707824782
0.0574935752275
11.3966189379
114.561761019
66.3568025339
63.5059119739
51.9027832094
15.6411387072
21.8416022604
0.0309000776462
5.53739269229
2.30921117407
0.0973957457758
0.0914058072853
0.0856072536818
0.0879841467326
0.0921724236316
3.36834906554
0.0929247046461
0.0956872316143
2.65868174883
0.115899098324
0.114304679781
0.0895623546364
10.3860433497
8.5922953532
0.102549570781
2.70071849449
3.78233565649
0.0904429294062
3.27744018945
3.80339022364
5.74983616914
0.107523269882
0.0958849949817
19.0597022704
2.91095265251
0.0989727470418
11.6165457668
31.4858839125
32.9051006823
0.0970756022164
0.0872214157451
0.0927892450577
3.14125810736
0.0788887340988
13.261078736
14.3436632052
9.50176897662
6.77497680444
0.0772812283615
13.5718237646
17.7319612648
0.0736741723504
0.0715721216349
15.4434636186
2.05665841453
0.0642930858114
7.30982969656
0.0371379098976
2.46277414675
4.54735096837
7.21201587281
0.00830230275116
0.0104106539793
0.0108684012586
0.014575959699
2.48900006137
6.78067272463
0.0538784043854
0.0412935224932
8.36488466141
19.8919523832
16.6005532142
23.5367921446
29.1637850335
13.6979906184
2.44567767392
34.2567402964
18.0374019282
63.2171983025
0.0527299059727
0.0550774663504
3.11003130621
2.39867463495
0.0384354782809
4.84028002642
52.4478535921
17.3010994329
37.4461785372
29.721871972
44.7707859727
31.1829067633
3.04340849589
3.37216019466
0.0199480569302
28.9107497191
0.0191107717178
3.95869715366
7.685043404
7.42079828283
8.94315768413
9.59818575082
0.0230481924758
3.66403255375
6.05695402153
10.499138423
2.20686350273
14.6932915693
7.26045858846
5.90348521184
13.5931906997
6.95291261502
17.3307570997
7.04638721527
9.48243051778
23.5219766859
12.0615006271
14.173860641
6.61727100501
47.2389524643
25.3164445323
4.82227239073
8.63380981971
0.0700808436449
8.70147554892
63.0204714294
68.7968137802
0.0479332353481
55.5169783484
50.2882299319
33.4836577154
18.9644233191
12.5950159293
4.02521503778
3.11992773983
2.28652783342
0.0162516238214
2.0856680327
13.6827810683
7.19715112174
15.0821766617
20.5184684507
19.5734491116
2.08998770388
0.0313044246736
0.0267920182195
0.0317977903312
2.92880571837
0.0281541826089
2.3999101555
3.14604625658
0.0246385075495
0.0442261179543
0.0422893910542
0.0566945615819
0.0364340281643
2.95413949295
0.0422633673162
0.0466160333448
49.2516129607
8.13991247137
0.0520147923817
13.0431434413
0.0454311402929
0.0583101955954
10.4274042333
6.80355829602
4.65222810275
4.08032160167
2.2984792306
2.68685908365
0.028056322099
2.22637682382
3.03639322603
0.0262500141263
0.017506405173
2.65856661434
0.0230888125883
3.66695578574
2.95647253701
5.7362890832
4.7806532638
0.0258439146453
0.0270234246769
0.0177780722759
0.021253758977
0.0286285578794
3.0057797147
6.96948022875
0.0316184576366
3.43548619952
0.0295850403489
28.2837177327
2.24508802644
4.67125755792
7.11470037689
8.19084100583
3.10909970621
8.27678700372
2.49623707262
6.93525917374
2.12463244044
100.776987537
21.4435151219
49.1776104648
9.66141753603
0.033174111149
4.56240123675
2.37891882872
0.023994356144
6.34320670844
2.63743371877
2.95540247532
0.0303663331385
13.4731144661
18.0516251859
4.49625502856
3.3393930106
2.82753414147
9.13726201479
33.9807983081
0.0441174568802
0.0501346042251
0.0574960347342
0.149718594532
0.149526059407
0.085441528525
149.516604371
5.58408508468
0.0317068002362
16.74481099
10.1500787439
2.7697012656
4.23363132793
0.0280685019773
0.0226737869492
68.6709420778
0.0293634055684
0.0333119963433
0.0314873800447
7.2018149718
99.8336327387
3.36914613866
0.0329902785102
3.01930210817
33.1881102677
7.24039386653
15.3522481896
35.0339542555
0.0363527392026
0.0207428809621
0.0164928325442
0.0168663602127
125.75270748
128.307140362
139.468024074
92.282926906
104.50872576
92.0590320514
7.97819799167
7.58675668069
0.0118599853834
0.0312191396404
5.83154463
101.485743218
100.324696912
6.56648238244
2.24110274998
0.0414172605943
10.6380398933
0.0312683906111
0.0288500567545
3.45965829006
0.0350776633336
0.0484713896284
0.0466374728223
0.0298992567654
2.25051729201
0.0572647583123
0.0761853430026
4.01356137469
0.0639338850264
0.0540655867129
0.0483133382017
0.0570802237287
0.06195708188
0.0563008741928
0.0424538300675
3.05798706214
0.0472499952219
0.0376022137815
0.0358528150153
7.28308177663
8.0765938018
3.93273267518
0.0471249769274
5.80162872888
10.3975187593
0.0408598477445
0.0411930285002
2.86434246191
2.5232224411
0.0509269164213
2.31898013149
0.0428158026487
2.45910703464
2.88181127862
26.6559479405
116.901395471
0.0522906244279
3.39551967092
0.0452200727446
2.51150079314
5.1585492243
0.0473376341015
0.0436531814401
0.0444187281053
29.2441308493
0.0510245068721
7.03707142854
0.051406881804
0.0484636511766
0.0473596919657
0.0467298416379
0.0623329655062
8.62479204433
0.0325336527718
0.033431901386
5.00994139632
0.0561141085214
12.0400053036
38.9869653959
2.15758251337
2.94710837947
0.0273414737336
2.36370890877
10.1449385104
0.0223890229942
63.6150984279
0.0280089031326
31.2422209721
17.3313699127
0.0570515425836
25.7322345822
15.2526038975
65.5344308591
22.5329455612
9.45387917818
0.0486758541283
2.79583588836
13.174400134
12.2170425369
4.35376928838
7.83304160759
0.047462519797
5.4295540563
0.0502578677116
0.0488499918388
46.5511967219
23.2511213945
9.85989759459
5.95661069064
6.11596499627
0.0347066107144
5.55335919973
0.0321506109194
7.19735059577
10.4789327465
2.37069002785
0.0301478918977
2.60702302819
4.84649678406
11.7618545593
2.94471411198
2.32519421003
2.28225205364
2.90211882925
0.0492804037703
2.05841105753
0.0145130793645
9.48137963267
0.0339076274124
35.0679881301
0.044869114379
38.6480786566
3.47727872282
53.7118114908
7.0509081139
8.60975578583
4.57130989367
0.0466950067063
0.0680761256615
2.21843998503
84.9369260088
0.0592600485356
0.0460591070383
37.4168120115
3.07516652242
2.19395789687
0.0338052778726
0.0349047547958
0.0435802060448
0.0765222455127
11.0174721206
25.3501104336
8.67834350964
16.7430075133
18.5100893823
6.25520589974
12.2914551946
13.2007936519
13.981442556
11.8906980128
4.50608807744
25.0604512277
31.3964642358
0.0461241094157
0.0705582700497
7.71236660281
11.7201114771
3.84924719652
3.76800373396
15.0897267115
0.0409110950601
3.46574931647
0.0447698031952
3.86604195805
21.6253674185
3.02219615526
0.0371355307821
7.33243922761
2.93553130457
2.10643931098
20.9314720442
3.39407830416
3.0059077171
11.2462334309
0.0348252530067
0.0318206508807
5.72378981272
0.0277198238171
2.46691589973
2.44557499754
0.0192647397124
0.0202294587598
0.0216939625244
6.34273197005
17.5996474137
7.85480388136
0.0330811226613
6.59578940856
3.65334345858
0.0375030868597
0.0300581050692
0.0334628394502
0.0245812742116
15.4721873626
16.4810738403
9.79262348664
33.0116302019
0.0636680237881
0.059294069687
0.0572600190859
0.0579939910201
0.0689605136367
2.39570516689
0.0585410155697
3.70614823412
0.0682312263832
3.93965909645
8.79350990228
0.061265608465
3.01852415869
4.56289692037
3.04772995371
0.0574129509409
12.5458425651
0.0622494296698
66.3923108982
68.2153183136
57.8700938692
14.2195207852
85.8684295249
62.8507215085
76.5420721543
43.0645076734
31.0267853392
27.0656924089
30.0274437349
27.6981463351
15.3907559457
25.3458961787
27.6075854298
25.7135990325
30.6211545704
20.5645108435
21.4625098891
28.6903091369
21.3055346392
23.020170847
22.6624902983
11.9875096787
0.0514659702325
7.71151439843
17.1330077976
0.0403960389255
3.07458852713
0.0459019013719
2.11250110174
0.0572495224697
3.79607820883
2.34103218859
0.0381524192067
2.42104614331
0.0425380409798
0.0438329084842
0.0559981752646
0.0529858994407
0.0370410519423
0.0381151707866
3.87857180503
3.2779388892
6.61070825034
0.0263296566105
0.0356569351207
2.94352839108
3.92111313793
5.62762327312
14.5930679053
5.5603928876
8.27061490008
0.0857139899179
0.0595627161159
0.0786956387871
0.0755934829709
0.093090645018
0.0395923838955
0.0475623631396
2.6696690977
2.6919020682
4.55772460633
3.6567536605
10.9758430462
15.6344167531
2.92312969146
22.3610288868
8.94232133271
4.0975717973
41.3872088015
3.15773315121
2.52594208426
20.5881465274
25.1122606443
2.35647497404
2.46702672173
0.0576774228721
6.66753062534
2.80110327016
3.89307576644
5.58057111926
26.8265506135
21.9688949866
0.0286599041472
2.49214293057
3.10868000851
3.36373576263
14.7539066925
9.89354053307
0.0262617721233
0.0201765179636
0.0183088709614
8.02479379609
0.0216527919996
40.5960398806
0.0128830179562
0.0133017194764
0.0138500614922
37.0463058087
51.4721022409
8.95009352621
18.1822456031
18.2125971667
23.2439748774
11.5451496141
13.1785701392
11.5682394444
11.1465978489
15.4040871485
0.0105265700897
5.84009215279
6.66298994491
4.02298697156
7.10344627249
8.054986388
3.20760475811
4.03521450773
0.0108955501881
3.09488939049
3.16242762259
3.69614957277
10.3565507584
5.38152619039
0.00747243435719
2.48984369294
20.020801374
0.0110738818288
0.0110300572958
0.021458576726
0.0220860909332
2.57081965399
9.54509099701
13.8526453266
3.93949364832
0.0201532564319
2.77069340335
43.6417001479
32.3747140393
36.5663539516
21.37060906
31.7383854652
14.7577359881
14.007074516
14.4820399651
16.3388492105
15.9409939141
14.2799088584
15.4340901641
14.1859689585
12.5098723178
10.6339118158
12.6643715997
11.5108311679
9.83886807213
9.88561262711
10.1559295297
9.68779497809
9.8098049993
9.63120480371
9.51161243625
9.20469736942
8.55127714021
9.85567853789
9.80572491801
9.64732882088
15.9889759201
9.74965021752
10.8992086774
9.47907342036
8.73100545699
8.23042581995
9.04115334364
8.55611667784
8.47025247697
8.26777150083
7.30030795978
4.49609761114
4.09148827157
3.45923017789
0.00349890808814
50.5162314015
26.7886895137
15.8362551229
8.97809130392
4.83632701454
7.58670947906
8.72341568324
7.6308026994
7.72040072175
5.33123787604
0.00274346976291
0.00256800455886
0.00189821357286
12.0336204277
11.8666809358
10.7362225622
9.9231812372
9.42216020158
2.66313619724
23.987859477
3.85779938577
3.74862486017
0.00255650718973
4.71142206412
3.67464100027
3.06394621766
0.00402638965234
17.7031607893
14.7203161944
11.330038522
0.00701702531444
2.86754257408
3.16045269858
3.3179916417
3.19072785777
0.00850569308254
0.00810716420457
0.00767296629175
0.00719426097057
0.00781685284674
0.0076407305706
0.00687535916887
2.50547829565
4.10440332244
4.62312826293
3.08454036257
0.00655851916806
2.70821136641
0.00619890632999
2.44924258589
8.05407459756
9.1618856634
7.59376099224
3.80754967451
0.00353982671337
3.62526883319
0.0024557363612
0.00335320261738
0.00325118670581
7.3509192601
21.7781402443
0.0111193838746
0.0127916691531
0.0109546711265
6.25874258234
0.00948920393387
0.00734507007041
0.0067452483282
0.00509614870481
0.00424594201903
0.00434772815958
0.00546419662971
10.2291392255
11.0108426951
11.8448217444
12.672012265
0.0135197561813
14.8980038652
0.0157667035052
0.0184659494946
0.0331611359166
14.7300695239
13.3869841557
12.7315361028
9.81405048691
2.42002041392
0.0111724186399
7.17357821078
0.0129492185911
0.0207346932219
0.0170244477028
8.14454024683
8.594148798
0.0295596892898
7.68306837048
5.19112831914
4.92147213431
15.2887102407
4.22868399635
2.92172815749
2.21678404861
2.66016055477
2.08862263642
2.80298464414
8.52964235251
0.0433846601408
0.0283160102193
2.72898060049
0.0261008282047
0.0310365995731
0.0660976767419
2.32563188783
0.0682644362791
0.0627040966641
3.52221131559
0.0714197218052
2.49227632843
6.63562405803
2.89074125572
0.0688668401644
65.7609150586
0.0508667471148
19.7559821714
29.8763257916
82.5884327225
16.2800198273
0.0101543489342
0.012878077218
0.0140173473381
0.0133365928187
0.0157354601208
0.0259939578399
13.9520719571
15.3260547413
16.2446678225
16.083203988
14.9406446358
11.4699511325
11.9908457962
2.30762221979
0.0258780372796
4.8888986039
0.027959515253
0.0404157560576
0.0311024790317
4.01576000571
4.34196678003
3.78974282256
0.0574965884095
0.0469400727135
113.841967799
0.0556582486316
2.04447462943
0.0597768262887
0.106254256702
6.61124143831
3.92357771799
26.6336757645
11.9895820781
0.199327795773
0.206603900279
0.214715946083
0.221206286125
0.217539289024
37.5630578119
2.64570527551
28.4008606881
0.066968292189
3.01954683369
6.81876447096
0.0671333796616
3.01944951872
0.0995178060051
0.0995171073258
0.00597576185266
0.00402750937834
0.00336171700863
1767.95882336
0.0
0.00381280136782
0.00997837121364
3.52443089016
2.48747532845
0.0383308239291
5.94574535854
0.0347244684273
0.0688491346685
2.64632516205
0.0638486305842
2.77047724949
0.076427716698
15.1633446539
0.0559167940124
16.9954805307
7.55274557699
2.28784565871
7.28473051198
17.3664397565
21.6426458693
2.16150893568
2.66269229729
0.0845243044944
3.55138595265
3.1784606847
10.5629316434
4.15712492012
0.185058548584
4.40582360764
0.0192600844839
0.0153697715451
0.021132046225
2.06161055572
0.0513779623546
0.0311097915949
0.0138027767897
2.42780383105
5.39869155372
0.0137239732754
0.0274509494881
2.11676975958
0.014068341411
0.0446752317126
0.0442425443507
0.050835752962
0.0384756250428
0.0455506306581
2.33817789503
3.45317754608
0.0
0.00093042906554
17.9790581062
4.51981554277
2.62890758487
9.62382697642
0.00671665753912
2.73897428402
13.2228056333
7.35980614643
10.709831852
10.5313365379
8.01940248434
7.12178008921
8.55794613777
9.20769641342
8.49761647569
7.60784964912
3.46986739148
4.46533243375
3.89423756923
3.66577216469
2.92972889215
12.551598418
25.2373664605
0.0492325543007
0.0351556179167
6.42569932939
38.7395309545
9.51047389283
44.3231244276
42.3825873343
33.9140432412
7.72185361019
30.0572094931
25.7882139195
0.046223710931
0.0701806746338
0.0432955407978
151.777202317
52.419361463
7.66993523005
6.44519916765
0.0813031770401
7.37978576878
19.3591532457
6.78056963472
0.0425554084
0.0365710069721
0.0448946060685
0.06016994039
0.0592980926277
0.0547390710933
0.0605133803267
0.0354334650109
0.0351617188969
0.0385859586073
0.0915366525346
0.0208530256304
8.85987649581
38.5607891105
11.9007110182
13.6516527806
11.581590984
0.0493575631292
0.0628055679714
23.6173878968
71.3985053293
51.6547475939
80.4883909129
49.7988472424
29.2879578853
27.5665965117
7.73335301698
6.98846340655
59.8686883678
67.3469020521
58.5075915991
41.7602645733
99.4412387495
0.0340372651363
20.8239534625
0.0334989004734
0.032007254626
83.2640826439
0.0106688694403
0.0114525000541
8.10902271214
6.59505251981
8.41225569545
7.67227804615
10.3631655387
6.67629534128
6.57569162685
9.86025193273
7.67638867916
0.0552471805449
54.1691265337
0.0583103703405
125.949068248
33.103474906
33.1507443207
39.698555535
0.0416816499488
0.063697038887
11.3220019465
10.3637988045
0.038996682868
0.0575607331949
0.0249280419102
24.0184127098
19.7528410956
7.1240079497
0.0143831572812
117.088038265
114.58213511
7.0276384775
0.0170398469272
151.023765938
32.0297110554
0.033165163892
18.2303030919
74.8810452698
8.21546008348
47.586064222
9.11757976328
12.0418483779
9.07960732025
6.79278422665
20.6139955832
0.018157459119
79.0125714434
61.1154432069
38.8053240149
0.00582900161153
13.1721458712
25.6594785859
28.2195349169
24.2113025412
11.9353806293
0.00690518025771
18.6134667188
16.6900017329
0.0246042601891
0.0237047393226
0.0246660998181
0.0278238215631
0.0407551796773
0.0380476640041
0.0692700972277
111.841373952
40.7187668669
0.068107534339
24.8783344119
43.1085128891
49.9094725124
9.30991864523
77.1399944007
105.26703946
0.0953688577895
59.7209590856
45.3037653656
49.5082923289
103.683339998
0.0781948401355
9.03415843406
0.0382070908856
0.0360270567435
0.02626931725
0.0429061415776
8.4531598926
6.91366358303
6.69271269873
6.40334743048
9.01327779402
0.0252671777626
0.0344218595234
7.79021779344
7.06441662347
6.49706045828
0.017478762607
0.0138567812288
6.58376661163
0.0167142068385
0.029182410543
0.0274418956411
0.0265641339472
20.7308093433
6.5055154917
0.045969038434
0.0832581652513
241.60262651
168.365769583
0.0709470655783
0.0814914045349
6.64660555499
36.3059949193
33.8231755634
32.6771016146
32.1627526225
13.1918013922
21.5647908743
0.0666759966628
0.0877801022707
0.0815527439578
22.2652948145
29.4262163108
26.412688882
6.4159712998
0.0821678035042
48.6553922866
47.8675907248
41.2893763975
32.4112326925
8.83265227197
40.211565937
38.2782869607
0.124658633364
26.2316233514
0.126019000343
21.8898785735
0.139166121377
0.11252568664
26.805209815
23.0250120453
0.259058248186
8.7118389647
7.29979214607
9.04606043574
70.1072609414
8.81646939885
0.207612204915
0.265904307306
0.273041267411
7.14360764936
0.22910989193
7.89423386951
0.242823446035
6.75947421849
0.224126659982
7.98333807835
25.6718034448
8.85302836682
0.100198299473
32.3073808896
8.75424810545
37.9947688971
0.0264374627287
0.0306674474433
0.0297893448725
27.4057969557
11.8223601845
0.032326853064
0.0401416933703
0.0558064783613
0.11014481507
0.13272067285
0.0591550585614
6.72405645982
0.101741912617
7.29998457734
16.3100046851
10.0632620301
12.1723378423
25.1618196508
23.2140782411
0.111935554398
12.5084695477
7.68920456412
55.7308423788
42.9829800988
60.4296386393
93.6661375205
8.63328409729
0.100385186849
42.0363517475
73.4463274391
0.138962073799
0.123204466927
7.76313876199
0.140454332213
0.101734618473
7.62696910142
125.552912493
0.100798701049
51.9630631753
68.8330161488
8.46001313327
0.0800802469587
100.382227766
8.18676417588
0.0193033431403
0.0287094813709
0.0244977521797
132.783573274
0.0353259287212
23.625185999
23.9377169666
31.9195095614
26.0658843235
21.1813804163
0.0779907061611
0.111892239984
24.3864918146
0.16947579341
0.190615595453
0.18354798252
0.175576591578
0.215922163357
0.196807454641
61.0401756925
6.9687881089
62.8366008064
0.176168726244
19.133920099
0.0627708616858
0.0816229013073
78.656230721
0.0366320219311
0.0447787993718
0.0532412979074
0.0709709267177
0.0510865414353
0.0897320432478
0.11747736236
10.7423477407
6.91857074509
23.3149835821
10.0634939667
11.2333532187
19.3777811722
0.101819053197
0.0640973900357
0.0920305727032
0.0550847202301
12.745600573
20.0020206805
0.0940075924206
0.0985509864485
19.9755445945
0.0829885748566
0.0783834597266
0.0732797356499
14.1213846508
32.5305997453
0.040744478855
0.038112056247
0.0469092059573
0.060851433859
0.0700269212152
9.38048742231
0.070259528316
11.6143193796
15.4064503194
0.199727006172
0.0775258790424
0.068612427508
9.19148732821
0.0522056816361
0.0394409736285
0.0371523829403
0.0262288126161
0.0188994432351
9.75212724496
24.3923757493
27.7505106599
28.6882733063
27.9385493116
9.64570564722
7.40432727363
9.29991591328
8.66347160948
7.97121769214
71.3513246463
0.0239209885129
0.0307325440677
39.092990882
49.7095037972
40.5268874393
33.1344411385
42.9385923274
36.9318611857
28.9689268667
7.56804496387
6.43695138821
0.0192827624551
33.7038805326
36.6275503703
68.9113804449
0.0369392839859
0.0383901083938
7.17449755313
11.1900584254
0.0557248747937
40.4506170498
13.1651886147
27.1106817243
30.5864060752
39.3695396983
0.0478322619303
0.0452192372864
29.488843317
46.009119951
0.0609213717733
20.8809905649
7.28076278479
12.3494002314
0.0955408662141
0.0641955091247
0.0632021324197
0.0838548268259
0.0266865090466
9.3257269126
8.11927298381
0.0653387961894
12.313071648
12.3162559125
19.9839355375
0.0616131321411
10.5480511355
9.50389283152
11.3341603521
7.31644858238
80.8666517102
20.7413909388
22.1405451973
22.5430325551
38.8116921638
19.0603637081
0.0535802753687
9.13888005315
0.0535382542863
7.06778204675
7.03723302703
0.0569214747418
0.0487449750193
0.0444998924136
0.0514850476402
0.0342877697621
10.5584960333
0.0149106764519
10.7140697285
9.95290750031
9.58334021495
12.0039756835
8.31329314444
0.01595159325
0.0367625748147
0.0404860473378
0.0490049151887
0.0484848437862
11.9721574396
14.3390205097
0.0962788449111
18.6741309844
7.39797314966
0.0596481823069
6.72761457402
0.0586472083047
0.0540605415292
0.0563424613931
0.0596974463101
0.0614689540172
8.75936837951
22.1416177366
0.0314670210923
0.0484246304654
6.98719437357
0.0493419275052
0.0464190610988
7.56631811685
0.0447888203666
17.0522668979
7.1159050784
0.043031354219
0.0277063609715
0.0288750201224
0.0268734428843
0.0230891104289
6.80891056605
17.4645895616
6.73700218781
0.0792706646766
0.0842787562258
0.100671717278
0.101626175044
8.24364066748
0.0339440720943
7.38352695221
0.0379670044906
8.3109327436
8.0987961771
0.049163052861
0.0680240545456
0.0491522279973
6.63075674282
0.0564358099037
0.101050713122
0.0600764904081
22.7160743666
22.4703342867
22.1924177849
0.104956564266
0.120869811054
0.112310458255
0.0794831502326
6.46156243763
0.0929627718395
7.96940686787
7.45467564278
0.0876497044971
0.0692286286116
0.0550661901083
0.0573863760309
31.2329139636
28.9474270166
0.0527698129591
13.0820920543
20.1302206547
20.0234044756
11.6475088951
0.0366285535008
95.8444958873
0.0268774841058
17.9124272092
42.2014644397
69.410972591
60.4108890808
0.0252948618457
22.6472137732
11.3079135162
9.56240525731
8.1987916152
0.0541995991643
0.057481870617
12.4493614355
19.7789647842
0.0592640329775
0.0593074818686
25.9082716628
0.0684790062644
0.0574835953705
0.0675639345036
0.0703918447004
0.08067507692
0.0706065507457
7.15019218881
0.0804111480113
44.0423563325
59.5305919774
0.0822941067943
10.0823023761
83.9658429942
63.1509497882
17.595328467
22.0984212979
19.1709247394
20.792418787
9.72064932287
0.0139167809863
32.1227938241
18.9586987891
0.0357490019273
36.6939193292
35.5846444794
30.9145123081
19.6001667328
30.7546863222
16.3111283041
0.0532117600065
0.0651413748556
0.0723224826843
9.06522518647
0.0755820606063
0.0713325745018
46.966168659
45.0797861997
37.9542006151
0.0571959704408
32.3563563254
0.0700869952715
0.0740361470211
0.0713050465045
7.92719163977
14.4636066932
21.3775674716
0.0301205165177
0.0308802468678
0.0307871546583
38.1344740109
33.1044624319
12.806878486
12.9403286386
11.8618231338
0.0252636567977
0.0251697954106
0.0250081142847
0.0246472639829
114.683407003
0.023177866512
16.3949276619
169.964907943
0.0230231548123
48.0761118379
0.012282365787
63.1588683963
0.0422355711018
37.0332376905
31.9652852155
45.1873126201
47.2057025373
52.1066775247
100.279843793
12.1388822554
45.7479874454
102.990927381
57.2320235516
37.6411221393
12.7025849683
0.0342223363984
45.3962310034
137.270085237
68.0067302363
180.135660274
131.275080522
99.1802779929
118.100028938
59.1401895922
10.3469408136
58.159266989
0.0286388819286
107.737544464
7.77425602871
9.00010979478
78.9634762442
0.00835114314755
0.0289211040368
0.0218580239122
0.0179499338436
0.0167005445829
9.63136523668
11.3200998659
28.6222095382
24.3998639889
0.0310586775033
0.0335755595394
0.0340969897332
0.0253039444748
0.0305054481369
0.0310366934107
90.3717035755
0.0285807123638
149.513612355
212.57692431
141.370655981
127.005859292
124.962633713
124.438265471
123.958108842
52.6210117266
92.0414807604
75.4447450511
32.8014445952
38.3024005189
18.8752682085
7.59214356177
0.0102431462885
0.0164211957674
29.225197802
0.0396065903158
9.67868407327
8.84302537287
6.48576813054
31.4804245397
34.8141148276
29.5713625975
6.40378258384
13.235624491
19.8474453599
0.0240137659655
0.033533788004
6.87079682019
0.039956666856
137.099148512
77.3752237177
174.265827309
135.503152572
7.8296525518
0.0423523119536
38.6327986391
10.7676439666
8.49952386389
0.0335363550489
0.0392862086798
0.0351564010846
0.0311130274519
0.0312442497908
9.14221680491
10.2699446892
32.7569682334
34.1961555891
28.6376902986
27.1308496204
27.2966563455
16.2908771929
28.1166143095
10.9364530714
16.0101159087
13.3364196092
13.1370693119
0.0411522375415
0.0517139285985
0.0404819757471
0.0592412888141
0.0727959981506
16.6148411542
0.0784880012665
31.2480869034
19.6889351356
8.52927367254
6.55090921317
21.0206414969
38.1499335528
0.159125756997
0.112682395319
30.2618610367
11.1474103688
0.0493781028616
21.4463607387
0.0371886706505
0.0892343965583
0.0950344708644
0.0943179191186
11.611566063
0.101088412128
7.49065911015
25.0863782623
49.6046716779
38.1638787143
51.7651111309
0.0871632179001
43.7277759503
82.5595402398
92.7988643916
24.2645054124
47.1163196529
35.333988749
72.2230963375
41.2992831948
0.0705744753835
0.0480614858514
0.0222060395844
41.1855452513
0.0360053959282
13.7241002437
0.0558716774843
6.81939266786
11.3840634976
9.20366041559
0.0509258877338
9.7923508326
32.4089573678
27.8223518525
14.9342859841
8.80360738861
10.6475657841
35.9049161712
7.41515333785
0.0391745849391
0.0546255332006
115.213682972
30.9184182805
9.50585249631
8.27317011876
0.0969935293864
10.1151344059
28.8689372881
6.41462054402
147.787141494
91.4819427149
102.606854436
86.6735538967
26.3017601069
0.0537494946235
9.2981297768
31.0653100031
9.71539177219
0.0845479538146
19.2561928218
24.7731758089
15.0545578998
8.02142216981
16.0381447184
6.97351697246
7.12233464384
32.3746677217
38.4145865749
37.4666724174
27.3299200438
31.5985716676
0.104415500983
31.5111230507
18.0966444236
0.154269972024
44.1091618679
19.2517235081
0.103413636596
0.12006634407
32.4934834442
0.170661041185
0.11455353624
10.6670428694
0.155523074497
6.71804591917
0.141021232409
0.149671918064
0.12246642614
0.10466171386
0.155347316572
7.79003184406
21.6959461655
8.50918188833
8.34479186749
0.0590243972796
0.0537168580653
0.0367612300036
0.0250149490113
0.0563669335714
0.0786076218003
0.106316878854
0.106585400975
0.100849253789
32.410133662
0.131753570557
0.139833432804
0.206823333607
7.01819607852
0.212342997306
0.229261113769
0.252901353736
0.301619312618
0.383588787433
0.251853914059
10.4290036976
7.8680114942
0.422292996177
0.210957504938
6.69430851734
0.471154910724
0.468878373123
0.465148423155
0.459772313538
0.447878404617
132.650636567
0.423043333112
20.4823772941
0.191381486118
29.956025328
26.9679585189
19.8538228573
0.0873827220933
0.0945822877192
43.2173128005
26.2271378006
54.8874088631
7.93688772865
7.10437143006
0.0712424690722
11.7708794559
11.1954809316
0.0588324377481
56.3847005461
0.0617405193015
15.4124765929
28.5159459999
16.3832744412
6.59675953003
7.55123350689
19.9508937284
10.4855523833
21.0858406227
14.8977296788
0.0668941695139
0.0592933769688
0.0370265888448
0.0140090162163
56.9030030481
7.10639753231
10.573433305
0.0114481889611
11.3846638112
0.0196338361674
6.83968837916
16.2789131753
0.0347432713714
8.97219954652
32.4481406768
51.8001635424
8.60577132035
8.70507985916
18.6013981797
0.0500775808084
9.18944844522
6.54376135174
10.744973547
25.5657386514
8.29882735775
13.2706526768
161.859323426
0.0396686475743
0.0569333040597
6.54152933382
9.06100049891
65.683991617
51.4320750877
0.0705932983601
0.0775995020859
139.502366306
100.791875604
87.65065577
77.5429338908
75.3236826848
90.1066902356
20.9903351556
18.5645164578
25.3710577314
0.0510219317266
11.2418101872
36.719390325
8.68903873614
9.96320217333
7.3998444585
10.0640621156
0.0529739002247
35.6673399804
10.0922270565
0.0229266204912
15.7832539408
77.8817884447
50.2134002495
6.8367461375
7.38084548711
30.4572190726
10.3514625336
0.0781499356343
0.0929383383568
0.0429185668678
0.0659897499765
12.992455341
7.05005379574
9.96730977613
19.3482869584
124.945213915
46.0319046528
0.191814000105
0.19876548437
55.024551669
88.299837049
113.493408688
0.0820576965714
130.87429268
142.442269422
130.719135093
152.338607776
108.06338455
135.025944664
120.111615647
36.6742161908
0.13355274354
0.124767658925
14.6951530602
0.12891192756
0.12439129486
9.69112010484
26.5709746321
6.7680029051
13.7808683327
6.55920138649
0.0404305720614
0.0377226901679
0.037969150769
0.0483544718046
0.0427133426968
6.82423463956
0.0802826115783
47.555242372
83.0051519221
84.0507105092
0.0610515902833
0.0909270062004
223.214547348
0.0630888482837
24.0402902948
12.737503839
38.4632534731
34.8998587454
55.4364631788
99.2759192773
91.7928881031
17.8899809809
72.3149429263
0.105972812498
75.0350323774
72.2569507345
61.2524452283
31.6252074374
90.2163875346
119.36443358
67.7823455487
114.562642173
0.230936824729
0.231052102565
0.22111629093
8.00315489477
87.8057293024
0.232733571944
110.747640516
0.157615635391
69.5013125105
60.9954186593
0.129062457521
24.2528411533
0.100510422741
19.779134121
35.9638056319
23.6846665802
11.9535359653
29.9362399524
6.39704543124
18.2772947184
50.8501690281
103.258332478
0.0466587112781
169.061882012
77.1707486221
69.4884819502
80.6578677797
55.1538282899
87.5591082323
10.6232260478
12.0897000619
10.1954817637
29.2202214522
27.8432233064
0.0558547965862
7.10820034495
6.49603966565
0.0438419251344
0.0381059795081
24.1473829572
7.89176867252
0.0250025380398
10.3666372896
20.8811992353
7.69963246362
7.44992010873
12.6672486183
0.0634707864775
20.8395521843
23.5166653839
0.0407093050594
0.0389390850715
6.71752731926
41.8191860579
0.0770721561706
0.0630164487701
25.1111636053
18.6959006609
0.0297022212255
7.87930472327
0.0668768683542
81.0256621233
107.198414883
87.6720930737
83.3427661998
68.8619331881
6.41907288693
0.0349734716584
32.3205940619
0.0347616788926
0.0826009895689
48.5027140242
0.0683524470304
0.0469360846589
6.86229974537
22.6327165691
14.2815350796
48.9021026993
38.9316343482
34.1397273892
0.0178949815688
25.4428285174
89.3921527512
75.5212087832
0.0
7.5673806558
6.78723277391
28.9640723753
11.5682235869
42.2130860839
51.0399444625
70.9456300483
8.55254839366
76.4508351801
180.869151517
101.973855019
123.340820035
161.438488045
145.819897599
194.243354157
144.342314119
187.554090211
182.947265972
150.075315637
167.0295492
105.601216303
0.0146895543555
0.0112707333695
186.0577884
210.654968651
6.7751145607
203.35946956
184.332778276
0.0252555702203
176.899295092
153.14340893
0.0270848045405
8.75786161067
0.0442854516452
0.0262081004514
9.90559760232
11.4306794526
8.56296400625
118.534153038
167.347520536
203.601231351
142.763600853
119.292810867
93.3526646223
92.2701893998
98.5648358089
105.489636603
99.1900522089
88.2434195706
55.8669620572
10.08385157
8.16520390813
13.6060328826
9.50707317922
9.94084617728
0.0762035806357
0.0687075173313
0.0940000311038
0.101303766869
0.102412564323
13.4019844358
74.3777778506
97.0682089671
128.456464158
43.9585532657
78.5535697245
57.1570528112
7.70203316629
6.63376651237
7.6993103505
6.45957807183
0.0718008331456
0.055070560453
0.0513636046196
0.0578005893526
0.0609555584913
0.0545753560128
0.0626060179049
0.0879914797011
0.116350406233
0.129703528776
0.10205686992
6.78189110733
7.38208578006
0.0727280705097
8.50181061924
7.00051699897
0.0507291436585
0.0727661466392
21.4293172306
11.3353925
13.7866697961
0.0840172773295
16.0323763554
21.1321933365
23.5792137159
24.511673111
22.2302526612
0.149842694031
24.1389559616
13.1502434124
14.5782970786
13.626770921
0.241731610341
24.1673696368
19.6393957171
7.07319568161
7.64479544855
6.57430798212
81.8057570275
69.1716586193
23.8611186628
20.5760078674
0.0701142093005
134.909171596
12.3908747656
67.2098625076
75.2611881484
0.0999529940018
6.72703352988
10.4145590633
0.0654082568697
11.3942697744
0.0727936362362
0.0693498969535
0.0674804467228
0.0671470534585
0.0874326128752
17.1060832665
0.0722941221053
18.4270690113
0.155217059848
13.1421986915
10.7512401531
10.2763923507
17.7144690974
0.0753400111536
0.0850573964745
14.5140208107
7.57996167314
61.3646056741
29.0833011753
0.112494226882
0.111771200798
0.0599617090032
0.0671369891862
0.0793920914336
45.9838486605
16.1125190674
35.1462879763
14.1515964294
21.7694458924
7.95351493567
0.0452265112965
0.0454552095342
0.033471825083
0.0365698589993
0.0524882348115
8.48346965206
0.0831851201115
0.096621451022
0.084348437497
0.0817627253683
0.111712936149
23.0656941084
11.9025390006
7.43585832631
68.7898255067
0.106190631591
8.28696451122
0.0779651592578
0.0827728016878
33.5612534493
8.57486927046
11.3023023241
0.135332649302
8.92585585375
8.8690698057
12.5248285757
0.0861723882298
35.5054017052
10.978944908
0.092214766191
32.6421210317
7.52719001017
14.0355085688
45.9990698916
32.0673420147
28.5412251195
48.2056635183
40.5680110887
13.7394546269
9.45475169834
52.1413931233
8.89635015162
0.0300057930374
0.0347981011074
0.0355910746165
8.48139587239
26.4345332222
76.5164319199
21.0973346392
26.2309468498
9.02079833366
0.100426034697
9.29830165815
0.0844686873487
7.1568346842
0.0602184509206
0.0672065994092
10.8744610708
0.0952551692588
0.0791273523783
0.0812892535867
0.0829960693759
7.19146020035
0.0983977982699
23.0182560056
0.093208101681
14.7744364287
45.2921938354
9.70581887199
0.0974512795259
0.0217071995874
52.7490990895
55.0007158895
82.3136150142
53.4308024842
47.6221307384
27.9361387311
0.0268455702953
31.3796008556
7.51645150564
0.0225869159742
0.0254454940176
11.6837372837
0.0384486213318
49.662823666
23.7538361368
25.4704143576
34.2604117131
47.8444612526
0.100187995882
12.3783478506
0.0950102213792
0.0801414810331
0.0910401017337
11.4543837259
12.1647970673
0.1123008242
0.102213701693
0.110311186901
10.8797216278
9.39215029623
27.0719195459
21.619842036
8.88590197793
34.5838814584
7.87992627853
7.63989226667
0.13750763127
50.2216174869
9.05238030999
23.5688829708
7.53002202451
7.85714296648
24.7624969563
0.101566436886
9.1860042318
27.6137088178
31.2730733834
24.2161982119
0.0889008438791
0.112199504387
27.0409655496
0.0269946122191
11.962797257
7.94888501279
10.6135498326
7.61966458099
11.6703952553
9.34465983128
0.163255488574
0.181440791763
11.1880071845
8.39442152311
0.180170213354
0.0433952520088
0.0437041174366
0.0336265289683
15.5726261015
8.35565943143
0.0401964096382
0.0407449343773
26.2698457848
8.31270783409
25.1297987329
24.8348874822
8.08926809227
0.0206396996776
11.1706173377
12.1085940765
25.276391374
53.6041020933
55.4935233346
0.0530464868882
0.0337361661995
31.0256577252
0.0359975978583
8.25215668138
0.0280349490234
83.5571787807
0.0249001638358
0.0386432198168
12.120515852
0.050004705932
0.0753778955793
0.123061958649
14.7465163423
8.80659700961
126.106074707
179.549005189
211.295128778
200.218840017
109.959115395
122.674720452
109.582258447
12.4955127974
21.366605007
8.06916478408
0.150215028196
11.4298446521
79.4576936414
65.1973550496
71.240775743
58.9350685416
75.5439270857
39.9020356915
0.10485570068
43.9161654937
186.73373089
0.0393280903811
107.060966097
34.925181938
28.2014922715
0.0217687691792
27.4395662276
13.615370029
24.8870406513
82.5904395446
144.915554641
7.73818315658
135.389809423
117.563445029
112.609820632
122.574829997
82.1651727153
95.8118897759
59.0831209894
89.3825676612
120.107499197
98.6957374838
106.071594599
115.956436626
41.3473139512
45.1492023741
12.2378513345
0.0283193679168
0.0615269284227
0.0666137172826
0.0413881889027
7.57512546764
7.55482290413
8.43952151104
13.618357037
8.06904195504
0.120237148724
20.5308614753
0.163886465053
11.1366831395
0.154700076334
16.7242826807
16.1217172104
10.7471930331
0.177015790428
0.166430374498
0.165649165954
13.0441256036
12.3551467141
7.67251508573
24.4899870121
25.3697394241
0.0914048746019
23.2245249528
0.0491900014319
31.8711326184
28.0166537145
0.0450149114418
7.930449909
9.39824213825
9.44502070109
9.68479490008
28.1437452646
16.4525030899
0.0794698124326
13.0820702512
20.2513674869
9.20891322938
0.140206444338
148.408032948
93.4062910053
52.3394989792
44.4789634812
0.128057512458
18.6596463856
0.0709924812617
0.114741761605
0.0994493424431
0.0469445851357
0.0361004673526
0.0425954543518
0.0503019830839
0.0425033975708
0.0553007538321
53.7750443607
0.0681400462152
0.0773351141952
0.0883095533881
0.099351476262
9.01008593745
18.2860466335
23.3133148752
0.131768203095
0.0479823826295
8.55163054274
12.3938406645
0.0507933397222
53.925348287
14.6708333181
31.5002475865
46.5205814907
0.098869136852
26.9157050118
38.8892174264
8.48581461164
17.868966354
30.8230330339
0.16096782012
0.150004662273
19.1036500573
0.140443116884
13.5364409876
0.125742084838
8.2654891055
0.0745135396389
0.0903017581258
26.3279597674
23.2260333406
0.132100328657
0.136949613
9.74966665626
37.9532743218
29.9564371546
8.42807279391
0.0439545476576
0.0376931696918
9.71462076111
8.91912285537
30.9157154242
0.0802487151289
11.0534969646
0.0531602050879
0.0637115169352
22.845325274
206.412528482
0.043128220327
14.0579900185
39.7818653052
44.7720977535
47.298025518
17.7105155334
20.6356269541
0.0582334841427
0.0562727079964
0.0668016131433
0.0661086959096
53.3124255582
32.1905603395
27.6218390178
0.0754636726377
13.1456428834
81.4521383845
0.0242846105942
71.0193864772
43.689907956
0.0390891416652
25.8966192535
20.7748416907
13.52598244
63.158279876
61.9441735849
109.464219519
0.0536719590789
12.6573166191
21.3854737842
11.5951588918
0.0282709127148
0.0414560076324
13.4508760873
11.1963523138
26.4914885642
122.519366937
11.9381077384
13.6203825062
154.759523473
9.74066164428
0.157833372776
11.3516833095
0.142858526486
29.5421596747
27.606910048
15.983906551
10.5291310335
0.100879413429
0.0679244757328
0.0709265482114
39.1041424451
0.0942421357703
0.0812122422043
50.8384215751
46.1575470346
0.079703395554
0.0647199866926
18.0094006492
0.062112759888
0.075631148388
0.0465721554098
0.0529317927629
0.0546069463552
0.066110851005
0.0922269276104
14.6455979217
0.0587917976836
41.0345711627
35.2151659925
35.2896219975
0.0380769936283
0.1070342052
0.140056669842
35.6074330422
0.109730187796
26.4847874877
8.93697836504
9.3182296278
9.0096012931
55.8513722332
26.3576648044
14.4316008821
15.4117201209
10.8076418642
0.0625736773552
25.3799611409
0.0527877048116
0.0493179959094
7.78351007919
0.0542294905843
0.0562925368223
69.4071621384
7.54219026735
0.0362567527018
29.2430261414
8.97015761908
0.0647844640179
0.0760589834841
9.2552376583
65.3059853667
57.535702544
90.4576998018
7.73989485482
23.9394893268
37.6459485802
50.1697196115
61.6378034812
52.3755313376
13.6668453519
13.5786186051
31.0659541432
32.0884487839
30.2737057293
15.7688043234
15.3091505877
34.3299965197
30.4542015292
19.0973814816
16.6385333974
19.3519881344
35.8159240661
31.8586207453
13.1058060861
10.4673444119
23.9658007924
0.0717720844538
0.0762614325013
14.7031402554
70.7506913754
0.0775834727693
0.0948020240435
53.4332522631
0.118511225175
32.6367215434
10.7027331265
13.9423021254
25.2377954101
27.3672621763
30.6252576184
33.0117108447
39.2324140429
30.1240987176
14.817208143
0.163525499775
0.198406368075
22.014829575
0.0966147074508
0.0355492420421
0.0301588348535
12.7240608376
52.5695001734
0.0449967091457
27.2844432925
41.0069766006
26.9712249871
20.4702084931
0.0610781354593
0.0753676755564
12.7668925356
42.6266722736
0.113657985856
0.0588474918584
0.115701439507
0.118114553818
0.102127219715
7.74535371059
8.93232245546
80.8639402305
20.7944969145
22.1435685333
11.6094562101
0.149461614867
0.152227848024
9.00197670337
9.88579771445
0.101005876316
11.0401363461
10.0192227818
24.8450048657
38.9382330024
23.2656802436
30.7564478221
37.1730991881
39.2092731307
42.0634212787
39.8890185696
29.5194849783
37.5259010242
36.6487770344
0.0708404610728
47.1962908425
0.0794548932542
45.1492479502
45.3630904917
91.5166247197
141.632301646
109.729595161
136.033017348
135.474483517
178.332133275
113.162689288
169.826924894
117.180892393
151.454688598
107.781499376
85.4888393554
112.069917141
77.3790611003
105.035474177
72.6631190576
67.4214318132
53.3230266123
54.6093714309
92.5284229487
73.6663987476
62.1610524989
79.8929757166
71.5169151294
23.5585625937
0.0384422831218
0.0484647914236
0.0191013288007
0.018735709026
0.0239594417307
0.028941725802
10.3470341365
37.7354161894
0.0634354716695
11.2405008981
7.84573061575
86.0236577021
107.725139709
109.894592566
60.3857365002
53.890381598
84.4593864389
37.3516596331
24.5999900061
0.180746059925
0.177479198719
0.175688208587
0.17528898534
8.59490157285
0.184963346892
92.4624192459
59.1295578571
7.78104527282
9.3754750207
23.9288002138
0.088429969109
9.8944384253
83.1754799427
0.0941206255458
0.109397305121
11.1044494082
92.0187177951
89.757818275
56.677759966
94.4826043485
8.85336051004
7.54676933207
9.27449522983
0.04139714918
7.7597029305
24.6004259627
7.69088829073
8.58454514309
0.0258849865451
7.88626417208
11.5750379775
41.6908319045
30.451503815
20.1138249362
30.2771272949
21.1540640776
21.0627432415
24.106980606
0.0414722491944
8.79165764059
0.0436240574849
0.044452515211
22.0015227841
10.3817946044
10.0497506119
7.89091785105
45.5195065303
18.2380067139
0.0693263569687
73.3772827774
0.0469180051194
74.5539268238
111.040937547
68.1121645947
129.947449568
80.2460544277
0.0490448570968
128.437871797
102.379281292
8.03342819149
0.036143037741
0.0564753081972
0.0812215973779
0.0488445634005
11.2545305443
0.00758168597146
33.2949751113
21.9815486827
16.0344599165
12.6268236858
13.205909607
10.7803585527
0.058355049369
7.70883380021
0.0968909238131
10.3250482034
11.265487982
9.12613838802
41.8212991295
49.6395100106
55.3920350123
7.85672698933
0.1330167904
54.2150225805
31.2325543004
42.9142101619
57.0009805767
48.5335236806
59.1112983849
42.3807244949
97.0885745517
36.9990907761
0.0708825135724
11.1968677878
8.18529481842
0.0950110102768
0.100157701653
9.37033445934
8.20457027102
0.0638273328017
0.0505375456964
32.2581456482
0.0525204929215
17.9258471276
8.56073531223
8.93074656543
0.0921115088478
0.10838907548
8.98017929126
0.142999074463
0.153556331553
0.114583190261
0.09486899036
0.0449113491429
8.73062264189
29.1024509779
12.899423777
0.0821572508991
0.0719551352829
9.67018078335
0.110743440798
9.92502450566
0.111718448766
81.956055188
82.7846697112
8.63120053439
0.107574048835
0.0877820647175
0.105057159952
0.113811411476
34.9191537597
29.2582937267
0.133151761519
11.5019307195
8.45250321248
84.2238347216
27.1572404922
24.7064139416
0.066886456272
0.0955745762316
8.15982635292
0.0650372505385
8.64654541379
10.3118994945
0.0552535354072
36.7918093747
0.0517147905107
198.022170455
99.3944227944
80.4107117158
64.7908772963
63.6132202981
70.6820588063
58.6890065261
93.2974454763
66.2681739918
45.6647119363
35.4745666347
47.3737517229
44.2938980473
0.0761789172082
198.727387358
191.443060733
10.5958384144
60.269809957
72.2761733113
69.0809218764
0.0438855833161
133.008062379
0.0497570244129
114.521331475
46.8624593168
14.1150955049
27.6679807401
0.0969779904994
0.0878005197497
0.101696568003
7.57569560674
0.0836630617338
0.0554433277391
10.5799807906
0.0751135000511
11.6453591919
8.4122104467
0.103831607484
9.46865193162
11.9193283148
9.241400823
14.4271927356
8.65244581279
0.0885067906896
0.0890143762042
0.0298097226688
47.0164348736
43.3360688098
0.0272651098602
8.01161556872
17.4552567907
138.383516632
191.752750983
0.0442460032328
0.0544688284248
0.0544329546136
14.951017101
11.3885017274
0.0563799920414
27.2099653818
26.5978821783
166.889533914
14.3602005427
26.7412806403
0.0620389505024
8.65048648198
8.89518501151
18.3342492824
10.159630327
0.0149418436367
0.0376610774825
0.0377927972751
0.0465850494677
0.0551527133522
11.6981732144
22.5911029131
12.6892443443
7.79340113419
7.79192244839
8.99253277151
8.06383674043
0.055746448859
0.0920048437434
0.0943958101492
9.47431802719
0.110355994497
149.687329508
125.763044773
0.101728380682
26.3963973582
25.0065268678
15.9781042313
9.77293518304
0.0365528620928
0.079608034958
11.9312978188
14.0236663977
0.0509764103601
0.0695791506728
9.17298524658
0.0217814309262
0.0238852712382
0.0482828347666
0.0412209543666
90.5959162748
0.0665146049447
196.457143644
136.116112394
100.462519367
73.6941872621
73.342581939
129.26916759
89.7169851774
70.6110635353
119.47077406
88.7849309095
81.5870439541
93.857164655
0.0764726910225
79.4954953399
83.7388885917
99.4233200842
112.869669105
114.396079219
0.0967469064481
108.474490038
109.512949259
0.126997054088
113.476679301
117.481508072
119.412574979
130.708692989
0.149970525832
121.074243004
123.185046535
121.078106818
117.256585357
115.556668732
111.235109295
136.452223962
123.344875808
105.642508301
162.629411346
128.215288224
180.460857779
152.728013252
166.752801085
120.451164714
176.610265911
197.971694218
136.725086693
9.15684657644
145.437944579
144.226181227
9.11472171356
12.9223997239
10.7866533338
28.2768503885
10.8324283802
165.474772074
143.391095254
0.0212958418081
139.111323662
155.351336957
11.0166205854
164.455405473
154.23499642
12.8945849539
140.55373307
0.0255230809278
0.0219647384992
0.0214980807158
223.302517018
198.652820417
180.682170034
0.0241701107743
162.881811179
200.85236212
138.833857598
8.69449254324
155.408480743
189.555017165
164.162915286
0.0356464559224
0.0374306947519
0.038250250941
0.0369888838637
61.1579259674
11.6037143864
0.0441467638786
0.0437698586409
0.0427063735233
0.0405601239018
0.0395563416195
0.0387034429198
0.0371049102245
0.0370274836847
0.0361533864177
0.0345665082821
0.0347149043918
0.0338954347933
0.0329555164127
0.0319248234251
0.0308383810972
0.0287914809163
0.0277734087789
0.0267649812607
0.0257778385858
0.0242727688715
0.0234504940716
0.0226838586984
0.0219616729727
0.0212476187152
0.0205321592469
0.0197661779629
0.0188491026757
0.0176969346739
0.0161974127152
0.0141482009977
66.6329488328
80.0348468374
0.00901582122779
55.9038124924
7.56561534977
9.68704025795
8.77693052051
0.0
0.0
30.6286339041
35.6782102182
33.2723402926
20.0424402931
14.0872877599
11.8370703458
7.78269331467
0.00144067490611
24.3006956153
34.2619462774
33.4605201214
97.0540496151
10.5014913154
10.9290614869
7.49846569019
22.5656044938
44.6026858141
59.4224046871
42.8427942174
107.352635395
0.00354168568862
29.7588253098
14.3107879197
25.3468039629
13.8611892621
57.8982123263
7.88208501295
0.0
0.0
0.00172870829328
0.00232213037929
9.70924747949
14.8379655912
8.13429933576
8.7671394301
13.2994935241
10.7032416129
0.0
9.31534538544
24.214693711
26.2472581029
15.0032389091
0.00205432912176
0.0
0.0
0.0
0.0
0.0
0.0
0.0
0.0
0.0
0.0
0.0
41.0007504086
0.0
0.0
0.0
8.02466928271
0.0
28.0293131495
29.0575828933
0.0
0.0
10.7554484779
0.0
0.0
0.0
0.0
0.0
0.0
0.0
0.0
0.0
0.0
0.0
0.0
7.60219101742
0.0
0.0
0.0
23.2450076008
22.8587408519
0.0
0.0
0.0
0.0
26.6270817561
72.525361804
42.4285808881
38.57533042
0.00100713635239
74.7602898617
40.1904706822
19.0932982513
14.5026410606
0.0
58.9311990051
23.3900774364
9.74978024662
9.41773475885
11.4473406189
19.8356684816
8.42376803784
0.0
0.0
0.0
27.0216976755
34.6284813991
36.3670397451
10.6476459426
13.7773737024
0.0
0.0
0.0
0.0
20.0278192681
22.6328653792
12.4427122798
0.0
0.0
0.0
0.0
0.0
0.0
0.0
0.0
0.0
0.0
0.0
36.4662995646
46.265514369
39.919732591
32.1880651598
25.5360226676
13.6029370842
0.00184874112054
47.7784719648
127.004756652
0.00125889850092
17.1447118413
0.00718705043513
40.4310294965
39.9540182649
41.4065300298
38.1121048914
35.1382342476
33.1183503359
29.1421840087
23.3090296041
9.51581391384
20.7149541768
51.9389025671
41.172896915
0.0366150097475
18.5727995652
13.8229947983
0.0746008948151
26.9229996393
42.6230446545
71.6179817534
49.2612030267
31.509643113
29.1042583164
0.0419251344764
11.4761799273
27.3866099574
27.6316266695
8.09890234593
25.6912050818
66.9426993419
0.0509067039167
61.9419628741
0.0442621164364
0.047236398467
13.7002529094
0.0487699522677
0.0387265852373
8.337690823
0.0398025839038
0.0464921217504
0.0436013094576
60.1565456131
0.0121860178493
0.0109705566932
0.0172054112779
22.0131309824
0.0191299692529
23.0397052937
29.6272085316
15.6193503846
0.0219910771523
17.9312250672
20.4233008733
0.0181364289365
9.46063635625
13.2208843744
0.0193119878524
15.895234745
8.47857744372
26.8594815528
16.9353708709
31.1735968957
43.5881321072
48.8215725726
75.437110308
64.1186932489
49.9565711348
30.075437339
50.5757512852
67.6899612472
14.0338519803
20.2142374933
12.6168265317
0.0491414251512
0.0662390711757
0.0716659695146
0.0770183364145
0.0780103835937
0.0714340273144
9.08476814959
0.0690031529572
17.5578808734
94.4301667766
56.1057798008
8.36720561852
11.035301194
148.390198384
174.693654523
0.0149300434762
0.0205468865378
0.0229644717241
0.0244998049992
93.6512622629
0.058718496545
167.038620892
117.737467448
35.3914151676
64.3588312751
51.0481912507
8.14534612755
48.3844245143
40.8059679024
42.9740947988
103.173740574
107.514018851
84.3108032266
103.076895066
83.7274564401
56.300637625
10.4518161592
31.8658965137
73.0900652255
77.0246102221
69.8549474445
94.3116182467
91.8721887093
42.8358808688
54.1380327382
0.0540764857263
0.0581073051422
29.3987818375
53.5830062266
18.4485335502
7.6652704111
12.1588332687
15.7510070886
12.7157753942
9.85574716446
9.95718537393
11.1525438269
9.03154237862
86.4996919164
0.120390093149
27.0940150762
7.99674367736
114.166609069
0.147847380586
101.634003777
121.744160586
0.0847241200624
8.49100114815
0.0597878229908
0.0965221096138
67.5291796417
7.75078538548
58.0635845348
0.140373227521
8.6883116694
8.00795805023
0.0831350910022
79.9648911531
61.4005265198
157.215003237
0.0905165855591
0.0838814526415
14.6915453058
0.0701924916074
34.7651376496
0.0553544823191
15.4395109933
12.4428906597
33.1046893261
33.571847743
24.2898462662
19.6647193815
0.0653160187501
8.62112304989
81.0806756136
0.0860793683323
0.108282207515
8.61339319093
0.100670941579
7.58242129069
0.127990354466
31.9052463666
0.120504874616
0.106941924787
0.0896824787182
0.159288195018
7.94727452315
0.177893415769
175.384803669
0.17368223768
0.157793158784
40.6302705989
0.0428101720111
0.112208266414
0.0711800395036
32.3715194477
0.0771101874095
0.0946599784202
0.079326700878
0.106481034019
94.0774517866
55.3660790093
0.0740205856107
13.6653638959
0.0761762054306
9.77146548131
0.0610552588342
0.0551357602081
0.0655464988181
16.3785065561
0.112386477963
0.099912117188
7.95103150399
0.0649072420141
0.0806394831117
35.3884097421
0.117360608546
34.338557428
29.9644555446
45.1565946238
9.48097262117
16.218506471
45.6550836739
14.5496366335
15.2823409642
42.6209543408
0.0728314305973
0.0592510928151
24.7194763514
0.0593525277106
15.4041498688
85.1080236363
10.1771627312
0.0647970059418
87.1577432721
42.1991216012
43.5450709123
130.339131957
8.8754366014
9.9782661037
65.4555661306
7.54942458407
10.5348067167
0.05114793666
0.0434441996769
0.0402861364737
0.0309102924011
103.055876902
181.896109781
103.432838365
85.0574349109
0.0128113318099
26.6647421415
0.0289668286946
10.0889106165
23.634231693
48.9701885947
43.075870299
36.7305354931
12.5357945103
8.17161681233
0.0452996946272
89.3156377354
47.9988495185
0.0528274120686
11.8615790643
14.0262016778
10.1178118948
144.257444801
0.0485192414742
94.5091761182
0.0849147895468
49.3658869341
30.0868249385
11.3025432067
0.129929928759
0.0772707346996
9.49526043896
8.94248080331
0.0831089494159
103.990177988
131.6823707
8.95021571763
8.67980559738
0.0896699966423
42.2816130825
0.196415752834
23.2243209467
0.0837676707014
8.17196451246
10.2865272895
10.4879780853
0.016258050742
19.9449368184
0.0230477714258
0.0348634102937
7.43204394675
3.55246820917
4.85068537762
0.0305092803147
29.6100956033
0.0257159703094
4.94885525694
4.05236949792
3.4301637887
1.99036902078
0.030347536334
1.9050883039
0.0380390484429
2.26579721286
20.9990870483
5.48913412687
4.89212422618
1.46916047584
0.0214314748062
54.9719526628
0.0177632651059
4.34165983519
8.43744794174
6.1977607023
2.61802537298
5.2849324134
0.0378018938842
4.00451107533
3.77617793352
4.84047480226
6.3305938836
1.62827601948
3.34248743203
5.54349599229
6.08634480347
8.07154515403
14.1086048872
0.0440201800786
1.3391811849
1.7079122323
0.0714578439161
0.0667123696104
0.0471457004414
0.0659667308082
5.08615013502
5.58065094924
0.0262188643219
0.0368725085273
5.39152064137
5.06275354691
1.63126387347
11.8401012524
1.87954904067
10.5328264922
6.3664046295
0.0578547424822
0.0524660122352
0.0621723200625
0.08859683015
0.0966724431466
1.50976784804
3.47388993195
0.0563803313527
0.0852219334899
0.0667678171782
5.0067003302
3.93181817353
2.69417309241
1.36148022909
2.44262059695
1.29194512834
0.0406498612855
4.40353388704
0.0544381339744
4.85609268327
9.8519703343
1.4271221177
4.80102327023
1.35637705786
0.0845270255721
3.90053513705
1.29720484642
1.28505820235
0.0474594485013
0.0787761043099
4.81754178846
5.83631474077
2.7714564823
6.53351252106
5.90977693237
2.37766914787
3.21248196344
2.32608556689
0.0764767582236
1.94915101694
0.0812805088362
64.3626347807
24.7441123827
40.9324762013
9.79235425527
20.5309480349
27.8605686737
24.2653993864
31.60782468
15.1958725657
15.1535922692
9.48219186746
11.7001590886
11.6511385853
8.7479294209
11.2218582596
12.1097064724
10.1833477393
5.10516680408
9.3482576915
11.4105992797
12.8233769861
9.9295366787
6.49661610462
7.22999754213
6.44038672962
6.29580383136
4.77140543695
4.89368819749
3.25356860671
0.055526921945
24.228089541
5.28300783653
11.8859879576
1.32363250515
8.91065903053
1.67291546568
4.26120247679
1.41620548752
8.31440759535
8.8504481375
0.0480100656563
1.4812771938
1.26982883569
0.067394870763
1.46413733592
0.051630725982
5.21362200367
0.0425789652323
1.45100345858
4.71578151753
3.80944279326
0.0468527900628
0.05251173837
1.3190959145
1.31035696611
1.7043823025
1.83691125521
1.84967879686
0.120544171037
4.19066805135
0.140931342707
3.21637294351
1.70553341883
2.53295567761
1.5243806766
3.08589473903
3.43939774871
1.58030487989
11.0815975798
2.72727937682
0.11622312618
0.0942683079553
2.08539254726
19.5530844246
8.65208121275
6.81581649933
0.197727940581
5.32541035826
0.0371155944645
9.40979453129
24.0121154719
8.85064024737
15.5945631958
9.99947256324
13.0063005672
1.37177486859
4.54813543418
2.66064107951
0.0287703628219
2.86604161017
0.0304697447232
1.61819969782
0.0416198602657
0.0537651484702
2.09730879962
0.0698883218687
0.160299285239
33.6128617358
6.16049348689
0.0432947962743
27.9820861368
24.4384901939
19.7407054928
1.5084224391
15.9634066299
1.29384503665
5.69003496875
7.98517297838
1.83017810666
5.93434492295
1.44290266163
2.36550547216
3.74244340097
2.16830221717
0.143293880909
0.115233121438
0.0991920018591
0.098212906005
0.0924852817607
0.0697523407255
1.86170686581
0.0475998281407
1.9552796315
1.60764149967
2.02452212031
4.4913354976
5.85688757699
1.35760647568
0.015209719637
0.0161328763684
0.010228933172
4.9676746231
1.51800670821
4.10597686164
2.6910557735
5.51790316879
9.27610222588
8.52707935323
10.7505776056
12.4765958774
5.08382157122
9.96165059468
1.45089393807
9.94088215703
0.0018804398384
1.2736582497
6.68690667913
1.63639771843
3.10621161044
1.77815324803
0.00391205939319
11.1945573314
4.42096984117
0.00113903405216
4.81422841734
5.27963594202
5.64926888211
5.31445383412
6.35098792759
8.576979828
7.68763725306
6.23290923288
4.92404692668
7.60433742498
5.48776746973
4.71240296069
4.16031903917
2.4667634389
2.27770373359
0.000796724137228
0.00108569111103
0.0
0.0
0.0
0.0
0.0
0.0
0.0
0.000366508513389
2.02434994679
2.29415429267
2.42860950896
0.000630906625982
0.000673528564091
0.000879503211055
0.000934548274646
6.47568838996
26.6959104725
13.4145019813
11.0516507357
9.56389059394
8.60591550974
26.2824600358
6.66893779731
5.47767026643
3.01038915561
2.71426955048
2.35048518619
0.000318198953845
2.3315362162
0.0
0.0
0.000805341134832
6.52221199194
6.9871111357
7.26250981118
6.33658208269
5.30011390637
43.7403587895
40.6880945568
35.5263713464
16.4638199746
13.4750916165
10.7380534271
9.73179945632
8.1830152775
6.4058462768
5.57751318504
5.39540807758
5.23346840093
3.10119350684
2.40924915768
0.000483076083843
0.000529048242253
2.25380658311
2.0588279991
4.42577248855
4.05959561417
0.000768803972111
0.000543569318411
0.0
3.64947422711
4.95476710017
3.13202698756
2.64390631426
2.02510044785
0.0
0.000600209712099
0.000977409056832
5.03841588325
4.8701521398
4.42181836507
4.07326550849
2.45827021732
3.53912231838
2.75076692291
4.13676766675
2.57204870451
2.24538408385
1.86960512954
0.0
0.0
0.0
0.0
0.0
3.75180705316
1.26800031383
0.0
0.0
0.0
1.88774493018
0.000349662944716
0.000312201470109
0.0
0.0
0.0
0.0
0.0
0.0
0.0
0.0
0.0
0.0
0.0
0.0
1.86660688802
2.34206223048
2.3012510646
0.0
0.0
0.0
0.0
0.0
0.0
0.0
0.0
0.0
0.0
0.0
10.0489081342
10.0310676711
8.57749742622
7.6969031519
6.25885855694
5.27539895481
2.96918577502
2.3307764084
0.0
7.90180966776
7.03432517822
6.0830668382
5.40847389135
4.89903391397
4.36060127189
3.11768606347
0.0
0.0
0.0
0.0
0.0
0.0
0.0
0.0
0.0
2.42865746954
2.25269091113
0.0
0.0
2.27668199432
0.0
0.0
0.0
0.0
0.0
0.0
4.76977172111
4.79126017356
4.81242618986
4.71691197942
4.5190698922
4.34290918031
4.16431455516
2.6778216388
2.60262603324
2.65404102318
2.75865620395
2.71502369502
2.35950889329
1.67013976099
5.91425211995
0.00108496794065
0.00125967216287
0.00136854408624
0.00141373524039
0.0014141112529
0.00139151095951
0.00167131115141
0.00131438886614
1.77635304574
0.00264658915559
0.00278594637877
0.00342674221468
7.03385885683
6.19444009722
5.5093614554
0.00408093445384
0.00449260493913
5.1798396035
4.9020404308
4.33590922842
2.56915698295
2.38053932908
2.26512261874
2.24284306881
0.00212778333397
2.14787534488
0.00213802032663
0.00169297327568
2.12830174057
0.0
1.58095035918
1.42877475866
1.41625610209
0.0
0.0
