0.0
0.0
0.0
0.0
69.4537850538
359.144276154
512.298601482
0.0
1206.47853446
1550.09069913
1658.279451
9.50771121207
13.073993282
23.2767536758
0.00846269479507
7.85806601709
0.0
0.00931132001363
0.00857932616129
0.00572096161097
0.00945288670923
32.4060484922
0.177857183054
108.332855678
103.406231099
72.6373460568
1712.27457082
54.8817411458
52.6091320063
8.09353317837
9.7761518521
0.0119509067283
0.023610952312
32.8408828347
16.1825366016
0.0334720913263
1623.08283126
1717.60023776
0.0
0.0058424064394
0.0222363155046
0.0272806611724
8.01367184532
0.082514262817
0.0787396794207
9.9945221517
114.430077772
9.59435377486
0.0731241761362
0.078193349045
309.159242099
1467.56308081
1671.91933917
0.0
21.7583222001
37.2331733996
30.4314477774
9.90883824197
19.3609186193
0.00719513942924
10.7076844707
0.00650077853795
0.00292893715076
8.7293323166
65.9258672872
7.98788534764
19.9222854598
19.6400711005
0.0
0.0
0.0
0.0
0.0
0.0
0.0
0.0
0.0
0.0
0.0
0.0
39.8152558733
0.0
0.0
0.0
0.0
22.7134595812
37.2867159241
0.0
13.5866726448
112.680829672
42.1002987905
52.8157438945
7.90262021764
22.411886838
0.00922454489264
8.94844252904
44.0140395593
33.2896286483
59.1283937349
0.0216858098454
12.9478342728
32.9741486597
81.5039837465
24.7823071256
30.4366852871
59.2476884871
70.0238654975
24.4821738588
0.0351620671974
0.0326242254066
10.0345459509
0.0346806966953
0.0355393690475
77.1028798139
199.110225613
103.198586841
8.68452501032
18.6184032364
9.3874598397
10.8461325038
93.3998496525
0.0235357747708
19.6553022514
0.0133951030471
26.875820035
0.0263862460692
0.038340505316
0.0517516676368
8.65094850876
27.2429386672
0.0541976880313
0.0870163675805
53.7545228822
53.8448035577
0.0965040623848
11.4172962276
0.0545215011615
130.420920838
31.9052606489
13.1088791756
10.706789546
30.1190568837
39.4935614612
40.6186380081
29.0452772307
37.5384310365
142.984316027
14.5630747236
44.0742509432
0.0286030042212
38.6877545851
11.4006409591
0.0355397326068
81.7743076307
25.2808333422
32.8314617825
23.9613575182
83.7656399645
168.139369422
0.0596694313591
0.0561693296602
11.6391074833
0.0510849846369
0.0643178487035
37.2599511598
10.7612664194
15.3873802129
0.0338803167276
20.4443312987
8.53089019215
15.374369116
34.0146587292
40.5685094313
31.0667960515
24.887204862
0.123118575787
28.4549509168
28.9599790439
0.153132453161
0.138702119028
95.7308396148
26.3837125708
14.6988257776
20.952125639
8.35887291169
11.6889013484
0.0230322981819
0.043875509088
0.0531104638737
109.851261682
46.7663712339
36.1659800628
9.05045369874
0.0334631141817
0.0286705745113
29.5621272477
137.023248207
54.4311466193
77.0093557399
20.4957276133
64.2214621168
48.1798512356
0.0221373002665
759.94069684
0.0265937666065
7.87560774094
24.0156632716
64.0228871184
37.2222065242
0.0271946318194
84.3989476711
10.8428980238
39.1941663224
19.4813088674
10.0849465765
23.7853478073
10.0155517014
53.4253720675
36.4795773443
9.36665903793
0.0790908683927
0.0737218592292
81.0825329418
50.7985984805
28.4079218792
52.7956267009
8.11539854072
143.179401974
0.0935425235468
78.4401227943
54.8015300585
79.0250230345
24.3249752186
0.025341221374
42.2645793128
84.8099691782
68.1132829259
69.3743431926
0.0424197574684
9.71748493948
7.86901540832
8.90954765624
22.3097448266
158.141860521
20.9875339989
8.92931527713
0.0121421358688
0.0361084016558
83.2179797994
25.9198081381
64.5889157946
35.7283297708
64.1738206457
32.4292016081
0.0346954731076
20.3093788697
13.2107390812
10.3143556616
0.0365263519764
115.890273087
0.0691597291204
80.9410303996
71.8991424021
103.466797426
0.129085411867
12.0029805961
16.8934361898
40.4309977017
70.6440409588
0.0275810432991
61.3568470518
55.0114190399
25.1155795858
88.2053689676
32.7852590772
9.32644532806
0.0222184785092
50.0192468808
152.541355332
37.2649469878
0.0332300668973
116.483888936
16.6287838745
14.5689086186
17.1337877272
33.5880048147
8.33984859282
68.9619353472
45.4699035987
37.0729807303
18.9552863056
130.254104276
94.1178230455
0.0157431922353
80.9574575761
9.9139037497
0.0386450952252
0.0438433184643
14.467980219
11.4430067632
0.0356218672148
8.60496416511
25.4386334932
0.0517165290049
0.0646290493362
0.0459966535734
22.3990567357
63.148856827
56.8210533456
66.9626650207
117.494989935
0.0694127481927
0.0822651247868
55.1226876515
58.5046233173
8.48901716753
23.7780790047
7.84192806633
0.0302216226152
43.9012900274
0.0212068689344
92.0373541464
61.6913963296
0.0393370893426
13.5724096403
23.9287672417
19.0580893614
143.912797624
9.7646162921
70.7874713799
0.0243934029788
9.35753588181
0.0252014810099
48.0660409998
108.16052488
62.6998302933
0.0443085916223
0.0589110663368
28.2983071407
0.0429171124059
29.0179819897
12.3619959885
10.1267214501
8.19643197328
7.9044729613
0.114005250084
0.0881253191057
0.121692733992
8.44538033462
10.5009285264
0.125645602943
0.0323100166408
15.9363279399
19.5184008412
25.1593079193
22.4172657606
134.770642092
143.545913329
32.8650126817
29.7612377081
65.812066293
67.85977466
30.5794870869
8.70174088155
0.00976871380699
19.6960085069
0.0108937736616
0.0040956688089
26.3826113698
35.6109898814
49.0705456543
23.3053519397
17.2683383564
8.54452707694
0.0353876018831
25.3157418808
0.0
0.0
94.3734546871
0.00312557764931
12.5338382364
15.9307420321
0.00561547157769
30.4789791872
0.00636451050623
0.00844024698903
0.00871724802236
19.3211061754
0.0
1094.55549903
0.0
9.24921543876
20.0481736667
25.6744466297
37.8397291296
10.3280947436
24.5852057998
0.0172723787926
0.0260171723106
182.160546567
11.1286654436
9.21917352754
10.62762477
0.040084194274
9.73712858459
68.2995325531
11.5548762398
8.12191184331
22.087416636
0.0173755624716
46.7447543298
57.146430088
7.94999046313
28.1737422099
30.2553690063
48.3596413704
10.0932874316
0.22761391112
10.8062041431
0.222453580914
18.3912379828
0.175340976576
0.154753809212
0.147190600791
0.118432810058
8.44665015776
0.0851554637193
0.0707054365716
60.2359704668
228.70855704
0.00961324387536
55.1837851405
27.7852166716
18.4386606603
0.00742787628811
0.00586463889469
0.050318055539
14.9149986833
8.166432387
0.0586947687804
54.8967732831
59.7335217434
65.0708710731
60.1268913214
11.6030427343
41.4293758099
22.1557906509
0.049850212518
0.0570994714715
27.8487385237
18.4508779777
8.98488120224
0.136983977492
0.146539909163
10.1871476744
71.7983486737
0.0617183878413
8.28664025222
0.0217544549288
52.119025641
11.7588053177
25.8765889836
13.3175332394
26.5665165832
31.885931584
10.074737276
9.53495647921
0.0271177253229
9.46229506818
68.4631700606
0.0300067954482
33.456638545
0.04505347509
55.9650026789
33.1302510656
0.0284953680214
0.02933167339
12.0379607236
0.0376381594929
0.040613337107
0.0359849806314
27.2094303009
9.95418978119
0.0409128867152
0.0223626392506
25.5736717477
17.6131277147
8.30890322534
0.0204778107768
11.7557954872
0.0228039465721
0.0284610673496
46.2258887208
0.0346998791693
0.0605033831233
0.0707015821966
8.72127399227
31.5905761144
16.7204872759
237.571950663
144.523549518
0.0158693713542
9.59455189289
49.691979017
34.9009436111
27.114071938
0.0720223959805
10.2643082625
28.307600763
11.0035235268
36.9378812498
15.896577762
0.043916596467
163.285423832
0.0657913478186
29.5502639554
25.2845630635
19.6297064031
0.0486523844359
13.3647385539
25.6925173014
33.2872061187
0.0508790549244
12.5426327847
69.461785917
0.072326569804
0.0626116806164
11.746433266
0.0849733943747
0.0498539193186
12.3387894538
0.0437228912657
0.0542607332563
0.0423902966446
19.1722931911
14.1208089448
8.59710896824
8.86558414848
22.1904970373
8.65374641749
33.2300134235
17.0090849592
0.018749473034
0.0166832726262
62.3399268776
0.0130360651293
11.6656409249
12.084565886
8.99628409683
8.92397867087
0.0276023658035
0.0274746917906
31.074449922
38.6292277947
0.00988889491128
29.5113959886
66.4166480007
0.0245368927414
9.0845496388
8.41165591179
69.2217535725
30.4739694688
30.1157776068
0.0216801368896
0.0321204053509
8.94681282983
87.3355462514
71.8734508434
0.0404637006835
55.9886042769
27.0416775056
8.80558207907
0.0270858562982
35.8546778433
10.143459138
0.0144511181837
8.01307026834
0.0389372719542
0.0500136811995
12.5814745872
10.1107367297
8.09846300386
140.803309421
17.2870050125
0.00774456310666
0.0210007067928
9.03734585667
65.5010476413
0.0264902255008
0.0300961323931
72.8987489524
53.4074525947
24.5104326824
10.6628018869
8.81322482874
0.0544417370872
0.0471580769611
91.7960034001
22.7344337394
23.468511512
86.2793271513
92.3692068808
8.29033006288
0.0218825386395
15.3416505297
9.10911331376
20.3088077801
7.88397499971
0.0478989497716
0.0401761189669
0.0497677687882
26.1421485648
27.7709067682
13.3336082241
10.9105191005
9.07338137192
59.8672261278
66.818857963
122.562718746
0.0737195343222
79.8908503042
51.0972464375
43.2148385787
79.71471515
53.5609983479
0.034238413176
0.0322061419416
0.0189842507645
0.0257497422382
34.6673576172
9.86496397422
31.231069772
24.8466051511
15.45365877
9.67049063159
21.968041219
8.82187580203
31.7763997651
0.0214958244238
97.3601741753
70.9207439395
87.2895950926
75.6613463886
77.0984970888
154.651309981
60.129688222
23.4638078724
9.43993332637
50.3444838118
95.0279022153
68.3134102672
95.0488047528
25.6937076955
36.8332146444
0.057189777995
0.052580486201
8.11700523743
0.0464388777579
12.2400472982
12.7598072435
8.63191864054
0.0479636733884
0.0413516742823
0.0807068799256
0.0677418307907
17.7112218221
38.5175239546
27.5985467285
257.479432078
187.54485139
10.140311849
0.0324323419941
0.0533060758698
0.0680124052616
0.0568613917307
0.0496802254874
0.0677649510284
18.0174721905
21.4310513185
8.90948832488
31.9882839535
9.81881622883
28.419917516
8.15682442538
0.0926198260358
59.2191294523
22.2771964729
10.0921459445
0.0110172788388
30.7601799109
106.275093429
79.3555363548
8.89507232489
0.0075470694638
0.00592605990315
0.00735329380785
13.1936092755
9.14531834275
19.0420229851
0.0165868058418
0.0247011131603
0.0167488363325
0.0
9.23398761625
8.63852083221
0.00271092706159
240.808048369
0.00351028367645
0.0
0.0
18.834421765
21.8012985579
28.0179690897
0.00542407478963
1592.00346949
8.29213748474
43.7550762959
103.178738831
0.0275852713278
48.3335204505
20.7030113355
0.0207776133248
8.33799826283
11.2754769136
9.92800894077
90.9685803688
0.0132554797218
0.0110428624012
75.8497224575
30.9025222205
108.873758569
173.452842832
177.798457747
236.460830952
0.171603567201
0.151544049891
8.23831957083
9.03112899773
54.3832394553
0.132707575805
8.68728259845
64.8833614088
109.715265439
8.34188706793
8.38152173529
0.13614840909
8.52664475656
0.188137288687
12.6375985789
46.5232949262
10.2774684395
78.1101891306
67.2826508865
0.200261334147
27.2753738387
34.9892567203
0.155747533301
12.9523981687
34.7084698855
15.6683377394
0.174842425202
84.2143999341
10.7843218271
0.130890094373
28.0651128232
28.5630405558
0.0463842981301
13.8494077098
28.6225961046
22.354548997
0.0142143697733
0.0
30.0853695727
41.6626789849
10.0216934174
16.5274922738
0.0
95.3037873596
217.516539667
91.7800184736
70.7321880417
8.69019412776
0.0
40.7326346426
8.93412983571
23.8348420514
0.0
0.0
89.2326147045
66.6990493041
59.2704234858
37.7116409861
0.0
0.0
111.31147386
114.403250089
20.0721766773
108.161818168
126.983349857
36.5773924245
14.6046435368
39.1386428175
35.7936275932
0.0
0.0
66.8553986058
56.9572691635
0.0
39.4866323115
0.00398805485866
0.00132648532655
0.0
0.00404759079747
161.124084821
209.447273765
8.79154498388
8.2520692434
0.019275171169
0.0206251122575
0.0304729017852
8.52590595958
0.0465775005186
0.0461057622522
0.0360404376954
0.0167758668247
26.2889477019
0.0550858213207
8.3802267661
0.0538787378601
19.1801989904
0.0411337020392
0.0256362292356
8.67452093124
0.0552266809888
8.28814832208
0.0861665334255
16.5329698985
0.0839868173655
8.40233678501
9.73326864323
0.12309596843
0.113994374545
0.103586601704
36.3907101705
0.0864551787593
0.110259514358
27.116998827
66.0380632708
0.0665570650443
17.5496947624
0.06929827458
9.6248258814
8.57111099125
37.6803764467
0.0901378586178
0.166110053978
9.36030030482
0.191785570536
0.172914336478
0.162821018756
0.156628195864
0.152375916147
9.55460975852
0.159785918684
0.18550418208
0.167807279027
0.15388152496
0.152927777876
0.0741288103732
0.0983018566612
8.01369860709
0.0639841305211
0.0268843069372
31.4748921721
8.52655975537
10.2434399557
0.188091783276
0.248746240608
0.215421281788
19.9843540073
0.0619679392029
0.0669987553911
9.75553809201
0.0630004173946
8.35346441926
0.162629595606
0.0339312995632
0.0189970218723
0.0320572952512
0.20488477144
20.6041135242
18.557916856
49.2543147786
37.7519913689
8.40727545834
10.0099280212
0.035505873656
85.6433216667
172.134549679
190.57058771
9.03314062367
0.104314080234
8.12152947692
65.585690876
12.9845904832
8.18255387334
0.0995230246842
0.0859198474102
73.8339848266
0.0649056733163
9.15218532783
68.4587259485
7.92126956438
13.5101321647
0.124346605422
0.0736460865322
0.0799581604023
0.0807735558088
0.0741995568424
19.1157614583
11.442287187
0.0550312445875
0.0525995882432
10.6378740295
10.0558937382
0.135196253521
30.398854769
73.8292183173
29.9945865665
0.140243375467
8.67255525039
8.63734331408
8.06466334458
0.0766554572127
8.80708776966
0.0543368343639
0.052681392881
10.1038342656
0.0784593934976
8.38067384417
8.31642509268
8.19994535634
34.5011896885
10.7945178338
7.96009865975
7.92924531288
0.132203836479
8.14472054161
0.13321071284
0.159736738873
0.133200593646
0.123323829346
69.8860291952
40.5430165771
0.116882775461
70.0567254853
9.53688216535
11.6029899623
0.06901353801
0.0724802990231
0.103105698738
0.088557825163
0.1277770781
27.8174855785
0.112389319511
7.94166625504
0.0730994096701
9.00954156359
0.0631781514585
0.0736408518122
0.0279496806465
10.413020643
0.0824419101994
63.9652278338
0.159767599719
14.1954151219
0.198730426279
24.1897819589
20.1753874858
10.2362194984
0.295087144434
0.167788103718
0.170030233387
0.071212654514
18.2528461403
11.4873669867
0.0973888866822
8.68813506906
32.1396186287
0.0808012755913
0.0805342860445
17.0945239272
0.0781907661587
0.076978179864
13.3328138364
29.5574895295
0.126437538851
0.130001794667
35.3747233748
0.181510185799
0.19871935236
9.99540205793
0.132762696583
82.8336904451
7.7808228573
18.3079577458
0.0564334168359
8.39542269893
0.0245601904536
8.64918921429
0.0872764856323
34.33174676
0.0872554611396
23.1469134926
35.6897083476
22.9322977223
0.15143704709
8.34992425172
0.175333059211
8.31856490174
0.125976717242
0.122604720894
54.2919499003
0.184290724296
0.216244486619
0.274280197315
8.51930742705
8.66652213039
0.28113119075
0.28389957363
8.82663410644
0.297403839481
0.29169670599
29.9299757701
0.3040862921
0.296304443036
0.256494096566
8.9390568167
0.264108484198
0.246824216916
19.8124374871
0.202131830564
8.58016835178
8.01315685544
0.208823028494
0.0858264616761
0.114564922871
0.294828433513
9.57842209865
0.325228878789
0.327976258205
0.316820640589
0.288338158885
19.9859993008
8.22166262666
21.0785671617
11.2764321873
8.32584976012
8.61741797385
12.3381120965
0.502696347561
0.396974462854
0.374399395396
10.7941609288
0.308143491487
0.515127704516
0.149062314643
9.83303424968
0.219624742436
0.249939113808
20.7914191022
8.20234989096
0.156289208635
27.8713943354
57.2309265719
0.0376449313871
0.109099268256
0.0890327671216
0.0265385466813
9.06169295685
61.2062199071
0.386657304407
11.1131135919
11.8685188689
8.24842350206
0.297180578855
0.285968291779
0.19172376569
0.211138517594
0.217417054898
8.01032377296
37.9434682823
0.234998101225
0.238484919662
8.57411402691
9.05707194198
58.9538672357
28.1881082464
11.9199671344
19.6788301231
23.6701279019
67.4710879725
0.11059158769
25.6985761412
0.289237467475
0.276213567271
35.0145186675
0.274778315354
0.23440956957
0.242029659509
10.0526019275
0.283953778648
8.10968126391
0.328306463564
0.334926501604
0.306286563463
9.4417513222
12.5169442627
0.239246551499
0.257596864172
10.5934900526
0.208917327518
9.22019039128
0.145823767851
0.0502040567049
9.12652942787
10.9546140785
0.149707162688
11.1849854513
0.0310078446959
0.0389621723573
0.121042224535
0.0742146905455
9.0084978584
0.0606400544807
0.1066250547
0.113587635533
0.0996871268733
29.2513991062
0.21118511988
0.260096161759
0.218752448127
25.8124679308
17.1350179755
10.133322241
10.3082293426
0.234185883661
12.6568107839
0.230557923009
22.3352005685
21.1294079252
8.70222979212
0.228528361534
11.6951604939
8.94039301464
14.6784218745
19.2628520402
29.7890811054
9.70369006667
0.0
0.0
0.0
0.0
0.0
0.0
42.1875665303
21.6421192339
127.586109931
114.096289511
56.2471107187
0.0
0.0
0.0
0.0
0.0
0.0
0.0
0.00128752647435
27.4662497216
33.7453234711
9.22553255724
0.0
8.02694448341
0.0
58.1426512945
17.582073593
80.1464889462
8.16992770012
56.2840732601
33.2522884037
0.00176277076929
0.00420005520634
0.00572858070401
0.00854987863867
0.0135236237212
0.0134221093768
8.70387619312
7.89898266626
0.00894461320446
180.136582779
0.00522135291887
20.0718900938
25.003639992
65.1059696487
62.2865484349
405.944887759
0.0603288574786
0.0335625162278
61.5223308916
13.9912988242
21.1103000223
20.2714108879
62.7558668499
19.7094220076
79.0810896707
9.99798675299
18.0397794089
0.0837214268411
11.3586151463
0.0632093151198
26.0048282458
19.4931754936
21.5833998586
11.0488027315
0.0686431457642
27.9188244082
0.0746284934647
54.650476038
0.0395419439368
24.7747258127
0.0453918817237
26.9415259107
49.9739745182
8.25895136363
101.136427807
0.0517571516853
68.0527164496
0.0538565527841
0.0521212405158
0.0514180648491
17.4940440493
9.60804504347
9.33458089589
46.6361172206
34.8042608911
46.3235121548
0.0661227810115
54.6359994362
29.3955560721
0.0475124174203
41.5686853641
1054.22697881
8.07802118888
30.7677565537
0.0910432970208
0.103463599582
8.77941748048
9.56761758329
0.109611183131
8.25308300806
29.8770005146
16.6635428784
780.287060777
605.997214739
347.197796248
238.424966117
123.407328536
0.06493889585
357.527409242
275.053233461
0.0267139608471
8.59769951733
0.00162857283781
0.00167063459397
19.1117276829
145.894615
34.7418689584
182.522364108
120.551450917
249.081289676
155.612228059
172.29360984
0.00391413508484
779.23432466
0.00726565688538
0.00800014119171
18.4658105309
0.00843385811453
0.00838570962526
77.7909304778
121.304169506
0.0298158600458
0.0407115849872
11.1984481808
20.2675549311
145.172262021
35.9756715026
182.409658746
125.555076297
262.592083498
164.669004277
186.093409672
8.48242703856
843.945517112
26.5851518895
0.013945315162
18.3067468243
0.0267155974838
11.7381392098
79.7499008273
120.402162
0.0461047453192
35.6947664696
9.53585483095
8.52038554434
0.045016936988
55.488015378
0.058921519647
0.0736581119282
22.478010337
99.1047954132
37.948069139
10.5943574087
29.6046727728
73.0661863321
0.0516870984986
10.155336735
8.96770208306
10.1953833555
65.5485875976
13.2322841019
0.104950632809
20.3383477282
106.239022562
0.0211822037937
90.8108704718
19.1392366817
38.3743750453
70.9748020292
12.11376781
0.0749562594882
0.0846623502367
0.0499572284413
76.294641636
0.0351327556107
0.0426619611039
12.4392781326
10.0103838903
22.5797480034
0.0952199308641
21.0409512385
0.104866509386
52.5729861864
34.8124994536
9.84160635165
1210.0301902
1103.27031519
8.77042786323
13.1554676416
0.0844633692521
0.0995901529647
0.103675456575
8.72725458129
119.317514299
0.0394069247524
42.4910524718
9.90416134618
10.2644221151
47.0188131696
350.60816473
235.367630186
95.1800530598
443.066292326
362.584424983
265.344258873
29.8982490244
0.00402505337558
0.00158183496952
13.0290332381
94.4923197481
167.031490522
57.9992823206
210.077846201
161.388020593
278.775604473
180.811990532
138.913401767
9.06664841908
761.810707644
0.0124890145547
0.0122749148552
115.129481757
0.0207776589525
0.0287289065685
0.0664365096677
27.1318510571
19.3305801872
37.6535620375
23.9596742098
0.0329055431731
0.037655977072
0.0584115324818
0.0710019097898
0.0890813290271
109.45378539
70.1394740909
43.0273563167
0.0727551170113
58.0093368847
71.1770916802
0.0712234816476
15.0211147251
8.61883141025
13.0050385068
0.073995055061
9.59887446449
17.4745531142
24.4788607457
42.1080666532
10.3843920399
20.306065533
20.4512118593
32.0418073558
11.0845886951
41.0716315122
31.5300453842
0.210157922124
30.2063314181
38.7042618271
0.10413538341
183.79115237
101.87744501
0.0996253339945
0.0240450848736
8.5907211377
26.0161810285
10.0933317832
65.9587915148
18.7386006608
19.8140974111
74.7416130463
0.051134710763
9.72304170483
19.1154758874
0.05647390782
8.80163650867
33.9849095714
70.5358670356
26.6154246335
21.3670852152
40.2364623005
909.085206509
748.908297214
10.7447537127
317.254226554
0.140425530197
0.136067206303
0.132106786598
0.158659265429
51.7286495792
24.6851781893
0.07277551456
10.7753982336
41.4901542973
27.6490070606
8.35706808304
0.0296928980585
0.0542389629713
0.0538896149343
10.1701455006
247.382942254
0.0514728006974
11.0330579949
0.0495010039326
37.6174687033
38.8508299929
0.0618111405377
13.2335783347
10.613355376
0.0681682421928
122.081397737
103.020774683
61.6934508523
0.0491115423523
74.9463818747
0.0897872609396
55.5869084493
8.82036865517
9.45871766247
23.2285404148
0.134887340554
30.8990339805
9.26106003887
27.3735919258
40.967174451
0.197255501135
0.182882541233
9.02588950993
62.484148093
11.188670622
0.188928861459
0.176299381624
36.4095378519
0.168021622822
0.187764547373
22.9395346273
0.207672831833
0.222605102806
95.4141903399
78.4236614719
0.135723735147
12.8258794291
9.06869360535
8.93855523857
0.0330971112475
39.4368503325
28.3466467304
37.2331938688
97.4569459666
18.9191248881
0.0135982948396
48.128773568
82.0848654082
9.16532559161
77.8517318101
43.7340533518
41.8626508439
0.0
58.1851527263
44.3298315327
50.0707297649
0.0
36.0640072733
0.0
0.0
9.29095456869
15.1095001992
0.0
22.7346254266
0.0
76.5205576896
86.2707718976
105.307876733
9.39508744897
18.884569489
37.9309394589
38.4374612072
81.9389573693
44.6280529913
115.255801287
0.00267678204962
0.0103349912695
25.8370620065
0.0290361970704
0.0133921043077
0.0223625555581
31.0802705763
22.9063405916
0.0329815027028
0.0297696263204
40.2658452889
0.0216118221091
10.1953028714
86.7717763771
10.1361768363
38.6597400146
34.666674755
0.0759233678077
0.0688351026151
0.0607617490745
107.674719643
12.5760253159
0.122507828064
14.3969818164
0.0643576178557
0.0700405720372
17.6161997895
1490.70569938
0.0651084477228
74.4073811407
50.7600107109
8.82441824784
8.54655071847
12.9401100951
0.0596780684898
30.0737738269
35.4828295423
0.0311485714592
9.14403171458
74.7686132446
29.5887599654
36.1142345248
0.0353314495531
8.3748649499
9.60973951689
22.7979714164
8.50647264614
23.6938292571
44.1272660951
38.1542356233
41.463230142
19.8796881416
9.36455602676
53.985040842
19.6031646689
12.8575714605
0.0833250247575
125.824583983
42.4186224772
0.0547221021585
0.0612326679586
44.0525192356
9.73900360128
0.0483111409239
0.0631042753006
42.0311301486
9.96286865342
9.85494395873
22.4249717137
0.101499528321
1344.95978515
12.0417301802
8.50052862677
0.0953411475102
0.090213968229
18.3962647774
0.0735572358596
17.8629480591
0.0591477492217
82.1344449547
104.740785372
17.6066129959
45.8929868314
20.9236351133
32.8304549434
10.880284187
0.0157164669503
0.021680406159
42.1563184072
0.00743990108442
34.9396312325
8.78779237296
77.9969500876
11.8348996751
0.0326765865773
31.4734454431
0.0484001884226
8.40145968411
56.5121683733
0.0879167810502
10.3120795307
0.0627793318331
11.3266569697
0.0489257729923
10.2931775622
0.0454713619092
9.74843424634
20.640684627
0.102331647105
0.04497391123
20.2453700162
0.0450173363807
0.0479908147256
0.0495411154625
30.0850160027
12.8622692088
0.0424525889069
0.0475066033516
9.68527460451
57.9493917036
24.2290313878
28.3750437992
0.0889538745908
69.5663203326
8.69142804931
62.9366700062
194.226289832
0.0883375888635
76.1914661927
90.0835578749
120.060792744
29.5649713985
41.8032848611
8.36096186207
0.0684302777435
0.0786575835892
0.0681971181723
0.0619576551648
8.75107060647
0.0659624058991
0.0818690828585
0.0954187397592
69.0104147663
0.0757929988668
0.0720283245941
11.5690323073
30.3413556055
0.0707152466432
0.076107231455
8.74511254936
48.2840808224
93.8079410388
0.0909675386698
1596.53188214
0.0697877766143
46.1591985401
0.0775268844817
0.0806289885896
0.0764560509633
0.0730543198547
0.0788274652628
25.9583485675
8.55692235269
0.0568812954895
8.40687144037
9.28641312191
0.054802584296
0.0514163738181
0.0483290985064
0.0462041758278
22.313895981
25.5964561045
24.4085205978
82.5037283994
0.066063030383
0.0697898619762
0.0929358610825
231.268085928
14.4442314187
8.97319710979
0.0538343658026
9.74775729424
0.0727700868791
208.730431445
11.4493315871
27.8440623386
31.1475159593
53.2120815605
23.6109957513
0.0819059545681
79.5135710919
144.044194675
158.823576586
179.53033742
167.78649684
0.0737696571069
59.4068489426
30.4133957312
9.42750083224
13.9221256283
48.3761340257
73.4471233302
41.0283347012
0.098891491735
169.772128709
223.994667483
35.2636866206
47.1647566814
13.5135469734
55.4685194336
0.153297835128
0.109574112053
45.3981619041
0.129925085273
29.2815935668
55.1787649057
85.6324039501
27.7735432829
8.50853063954
11.4554938769
34.9716792967
11.3345524196
22.9436910171
37.5305923481
32.0751051215
11.8809658265
13.8707089882
0.154394207801
0.146913938174
0.145789384885
44.7490424712
0.11779912942
8.42072059239
18.0507434141
8.40507301697
13.5200874971
0.131386041885
0.128053589671
0.134870857483
8.8065277934
0.243998875943
0.111832582944
0.13787451084
10.8493069458
19.9671066008
73.0774833032
59.7589027396
41.7324749258
30.4078970904
28.3087056414
33.8087620974
42.1263781141
0.247777601147
18.321825326
24.156278422
9.55707515928
25.2073766126
34.9034411155
9.77823970997
9.24515141293
28.9599669589
0.144312231409
35.7968422725
46.349311425
11.1543859926
0.173851737723
8.61144012118
0.204042435701
0.159165060238
0.148694296648
0.146419271102
0.14614969965
24.3754773452
16.978797491
0.13737906364
8.72333010352
25.6653013844
0.146956555705
0.14197109342
0.139326307378
0.170390507007
10.5288514742
8.74147376791
0.303722857665
10.8364383105
31.4774754548
75.4638869671
13.1594842394
27.7183939325
0.13183264951
164.199310617
0.194973547333
12.2125215553
18.1408718211
10.8509331711
65.3154549969
0.341419720135
118.979059503
0.315176520605
67.4467818759
93.4102115685
81.6817526936
13.6171001241
48.515731321
0.425471468767
0.439854926765
0.428073747473
91.287064591
35.0018103291
71.4889669071
48.0486740808
84.9616421168
68.1242336612
31.7779054428
54.730003203
37.9589044889
0.1763138933
0.177158797597
22.842633679
0.182990410214
11.6126432854
0.296259001798
0.184298126582
8.85469227176
9.82146686939
13.2104969171
0.112317183038
0.251096814396
9.07316668722
0.240312754254
73.291178218
76.3284730602
52.5990794599
31.6078693414
49.4982179624
23.7326159627
11.3883737955
0.214603172701
78.6360292634
30.4672822398
32.174453471
118.839978506
84.3992280934
214.790873151
24.6716717544
0.184778248339
30.1544126258
8.90074192606
0.190997522538
11.5244467561
59.9769019786
28.9014433419
35.0668320962
34.730708121
10.23441144
11.9421903257
76.4369854584
99.0748742989
100.843579691
146.809778397
110.847253821
0.107478939304
104.107523373
103.522053953
100.077436476
97.3063538479
11.7132020159
11.3988042059
0.310373744014
0.505299504917
35.8408040997
0.47208433598
9.7278487525
0.275655245378
25.7199645084
0.310903287437
35.3907712558
12.4554074169
25.8666748727
42.7791442897
40.7143176432
0.251195172696
0.259993881464
67.4918706548
125.205205317
0.653572931613
0.784382386427
10.4326789824
94.2622455022
110.621833874
107.456082715
120.674057214
13.2108950244
0.380949309732
56.4889710253
15.4048595208
28.5683337864
28.2929902985
8.40548433073
0.335646919471
10.7348609493
0.280156092167
0.295203295931
57.0299246524
0.335307039154
87.7296430849
37.5191805008
0.347110452768
0.640421501099
0.647605237725
11.8333628616
10.6961506131
0.295814647301
0.249546511879
0.306073105678
8.55695045165
0.349463380013
8.39996110262
30.0539266705
0.652600741474
0.610762639382
0.662490333972
9.41877590476
9.20428331537
0.336731094097
30.9370371929
20.9565805591
11.0020711665
8.56059128322
9.63867131411
0.313128477074
0.332977037122
13.5417496431
8.61056239591
25.5452109845
0.315555366079
0.30968349896
31.3282995473
65.1885457523
8.96059365068
0.264555337735
0.259188834304
0.280557976817
0.274673949876
46.3080851971
0.295846942859
0.293947633958
68.5328955994
502.911347403
0.282598110638
11.1999860278
0.635342330667
10.1717232639
0.638775795063
0.638990426764
0.294805576836
0.01904723164
0.0270885029889
0.0273286309425
64.5289102457
20.3233187089
43.8643217379
30.1307876948
0.0661560550425
0.248926604222
10.3361903989
8.79526092376
17.8254031449
0.729118497636
0.766562271496
35.0644723067
89.2706316162
0.977083369918
14.4081952406
164.157670936
10.7435793636
10.4760673446
53.8025727158
83.2356605592
50.4735421756
10.5949562598
75.6225345529
123.316071949
87.8337408773
9.40770458589
104.470550503
125.124369369
1.15428177602
49.9689808434
63.5504188229
85.3600327324
1.02486553946
9.99644182976
36.718662943
42.5633488385
22.5217292149
11.2709100827
29.3966082975
13.180733023
10.065704228
13.8704249754
33.4297522612
11.2316687117
0.534646880152
9.57998061638
12.707933115
10.081589195
9.67636504586
33.3327835859
76.5172976404
9.1700990184
0.00260420640085
0.00403974996963
141.064363776
44.7011449642
72.9707467888
47.660245291
0.0
195.917259336
162.91548397
72.6428610761
9.03006658435
10.0606845604
0.0
24.8188750506
0.0
50.324223087
0.0
0.0
78.4515078448
95.4029493496
135.962551699
35.8296353049
0.0
0.0
173.02990982
23.4918526731
41.2896822707
0.0
49.9492185801
87.0627364429
31.8962202607
15.7245417685
16.7609219128
58.9659905191
19.8311376966
9.65327763356
0.0141644564146
9.46921530366
8.37652956186
400.251351662
343.21467445
277.612971956
211.851324414
20.0835450727
91.1093262483
36.0684406372
36.1402134384
93.9920445628
0.00495081856541
130.450861856
254.315113983
77.2262763666
0.0
23.6327942098
0.0
22.6128857893
0.0
0.0
22.0246586812
0.0
105.851688241
62.3335307864
0.0
74.0629113731
0.0
0.0
161.037682551
71.4448781981
27.289449247
19.1741664819
16.3138039062
22.1206475687
40.4383618694
31.9392833984
32.2111585876
20.2579490151
38.9939906142
0.0
40.7410172395
0.0
31.9824502268
19.9676265293
0.00887496548265
10.3794608384
72.9087313209
0.0296663602499
251.29803386
8.61733748182
0.0416850456853
0.0342907415862
0.015517335414
14.3423007021
0.030017122488
0.0320383122393
29.4133529745
0.0434900754579
11.3183542902
0.0513272688455
0.0583719408892
0.0752476104444
0.0762249084396
0.0850780614605
0.0623513875753
0.0695932388532
9.93405964434
0.049989008813
8.43195325868
23.3380466059
0.0902924341092
0.0982996322552
8.50102203635
9.56759355337
10.66144003
8.76337988172
0.0640260277888
11.8066223971
22.9133857239
8.86237074317
28.181047732
71.7972188154
0.0781118018725
27.3350403332
0.061580269422
0.0553568353133
0.0616878359844
38.9043410409
0.0781660917051
20.5538347085
0.129166639474
0.118659418709
0.117893355067
0.110465450628
24.9415873802
8.50323108133
0.112544741871
8.49181731888
0.0893239406724
0.113152750734
0.0833508323939
0.126521703231
0.136964599905
0.135019866173
0.152651103384
8.80767484572
0.091915806464
8.33735501673
0.118481859533
0.0680729947195
0.100925633935
0.125392799645
0.160255319877
19.1979349864
0.178460733735
0.158269813744
0.144301683076
0.139876050885
8.61239511359
0.171635225727
0.1284826914
19.9068122569
24.7403239291
8.74100285879
34.7790069653
0.264974577526
8.9887891177
19.2058547382
0.302398339031
0.318703644718
0.442378862559
0.221480642864
192.684270684
0.177296993468
19.5056899966
10.2422415313
0.0334812443687
0.0235316948832
18.9062538865
46.7195854071
0.0191109707734
0.0372383161651
35.0536148527
0.00957947792245
19.693077374
72.9411061298
0.0272658700555
25.055943083
28.3336318339
12.2828099021
9.97896349099
0.0199521806731
0.023539084681
0.0409285098988
13.5176249119
9.34417885553
0.0427153353432
0.0553658147069
10.69575804
0.0302317872865
8.38343382225
74.4726736571
39.5930286324
0.0442441656247
0.103518338824
31.320965757
71.0493735924
0.0459316470907
9.43918219112
0.0463026912295
0.0330191036608
0.0608402955374
0.0704285928663
11.7246185385
0.12546776832
10.8422649781
0.119982594581
16.6404196496
11.5312472482
0.115352080845
0.160071305338
0.152922089693
0.191639810556
10.7430145973
0.220398457931
0.135789751451
61.3793218821
73.2623878861
0.175388551657
0.12705603143
8.63863049455
12.3304638754
9.84274144437
0.177302428793
0.179958700688
0.231728198239
0.238835542171
19.5785293093
29.0126153235
0.120657984739
0.0850803610225
0.0737632211149
10.064552497
9.73395346684
11.896520933
0.110223919021
0.125781937833
0.165038547707
9.53239755854
28.8623841413
27.4742437625
23.3501143143
27.1558389609
8.78190794126
0.0813601802394
10.0355546562
20.3929490524
160.981018069
10.1798568186
0.0865398887666
0.126860765973
0.0764149315295
27.6500133349
0.0738442068928
27.6500042923
0.068446465004
0.0588198682084
0.0438602886953
14.1024695569
40.5789238348
10.7411564119
13.9953235701
0.0448625061389
22.1693419817
10.1467649819
0.0482880378695
0.0881611259431
16.8525726529
0.0954983626803
0.102639774845
0.0560210858467
0.0567766604409
0.0533622148691
0.0531037252394
0.0462354133866
31.957684121
0.0460220582198
26.5941322011
11.8331296951
21.5749312974
0.0691504910101
11.2803359608
0.133760772218
8.9784988141
0.138349106777
0.141671765559
25.6026047705
44.1777432687
0.189095781228
0.204780899918
9.80847252135
9.01990688833
0.220361263072
0.239190603294
8.78062169833
0.249112174874
0.211546695146
0.219405158993
0.123710872225
0.178808470697
0.0560098963079
0.05911763677
10.4610201288
0.052325644894
0.0444892818244
0.0351706689379
0.0562352794265
0.0597644364918
0.0567825517931
0.197243558674
9.10431995703
0.225278702938
0.243408976979
16.9003576633
0.131129399316
0.120541130104
0.156185699065
0.124950431057
0.165438088282
0.167459311891
12.059602513
0.146306683131
11.7659064386
11.6950685797
8.46369443969
0.210437159897
59.7130189609
9.23881234177
0.228308396436
0.203797368369
0.209464742
11.1005609688
202.561474422
10.6342881623
0.102446886245
0.0994461871848
36.8261252325
46.4394686709
0.101348445985
28.8532476904
0.120776725927
0.0800706516752
26.1988563169
10.1732813211
84.3524554305
10.6363949848
9.4052965165
11.7152941759
0.154406773729
0.190749973706
0.202123594273
0.201953309044
0.198494546019
0.146251423521
0.1440708521
0.146953067715
0.155182785132
8.49607181993
0.147799782781
11.7623916223
50.1914487015
10.3870006542
20.5577229401
8.89635140097
24.5958094406
8.82116172991
0.0934822483914
0.0604063897528
0.0588792471744
0.0651801244409
0.0528732303001
46.4521882734
19.4770804127
0.156559934088
0.256431394063
23.2801222625
23.0833224657
9.75009268426
9.3042516462
22.680924561
41.7924387032
39.6632987049
0.0
0.0
0.0
0.0
18.7891627413
0.0
0.0
14.391163957
0.0
37.5585912331
0.0
0.0
76.9402130342
63.956973862
0.0
31.4955008693
104.773304232
10.8900974807
18.5681633275
0.00159469881062
0.00249014004356
0.0
0.0
10.2598542306
0.00147285533372
0.0
21.4468640682
0.00777195994989
8.68015289842
24.5408349595
38.1987939313
0.0088924467263
8.58186412064
0.0270587500302
0.0338518601258
97.4088101344
9.68040597551
0.0194807624219
0.0228709421654
11.8140725477
0.0341966067688
8.7098146571
0.0660550517988
0.0657575292333
0.0605302714334
8.35370173786
0.0371602318466
0.0430398319476
60.6810991552
0.0411463818926
59.6879466407
0.0404277252173
44.5149613428
8.7349946493
13.0088003369
14.3855546999
0.0392876418569
11.5452361001
0.0555687793118
10.5310626335
0.070943001352
18.8420596293
81.6540088606
0.0556190522656
0.0845994430438
9.78243033735
0.0632810933792
37.3897153056
15.0561727898
8.86687470474
62.8832430108
8.99867974278
0.0518905198616
69.7617804739
10.6261213495
0.137964061907
0.141055480532
0.0924038349537
0.0727828369271
37.3252921034
22.3928270994
30.8361323109
0.0983918352178
0.0748062825927
0.0793285790264
0.103173193596
0.0758458697035
14.1915960189
11.746522801
0.152532662536
0.150108969771
0.151371841253
22.8650206577
0.155857920373
0.152248357517
0.088228613694
11.9969827672
0.0898805708584
0.11551705734
13.6052508699
0.175110836668
0.167428831383
13.3905106139
0.168379267639
8.51119008972
0.111247857995
28.4141995617
0.145726670846
0.145637350613
11.4829603366
0.15407353184
0.201460053982
8.71986510159
0.204274331779
9.85578961085
9.41860134965
8.63809089391
11.1437118769
12.6129754408
12.6054558348
9.7910113353
24.6930738238
10.5604125575
0.205249178393
26.1878995644
9.91193806002
0.213796456918
75.1550032193
0.144779436448
18.4071944009
11.3876710378
14.2951646515
30.3512459968
49.0183354184
41.2532835432
0.0207689131055
23.7987654867
76.1310173218
14.3229170831
14.5439563072
0.0558287386816
11.3630755221
0.0512556009377
0.0388702957571
23.5682499115
19.3926824753
12.0648747899
86.2847756705
61.1218973543
47.7530041194
0.0777700450322
25.4080349501
19.5849577221
47.4337580848
56.5302308313
14.9361582275
10.381243512
83.0424124519
117.491569734
33.0248998374
0.0591554694268
0.071269345472
0.0640096494873
16.2537667417
10.5934599325
42.350622974
0.0594504373529
0.0756936639271
0.0675429382502
0.0756057443408
29.7533064043
0.0722594413109
0.0597497777055
0.0744403787
0.119043750189
0.121929649514
0.122409038165
0.121374570581
12.6292353836
54.022207477
46.1313446946
47.2988789207
0.172990087096
10.8375811047
0.0894768718547
43.7116887232
0.152728083532
0.104835063642
0.119732701685
51.343874558
0.125561212645
11.9688460855
35.1241149916
0.123728777696
25.8078683118
13.0043778713
0.139904755746
10.9853649874
26.3471047358
0.120449434801
27.3792230547
12.3454325683
13.4266313325
12.7929411601
12.2300712606
10.1555423443
0.170910849948
73.3953915544
11.766381422
39.1622768695
54.3743590268
0.13629247627
0.150757700521
0.179813815445
0.156989078005
12.3718665451
21.9726703209
26.5134128906
21.5860005903
10.4941262322
27.4882413238
0.171732435022
0.174103425473
9.77221323585
16.866497489
11.9148385097
10.9116947673
12.1006430432
12.0196868224
15.2088427002
0.204023743211
16.620894444
0.16951391516
10.0106447508
16.0105839271
27.8820688622
11.7139660982
0.234187811494
15.976452938
40.588015834
24.2147522292
17.3517448612
0.182561956881
22.0643679132
25.7431925769
0.237085575311
16.1921325323
23.4965819205
0.199882574934
44.7017772195
0.183802934653
0.181771401297
0.16488865397
0.192686329678
0.218882718894
0.214781148661
0.247099129064
0.270859768607
13.1291165961
23.9436641188
0.291165973738
40.8988578385
59.7122508296
0.249817278269
33.5872051515
25.5946349382
10.4931595498
30.3386356007
29.8252376933
0.203979362041
11.1394732991
24.0547888019
26.5327408286
0.248105253621
11.0776998589
35.7641042368
42.8282078841
88.9606833688
26.4085173086
42.2934288307
0.220359271877
38.7770229325
0.237422234327
11.5121423388
24.002915676
0.243679985113
15.8119350871
0.296785551093
0.339147667565
0.350635185137
13.7921623701
35.736736882
55.529654028
0.217457513427
0.232980392446
85.5412640717
135.218233763
0.281410294584
47.8591170078
56.4602250847
30.7255745416
0.251825759368
11.7501855751
0.3845091811
0.248167461176
0.246003894885
34.6010177866
0.262538368217
0.269893850731
0.324804369458
40.9033299902
0.278670752331
0.466727252581
0.451116068697
0.440533312833
12.0075366279
0.243670221927
0.272906456965
90.7288315004
86.1330392747
119.081535542
37.0867504973
0.271994389754
0.276027547982
81.3491198914
12.6014012302
54.4689064029
0.380245241385
11.3800683683
0.38845839476
0.404424487799
0.408599078249
46.7256389216
0.631913673088
78.100022849
10.1100690507
25.6344130345
0.304986164396
19.9065365998
0.335940687813
0.302946993142
0.325904691201
9.80690296803
86.0090050835
0.38829590157
0.387122328293
0.39793114042
0.336232225825
9.95636568661
0.391774411444
32.9749589355
0.411968934954
0.386078607883
0.633551888719
720.818583892
10.4436448846
0.651929712603
0.638527131492
0.611772335389
459.458239755
372.078909514
283.89941947
192.442651434
99.2137132741
0.0
0.0
0.0
0.0
0.0
0.0
10.5806531575
10.2618987761
0.0
11.5583628291
0.00236257654925
0.00278775674556
19.9957590224
20.3269255365
17.6925561838
13.2078774806
0.00323900764591
0.00160777115692
12.2465872854
11.6390645832
20.2988642703
10.9688840725
10.6972237499
284.083332911
26.1927053686
13.8561388415
12.9945634624
9.79293325028
0.0537496654714
10.1140603962
0.111182405078
10.1240084999
0.0508007385324
0.0434393174936
0.0795263008905
15.5472341373
10.7236852163
0.0481948052316
0.0716012507895
0.0733095511759
0.0676267217272
23.5711954212
0.0794436209761
0.084815310225
0.0739669792439
0.114875081461
10.2697019975
0.0762031940547
25.2745539367
24.9201282668
47.372150604
0.0366337871934
0.0436244705896
0.0477157009891
10.6881153333
12.3326082404
0.0860745098753
0.0569735055399
56.7688196953
0.03491630757
0.0518213582883
11.4756172063
0.0545977222673
13.28724166
15.4934352175
183.36341824
15.8572978428
39.7443309473
0.04936220852
31.8181663837
25.8241228467
38.7383271415
0.157103556607
11.3857155105
10.5365879123
50.2691579795
27.5455460046
21.1268931537
31.4116507939
0.101980052478
33.5541542496
68.8317342286
0.146096889248
0.155464466849
0.0774853388398
45.9371251779
0.0832563338472
15.8473766808
13.5539754026
60.1964621397
25.8832437246
41.7795433869
17.779549292
37.3325325897
22.2355450871
0.0867685893295
9.94748570165
53.6306647526
0.139739910059
73.084388869
0.0646704323334
0.0637992881439
0.103083572398
70.5208595504
0.114969131808
0.125049604826
9.92115704504
71.0821279799
20.5738320085
11.246359175
53.333937433
111.217601767
42.8131013946
18.2669180375
10.026626136
16.2451085802
44.0745336974
16.5570807328
30.9329787303
9.80173087297
0.10374426878
12.2803448497
11.9709393324
75.2083903333
25.5025100211
0.112381454526
0.102108340473
17.4538886265
11.1642884046
12.4604162087
11.187103022
10.5600301282
9.80949671241
15.4982562036
30.8106077443
14.2566133777
0.0881376556142
22.7294196688
0.178623924566
29.4552452943
0.183821108072
0.19491022049
38.0394474492
31.6992055982
0.101499451998
54.3390866881
12.0149459283
129.428002252
0.105634881598
0.121229419468
127.353645669
124.875850269
0.132875475447
10.1333272846
11.7043007391
11.303691688
0.170074199342
0.167064316693
11.8099101164
0.13647440276
0.17449700575
0.12797228
0.131420888066
0.109344298143
111.240069716
142.491485252
149.724991269
179.609818979
0.226510495677
24.6565402664
10.3513655538
11.673530566
11.7036883433
0.102659496419
47.1132681063
0.131415597007
11.0969252143
18.5616157388
60.1387312154
26.9610910036
28.2025639564
0.0672099005502
13.9395428341
0.0563759514281
0.0351161990031
37.8266414423
10.7108281573
0.052957415545
32.8156654327
40.1861169941
0.0615167624554
13.199536829
0.0520814863121
0.0850110146333
0.0779728064246
0.052610445516
32.6305811052
0.0784848114258
18.334054644
11.0837376059
0.0854990954019
11.1406135053
14.5105201638
0.072300889391
12.80525895
0.0965657057672
0.0666554690845
0.0533578960942
0.0676181612098
0.100214843214
11.5435653234
31.1380145301
14.4761878141
0.10945245755
0.0988424612757
0.094139542929
0.0913580404239
15.107882391
0.13521155823
15.1436990665
0.121888354196
30.9724213197
10.4881831705
11.6557428001
0.152118358809
10.4400810734
80.1769865298
72.1948935554
59.3738546854
47.7508428602
35.6827570109
30.2845168266
37.8955290061
61.7386273823
0.148591301852
0.14205725701
0.115746102996
69.5176215973
26.6697359615
0.118133733326
11.0122780796
43.970865087
0.260954620806
12.078518573
0.155455580775
27.789276401
93.0510026553
10.9691663993
33.4337834396
0.191462210145
0.164594702571
0.182006786609
40.2327880076
0.208801263741
0.110479034859
14.0626128076
0.104608829936
11.6965058877
0.121349216216
23.6630423363
0.157892219268
30.053582532
0.179321322147
0.167014669323
0.148581809191
0.155822481277
13.2720930763
0.146446926689
0.164054982027
0.116048253104
37.1980657824
0.142300264852
10.4003184163
0.155791123575
38.7280486001
26.201344096
28.558342751
11.7899888579
10.8209398147
0.1079449528
24.1825679866
11.7683193589
24.8956457793
0.13528458489
26.7614927064
23.8268861609
0.16449735444
0.177375594962
11.554142262
32.9805097247
11.2009703424
0.186387625445
0.179557095258
11.2652111878
0.171127468246
0.164009954137
0.159507163584
0.143790935513
0.148244556202
39.0959478201
0.141289167693
23.6543560832
0.133891220209
0.135460372286
66.498150887
0.136232742008
0.131013170949
11.0839039526
12.3974425278
11.2358252416
0.307185606424
0.0415105486209
57.0979142144
0.0484025631958
0.078293184987
71.3376907175
22.9288105017
10.993853444
92.3837511555
20.6820059074
41.7885414874
14.3516199879
47.9082950931
34.0328967731
43.1050262856
0.40383845267
0.469908385443
95.9781273616
0.516370751959
10.8557090125
43.6830988827
93.5770906352
11.2156356724
0.822914452393
0.793948315912
0.721019729834
174.618193385
128.788723443
28.2793721913
102.798252117
0.721408166885
73.247103945
15.9692038559
12.1538513362
0.899093072746
0.714569821833
28.4653654242
33.5400822109
0.674949086144
43.9884275303
30.0155237447
46.2903630152
0.508069523749
13.2260258052
12.5766786737
14.156819424
26.2479428212
46.2068631566
34.2079015943
63.0553380061
10.9983726477
25.7002688401
25.0105759601
10.4640107533
84.5640108558
11.3957585499
0.137030948201
232.873437256
147.803905453
92.4736825343
12.0825500701
13.6817278501
0.0
230.587903839
180.861224328
53.3308975565
148.0173106
52.693180329
102.069859712
0.0
0.0
55.1511159107
37.1921091337
0.0
0.0
0.0
116.959171396
88.5808678909
120.533269957
28.9435962907
0.0
0.0
44.6946748891
30.4829832268
77.8964944682
9.81813727591
12.6516299165
14.8461657544
34.7247835183
26.0126591592
137.234243834
32.5477417755
86.5743156925
0.0200259339431
0.0184182358493
0.0166351472275
10.1346531491
9.89325045649
0.00115774765674
0.0
0.00267248994866
15.7450837614
141.853832574
66.5340490521
46.7455489064
157.505287026
105.224304178
13.5306398263
0.0
78.1662711962
13.5183168502
51.951043406
14.8906907131
190.785951441
0.0
12.7626754799
0.0
0.0
0.0
270.354979761
132.153738256
0.0
166.263440798
22.9844032263
44.2882140212
76.8477517536
63.101761719
82.0501777479
85.9131009031
0.0149938547827
0.0367146779633
96.9839286394
141.737864807
0.083711833589
168.033548005
56.6131561753
9.92193374854
49.8042345303
34.9014697493
22.5688717719
32.1863986999
40.0575219279
27.4355757389
10.9685499801
0.0134075329415
13.0322407418
51.863932491
14.9410462445
29.3830300715
0.00447622943599
37.626134882
0.00299383376869
13.9585135102
24.1962277964
0.010044124485
46.1197884385
18.635987307
32.3091407842
37.532525626
47.4834812139
0.0036452873355
28.0856374072
9.83753405583
0.00282746613229
0.00538628092386
0.00486957511317
65.4383216751
50.6235453883
56.2223120646
36.1489230984
10.4514142537
13.6684229391
0.0354774717047
23.6679358192
0.050345298913
0.0658581800717
10.9993641987
0.0820311941383
10.7592112304
0.101386612566
0.107407048354
35.5462908443
70.3285869386
9.96880512949
0.129626320399
0.0916861403929
10.2732376739
156.619956004
42.2193870819
13.8115976244
10.3812787645
32.8772385858
0.0142413019663
39.9865584535
13.9496355374
10.3649826203
40.1749559372
41.4725435331
42.1611670881
46.2952964589
46.0397070346
49.2581207335
50.4269377733
51.5498015232
50.1166527045
49.5009050843
49.2587376042
42.2058177732
41.3556001709
45.6801793049
50.7141941909
50.1662007124
46.5873034064
49.0608651426
50.3974678657
52.9401065857
58.9809852083
52.2703499516
42.3419105884
0.0
0.0
0.0
0.0
53.9652792001
10.7895850292
0.0
14.5762202671
114.757228311
10.449055317
0.0410561311904
0.0337433486899
0.0377122853434
0.0368707924029
27.7477166571
37.7134495945
58.0695741653
0.00780156861583
0.0137419186586
0.00964381173212
0.0272488859454
30.9864652674
69.9225404963
23.6444043438
52.1080260853
10.1577358322
0.0140777881502
87.8140405471
10.398333357
23.4649300004
10.650747346
0.0448863598037
33.5040987731
0.0722582744729
10.3912763118
10.8205192882
0.0845922240443
0.0758988378107
0.0544381673692
44.3552532096
0.0941232260942
37.0920406956
30.4819661192
82.8426414092
0.10184327975
21.1885151876
0.0686275802324
0.0748039488283
0.0591444045903
12.3506755307
0.066402091756
0.0642778037889
0.0909141405007
0.0960295648693
0.109289110883
0.113431723392
36.4586257324
0.111419296392
11.3440040179
0.106208113472
0.146478768145
12.2641658251
0.0807866226322
0.0983846463342
0.101911750649
0.0929503076517
0.079076106804
9.79768829592
0.0885729542925
0.0939236133099
0.107666045736
0.0880563807823
0.0880740729816
0.0597442347621
0.0828448984436
0.0816042988667
0.0787669577936
0.0789023982953
12.8535510521
0.0768816574955
10.1958451467
0.0637528247293
0.0672372911431
0.0724341861054
10.1493325044
0.126103102822
43.5958887875
0.0949570283571
66.4326979995
12.8136593196
16.015161728
18.6889704011
0.185328451496
0.202448902912
225.050911613
0.115573694196
11.7441897975
10.0345533159
25.5451572918
80.2789428754
32.690843898
22.6263911296
0.09209455711
63.2755352678
83.3972514987
0.21257409651
0.181276070698
10.3603353419
15.3182242258
28.9702212114
13.5494094256
13.0379861022
10.464949215
0.230252679023
0.241806320816
0.217552463687
13.3195608876
0.157028149807
0.195689566575
13.4533027088
11.6195557312
0.23866578196
22.7578465108
69.6954368928
55.9830200617
23.4403397299
13.598829287
9.80491720719
25.6557615376
0.0480599468958
10.7023738881
0.0413418108929
0.0352995872094
35.9152977111
0.0874691393004
25.6192346663
0.125180234461
13.5894634622
75.2788935654
46.5994630725
0.253865943468
0.290256769056
0.315344695105
0.462030876533
10.8297185533
11.4129606586
0.330099768883
0.2799491612
79.2588862744
35.98985712
0.19153575473
81.9322570212
13.9030221669
14.5909439684
0.325230466565
0.30462884513
0.357181948451
0.368809407204
0.419891082322
0.236336524256
11.0301156356
10.8027032789
0.0346033523042
11.4159518566
0.0425695568959
9.92178443161
0.0487348436397
13.6545329769
23.8013229598
89.1234018577
27.267250319
14.7765864906
13.6590519428
57.9047473334
31.9963577786
28.7552404344
0.084656681876
43.0378088803
128.841843367
11.2120579848
0.110161566701
0.100062745601
9.86453439499
11.3740549326
45.2114211281
0.0546928012403
10.2882837931
0.0685562430194
0.0595830366538
0.0564239926767
17.2356081201
22.3630417909
0.0402857993211
10.182313855
45.6379595995
0.0336688228485
0.0148999537885
12.8228999067
0.0705460228785
62.6470055471
11.214605453
13.531691234
0.0754036064038
11.8897914825
0.0759190851085
16.049686067
0.0211750123385
51.5228318565
0.0504643972305
35.4141371279
0.055823535551
29.7313637598
0.0743107899427
11.8540846938
0.0723862020891
10.0322234944
10.2455322613
0.0604938231103
31.0715839094
0.0757765492363
0.096681702882
0.107315631085
11.4850474019
0.164540566692
0.0949007523302
0.0994772791951
0.118796039714
0.104611349328
0.101631421502
32.5487094188
0.180273470398
0.210603252097
0.102004921443
0.108730520065
0.084025275952
12.1170661565
23.2657956404
0.0649071196844
10.7735160605
10.7492116999
0.0930675374142
0.0763988254803
0.0947455033243
0.0997474179456
0.0781164814054
0.0555506858729
0.0460337157375
0.0396286123785
0.0246519557951
24.5295658303
22.0967248973
25.1653537045
13.4537603665
9.86883751294
11.736691877
15.0400622775
11.0181815389
56.8687160528
0.0434098740058
0.0658871038534
0.0900410159345
0.0916644110437
0.0672780399061
217.976461625
0.128253201641
0.161014859888
14.101214336
0.184799632188
0.158849466581
30.145240552
0.10081229063
0.0784368544099
0.0620855047411
9.81226433287
0.0186721693294
12.9730618719
90.548256917
23.9423731357
10.1088995955
32.8491041785
24.519311807
0.0658858349818
12.7468335762
10.5814358888
60.9343222892
0.065790804554
0.0684995523728
0.0787649874582
0.0961673660525
0.0964938291495
27.9732073521
10.8107070172
76.379782531
38.2033537226
32.8538778025
25.4684437623
31.4238236767
0.055359009911
0.0703649323305
32.4522314767
9.79142195557
0.0692303193573
0.0717160735357
12.7848769375
0.111178208671
0.136064940273
0.128777594052
0.150228335572
81.2033757506
0.125048951859
0.0935105266272
0.136179943279
12.1655002929
11.0480313602
15.5917744562
0.158710115954
13.9087988428
12.4845457952
0.179131595294
0.0898198705427
0.129259323045
0.0778397353035
13.2881932727
11.4153795063
0.163107881109
0.172744112348
0.15163556065
11.7913544567
0.167364843163
75.5626638586
0.171631228805
11.7474044368
28.6766272252
0.138607819761
24.8577149909
0.175243422421
0.162945852991
24.6964517601
68.1792842799
21.0724120707
68.2336246605
23.8388128323
0.146772323151
0.202132427568
10.2584899319
0.231314183215
18.7622227423
38.7285769771
0.344789495853
0.344960295088
37.7697500242
83.8982782332
90.6219738222
104.857772932
0.100911876162
0.0179087689541
0.165656792436
0.0142727487559
10.2243613673
32.6382874434
28.9825416156
57.9483295552
14.6398880912
59.9186972287
78.672486854
0.0211946017337
0.0330861005049
0.0357990953876
0.0191263247978
114.439802112
0.0388193794627
13.025422042
0.0527861375421
11.5533767211
52.0182013862
22.5694848276
59.3290081373
0.0366893981381
122.622129985
42.2154106418
17.3327363558
29.3864593263
74.1483323506
0.0681408638526
31.2077196039
0.0523184550098
0.0483310678568
10.0005857634
0.075601375522
19.9238989472
0.10771105743
12.0225695404
0.134715250711
14.4611281111
13.6564494769
0.130538323479
31.2746706941
0.124031425349
0.145599021457
0.139407114238
0.105791908869
0.120170676923
0.111615454159
11.4839672172
43.3958143424
0.0855665154719
0.0849874838288
34.4799532933
11.0907774951
0.118993036211
0.152814245558
0.168043384151
0.192858702535
0.178497274237
24.8916506403
30.9308778445
0.211683514618
0.174702714745
0.0603963191009
0.0583414019254
24.9214514366
0.168131297087
25.8528841865
10.0231986485
0.100094165473
0.0482690376596
0.0442378746426
0.0333157124063
33.3672766072
10.6898174524
14.7829226997
10.2603832378
0.0687813525484
9.89303475895
0.0677510857412
38.4666449421
62.0777732065
49.5033431301
0.0272607939891
0.0293504980633
0.0291021269754
0.0364875016138
0.0245176314605
0.0276766080017
67.2868653151
63.9436955578
0.0904676805674
99.6653577676
124.084961026
19.0541974455
12.3265463248
42.2915019997
0.0284665751462
0.0141879494102
10.8341830971
64.5804514724
77.6723564147
85.849223588
0.0617813098342
0.0462501873251
0.016652478556
43.5231754306
22.7534557781
97.2694865177
0.0676447457214
52.5586130233
0.0953987346762
26.3846278644
0.0942252818099
21.3495912322
0.0603733620486
31.0780593267
67.2718053587
12.073705296
0.132028142275
13.8647032585
0.0732839084414
43.4676650933
22.7167741021
0.0904089412721
78.4970396663
0.107309688963
52.4548409713
35.1694618308
0.0933332895847
0.110049230815
43.7000977663
25.5564653196
81.1845824357
51.610531805
10.5836396754
102.534462337
14.6593597697
32.6074803382
14.0817602332
42.4675349371
17.0684241959
102.517615658
82.9444680583
38.2092515882
12.3050821631
0.156982142841
9.89161292971
0.0631063885551
11.5166456523
40.9556151824
16.1526167888
21.5758900465
0.101914948193
84.4453846887
0.0587408430219
11.9051961228
0.103014102543
11.3225910454
12.9995649365
0.0890725503646
0.095490278677
0.128537612574
37.1366773504
0.145030016117
10.4342929394
10.9635577972
54.1087709939
0.0827761335241
0.0755154877371
0.0866416432824
0.0715102257845
0.0752306738951
0.114154154151
13.214746822
0.0965923381582
59.4792050684
99.7022243204
119.992858462
0.187215380156
0.0395407331897
5.25265651172
0.0328099103905
4.35319663498
0.244658581226
0.0621029733494
4.30472640147
7.94543231019
20.0673404314
0.285711055112
0.222297541802
7.68089989398
23.4686916747
0.216161568503
4.58292934277
0.190973402798
17.0711128712
33.0943031369
39.6445099916
3.63774266284
11.7615506389
11.064920269
0.23386743217
0.156666860489
3.75524076477
4.85294250593
9.62758947026
7.82659671083
5.03077679674
0.183780479221
0.0673491782722
4.72370810377
42.4635315476
42.5293940518
8.59460328689
0.455068230782
18.732015448
7.4082515247
7.00947796031
2.00866766737
4.05357773158
0.268349939447
4.19021244578
5.92988539087
6.42161630426
0.653912943895
1.99917549304
11.1734339352
7.69139676682
0.995061613821
4.23287797584
52.1777851198
26.1292464524
4.87220681684
3.95201070012
12.5468877924
7.66035266004
11.8145110613
0.636821433043
2.03968659527
3.79995875584
3.69485573137
17.4332320951
11.4406360547
0.73795945089
10.8967852998
0.871953431307
9.09894693691
12.5560286352
5.23043036552
5.12530745814
17.2973179808
0.696795663491
3.96688877789
3.58092115453
0.551651036948
4.52949873953
10.6264540524
4.02919540986
17.6185882584
6.42130493495
0.45244196274
0.364661497985
18.394426267
7.3936387951
5.81985387804
1.38656225711
3.70522047619
9.61028778692
9.74143940955
12.1726292754
13.0454683816
9.53359735469
2.22124231509
1.14323911347
2.41703582614
2.11008929289
0.78999872309
1.17732703489
5.39040145247
12.9999238836
6.3766835217
7.7343925593
13.1694908707
5.22446904766
0.975208856765
1.2325865712
2.01524596209
11.6188330807
5.12781327445
22.2516105466
14.8804226604
10.1376733355
2.70957879346
5.92000971585
4.45896773134
0.91056455297
15.2582520699
4.03220926837
13.2191335488
11.8146965241
3.32791406759
6.13464397747
4.03429770362
0.971921726627
20.0726805563
10.8223601061
14.2674043906
6.65915293772
1.67565196911
4.28604361041
1.71233344445
1.74393009342
1.59281127334
13.0106611285
6.93664157579
1.4361411844
1.20994284343
3.05066828652
7.71872421599
13.751272106
14.563209026
2.19142799248
11.8165000376
3.97840881507
23.5617072133
9.99875258824
1.42239621171
1.36892020819
8.64168509947
6.15754199859
4.51140106305
4.92249068971
6.44179476543
2.77496104368
7.38784589502
5.40243997976
6.82850918901
6.73035033515
8.37561399388
2.03994891262
2.79160148422
2.91722565881
2.27603031926
2.3352562546
7.56524756129
8.9954617089
8.66516505912
2.64375354399
7.43070196573
2.26698672639
9.45935822539
5.19051458483
16.9783315845
30.9304102955
9.08652210917
17.3500905453
6.97358968938
11.9832693556
12.3121072435
10.1968019631
2.86852655683
1.8570529971
3.91166254524
7.69664118369
5.28349245666
3.48930327368
2.66710414615
10.1764047113
7.40601423337
3.72261972956
5.38443362846
6.73385828753
6.40176371738
14.6209327583
11.336809534
14.7873234907
19.2035212322
18.42589726
19.0676186808
4.81101036887
8.84191512443
3.25711399209
3.11070886554
7.23163552578
7.66173657823
11.0630804997
5.73390079444
5.01392326463
6.42012149534
8.10103336467
9.22713361779
4.33449978867
5.38785277859
6.78790756447
28.0082892816
16.7870433258
20.6287703489
2.91926810688
5.67351500727
6.16734757757
9.62438070026
5.51235966272
18.1654027719
4.39813847828
4.56606388317
4.19959970475
9.25481286353
4.10598210551
14.3170409039
6.88433800881
9.3309440928
8.71948350833
5.14733400028
4.8970718257
2.98081687773
3.66128319321
6.67057457037
5.98932576699
7.43581420519
2.95980484017
3.18010341586
20.6862566995
13.7320942023
4.22413571077
4.89998777312
7.81038884231
5.25209551609
8.7698468164
5.93697103114
3.76471154573
3.57435181416
6.34359642133
3.33395384954
10.6774841595
12.2377600572
14.2354734758
5.05206703735
4.04853496345
0.0
0.0
0.0
0.0
0.0
0.0
0.0
0.0
