0.0
0.0
0.0
101.993310841
204.638648776
599.757142118
779.725261722
1791.78620951
237.15179017
315.414997606
316.10533502
206.91381951
202.097334564
194.563086936
195.421790781
166.421764639
154.956248294
134.916977852
89.7152101814
73.2852245809
84.0090222978
55.2474652596
0.164477349097
47.4296547163
0.230109109481
57.4291867752
0.149602701324
0.161726605692
0.0950481250789
0.0517136303278
0.143136997334
0.236447352241
0.267303255966
132.031975448
0.292586260599
0.264090697703
0.233268298581
155.104104894
0.0410208471716
233.972784037
0.0
0.0187431520238
70.2776583272
211.099032665
129.547432072
79.6325427191
0.0182375151959
45.1919086784
0.0505254574899
0.0565543499802
44.917311911
45.3928804483
0.0149497636962
0.0475021964823
32.8293856458
0.0770738699435
33.5152738653
0.083621419778
38.1253979643
36.9317919805
34.456146056
0.0523590809469
0.0688391343044
0.0675489825368
0.0321815959775
0.0327969330504
0.0489272257696
0.111471254521
0.107314330827
0.102117017331
0.0963000066554
173.173761891
88.2440680281
153.684093933
0.0
0.0293938565979
685.538223237
1642.28767206
39.2783585204
104.105769204
620.488470242
153.270192606
220.365084829
168.672588096
154.165459167
160.455099902
157.353541127
131.168794594
92.9552543074
470.484713565
135.632034422
301.907375731
156.149385004
141.185044609
82.1911911477
63.4244509089
49.9132600632
0.182114584738
227.418883516
181.859066327
155.586533165
158.151661041
116.836148408
175.266214558
40.0632716418
221.876632579
235.65169086
215.056431415
187.94853944
176.451563187
161.057285546
151.941378146
117.939748446
70.9691147625
146.008389452
128.171925586
75.5525339143
68.0506485717
0.0420053209832
0.0545932192302
57.3133510255
0.119003950644
0.161530078592
473.745566273
0.16588234226
0.139650088786
55.0427185828
40.6419345386
97.8753694827
43.3266998279
36.8855506815
0.0939840578547
0.0835695561222
0.0715395336533
49.9616453955
45.3663362808
0.0406495313812
0.0357024584284
78.9790424751
84.5666538561
63.0597299569
81.2966102287
883.904771661
148.376369071
0.0958534203334
1131.59599154
2634.10788885
40.4586132074
438.720769023
677.374234142
431.242446442
387.741130227
340.271433476
285.411047957
205.721079311
117.212774423
107.599801954
279.957233267
588.030505556
373.992344947
238.036884428
227.949133693
912.859232575
48.374103008
63.8627296074
98.8232380902
152.485032297
163.973561386
154.933574731
122.405963043
79.2822494631
487.771524585
48.1748815928
0.104436567826
53.2166846861
49.7852344215
0.108316991952
0.129980099652
0.0230684366186
97.9461428449
129.167660032
81.3838593315
63.9394695037
52.7134183194
0.191754085671
134.611545829
0.152690747467
0.145480505162
0.0266076381627
0.0483531262424
0.0905951835657
50.7088053026
52.706998098
53.0524150309
0.126959431999
0.0405261620103
0.0462469387693
0.0426269910055
0.0517032120439
0.0151764419755
0.0213767849029
48.5622913032
50.6713480258
46.8328566413
0.0262039741344
0.0616476648709
0.109550880893
246.880233107
230.527506316
184.020586929
171.640098284
0.0632067352263
0.133437563283
0.177306513678
0.215064822281
0.282573596711
31.6154328942
0.231070276642
158.377069301
245.956938024
197.782369205
172.782270151
247.126902053
182.737305161
159.370206283
284.196932841
566.409760417
205.269017389
346.27670154
326.402565228
77.1413307001
0.358608359785
186.03312298
150.575253587
0.248032552287
0.236314420238
0.105899525553
0.287285917176
0.300265042753
100.089350729
782.37244239
0.233008156708
50.9993717148
48.4583052471
49.6289732139
0.167366922556
0.178122042368
44.6510861799
0.106348400434
0.13083616111
70.540721558
167.409231472
164.035649326
154.782752474
128.469793045
76.7091258225
62.385137999
0.105619843506
0.064686648744
54.4407416601
0.188194911646
0.14705194413
0.109682631948
0.0917252739948
0.0834273454459
0.0692054000966
0.0658667037973
0.0625740531294
0.0609806561535
0.0557787952335
49.5831280963
0.0385421064503
152.741280903
159.532715666
0.0524816500432
33.2929035992
34.2586398962
0.0847251718689
0.0516743399961
397.795174254
1209.84908531
101.682088772
39.7600919681
42.9962041278
69.7960928294
161.74037793
182.865641431
90.3965846013
82.8680033175
55.259501982
40.2103511708
42.9148970677
53.0372577418
62.7474239151
64.8975606767
52.7200468312
47.9455908008
39.2231204659
37.5064403648
50.8468989765
52.702883692
51.7741481061
54.2607159986
47.5650142515
41.6828509774
1.29224197844
236.372261348
32.7257964634
1.09284185681
1.46375522741
1.58562511904
1.38290030817
1.43151766835
37.5266956272
38.4039606576
34.0821494864
1.0865472831
1.85488164316
2.2504079707
38.9700534064
1.39153164862
38.3832761435
32.9400854322
68.7793325619
117.303577577
71.9548976211
64.8058663969
0.627963674014
33.4443903242
0.764624895013
0.844375588378
0.828668410695
0.706219570339
0.712566018746
0.825537163968
0.655622429779
0.73468687116
50.4851872108
0.947401633416
48.6346914057
0.587996393943
0.654160848419
85.1952632833
1.09193528964
1.73340049678
1.57544790678
1.54190522204
1.64590733136
1.14352395855
1.04786356018
1.35172126947
33.5216585842
46.0241046424
39.5563750755
34.6567101486
0.667166940284
0.717570143579
1.07763730549
1.67863295091
1.43572548195
1.40161642333
1.00375624104
1.6328915611
0.991872975205
92.0769706782
0.763806411977
0.639581729699
36.0238771304
383.851318019
398.681512562
432.663851338
287.975218931
183.232089939
173.170143376
118.031153752
174.23642394
192.501335495
244.514649271
247.621150246
230.21387873
1.27043511425
196.317037402
1.11845956261
177.432453696
139.105345926
150.7251022
100.949742005
100.890097212
110.400060183
120.212362438
1.35894391099
67.5913378394
73.1135548541
113.416170203
46.1794908008
1.35650545306
1.34868003307
50.3091358855
1.47888108065
59.0102875868
1.06794311217
228.679104122
33.4225695969
71.9979020021
125.965886786
70.0185413957
56.6300000043
1.25454233374
1.07647834512
1.1739944897
33.5071903521
56.7125211306
1.26358572804
67.1811679846
1.06656517041
0.942156117371
0.778748124883
0.634188530132
0.73354824293
0.631379520242
0.615624169907
0.531742034821
0.590330848231
228.863576717
120.49169015
0.585689433362
0.654593282722
0.969414485573
0.989914219381
1.4105503657
68.2672211589
60.971895143
40.8055926917
32.7405045544
45.1031734926
54.5847243272
68.3685235987
0.934459618122
0.872958216846
271.782413079
314.068585526
885.116549963
361.021060167
2.29840189882
1.37970190376
1.07844658828
1.41579441404
1.58623019286
2.12221281897
2.31273608112
93.5742613344
2.54430823259
2.57174013038
1.50159858869
558.075716043
1.8460887409
1.51167947115
1.2668552948
1.57423766686
100.285306716
177.34052582
3.57958734761
57.8120090526
2.41366114339
355.815385986
215.274846596
103.176928614
123.221740639
114.800593536
1.34284770305
2.49116615067
499.589524036
197.851381477
2.83051035477
2.87202243843
2.93324225001
98.5898363972
64.7054220205
53.0679856111
1.95083094457
111.088915275
60.5601748137
67.3337967995
33.4170349645
48.1890158265
42.0675291383
2.74046474544
56.1873413656
2.85201531059
54.8534250279
1.4921727152
1.57807945871
58.6416504781
86.1389942802
181.145675011
145.173799934
70.7087907249
65.3693167851
112.795505207
57.5986131348
1.69494833642
1.68731891091
1.23567684983
1.3431403894
48.0198670726
42.3165071729
1.54388461625
150.236953683
130.940378766
83.6497777655
69.877949393
159.819454985
34.8330101617
55.1191917444
116.813308619
237.665055855
134.914155705
35.536765138
2.23803912843
77.1717255437
51.9585463049
72.4064402046
47.0829712833
33.4831123096
55.7438999554
37.0539011254
32.3334630029
36.4709590168
1.14328208995
71.6170781159
0.881732454256
0.997145972408
1.23366057837
1.13153681909
0.946036494145
60.7730449689
54.3141288848
1.46138244791
1.75582430444
1.22901110182
1.56051822244
1.37103059871
1.23922550882
48.6637552475
91.4889155641
34.040394284
32.5901060622
0.93724078053
1.02273976204
47.4866759188
0.93283958413
0.98148819892
35.2741295038
167.584164369
39.5385395605
1.06926374015
1.0357901825
99.3028152807
511.411728177
847.273663733
149.931282874
67.24413418
0.600424335133
0.59895149698
47.9489250297
1.02928674625
0.97567316604
1.48000743194
0.923893884085
0.910902378362
98.5357119514
101.598575431
40.8156270519
58.9604258554
66.4600862496
111.923640599
41.0442015526
108.272145218
63.2610497653
0.899952240548
1.07925408928
1.05923638794
1.07943630169
0.823224021117
0.763042736749
0.706654798068
0.559614056992
0.248386950342
0.37920319088
149.257991074
148.768068068
146.623005101
143.901989024
141.185412847
135.882368053
128.4462561
118.732137366
111.642136583
102.479587675
63.8331003982
57.9695424636
0.710308713271
0.661866741357
0.619409433556
0.420948673667
0.40520731274
0.389692874367
0.3749350125
0.536711759795
0.538176447339
0.5384986365
0.534841413771
0.52561323464
0.510484015096
0.489858483048
68.4417529275
0.43712816974
0.35633190036
113.001994216
148.055855243
183.031882383
215.608119985
252.124456683
0.279215058013
0.311365327776
137.852313833
199.554641731
36.7399276398
247.591654888
588.704767612
510.640646673
683.285834544
684.337509541
294.781239843
49.2841892676
0.953796625128
1.15560551667
0.916010960675
1.21836055939
41.0697825605
59.8816796119
0.614059575978
0.433594975566
136.85564274
41.1418698909
43.001100907
106.397950374
66.3980028874
45.4342902341
0.26880948479
34.3022355859
0.278909855412
0.268367725798
0.303197866236
0.291133140051
0.280920755599
0.28389194615
0.28668707577
145.196844429
140.189508504
135.907570249
131.342781508
123.861235511
458.734868018
169.340244393
177.910600042
279.447305157
274.960307314
258.137531286
239.594001314
217.942852982
189.893818695
165.010158006
142.972780594
131.470661337
81.6147585719
74.0151089968
70.3116732379
61.8851700476
51.3889479793
0.29818404924
0.337568305479
0.242583555127
260.468856587
50.7958871384
62.1691070596
67.1222997556
68.9593181755
65.3845395755
63.8327319198
63.3267701471
62.5314348951
57.9300234771
51.6179663838
50.21146734
0.192126943424
0.193760257567
0.191015200865
0.188601964986
0.223159036252
37.2887841753
757.335473768
1220.53803903
57.008322975
247.632475163
887.726846947
0.888792716307
346.756624772
278.468980489
255.471973916
191.456651035
0.393809926022
109.089501422
0.297534068985
36.1480182386
0.620757842943
0.380018069164
0.822186809288
0.801575496914
602.989894279
241.658176235
189.202314668
52.4451684827
0.286744405953
0.142332722833
0.122670223044
0.133307524473
0.150885434243
2771.99097346
1215.5225951
814.034826578
31.7218430732
31.8168013668
0.428440962647
96.7897851492
39.1345278319
200.654771896
171.903493456
132.582382948
72.8277665223
59.9295630015
56.6813130151
54.6556167415
0.177788575627
558.418088596
1280.78833813
884.358362001
807.604545249
0.364037658411
0.297559811612
1394.4900767
0.284337469952
401.622645003
39.8561245285
106.934498382
61.0763059001
67.6413961583
34.8389841534
0.292794989678
52.5571666509
0.163772807865
108.256419388
0.14168793251
0.161191416725
0.217439577587
0.157479709427
0.124491022058
121.144535966
196.681141832
54.39086632
64.1744333455
93.7463108622
83.762628366
31.818012031
0.664854472065
145.078045648
174.352171629
169.12370227
0.36273233351
0.309431758541
0.348496980635
1079.68007044
1092.60228534
893.991894488
781.136767348
477.337280382
0.318997807457
950.861997472
918.596115642
665.290141399
32.8621117499
38.2345626431
51.0415166861
0.244296188054
70.978704315
193.891787175
558.305586464
508.465344475
402.119283272
0.23087227208
34.6119047759
198.283828953
231.595851102
86.7615530473
81.1052090876
31.6421457292
0.435520296484
0.589838563589
0.281057252437
0.149222861664
83.084792005
48.1897237467
0.248966041053
0.258755941959
0.248790230616
0.208366344914
0.1659564885
0.129966088777
100.248716527
84.4980171786
147.940989464
1522.31185204
1697.44671653
1581.6978895
1079.33096636
299.681041712
0.464896807946
0.593091330343
245.054974369
617.651926757
806.757500252
921.092276848
1319.68361109
0.462748786216
622.024968732
1.16082737177
0.641314341258
35.3721415365
0.851031526655
1.03974584641
1.16433109804
0.921078155419
1.0206836503
2.20540718146
198.072024265
33.3616447185
1.97164800727
158.294048976
147.81726035
165.211835824
79.7727863991
61.7974617966
40.0068029828
0.261426056281
0.407071740413
0.365277634462
0.344825666816
0.183741468455
0.233986081333
0.211152338089
0.150774583075
0.153531566091
0.190372716745
0.180970209779
0.173709753932
0.155970118265
138.793444475
139.108821645
141.548434889
145.792556225
148.667780284
0.183965797733
31.628651446
60.1047543594
43.0579299216
0.258878038497
47.6014173729
0.251289855046
0.178496836148
0.232726279319
0.264397135914
0.259755957837
162.041281504
134.412331291
75.5500572766
0.312702523715
130.445480128
59.9475479898
0.165725844636
0.150335267836
0.151432998665
1234.6738861
1077.76653875
203.456894329
139.912964637
452.945840495
498.321960873
509.860260938
0.0885322473871
124.276562198
2377.24138871
47.3140557912
2305.09868036
0.28265033731
3509.23505217
0.162270109717
0.32946582895
0.279456682834
48.4406894806
0.486522788817
0.535567239111
1.03232310554
0.814571534343
0.783269143637
0.864723597549
468.001141133
38.5631247619
137.719312055
0.56759422097
59.9639155909
60.5345137815
207.810986573
71.5782567251
58.9751273035
57.3955487718
0.31610927853
0.294004245358
37.5707246771
182.920515599
176.373501081
170.50119514
161.609574648
33.3056850801
146.45909189
139.074520024
132.550941104
129.896753102
124.209712887
119.491587691
619.696988335
39.6216006762
0.25854170616
0.305315455619
125.958753001
102.895281909
56.2315115328
0.43918521792
411.681650049
390.492173604
410.717255468
417.133127677
427.32162941
432.442316077
37.5234979481
0.547177262721
300.470044634
245.431592169
210.05107733
197.772910845
169.224449629
143.345721781
134.55481903
180.69891778
206.792976339
279.008213395
244.174486087
197.171253456
153.78797904
112.017758948
52.1457468256
0.6939590399
329.358768631
298.945304881
65.9961977173
89.3977914692
0.763045832768
41.9616363962
51.2908154249
97.0287851996
1.29140470798
72.7696400161
36.439137882
32.2760472091
43.6268812758
34.7078900211
185.838694166
123.212109145
48.7549767213
0.628600360191
118.514185972
625.297321803
846.241939279
0.466493040687
745.880004864
717.967678693
181.471364022
118.284013805
191.234052873
0.197346553872
0.157994528469
46.3060042934
0.164596806542
0.238858471124
2548.86413056
2126.63832252
2723.71384211
1027.47049781
549.455370572
1181.2052647
1011.98045794
1211.83106819
821.040726901
434.19966592
165.817018404
74.6315109774
53.8927161376
0.345908675776
135.616424032
174.173039988
41.7960825818
53.2862926738
51.7763006633
44.6000985413
46.7134221766
0.235973130705
0.199331970995
0.178759024764
441.081712431
239.76989423
52.3350602349
0.222558000359
0.209308779851
0.238908200241
0.191886311755
770.28972938
45.0707684343
32.778136492
67.234589059
152.168216233
325.319672297
323.709026608
223.594087146
135.744631569
0.358583551587
60.3930683775
60.1303962257
55.1647400632
0.459471943253
0.527758678937
107.888859577
126.365656844
141.181526037
165.902048334
131.266224637
158.489170269
165.895476113
172.933297173
146.279039665
170.103267444
148.742876231
141.872891007
112.394483155
478.246003717
570.484173806
1149.15201955
1469.18205632
405.810356687
570.304991479
585.137486403
0.466590017388
57.9891537046
128.246117483
204.138690758
174.270906349
39.9446685192
0.294443190202
305.760870578
414.721110208
393.2060207
116.29595443
0.678579721438
0.786320802967
0.542263856874
0.882018739191
35.9229892029
432.213015042
669.684923551
533.520231309
112.381362919
628.025264563
184.338740194
425.497531161
285.388200001
94.332288931
179.699842847
58.8780396784
131.13635201
94.6752505894
35.4744781126
0.156256021594
0.145730555244
0.134983299063
0.117539403663
0.106591069403
31.7507930278
0.0962391006655
0.0664176074391
0.063435964555
0.0677480192432
0.0667463159489
0.0567471480814
43.1907605103
0.272543231824
1782.28127084
55.1438555568
0.754614034165
47.3487692191
87.1017430774
37.3153937488
126.565230281
71.3407987632
0.534557474975
149.632260808
85.6222958224
40.2307713095
0.427220036516
0.35783281621
0.417508007441
0.556897805611
42.9617826894
216.42029251
271.204842638
0.953716592425
0.895751623918
51.9717095428
242.266509345
1.05268210057
133.470327684
1.04379944432
206.721721879
105.715632971
173.848278068
0.981289736751
49.5433368321
32.695312273
44.1888277844
0.879298832832
31.6056218733
105.377566582
56.6719003267
48.3579586281
53.6263921293
35.6666332058
0.661730903725
46.8851250934
0.845392843981
147.810474741
33.6895116032
256.804612665
0.666279190417
0.847371970703
108.161195723
1.74534448978
92.2192956612
0.86217476274
161.52042905
461.551103113
0.387372266575
120.217623661
0.698278872665
79.001035781
32.1634265848
56.9114009384
45.0527361236
0.397496987476
51.16434479
1.05121716593
43.1281514056
189.666733403
516.828974629
670.203129397
262.660449343
43.3361347132
51.8657243515
0.930819148621
0.82964313592
42.6464504329
110.348324119
0.663089925723
0.655953969755
0.718187472125
164.073175015
196.729294336
171.809921751
193.762707314
129.411187423
36.3820111633
0.725860085658
133.95612463
0.554071443
184.327898081
0.913707562254
185.333208431
47.3176224942
0.566018814115
159.003653455
0.619811032101
61.2071663486
50.4686218424
0.756150834352
0.93738595383
0.994097058405
0.701256584139
39.3430192992
167.550276523
197.071076678
0.544091754279
1.20912637127
51.7689959255
32.9055655686
0.883689928701
1.07114382279
131.146381764
133.326025361
0.789386647809
229.445075773
263.965287208
206.351500772
144.208904419
116.807104334
226.696778607
0.980890591693
98.682677341
164.501451202
171.60684509
64.7883110976
101.497684065
35.2761051359
0.987496018216
54.6747662357
65.0541786885
134.063696048
0.663055749958
124.106055505
104.86589993
369.886586137
112.462144868
34.8356060544
131.998782784
324.381937709
33.6080619879
1.14836765339
36.877452169
1.11245396379
0.864662314735
36.266464591
1.31210186236
44.3042729537
111.416924972
88.9664155978
141.664751054
153.728874841
51.1371586042
59.0261753927
122.304823961
186.34255051
55.8751410539
75.7416221124
126.310412876
33.2395357216
1.19393503876
1.15265763133
1.67619839684
40.2908638755
146.565658056
37.7332555453
95.3382005685
155.708300799
858.958731065
556.602538876
592.692980654
652.904781576
829.759361916
718.648607629
1102.42324182
621.425060727
84.3635289443
211.095106937
59.4993697595
78.6225379296
43.0967607508
1.6965533171
1.42364860186
0.384323751509
1144.94941124
0.281472489462
341.048093064
165.25953005
0.468253126747
129.765993498
133.78542592
1.01999695071
142.198831051
288.386879256
1.23807456867
81.0749071073
235.129669164
85.7321379764
0.63107445605
2982.53798164
8551.74100018
3615.77174003
4155.52328827
3199.94345986
93.1616310371
1.97780505069
2.49724477302
83.5714134577
1.40376336205
131.030217977
2402.4462719
81.7650882754
1.68292906974
88.8176809474
103.086924508
97.6630739296
1.48728328239
2.68650107265
4.8650498751
157.473546979
119.686784663
125.243188656
108.680261304
8.00269199271
112.011379548
115.988164525
660.505066241
653.397690023
847.155699308
645.5591272
727.815005888
883.466701245
732.444217206
6.01595434622
180.076318087
248.790864368
1.89911777314
1.78004000535
1.69099523347
85.9504281553
1.46090718517
1.30530856509
1.14174831314
307.615639756
312.89029014
292.168944641
0.860681615973
177.204786807
152.65688938
0.769575872776
276.761950357
97.4962304362
130.304872198
134.949445906
140.554196254
122.056635694
1.4147448874
118.214013326
1.63028357911
126.577909633
133.132761695
2.08217485035
2.33252307847
140.63798597
0.783090457775
3256.07210486
0.975887339894
1.49269927891
1.78607332006
195.121587175
304.045378019
273.449548071
257.82637225
125.925703848
140.234125046
1.04571654403
118.865666956
2.85001118766
117.998045471
134.817273282
3.50197377239
0.822795827755
0.830008983187
0.903325895067
4.10317001474
375.987685922
299.948135056
89.7092513505
123.904386338
116.340452428
4.35132846677
0.941518680476
6.09076113374
144.144118062
140.667214574
4.60078174288
132.926482899
182.85252293
136.383670795
297.338186668
693.502198706
546.510498208
223.571642506
3.5381401302
815.379708639
780.611140038
1.06621531617
403.261013015
388.401324059
253.906367057
146.694338591
134.765611872
352.104727898
314.174065402
0.397494078106
0.633471357515
0.598855614356
233.470464759
455.508954775
0.665704260721
0.550408891315
149.548201146
135.650705365
264.895632838
271.128198815
135.198403282
97.6412268461
105.264625308
0.253610587003
106.576075556
8658.90744667
4105.23545986
0.754733799028
6610.72922683
0.589477856784
0.85532011851
130.449591257
129.039623762
88.771596339
103.353263146
111.235575739
0.62930476693
167.03189968
100.630819195
90.4205609361
1.94374363575
104.312935011
365.499188678
429.018473285
572.794397223
2.81240230186
2.45058157577
1.82503741687
1.50606711282
600.675257961
877.748595262
707.314520907
539.889754157
491.701648199
136.754405451
90.6453727261
2.60845402265
492.707032287
2.42958843583
2.53281952108
135.216450983
4.31598903982
1.45086423076
1.50669916766
5.2109228607
5.8143967688
90.1913910681
315.653689508
173.371886463
132.801295093
1.95463243618
2575.91252605
2881.64970274
2926.62676049
1365.2871745
800.04093488
133.016664433
316.327950472
448.708021402
4.98831489461
1.86201449464
1.88358642324
4.2432163634
2884.64273687
5.19408645936
323.783326703
378.383255898
294.914646678
135.003234854
2.2729921055
1.93183311652
109.38434863
2.57133307498
2.32543295651
270.23561691
103.068260543
2.48202333697
2.60848281377
305.941689569
118.787660744
2.41224798989
185.374143469
892.262615747
116.576654324
157.776621378
261.316326733
155.767669661
160.759374024
181.864239732
185.18349343
141.370290415
1.98984313545
2.4359491614
138.076088676
86.3358473293
105.625074061
93.7805096537
1313.55844228
501.029849469
951.071926806
3.1764682453
2.66108228486
303.171880624
200.276701543
281.754575495
130.397930471
2.8966992063
2.27238820275
171.542990124
100.766789628
3.47629196244
97.7105651368
3.03655551013
1.45165109347
88.7087928259
2.150220023
462.314719619
4434.14369253
3314.40873828
1635.67288776
2501.96828077
2317.3473485
236.685382263
100.83594171
874.688462251
279.502713087
172.738576304
1629.5874855
866.533795481
283.042561716
196.070817763
1901.77807585
3.3926481229
293.615305845
3.96517425845
2513.15470005
4.17667377022
3.78679861784
4.23533242602
103.065560274
4.23254610984
730.60261058
210.734734877
206.598841413
128.305063912
2.39580504516
2.07178395811
129.157981559
5.38031410498
3.70148340662
157.490961298
2.83215662882
2.64857921133
87.5335903664
3.46834760589
3.54476486886
93.0636876457
193.308637316
184.240485163
200.569047555
339.247801558
196.469796861
9.15137553133
326.510797379
395.937435476
149.428335383
12.4201262299
247.508450276
111.493387436
105.8244401
231.975519468
8.815478545
9.82787259809
9.77562199965
91.8052932798
9.96178046345
13.9986973222
14.3285329356
100.488512438
12.6859150978
14.4455510151
13.4022044039
195.335326446
4070.01607118
171.668461069
12.5423291014
132.345053124
99.8903727595
110.436562675
141.135275666
127.940991903
12.5539666193
394.883020438
122.14508925
141.61668369
106.542990583
11.8537085173
12.3403418206
12.8659025666
12.8467285198
12.6607997804
12.2106015396
9.17387763027
9.52119952976
164.190422783
2.52066749428
411.309088536
528.414411334
3.08067320732
188.346417758
112.354098841
90.8200180331
398.48004808
97.8491043645
310.205446542
1.12537420069
648.578124039
0.792541142109
0.71349888196
1533.95834307
621.692443642
1.96688468678
2.59360708589
847.743169769
2.2890064629
86.8422908681
103.55347388
100.78571899
1.61741506429
754.219758291
0.990633492475
1.03171103141
1.22270118065
1.45112553998
84.3167639758
336.918537715
497.013978696
750.107334638
203.941537081
1.49162370907
1.25114274053
308.382051052
2.35570502594
167.903814019
278.174724424
128.481714243
167.586352415
140.157390717
2253.13206151
1981.58311003
1.82710664852
1.52828721023
2.12344486723
194.163365622
80.5783250528
166.265538123
610.965293305
115.672563059
122.1621063
802.620309458
414.545212954
298.802089863
287.139788213
1.01955675019
129.012189653
427.456300041
134.432446316
1.5890360298
134.21655397
653.422466398
4.10067813875
879.83280347
2.12591844471
1.44368428415
145.624896289
291.89682826
2.54722047483
267.080987001
1397.18571686
1.38691800712
2.06495153768
1.99378196208
130.284086405
219.915840652
1.96478142489
88.6696305626
83.2069937784
1.16074738864
462.663542471
1.3842358143
1.38337251486
138.174220209
1.31989823077
1061.94539242
106.391642492
297.240486328
1.3953285717
93.3963572601
137.783230902
128.412016161
1.60176969985
118.522443897
1.92056274354
126.01452659
1.93299468063
356.209305361
1314.40185642
1.98248659355
359.01829642
2.28918521027
213.25869374
2044.25501284
319.756028084
121.957495765
2.89777830923
88.1439907537
1.87322183373
98.9181217729
181.891819979
142.167320907
3.95604633668
1650.29619884
4.30992347145
271.185632542
6203.41014865
4138.86614633
4059.05265891
1467.26304167
425.982068326
89.6409553649
978.471476798
1181.69430326
1911.42858191
1548.06500791
370.121178192
722.197118618
731.810724348
4.53914501104
1108.79558659
5978.45233994
185.157915098
1.77495040269
309.067123707
185.726441963
445.598405878
1.98680722334
1.91629628333
2.37302716778
271.857101937
361.915278428
154.742440389
102.411560683
1.79152501459
2.02659437296
1.93088567284
116.646652939
97.6834926144
323.698838242
485.0288508
1.40034093742
1.76296817056
1.69028267839
400.987363998
423.980884844
366.358735229
307.63539556
330.442869263
440.117989488
365.931975982
2.27732305812
126.425895334
193.016305618
172.920261134
110.056285101
549.174966223
1057.26123635
200.650439018
2.49215167517
2.81887689397
188.006948663
349.409356772
319.254622409
242.375374658
1.3679643595
1.38944942737
1.38260204013
0.976590991482
1.39644267042
89.3968637303
1.46470987245
7050.16847979
2192.72600106
799.516334451
129.924150017
440.532747489
141.054527062
165.59961406
119.807600211
1.89720632724
123.38577644
83.9077499347
1193.69207387
2.83177667179
3.67879052456
232.291658946
88.1921368967
2.78378648171
1184.08257644
372.176981311
1809.60874479
2.13813869834
152.069517876
2.05412956041
134.859836253
166.105257005
1.73737656512
81.6009542182
1.47199742805
1.65495770981
241.182025372
4213.56607105
4643.32008274
5041.6921706
5365.11370477
528.56666954
3.1484239992
140.113817098
6052.1527912
100.358950042
6186.61133606
115.954922346
203.185928664
3.60918159513
122.802982765
359.898747937
370.248508712
462.526178145
101.243872629
313.451186057
159.349079752
593.574834229
289.631951352
204.620730515
84.5356740101
5449.57304658
3.24738503027
3.6310591758
2.68482223814
201.953840225
89.6512152957
273.561396806
3.3714074913
290.7447172
535.523505375
129.887243721
399.071126156
4.97284070189
127.923709626
4.41872643617
131.445101811
378.815632699
336.208492563
137.008611945
174.982821451
269.125890783
137.806982781
232.159571001
131.826579488
107.32235199
1.79413680654
1.66773363821
1.60604670609
0.947968465534
0.885531867728
0.764166312062
0.703671120743
0.807533788717
339.197825202
0.865637095049
1.1787003409
0.938191085927
333.944574016
1.31965640915
458.258393464
517.78556421
217.110644722
466.604488459
314.031997465
121.559023934
164.018515026
1042.2609841
2240.70534702
1995.17425962
643.9106108
1.25608657015
1.62605384048
2654.87182298
1.4036599811
3043.89491017
2.27772639019
1.7879222477
0.984097153145
1311.40400945
200.28793176
229.199879372
362.917427594
315.525251348
187.896298797
307.648381472
272.487544943
131.433605913
135.785008697
125.593884988
186.147895509
248.859687546
152.42244016
266.164364485
116.421295632
110.260026858
139.586433793
101.10328423
98.0867656531
0.865654221901
0.852097456852
1.11656324819
5832.03013911
0.638735652336
1.6685629963
1.66183545471
2.27996874418
2.34827403696
2.07011521669
2.07955482414
2.05624746067
2.03315565554
2.29862131735
3180.21255294
179.015993202
461.913801991
1436.62601778
1092.84822184
827.394055884
357.409430497
121.432242519
161.712697424
755.015703939
267.317541849
321.473630436
92.8851443299
179.131394803
264.610190558
174.356905958
167.563099688
0.98284965279
306.171149693
1208.8363638
225.505375665
4387.03626657
3476.1383114
3407.03985597
3314.71032746
2395.03530283
0.679791530737
472.388825294
1.13026130042
2976.2947652
0.820369495952
390.809658558
356.750564482
551.495350016
390.752804103
0.296296708934
246.990938448
95.5737221195
189.920507328
93.6247755355
1157.35610953
658.620797573
113.76390569
138.291940852
0.0478779356235
0.0523180976013
259.817937497
167.18128186
291.066553055
475.814074677
112.948423711
299.069880816
200.034816003
184.641987426
153.406673032
131.479557823
0.00816851385292
0.0208721518707
0.0223792433076
0.0236906994118
0.0244587565188
480.878492589
565.695780465
345.368136333
0.0721173341571
148.295960559
123.939304366
0.0433450004603
0.0386191877293
279.653578055
0.0317680875163
0.0149763850409
0.0
0.0
0.0
0.0
0.0
0.0
0.0
0.0
0.0
0.0
0.0
0.0
0.0
0.0
0.0
0.0
0.0
0.0
0.0
0.0
0.0261428197248
0.0363286375385
444.846846713
559.203411643
520.731168159
465.677552424
439.721396191
404.759773123
342.776837926
306.397951404
281.055542326
268.554387523
158.707898963
138.375199551
0.667354971746
0.672460749888
514.501353158
0.88285140912
128.295886109
0.991057479277
0.49551876877
0.516034151393
0.569251888165
145.755119375
193.582141273
528.172450102
112.777034156
505.15449597
427.383040728
372.747650123
317.830305713
144.91009434
158.146805679
0.701075396554
138.378030525
0.569943284143
1.21053207802
1.26007431585
0.930999816434
121.716031077
142.190486144
124.137444767
0.800220753664
0.707323959103
0.545039198805
0.610037978393
0.755153727357
0.738339655182
0.676682251927
0.666824313554
0.465745356891
2029.42761402
1.32491222754
234.946303064
132.700273606
96.7567265171
81.1708337024
1.61120092317
1190.72891494
1.78929265653
91.7093532812
90.2858061235
81.1093665148
2.04332599672
2.44593346979
3.43337489009
0.997417925792
1.44266620682
1.1234075661
1.68287465152
996.936884151
304.127088961
401.193021251
164.12672568
1.34921769504
478.557958075
158.328771497
351.924329324
416.906353139
5.18832324978
326.576305097
139.252090875
166.156020309
496.237623047
292.457069424
106.013069466
5.33059529663
238.034964169
442.764584453
4.87785186288
120.297053863
123.114013928
5.50310829442
148.574682477
128.543172994
93.2838369215
2.78305020173
87.9390342967
3.43818877302
4.11104545845
2.14525306757
88.7628938963
2.2092124193
1.79545376382
1.19881047327
851.611698999
1.40968151712
168.027427177
207.865626537
199.666848295
289.405886973
184.201603727
172.543898132
160.946425788
2.71272980637
112.074104632
1.22930101552
1.7437173963
136.991719476
112.367318719
128.22179246
4.7947703025
4.84494910784
131.872600711
119.298080844
3.57248239685
150.97486489
1.53055188417
1.95846807827
125.058583035
147.022618606
127.774689458
1.20613478729
1.33379746316
1.72756650418
0.984485146162
1.20944667088
96.3110647182
159.083863581
467.798962854
347.197566657
1.55118488887
2.68955576614
2.86227354037
136.750754606
2.18443608903
340.92647663
1.47598713027
1.16725533329
450.755709195
364.502170028
217.407671736
1.41309195611
156.6648588
149.78426148
154.663204456
396.952139957
340.973892513
1.20133588444
404.469388996
1.30043084634
81.1140911005
111.079842538
141.29408135
2.13873542777
108.039837334
2.26006823586
2.46861960966
1.07232428495
139.742266693
87.6378066486
1.59705865464
504.022116312
440.935672359
101.270190935
520.255106665
120.634556879
2.87133500145
2.0988299538
104.069803658
2.23818872966
5.70269613177
425.215554515
359.611779831
1.59039933865
1.4333739802
375.937297199
1.30506094502
92.9062705782
120.444182308
166.974420239
312.672708605
109.242299617
0.600386591854
1.32240235532
96.1636362646
90.2809148364
91.0034204226
1.42931427878
2.00060878074
0.847042782558
0.751573238117
159.673444777
2123.88672362
420.658816507
0.781311274866
932.906730759
894.591766729
801.72452552
96.2934725512
97.7120521738
0.718983664753
0.934074888929
136.825693357
1.02225799046
1.32524716284
1.03081226614
184.241464697
291.334796705
299.018732893
169.494354424
157.807681987
178.769014153
272.892893787
176.854391891
157.228789337
0.241127245212
0.262611732911
0.298355694044
0.339565607019
0.354426072888
418.896561574
418.351077819
394.441224016
338.66075673
261.867625976
0.340537518228
0.318461334207
515.817462586
0.27935378352
220.737489124
246.752753912
83.79202671
0.17280538157
0.255372820786
0.297822803082
0.291140821144
80.3226977855
0.272844865174
0.251895473592
0.262888313623
143.740898543
146.770951757
148.998969474
148.892488351
132.21537403
163.301331962
318.349424011
163.103245128
153.917183663
549.683247349
582.333950341
591.305147806
994.796467271
415.590462877
0.283123768724
0.305803826145
291.541326726
371.620506093
1666.25384392
3267.19219898
0.348583092076
156.24889864
627.453943936
466.241467263
240.757274018
346.06106074
232.673879508
0.665279600703
542.785758491
0.660678667485
1.17435859751
1.58172092245
0.971148669624
0.770178666633
0.698270302209
0.898400411167
0.767228869737
0.73001129256
140.01233796
143.130446557
0.430371498587
139.221771554
0.326432668681
0.335365095032
0.379226839237
0.370910127777
0.351207738053
0.317075491068
0.312957638749
0.355180569588
0.399124721071
348.276505049
227.943699765
240.224100755
373.632542174
329.460593751
268.04323344
164.242757597
151.963412397
0.290940035838
113.630307068
148.324350275
155.0946888
262.832061875
0.263412004284
0.243001251589
0.297357205187
0.293154706614
0.332428148011
127.551191788
125.690604765
120.99490961
305.592528405
306.401992869
284.653360523
171.973980519
172.602845827
193.686620286
174.958540689
0.424444916178
402.513928169
824.200365513
1315.33526655
1776.81693141
2202.74074326
2521.60098248
0.277428124728
2411.20129863
1976.36504709
1407.42848617
872.991569418
444.463854551
131.176376042
113.409426943
97.5306540203
515.700109164
170.363523143
210.384133752
0.345680880812
0.870248659779
0.918132563859
0.797974410042
1.20945408267
178.715145198
172.702763043
155.316146044
0.545716127878
0.38915182336
0.355366632674
0.325908755677
1048.2542598
113.639326561
0.688242080767
0.665926007187
0.642986787742
0.662770847202
0.553318295496
0.677846510152
0.60453776193
0.539759607152
0.487026885807
0.486551345418
0.479190212363
2000.77390781
2073.28605621
1286.79021028
1183.03458417
1013.05523798
623.226815015
161.905660289
277.01411808
130.606754542
0.496932960842
0.452161134628
380.43497309
185.939712828
0.340754804674
0.29500704301
154.863898372
1775.66871673
584.576052148
719.576109564
428.374993706
85.5407733463
0.181753841197
288.409820939
161.815956333
140.841784535
0.114034651677
87.3835766256
133.895835427
260.834976334
112.40937875
156.943080789
253.887255032
0.309335619756
0.275293308273
141.496093508
197.91175002
338.928861459
0.204811722366
0.153378607596
0.177638114605
0.0719177469743
0.290837574768
91.6520491496
0.645603735608
118.209358148
151.96496451
118.214268421
114.442797339
1.04349759558
292.164082613
272.15734982
0.804780402204
1.06746608348
1.01495938608
0.895163524507
389.313598041
438.358859014
281.643856558
502.208411177
332.560485969
600.382734595
327.777087902
90.8363684655
0.646940493174
96.4171807936
84.6915206239
126.341793696
119.799203291
249.751396886
105.45704453
343.946393039
110.348104306
5054.55240738
101.693740388
0.367041506023
112.809048919
0.78834003148
254.730751444
0.536126923222
118.301931327
137.217151563
117.951920188
0.784621633963
0.805143849531
0.767427864675
0.816901671477
0.728208875563
0.655959386242
0.602889489591
0.58080807964
0.544717687675
0.523479880911
0.51052400439
0.490505471161
2099.20030477
1302.50360182
2376.17264803
1887.14758475
488.468226696
322.821857127
1855.01894423
3084.25981189
2303.49956536
1934.07540787
502.554875937
1.25376278295
0.931670717524
1.32481510063
109.147778392
290.126781479
383.389058691
99.0223253332
0.57274827805
0.705626119169
271.877712444
1.35024425355
131.987453153
133.492329173
131.510472021
1.99670290528
130.547791324
1.29887211035
364.01637172
323.185279814
145.092904242
1.34075157412
1.29384797563
1.17497137738
270.15517257
1.08553170875
0.990933173486
81.3484805448
0.893384625988
294.567004998
187.093738291
1.95013838685
1.62194333946
1.61215324577
2.00703475868
1.96374897427
1.94956831983
86.4876802419
119.512955171
1.88115007848
1.46036403926
1.08795727377
91.661941685
1.19872060221
0.886651250077
1267.3246493
1298.37010797
1060.15703606
875.528118888
748.09652748
2276.2545698
2380.45817213
966.602594169
386.083516412
1459.7340186
3153.62463578
2622.6253683
2273.2256473
282.551107194
195.366871497
6462.08931503
2984.18124091
0.838784884569
0.890458374133
216.10497476
159.777019613
1364.57892548
707.424087747
0.673996997789
0.72142364226
0.917400096262
236.538405936
1.14646347762
594.593545926
341.641009631
562.167682298
265.54485517
436.489074499
1.01602428786
757.930887313
2.35595146441
2.21133731878
2.09909854705
1.95529626778
1.78493559246
1.71323040973
1.64556846772
1.3513916064
236.402613293
1.05662627096
0.833627672351
0.787276908559
0.685815952694
0.819956134957
0.960087995118
1.04243484852
1.14356290038
1.18583779199
1.27940349273
744.551367475
232.155653991
1110.93245894
849.527860409
679.971553471
0.371288349813
1.29425293199
1.27919706582
493.476411822
571.61697298
652.547472478
806.520781864
781.732839597
704.322306868
660.31420176
561.068269419
0.611025133981
0.480209013311
0.255606598736
0.200388003572
0.297656184129
2644.60171569
1792.75480257
4864.19915348
3036.6495271
0.413180273788
0.181983119745
0.162965427822
6478.5367774
6534.94517546
2370.84782143
2507.29828222
434.470120895
0.266481341738
0.251052061176
159.354132637
0.762229966344
395.451514706
256.876862897
248.565407796
316.371885256
1.47494020108
0.770076589348
0.340091880282
145.490294879
0.266169686752
0.261017784629
0.268806738822
4539.0443677
0.412720617544
2508.57304982
4349.86334279
0.684002088879
4104.94762952
0.776907413622
0.771555251361
1573.05532223
0.980409814526
200.811667721
998.973720062
0.91376303697
233.439792488
212.034644476
511.626888973
301.778054602
264.665779128
0.27011513754
240.117291576
0.288829609014
0.339512702046
0.241992415023
0.26338935696
0.16907101475
0.333127621301
275.731455103
259.396861258
0.206562495644
0.207106129845
0.326488552449
222.6644777
0.217069601022
0.231711242036
159.227748334
0.381013283417
0.462696183284
2080.31281304
0.380141696731
2108.92570699
0.202913884902
0.227236261556
0.301225925468
1212.6097124
206.412611532
0.356818707362
0.492597292928
219.467330037
669.578504052
755.492918151
569.337258312
287.057884584
233.086220987
0.310607347061
2118.47534114
1333.15606928
0.336769270146
239.581261991
0.639383941732
223.065835537
301.617924631
325.895508407
1.1242841901
1.61422119159
159.270544185
0.838325425583
520.929564824
180.130219017
0.93134725681
0.923757546684
1.01892650384
1011.71870096
532.489680517
323.919496695
2.08400213531
1303.12088764
295.829066532
593.727608804
510.052757115
485.997616718
551.470640786
301.536358952
203.836957902
180.661591775
2.00830612918
1.81467181163
1.86358805379
1.89489641283
1.93451678716
1.35096031933
1.15000897764
4830.49380857
4436.32057676
3628.80586185
3276.89248074
3441.72628584
2869.18926816
3409.9641774
6289.26366917
0.604266201273
160.400500719
1.19905452216
212.991459722
1.03914450323
0.714136869269
580.330144888
307.511956796
1113.29587409
239.99635939
1.00329043957
260.259758189
550.85336843
1.15010611086
0.974600346206
0.802025189561
0.772415239668
1.01560863004
0.778004141749
0.708718512157
0.538920070836
267.740831779
0.368106958071
0.616352647104
688.714265227
0.567530408934
820.395954979
261.347470928
0.718450451413
1.0862814003
0.986643459512
1.10944170475
274.866091188
226.856459265
168.12745526
205.220721753
1.82394041364
1.94414005508
2.00095519708
528.084413599
708.760003974
725.115247419
514.54789768
171.699751053
225.191179102
193.880305693
237.977606833
2.40547869443
895.171420042
3172.43316227
1.53291671582
1.55708085397
1.71198110945
1.05657879558
0.871097130398
0.984940556973
253.203404848
0.93517588108
1258.7423655
517.557953183
0.890144586675
442.01555684
861.226729154
1.29935145421
199.787910714
1.5559168347
288.199611558
1.91819186743
163.825182882
2934.74479559
293.065935904
765.708778855
2.94272332508
385.192864739
722.485535073
255.992229606
2439.22191532
450.496778234
167.286834837
506.821134416
192.096963566
2.42809602062
2.43678533136
2.04654294311
1.61642416874
3.41671068193
3.60992905045
2.97441728837
158.751243626
3.70876940009
4.70228710617
1.1424137657
1.05483019634
175.702904868
184.383349955
153.981202985
3644.86703968
188.991391731
190.357435728
2.57191692974
2.61972469229
4.00908890926
2.71268608087
6.64485272935
3.54888071366
3.66033219971
5.11928065383
168.800032838
152.300070955
170.727853674
2491.43062682
2710.31950817
5.82513902818
200.425283108
652.153377364
520.387882305
3.6448753363
3.62737942227
151.943033749
3.74976644822
3.70864499628
1.62964709049
243.250799448
1.24023847889
1.95436211151
237.283886187
2.14264829275
1.57631883632
1306.03993291
2.87442441429
2.9417112085
1.6658319212
514.127239026
211.54115866
909.376741044
881.932765692
281.777134994
1.57577293577
1.39546788084
1.52210220178
792.716174859
800.132133475
646.617414178
1.29918519337
1.25609261208
212.602965327
782.923687401
1.11193059175
230.652241066
244.446249475
274.697724131
281.278761951
1.19032617585
1.600580009
1.7914622013
1141.73213085
993.083994748
308.895884419
262.092256928
1.51329172841
2.12595995319
1611.62130331
5497.13779914
206.804122886
348.372664827
0.760053995818
513.043675667
0.784433594458
2055.53643452
1.27261658755
151.3810184
1771.3404164
1.20343109242
1.52365172258
1.16322253696
1.54915485406
1992.83079407
916.492138308
0.824248334743
771.031414342
0.741294402278
153.042626214
177.321314651
219.837828815
550.852061092
278.572140307
469.180592284
396.923163119
226.252343965
2.17758253784
223.359718565
1.76031409955
607.418455484
297.853312198
716.463692407
253.427765495
968.541663635
385.08404807
983.920316077
1.82104800456
849.186296911
353.865575135
250.519542739
761.21141276
370.05348098
1.96882215872
924.441334521
1878.82726753
1.6164100295
858.152107232
861.233427381
674.116666949
808.015305694
759.86536406
888.177253923
859.453510075
1112.38566729
2.24048388473
3.0070285529
1.98149638309
1.99959861756
2.20522184101
615.806235858
576.574996245
646.242928431
310.678182724
243.141380259
1.23943909779
215.871821625
150.873407129
3.19273545779
3.79511451558
163.322027048
2.48929344309
4128.62957145
5449.40925459
4844.14130364
4751.17672294
1603.71904787
2992.60322246
2.89066462114
156.164527587
2.90153729001
3236.6316903
173.017932291
2313.32645353
5.74095639267
1493.90474531
255.053749137
6.94689348818
380.675055982
3.90370967576
4.02473960631
3.84338788722
2.48001252278
154.833358541
2.10724224901
1.59706853864
1.83434591962
208.312052203
251.369839851
539.146473921
314.235321837
545.606343738
858.808300739
874.012215168
842.700963946
272.740715916
2.5312134315
267.047809964
234.479978604
254.452684735
1.26552793698
1.15111335385
265.306973567
474.378804772
256.212145866
0.893384680672
0.854083739571
353.184512619
528.489089831
1.04517105919
0.948122051398
277.159142405
0.734932155332
1.17084279683
0.853914735432
1.07742899832
179.332446196
0.832280835331
1.37501687968
247.780551066
292.809609031
708.445331623
470.522355311
300.646199051
184.706908351
160.825532814
1.35505994603
320.360961464
248.011852998
2469.98165099
3827.2615204
225.145734659
2.03939526813
244.24004298
220.041252656
4964.52497928
2.15792647001
1.83616223443
284.811854951
271.444943496
212.986502867
1.33209901255
218.30298746
1.24498734911
2.34026606962
166.470328795
381.111463304
3.20906574511
351.742184599
328.2895969
364.620553977
526.083569231
504.432162964
256.4292621
1.88147598845
486.650563746
3.01255307471
198.221205952
179.236148552
3.10818288274
2.42973282762
2.85489220339
819.920303748
1442.84738123
2.82046435417
3550.06045487
168.225112938
3050.66009749
1.94019141781
2033.81449902
917.13029823
2.25370191683
1.89029246282
1.68543955178
446.152393258
2.3221656217
2.22293441341
2.70740991257
3.37431608713
3.34730421087
607.25351486
172.398490983
354.898138373
300.412555971
257.552006362
3.26251845327
3.1635628522
3.92943380258
6.17825226769
205.552406662
162.246334002
3.41078362776
7913.62440154
6221.84764829
6560.02645108
217.374755261
3.95345925653
5.41705010644
1060.93764076
477.825649883
7.0174790792
7.92666089767
219.776612125
6.71961728593
170.549290702
4.53689601977
669.332366943
505.693484887
193.935742528
2.36741135939
2.35774615123
2.49388172569
2.68877601464
287.396647383
2.3593302727
2.83951284776
3519.96323698
2.93164273756
409.888538477
2.13757096612
3541.55408291
3123.13230992
1462.11144422
2530.88248223
500.430809464
386.159750998
1.31845021407
289.348204037
240.705868996
156.22995389
283.389036554
345.153103914
376.245875007
147.694273437
2.61806923618
2.70896708882
3.08365614041
2.92351689746
2922.84010493
1817.54476338
2974.96407645
2159.5799989
1306.3480097
174.413330425
468.346304944
745.9565858
3.52681943011
904.145549347
163.869668071
265.297735828
921.790990397
1985.09071167
561.566940999
267.663242384
257.92833503
1.78195566471
1.66834569551
844.943924227
586.029119446
1.67595389971
2.43047599386
2.09192423799
689.872284644
2.12215051151
2.02183326718
173.683844993
1.59446804202
251.357393656
594.51519946
204.120057459
1.53708937919
194.549797543
376.737913556
787.759985957
504.437329104
146.45882747
1.48017442234
0.716917390173
0.807705040153
0.782316038326
0.684204773874
1435.98640141
0.820287298546
315.568051757
1659.41123078
6007.10083492
252.363005482
831.036215839
183.948781246
231.713484665
176.554935607
276.716973995
2.5612614117
2.77258013792
172.769847519
2.99025436817
3.06031062437
0.785905430786
153.069382082
200.269641081
3.30937459631
604.159427477
500.820039054
419.241244607
2.47641892468
2.21758296525
3291.93688421
1.44509064192
198.301546716
1208.2810435
474.994628168
758.87276341
630.17470977
982.249336422
411.333390819
164.918595471
469.243957044
2.5923503615
2.6152470476
344.517224192
2.30424661892
2.21074011761
209.126873097
292.586992479
554.80981751
149.771516036
2.39886871954
3.194561187
192.81073605
4.36192134132
3.16859863719
246.5919691
270.466735252
3.90834434013
514.340268844
5.37067223262
4.30890610192
2.71013863513
1.93448212692
2.15032184288
1.38557267253
191.591853981
2.16636653075
2.71086060925
2.11110753294
2.06624125257
316.439047364
204.575449152
3798.46743079
3536.04690526
1119.27299261
243.192579404
184.589187462
164.191052326
461.129378187
1716.02473419
2.88723430919
3.41782918056
3.80474878809
3.62299063185
4.09041925542
4.11276645658
4.01212668661
196.661691047
1458.87922565
363.114488658
2.31746654291
273.396734374
1.03938957656
1184.89186293
153.69193622
646.903695516
192.941857498
2.28959096016
743.200152371
3.32448932611
4.0267026112
1278.95024878
178.550291371
3.92575858462
3.98891909283
153.695521184
4.06205014749
401.526466246
238.363296339
219.825554381
3.32895122431
3.7796090066
212.621514445
298.990573082
478.50417344
463.577795576
182.142054379
188.994051114
1.56945577109
490.928472341
2.65809831298
2.90178009496
173.453590466
197.123128906
689.282081136
6.65614347405
216.512299257
410.765984579
183.776723663
1.22562242908
3452.99510196
862.19232894
2.02351034131
2.00551364891
1.44390617387
346.274630636
530.630465586
228.099693975
1.28873349923
1.86346182646
840.656701465
1099.79059135
239.462574076
2.04910606262
1220.0593561
1163.17962324
2.11841628093
443.9930654
275.43781437
2.67123041175
165.265831035
1.90452015677
3.63655972136
3.49719542413
3.49999321891
3.55684832864
3.23401039377
2.93520238937
2.97348079345
4588.39247051
1.26004904322
1.59516501016
2.2841901315
1566.93273812
1.49948841215
577.304361061
2.11772537348
184.769383822
3.42154732029
408.182790379
645.998598271
776.293826632
942.152493035
666.853671002
251.495010205
192.552141928
1.22296078129
1.62669866027
154.534731981
1.85160243715
2.4968098224
3.51446669805
4.73390289136
6.33454302641
6.16691842158
5.52797818941
6.67047892255
309.598915429
231.770236333
221.661862869
196.745513948
176.567667429
6265.85328312
5255.59918929
856.903436676
5.22562337606
1789.63392834
385.096714008
647.840822767
1.74730644607
676.158259296
3.50324180439
2.02273944947
431.137122144
569.858892621
2038.93661992
1.60243540736
1.24902173435
164.035842655
245.209410962
1.63222823507
1.62353046453
3.20064409087
0.696436770953
184.246183255
1.34584086413
163.156596797
2.35913979371
1195.06812332
1.79579519462
322.593296841
533.197772195
1.65861682384
1.78212401231
2.03281453216
179.779408
4.78669117867
677.316986368
650.755066015
2.44182947623
191.130681594
179.738697438
2.90426686373
1205.94219308
198.464264003
4037.0511451
2.67770967597
188.202651835
486.36083032
1.34243920398
513.679706824
1.18169070695
438.890410203
174.781795184
4.61661348562
740.95353008
158.462489347
545.274321576
383.091789431
167.818268294
397.902111978
3.0584236684
2.48678058896
3.20207054087
1003.37388485
731.82853261
764.171516644
1.48063357848
229.036577534
1.75839592117
1.50803410048
220.34932196
161.903443881
0.664085920554
184.959314257
557.567102846
2.63167092899
1306.87835449
1.86338651097
1.95116561073
2.40260904
196.83171278
1064.08252912
481.133438249
1169.7768461
2.52485407596
232.602978551
504.481349657
375.860047877
666.476979456
656.519365042
560.092050248
566.799593333
1800.52805762
1692.24113585
2094.10515637
2.87006497807
585.165240927
1.55401995705
497.421335688
494.473675734
738.070713158
238.04034816
817.548541111
170.943711315
172.701952092
466.595938368
518.179373414
192.823754734
1.7971819112
272.201166614
684.824506
9677.07015043
1191.28669433
2261.32415819
1.4473482153
1.89044405841
3971.99064009
1.55384967029
0.750368492175
161.722206214
2.57663474262
3.05211498072
2.90793788469
8652.02138314
5.22043055023
497.969529779
5.47504240222
717.08812596
424.623739195
774.635094606
1641.67077642
7481.61833771
7.52596689445
3684.89486684
3708.83128993
1.20239663699
6324.70401851
4620.37576704
5069.04988567
6925.56411732
11.434161675
5.30300650214
4296.45648905
5.50871447554
189.81781607
178.844507603
188.917143545
219.137416629
151.061996697
167.599443456
5140.85392177
10255.9952399
4.5170125023
488.815138443
455.390287295
225.381019293
657.658272334
974.154695357
694.076467741
512.372789901
1190.29922362
1609.63950126
1.89368538288
2.06746648506
295.746412631
2.4156085391
3.94391550963
186.718288592
459.559778833
327.397901005
285.280350792
316.10385322
3.50140686171
6.26821873471
8.82438864238
7.02119261661
7.83283945895
169.636246851
2.66803552295
3.23857266879
176.43139628
3.82485180361
3.69374609556
537.236343311
538.074675404
4542.07242609
639.046083756
526.819509332
0.880818397859
1.11190356856
1.30320120693
990.240883129
0.963910580679
2.42814830242
2.94050610502
2.2927544734
205.85888725
203.059974943
3.42152004062
2.04616843823
170.319697569
277.790631311
276.921183003
168.85228952
188.600115157
221.675379593
222.504491046
2602.5302659
701.497716352
446.610333353
1424.56461158
2308.28393926
3097.17817257
3036.72825657
803.846265604
3645.34817956
2442.61234639
3011.1178043
3194.64175283
3148.77577424
439.231365106
1000.98780275
220.58550134
1.01023318188
699.389220964
1494.78043759
1.49168127629
5489.33472161
295.56008551
284.745769789
0.970271216139
167.664344716
186.164439305
747.326091624
2.6906967936
171.236331835
2.5638451285
1.98508797824
2.33731762696
3.82865953543
3.54907367766
245.238800723
497.019278833
307.794706497
2.91454420096
8200.72576794
3.23675714112
4.65330318642
6639.54869857
4.52461294414
154.179091854
6.05274789626
282.527540251
182.101774957
182.072232381
2.64676049815
4236.09516689
225.170141423
842.679767178
1388.31937944
452.234780613
160.834916156
1.53541871015
1.12672927363
1.35422296737
163.770232452
0.830469586501
159.512196898
1.66253998366
1.35332592984
2312.47423935
1717.97698681
1004.93009876
457.470093388
0.0
11679.1098039
368.06717693
6601.49243016
200.01232847
232.545438456
174.720472834
265.676444028
2800.61456167
1116.98203781
1554.63828935
301.547304089
565.699583379
389.89759328
1.65707085485
304.223576121
1.28558516532
282.85871828
524.122377674
307.362193883
1.81153838333
188.120142292
1.61141741627
1.07807976701
0.964353560059
1.28378951613
1.42829847687
1073.31590458
1213.72666517
385.119721388
687.483372018
293.11649674
3.72902888343
149.902935692
218.865776693
246.431429586
287.610757738
611.227939564
2.22537872985
541.643064156
174.288024889
291.371196514
405.176895063
1.7320087136
2.49833108739
1475.04320768
816.487472105
739.202793729
245.04215865
200.526738258
541.980017111
2.16750660122
170.593479649
476.815592776
327.692098536
173.712243312
173.280898626
227.477290081
222.985537082
1.8223544487
232.196671687
1.77322227172
1132.97724876
200.648737404
155.292282063
1916.10779696
3.39444586307
211.192965866
969.788952827
633.474997698
1365.10581432
2412.15655046
2452.85737254
1753.22275635
4.39083861704
1489.1064741
2426.38716383
1247.32208737
945.871032465
2367.91121506
1.62325163584
268.600658411
1.6801434049
241.871411102
1.408147056
186.374028728
1.4273098829
154.049955873
696.09206348
1269.39299717
627.071859408
2.08088010038
158.535393869
0.968024770111
1.01028353589
462.907936785
1082.94332295
726.033374551
1.63207231242
427.880529938
1.50813037368
1.41412888063
1.161075536
1.10803258502
1.88736053953
726.009177999
262.948750887
210.404370953
194.390758944
162.149577754
0.988579933646
644.457752706
0.661888066906
1143.21454114
461.403931516
1136.70797498
2.43838040043
1.46640681294
468.489669991
184.355704267
2.39387441074
463.369879229
261.120825182
3.48902469013
216.165910777
3.51979949713
228.665097271
263.710542764
2.80381078231
2.80406320991
262.886136941
261.549610632
820.790394206
1099.09481861
153.677424623
2.84173759127
916.366467931
166.360781293
646.957369866
1722.60779469
2.46538527585
919.491412874
948.509586946
474.523658443
260.63791369
179.026397728
237.271718022
0.850158132019
1945.4133446
1762.99447989
560.855293729
315.783724222
2.13363044761
2.86360440996
2.38110698601
218.402498724
3.56296341124
265.262940444
152.728036939
312.172161565
279.108731578
4.16696886523
3.6913468961
2.1828902235
1706.65776484
1455.24251448
1095.66831935
734.256654051
4.13472003232
231.316630182
5.50880761205
4.80102926961
3.86290783695
218.992659741
269.073492124
186.886222031
2.53337583383
1.77473081319
1.61654781789
0.726968235383
314.199342112
0.644444870749
0.953800312192
171.782911887
1.66338823776
242.012131471
1.37243353406
1.58766600417
274.547266456
197.577652067
272.899905545
115.479427211
1.51923010887
159.883950148
1.87558639103
138.312806965
1291.16505557
1377.69882774
878.957248561
1364.09062137
1.76712206891
611.003649247
572.780260388
165.668643413
303.459913758
166.202207169
2167.46506204
1248.07972111
3.66502064375
398.434383289
2.71860436464
3.24873142873
162.876813071
222.469937765
290.389767268
358.116107132
136.469921645
128.367630372
250.163803905
209.747642865
198.934903956
2.09397767619
2176.06604256
1133.70289795
3.57181309373
496.089692543
314.769379143
2.76698053632
211.357135402
4.13267606082
120.460268066
258.769048177
601.408246413
130.040203456
2.31446482277
146.70390642
1.39425539886
1.49918951142
1.06373496516
1.58053526091
726.382224613
1024.03875592
956.159815363
2.35742373406
2.87045199768
151.690770361
172.620421028
144.779541534
3.93323811264
170.342301701
152.744408317
492.986036498
120.130796956
549.931935289
568.760193633
501.10149245
468.781971394
878.045052673
421.658135146
407.330125171
2.18977805217
1408.63201159
1.65421766785
625.630196757
688.212009786
850.497935942
681.824029817
183.146362426
309.533594954
4.04055045903
390.352142076
189.740056013
107.316039453
1.6459836537
169.248709246
295.323078751
155.903011398
2.42759811451
3.19085895021
3.74266576413
246.250248999
225.602235402
1.66513284024
1.80944523502
2.22378620195
375.585208502
531.96507105
177.701428076
613.616735484
2.67032776647
3.31813670737
628.213353055
396.706451468
586.468890603
348.548154928
111.287216845
3.63438733858
3.29437825792
3.60050857105
3.93410220631
5.34031650014
4.54692268284
140.791471044
4.24765015602
6.43723216601
3.7020416311
2.63604763089
134.413580155
3.83922782638
5.81464234941
206.42668014
2.53916268199
2.99602864329
3.34340832333
210.300724576
228.28526112
2.25761377568
191.46743575
176.020591775
3.21559372821
3.34852942791
2.49650655243
2.95449181785
3.73722350289
3.94212810492
311.553216819
3.92012082038
6.86171570784
2.15264207825
2.04584131428
2.71001390723
2.2751481683
4116.91861042
1840.90118458
241.518003646
1487.7453858
881.498078055
292.564863063
1.62254947296
2.38736456361
1913.68574896
496.46162528
1082.61760124
1366.33949106
2.59442166167
3706.65205132
524.432764008
2.67838657891
2.53556114083
2.90433010427
143.337633333
2.2495323513
2560.76773639
1.58367565063
398.899480591
250.880351306
206.765399096
1303.33032572
2841.11262944
2944.63047136
1.71812363941
243.295350976
186.582300063
497.843008503
3.17998536528
1569.799667
3.1830613853
2.89639696042
4963.5066644
5250.28580279
2.83394147054
2790.91548722
681.724049115
3.65845294103
2354.48564197
3420.49088799
3115.84679931
2143.63772449
128.326629254
629.491248131
137.549142209
134.967912773
5.31000462323
127.722745726
301.953973555
342.36301782
1124.56569332
1295.80815842
163.942417362
1000.27476825
481.975663183
5.43884490263
213.602459051
167.042660824
1025.03621346
2.9298914161
200.800592604
5775.84002078
1922.19210594
314.618500403
533.235972038
127.247372556
2.45129512876
2.15624210319
225.348742337
136.027135994
2.05880349467
371.031093991
116.258656678
342.360899021
181.700899792
137.654368267
601.308789877
2.34526315418
1423.4293492
2520.02883118
363.556132937
4.29294196713
4.12440198462
4.47261761016
128.437288743
1754.6202371
1899.66064184
1713.67033933
1456.50776663
350.650150702
153.330032804
4.18543732035
4.03776613336
3.01382707434
1.69751406168
2.45073384581
3.3528831793
435.485289398
2.57207967477
647.528667767
140.30860942
125.039477684
1218.54523718
1123.28839243
126.646442287
3.35385207674
308.938702378
231.556327118
1015.25827895
319.517133213
125.596060682
2.97960414199
3.18460357802
3.94448988526
3.04769199464
2233.8183174
2.34038197546
1365.42025224
659.52904513
1.96843109106
2.42437311814
4.78508029674
5.34221981766
2.12769103914
2.97098572927
3.0649736015
2.94092357415
3.50791788884
479.402332752
188.972956546
177.310425541
3.68112208597
4.29861111632
374.598319805
155.356876997
2.60912134303
2.09810475812
7.93554340702
179.135029606
197.815490711
3.5813316653
109.426959535
217.147205963
13.0653816099
497.999493551
9720.2467379
604.316097296
158.374275794
2831.44436743
1076.84789854
585.863073969
217.942575919
501.454558202
6.50601711003
4.43334011215
2.91810604182
195.584377033
4.31646763667
4.90414036446
8.72877889416
224.425759888
234.330021238
145.324850392
2341.4999813
2418.05438376
3.23353771211
1179.3898386
2543.67179733
3674.06885491
464.175255251
450.364432721
358.025276675
349.865605099
209.224365196
198.768628914
2.72795642329
409.848485545
436.307581464
3.7276703989
638.265062692
1428.38699316
2097.48591289
4075.9603448
1967.41433456
2139.65102601
1300.70045227
1025.1937193
851.452046919
1.95635865782
116.853890934
3.6555146037
3.52856467714
150.617063067
1.92641433454
3.80287686777
3.15760437716
384.911891555
181.207328429
1584.30026641
797.7843287
1775.59029037
1347.99075786
3.13963888268
3.49692863638
2.9433468104
3.86339309237
121.298786101
4.4996223836
142.152238178
239.362050103
234.166845983
179.675275864
159.547788909
1.80893195533
2.23212019837
3.30355041798
5683.41936172
8019.93633476
5123.71434331
3526.2838606
4455.87200891
6021.77201823
1906.88725659
1198.70165942
727.835611926
725.489658793
692.744261258
1482.63796093
7.1922568801
7.39461165017
343.566873627
12.47286292
7.74468252219
203.032406363
7.50121033108
292.289923412
615.979656309
443.131210781
3.8324000059
1.98695729005
2.06773481071
3.86505584825
2.18165953796
3.29303776731
111.696209028
182.79263094
166.656989863
2.94202708576
121.72545758
3.31756211981
3.95013859009
354.155547971
184.000506157
346.051585799
119.566750621
424.914479045
376.555589746
143.361724838
4.06873471045
135.665361816
4.33842062969
3.86382276928
246.409313171
4.55817275223
5.09017195483
1015.63390741
7.04133019098
150.9181119
7.0062867365
1126.87800898
289.307830321
7.06087912017
1795.86850392
1381.06931191
1898.89701936
1834.26126264
143.252457117
249.146596878
143.677307728
3.01213406226
156.081516194
5.56161764977
5.42940397851
2.86996465358
362.375185315
1078.40621857
1371.6431246
888.143847901
167.635205512
3.91094398134
1059.56525417
1065.15997019
3.03943830275
1060.78506578
1028.22917646
2.96449785987
1142.56075032
760.776980625
672.461627076
2.63585540431
1338.26567196
2252.62342476
112.350689056
2292.15748127
10248.305283
4036.50408538
1018.46859286
475.660317201
156.957342655
5.91013613074
176.984581805
109.324919178
6.19180422398
6.24405936738
220.87281333
168.438189205
150.909418105
6.37524781012
224.77469614
109.027943522
6.5951920291
210.165242881
278.970939725
420.666568513
441.999269417
310.44495839
289.437503354
289.2483461
241.665021685
183.045401295
152.120301748
120.586439466
132.772371425
5.07680765553
4.88415059061
1359.5949827
1024.37370037
4.22521858533
135.918193628
161.60730006
160.280592841
145.845008051
1.41573943143
3.69300408209
1234.66994384
795.488902461
1553.86958033
3.0590568553
1046.7011647
3.17513129009
160.495477511
2.34160235823
573.252290663
2.56117620587
2.70978011158
396.671999811
411.43526693
1.79727890869
400.392260014
384.915358789
342.858596747
205.596723579
195.359459861
0.49727177132
0.466803847078
455.632266262
457.410131574
447.482524286
424.763722332
136.18829416
276.273816942
119.605793653
1532.55357053
1687.17636353
658.002924282
125.56444088
0.28855775789
0.274755698022
0.236401945965
0.226105706925
0.203559403185
132.188715891
129.730518618
125.802858685
121.983625583
119.361004818
109.626709475
3915.82304877
3047.86888997
4250.65949885
8083.98842445
5516.08391783
4716.37764292
3994.89393798
789.103980554
1836.72389298
668.92508118
593.970508672
156.235756657
0.0186139613118
138.963347209
0.14352836858
138.823840214
142.339751006
0.0752883238192
125.978127882
0.102674300462
106.471415755
0.0389151474317
0.0787521799554
0.0621980241484
276.335366291
152.196007181
112.660063603
0.0348854524356
0.034033697935
0.0638876679563
876.512701056
118.967241118
121.456328809
0.623743543959
165.435833372
1.0093551763
1.13034400937
104.228988879
1.16128633136
1.06342142627
1.00664116026
0.918311018909
0.929027983178
0.924218233858
0.905226369619
0.917518313686
0.865479264225
0.839596514121
0.822700685129
0.805971332263
0.810747122865
1607.56482507
136.991117561
0.862707948033
2341.6495612
1431.51013901
1592.84506665
764.143139569
0.726082457667
0.641775784686
0.633433375837
0.624481335095
0.614804270861
0.604868265851
0.594101552447
0.583040869208
339.560571999
1350.40323621
115.578388268
4124.08823932
2195.37873352
7105.43235002
5688.74384768
4216.976927
3453.50906045
730.67551515
106.40167399
0.490179447744
998.135174834
698.036291155
478.579924241
405.829207316
1248.6471471
6501.12375681
166.556250441
0.434995030729
0.46083235307
298.297827944
129.049033413
0.610498297754
401.682358377
138.905006492
0.384778934742
1436.96261138
573.423149279
232.627449262
0.035276066611
120.324719203
193.459214147
2219.87551993
103.280167898
400.007776529
198.316985832
0.433309355056
1436.41163958
758.069437733
1196.49602533
0.247153958295
0.136259128019
0.184070887307
0.427514052406
0.379068572566
1275.21600747
289.038135235
0.672786910749
0.649994625461
0.857340108927
273.752029272
0.763426188733
1539.53509162
109.320333074
0.46903401074
0.502358747973
0.523485952861
0.502231970223
0.425632974144
0.406101888473
105.68720091
0.330239180444
243.723546897
0.32063647569
0.317375199954
1452.77427519
107.79986941
966.973091092
988.426321604
315.18268654
568.735766241
977.865249115
881.444650016
547.892314638
111.958832607
1287.17372449
1726.26170923
0.38421643492
490.554905167
833.288077283
387.919431238
1402.58079573
454.644517781
354.740784202
1525.9776389
109.803408492
1918.98361977
469.293307823
101.351720776
520.477851166
553.056386522
576.649052811
588.831590257
595.471844139
576.348218322
454.31926687
206.682849014
164.985636516
160.571136699
151.764979259
0.0103835574896
0.0107581439717
0.0215786042128
680.333151477
120.573894604
1170.39904349
1409.21575371
774.415665948
356.95256071
0.395144994559
0.455778701418
385.762789851
103.117349574
103.290849723
108.600433521
118.384129875
723.549186235
0.857031590352
115.560462412
123.146741585
133.179689629
114.353903995
530.550824079
0.485198320088
432.131400779
0.932093560463
0.672243087292
0.707075971813
0.641657966151
115.046440794
121.721830814
106.650695887
416.390732749
0.358720919502
180.618376861
1176.32812322
1526.43212393
1329.49076005
482.737742652
0.387804452093
774.938760314
102.689051758
514.520565584
0.663886226759
1137.74304763
538.168714679
354.725439438
3737.48724977
1324.28415281
0.169168957973
0.166778937774
0.164413919307
0.162029183943
387.381085079
438.377282129
402.035345033
135.331921669
117.362484377
124.606350128
127.569346778
359.44387462
377.141704314
116.987770203
112.77138765
111.904379854
107.4374646
4299.47761906
5968.09855263
6078.14720043
9407.58621712
0.395880819229
115.624710047
2309.66945904
0.878468317448
1.26012789705
1.862057041
2.40522898015
1.2452626411
1.39943435382
1.45170595318
382.819786579
137.937812328
0.947014901042
104.136804057
1.1145928824
232.344316519
1.31130506181
149.962902926
1.20498118646
1.15631485273
1.01913543086
1.12962834375
1.19502128556
0.953978416127
4693.49260122
1.58468374457
356.599230055
392.212312804
261.309208958
444.380027909
108.319780007
1.80460317186
1.68913484977
147.721919847
363.635132196
182.484439188
190.424397978
2.07987579556
1.87000787009
118.851789396
117.890101169
6267.56137492
3620.57771018
1767.13623792
2209.70260314
2081.83899606
1310.67249681
4896.26730705
1854.00244937
1639.32589837
1135.35563794
7047.29817342
1.00625648843
128.212850223
1.15205039449
180.439167762
1.42931397905
0.679415698918
197.296098117
239.33695045
1399.93769759
0.432901863523
0.429290140671
133.752698378
0.38731037036
147.282935911
1.98218979682
1.53892724357
1.12215606437
230.899331799
148.595584304
1316.74001583
1.15416999766
115.617104048
115.953533265
1.36683957799
107.461849482
159.579873574
117.715063546
2.42845215405
2.25178086116
148.402045098
164.72154818
137.866064196
174.538817811
171.701998503
186.843757384
325.465144158
201.460326873
372.191647682
252.32964254
210.303187363
858.909272532
6.96572137885
119.042680897
212.593393877
175.329452163
139.057390828
152.615098736
163.765715219
118.80746837
6.18177178921
5.10397474223
108.418871981
161.812349157
197.407272108
1050.83568051
2443.47768877
1394.7451978
1659.68707867
171.409681346
178.53020989
132.220534003
270.380321334
255.088189022
200.139400174
603.742396863
539.388970328
143.854001084
3.13727678409
3.61021699496
4.02907114937
116.002668274
303.960639396
155.15695012
1826.43291903
1800.60270911
2036.90387531
1.66589806343
169.010214328
355.809053178
421.731472125
122.615361483
351.135817096
317.629869151
1.74266269642
375.440742643
10663.4898349
7151.45580595
7381.2716633
2851.42663792
773.760349565
170.713598792
170.975381305
3.42845164849
2.70041780392
2.00501272292
153.438063576
6123.31784913
107.089688273
5606.15763993
131.004569947
1.02207626083
106.640150185
478.290930167
129.023085146
178.144283589
703.338953124
568.888741163
379.852351113
114.985221361
136.771352953
1.27514312626
1.35736638642
141.007071766
1.39426904269
1.31162248034
105.796560345
150.150565364
3.03252884447
3.17016252162
240.009457879
150.830512243
1.59773695497
1.58342864171
2.17880070512
369.671470522
179.24657384
132.698934188
2.34725437763
4.81439846231
4.36889521557
177.378927241
4.09523812058
4.27222371766
143.66181095
322.721434093
1.42448505767
1.68560994691
1.86152957612
2.01855412743
438.241712427
116.682442504
148.320798461
122.30857078
217.549547692
216.879680227
154.835428869
5.16120193998
5.16224982129
109.282774663
124.81572714
2.28969116988
111.090867631
137.821861409
955.74495644
1691.84129441
1644.08209821
1.98736292973
5775.49156518
5522.35021148
1836.44571654
9416.55923668
1231.72400272
704.903025988
295.897243584
1.99768751891
3943.05621991
4499.93326199
4097.48786827
3.0384358595
2.7891020283
651.726834624
298.689730699
2.84784548115
222.994107991
114.96073405
127.439424127
120.689081267
570.647767421
414.148682247
616.161245918
470.380965997
164.409971918
1.71177645588
2.35476197522
2.91642254358
103.825399801
2.59033390632
1.33659499834
1.39268254958
1.53121188399
6569.51595473
178.610900385
2.13515903978
1.36349454017
420.329481457
366.838811681
1.9136880842
181.91614087
105.872807023
134.418773507
0.44624998701
167.171422587
2.36523856317
509.024332492
254.495417518
3.02350305656
2.14395681133
156.910103091
2.35791992483
137.9279812
495.239922509
3.05762605407
2.99939605901
4.34639264407
187.672842466
181.665748527
4.07068548947
3.90561654559
3.64506787564
3.46306846497
3.18175746355
2.84469575531
2.2628719539
2.22427575674
1.9120244492
1.60516192074
1.14393877314
1.45241356269
1.68137557331
1.96445677503
2.26484884109
2.54736715685
427.468952093
485.511592507
516.70777311
525.287250971
3.59297254563
3.69881765055
3.76277675613
465.657149219
447.49607925
450.735019904
487.739278325
532.96736401
4.12238094182
4.14077427563
4.14618492275
4.14655989802
4.14518519348
4.17477707319
4.15549851566
4.12382615883
4.05699123239
4.008626996
3.97185777061
3.95254799097
3.97800644601
1098.7983089
167.862541853
193.345297864
108.327620218
3924.77469608
3151.89080367
3136.65402452
3065.43051884
2916.23534108
356.825964695
202.97068936
2065.25627182
706.765673426
2.68921398685
2.5811475223
2.45939516447
2.4166241207
175.950953266
162.086890858
145.707733127
1.9262442688
1.84633500965
1.77549594775
1.71047742709
1.74619684027
540.931378739
523.561907564
461.291617323
150.178671128
1.20354736545
1.14731953216
1.09384317585
633.239500061
595.156422597
0.914044535526
499.992138062
446.770740574
392.35151822
291.513240084
888.402961606
379.630365706
0.381855108085
0.35894220461
0.325088805793
0.303081848838
0.276244289676
0.220558905734
0.193829261112
0.217189430059
0.174403062049
420.65255266
373.976789839
442.093028082
399.60351068
0.136600919793
0.135142873227
0.0984633517782
0.0952053865405
0.0560036028534
0.0494547661972
203.979043849
1393.77088008
532.794047801
250.024854869
134.245971828
207.207801873
202.442712534
216.389190054
221.966253021
216.409018408
178.742232034
185.996734179
152.14724098
0.13285062514
156.448093289
391.650330333
606.065410565
0.568773848233
175.003993231
170.852880935
0.571292559168
0.432340939952
711.017676323
645.8583866
580.966200372
476.792984351
400.815910899
333.579494824
0.0656267977217
0.0604073601803
0.0557389275311
0.0517645192027
180.725091789
307.199873296
0.0293750536353
0.0282628149344
0.0275137259834
0.0425881129189
368.317403154
367.004486776
0.0357310671243
167.672183426
181.254435795
184.909927677
185.101429406
182.427647566
0.0491606123048
0.0917952336108
0.0995235601159
367.113492081
330.516373849
255.571043446
428.84249283
0.357183914471
195.888183136
0.304577512505
190.176932125
189.285502622
179.892218887
172.533709951
168.016572583
1.88966456837
130.322590019
143.070595749
1.75202487885
1.77966185428
2.70994012117
2.58060173753
2.01109102123
1.71886805967
1.42634989677
1.51089286225
1.54233910969
180.733124179
199.787959924
182.631908553
1.33182219167
1.26976895066
1.17731218295
1.13637569496
1.2568283225
1.19442885108
517.161184369
0.987798921408
477.122038416
601.834262884
0.979945887523
1.06432653832
554.126057863
527.520909646
489.182772923
446.838022154
414.329962074
399.26843835
375.956631012
345.671768169
221.977714625
185.732573321
0.735930835857
0.413444867067
0.434284619664
1.03777701433
0.94611457317
0.861706312623
0.726498646677
320.083710985
0.519833006902
0.240409427673
0.243612614566
0.247289595366
0.227529821776
0.208508705095
0.204053484172
198.101928831
179.356415819
0.127148057942
0.118234211987
0.1090053339
0.113296581275
0.0991557313596
0.0691607644913
