0.0
0.0
0.0
0.0
0.0
0.0
0.0
0.0
0.0
0.0
126.420856714
145.11345046
160.727042556
177.21561962
180.379721668
153.837469145
157.856480112
146.962422686
59.2359125793
145.973785176
150.508242535
58.7794746186
55.022682295
52.7941145681
46.2061652061
45.0880154303
34.5851257524
0.0262644309539
0.0402030217794
42.0053152797
80.0587545978
0.0340870082736
222.107333248
0.052132598984
73.3872479483
0.0818337823067
221.1230717
155.080907998
225.51779474
0.0446864899811
74.7166944428
57.5528066685
228.882745674
132.333861053
0.0
0.0
0.0
0.0111734596838
0.00891608680306
401.606016973
158.11025517
0.054604586674
0.0
180.610015773
141.31577612
0.0321445147288
50.4993956662
0.0262953617243
201.32609638
103.500565846
313.376695598
0.0203748975917
0.0666466188462
0.0521825223177
201.648773144
154.328256719
0.0348579400472
434.729744826
0.011227272474
0.0
36.7455080619
0.0
34.7132779059
0.0
0.0
0.0
221.139046673
403.25745328
511.065990939
426.021112672
48.4761689456
144.917916018
406.270119311
146.69706484
106.731685843
169.467283059
0.0499635851358
0.0566046189857
168.885969638
378.60610485
473.286752759
0.0535655321696
0.0566915502859
128.026578026
204.560314
70.1789111935
35.6322139307
579.738707595
848.605060559
601.466586819
40.5717515352
68.9979014036
110.655826218
55.5317592301
45.5824746985
245.018913266
0.0638009011555
0.0605679176731
35.9212798152
40.424587193
40.8298903232
46.3208895849
36.4049442087
41.992280607
36.1380820395
388.149121808
285.554101002
131.758720607
73.2549206645
159.704560814
257.56168155
0.133508922906
267.067295113
284.463038487
194.436051563
46.0363609416
138.087687384
154.464658822
175.722548779
173.037026417
153.823334469
158.329777517
141.421515668
154.862362959
146.807514861
143.808792738
57.6463874737
52.8570487357
51.3369917069
49.7759715794
42.6396603112
37.6250783807
0.0511324652318
406.019351486
143.249488186
0.0122734976322
88.8895589816
692.405975911
348.845409316
0.0239536653743
45.5946574808
73.4876242098
98.8542054614
0.0249941548181
0.0160405371105
0.0423915978424
371.705427806
0.0631540643036
0.0660651298178
0.0673832982519
0.0576773189791
0.0531165741375
54.6494914974
42.3518468552
382.725463473
315.321681494
87.8841093991
36.1402396397
175.267807883
676.600611139
0.118135772718
0.162212483274
0.139433443617
0.131396436485
0.123627865327
59.2261373865
0.137698721667
0.146461411093
0.148830603843
61.1070100573
48.7705712036
1040.76634683
227.325155026
0.0192676013638
0.060261388241
147.632775791
40.7952716891
0.0621708794788
36.8676137542
0.0446332959766
0.0740896169833
391.949147542
0.0496495708462
146.027308467
0.0
0.0
0.0
0.0
0.0
0.0
0.0
0.0
0.0
0.0
0.0
0.0
0.0
0.0
81.3291994884
36.3704057448
0.0
1161.75038937
965.790014473
394.928370108
216.119841336
354.151685661
302.02497045
211.831851918
1322.94478849
846.818954165
0.0417309344171
0.0609987736333
0.0520794774739
40.9591486297
38.2632446791
40.4258686282
44.4342934408
0.114309047977
0.122545218762
0.10158109907
34.6968230444
0.0
194.825052893
788.27618089
659.078955074
528.131012531
566.454078761
1336.35798342
150.330018965
0.0431480773554
43.1154169414
142.712354823
191.451077876
282.014489339
296.313704396
265.613725516
223.270070951
201.69661601
178.320778636
165.044635428
36.5959946451
256.795223216
37.8815707652
71.2432697662
178.481358853
231.646548507
211.908104751
140.098954848
419.811549
0.489363726571
55.4351458102
119.858353169
131.09763486
0.487854833162
0.481311263818
118.11640501
0.430326892098
0.435035107234
498.345368332
809.055550099
0.546942468792
234.862864099
131.290769148
73.2063947422
590.427746176
0.594291040131
0.565289871469
64.2232801161
173.399809418
248.791086295
178.26166783
55.0747207017
0.725541286494
495.439205694
857.095552096
0.357735287934
1015.70628293
618.827636412
429.875795046
498.539518989
0.408927280447
296.554171345
77.3375718544
50.3852434048
1065.03198218
872.736624035
774.525081827
0.0
0.0227030050504
0.196982712812
0.205836244715
0.254040359196
0.278369356919
0.247858341133
0.339720680766
56.2946204977
141.958550648
120.827821979
0.329631831113
0.337610521866
109.101161518
144.491822077
136.629659219
0.371449698945
0.50942067021
0.51953302797
0.51053001264
247.922715441
127.296500794
0.533596148074
0.538519843189
0.536949992457
0.532250192043
92.3060323386
67.76322091
69.9069081632
759.282343777
310.556465892
300.362995073
0.514687185344
415.256761416
228.752778106
249.932457214
250.611129553
36.090254524
228.999184823
0.558417659915
0.595232930333
45.5807944019
36.9613958151
42.4239404682
45.1403111657
0.393731626572
0.389553682274
431.681489892
597.539158219
83.4112107189
0.307619916827
0.286305332609
38.233653119
0.151252554418
924.665389558
340.454151627
35.20825721
0.242113853061
0.139593250325
111.806507607
150.170775852
134.753004387
0.511607322042
44.4637037143
130.899069225
134.063340409
69.5332705137
106.698388882
0.334299290231
0.329675673864
0.329790928391
38.2701181425
149.40128615
196.512752527
226.426419132
216.836519574
173.771864592
162.750091998
36.4143609354
0.946986096252
112.814967444
0.932442036748
0.931410804277
1.12681604912
1.1539855821
74.4205929919
52.0040469517
554.235268442
0.995421235524
252.369032242
193.1755393
452.978735764
498.59134749
0.857882201515
313.873688481
1.23733420371
125.631798241
275.301975192
105.107075495
61.1465185589
39.9432461183
41.6275324954
39.952290398
42.9009288187
185.774597726
0.775952760419
0.71085548531
42.9171408336
94.0683371007
84.7068618185
40.8679282539
0.294304236575
376.857567087
0.373310704974
0.328307112068
617.32016232
55.6772880674
0.248073998407
0.223091843513
0.327960133752
0.379461146608
0.332835025365
0.305228092217
995.612308657
499.849414622
667.934338514
635.469161177
461.701657323
703.066354325
167.370261602
417.107870673
327.51926959
163.796804648
164.686308668
38.947243524
36.6299188284
49.9119053967
0.534976422545
0.553816875915
0.31162275923
0.349654499202
36.4943290899
138.543044324
47.2027941955
845.206933426
44.1746685033
0.255079453033
181.924798748
35.5357469008
0.420847347324
0.497206030293
1084.50089678
677.831866715
0.127548052148
0.315418942216
312.373023417
0.188722465248
833.916441423
42.4196061159
48.5356725553
131.846594222
0.0344815512588
90.1304940854
0.0468030594502
37.7921846879
503.652597308
1003.60552111
588.167153884
550.98326886
671.642579749
1539.76453733
48.9633577268
334.972653414
215.659789358
0.371851118344
115.216381675
39.5426086646
0.850839965705
0.382727426878
34.856833155
157.186701873
0.495700346611
0.520291977637
0.792594789654
0.441163720599
52.1512280027
0.6559735864
46.6676777419
301.204226072
519.676800351
584.414830041
149.772813838
319.492350084
49.4038004749
240.459032898
44.0836623192
36.3199052465
434.249759608
255.211429061
148.477528692
275.732809515
35.5969898833
413.731820906
181.786865471
38.0609277419
156.481525137
756.566731395
495.419382537
360.661446205
257.440832479
42.8324523739
37.817286814
260.998392285
805.138862893
321.295264138
401.426104856
0.0
436.264888721
0.0
552.545263944
1305.6788945
0.0
475.229219257
442.17942916
150.151740948
41.1764172431
191.572709482
319.612341385
112.838508407
0.091192746502
0.0588608787664
115.780132611
169.847020067
254.23445389
66.6881400532
41.1111291574
0.0994168871261
73.9290036407
0.0563683566282
362.672686755
105.947694218
0.144272437285
0.077535287376
1186.8468213
338.042925457
0.111461994861
128.895736064
0.107531718226
40.5053370922
228.47703509
424.058727339
213.74174233
87.106252554
0.256010799921
280.189519043
0.189102499804
484.420479306
335.355256774
327.220312773
585.723059756
41.4755058106
35.3505199591
104.040585571
506.623696173
874.310776889
77.0811640175
680.566558529
330.397177302
87.5636466803
448.858168397
713.542135445
686.759849829
117.270223423
0.365438708756
0.36695181299
82.5302165864
66.2686608773
44.1988521179
58.726076187
80.5601659905
117.79374623
70.4831869727
237.372085337
0.203292278057
251.375822296
0.198841405268
0.202828678192
208.594834845
0.344871638155
173.681911179
74.7577778533
53.839380237
0.35738646098
0.39292454352
62.7640137875
45.7793919742
241.781126174
0.266319557176
0.271652375595
0.291810747474
86.3451215846
0.742922663883
138.323476999
49.3874656051
0.522927374272
355.166354883
37.7679157584
37.0655493546
0.642759661889
477.646418406
476.255605733
0.37517461086
150.396674676
0.127367062531
0.108675547243
121.393296951
107.978681475
106.413539818
0.0524800045162
0.0806891405113
182.275552153
0.0215340083867
523.472460907
460.209500566
649.085141174
151.598463771
192.614155528
86.6024706854
40.5968429007
129.110844355
93.9046571076
38.1659512955
58.8320058719
39.2604378712
40.6332063443
0.049157423432
216.03178145
303.261228943
351.545479537
444.764994083
35.6633092087
0.169152675767
256.592059135
161.29979979
87.459096983
289.418265437
0.198251233289
54.8364436791
0.268437033995
88.5099583141
387.621011766
0.54539821985
318.980886424
213.705122227
446.16881669
0.876834411598
124.035742267
601.916101273
40.7766984409
0.088486581691
475.266454009
87.9919394234
496.423085981
0.41668557606
111.438425194
152.26498332
0.43084240704
0.433262885064
0.431624438635
318.613237755
342.41443616
291.631935893
71.2238794886
0.356262851464
37.7061667291
433.413350969
114.535384727
0.31578640585
43.9185098362
293.643305466
262.853196633
0.270550174789
40.9695513692
38.5815679885
34.8646700206
0.227015112616
271.68301463
47.6373888874
0.25040538515
92.5944238763
40.0285809787
206.368943651
49.1917164646
0.0899227761147
0.161736542494
58.9556067073
0.151697062582
97.143622714
0.0505963918979
81.569850244
0.052432205097
0.0905846450295
81.5558323544
136.803844039
50.4427638045
0.102900160605
46.6001522825
45.8440251556
512.693812059
258.667291064
102.228491694
119.053762572
0.0988016029971
0.0669744105204
0.0720779890398
114.295542553
0.109409665685
0.179050396949
204.642982163
0.29442379698
363.318393085
264.319463742
0.702594903899
0.465039222571
0.484486341147
48.6176618496
100.282605455
165.308914498
415.660875206
39.7489073114
212.220922726
0.928522016128
0.53356614675
352.639577188
111.0660819
299.426767593
52.6243645625
0.829211687532
140.403618328
1.48912212094
263.828002564
450.491410567
547.05416797
314.45065792
82.5220749375
46.8331511516
70.4437819323
2.56464996562
3.04996770063
2.26588998395
2.43794180393
1.91443943858
38.3561472694
0.813553008228
36.7970435275
53.6940513829
0.192556657629
42.1355905871
0.0668765255816
289.183900936
0.157826362563
92.2139953475
0.173253798287
0.344180155666
0.599158398992
252.453498159
408.117808166
218.391321324
0.39482137811
72.7385099201
561.541484463
744.695858045
863.773516476
244.044099812
124.53051548
168.603781016
209.197936545
51.8584592811
137.603099306
52.7246427001
289.6734893
115.136616931
36.756757681
102.172970366
51.1330284146
82.9572984109
0.421906015932
0.57460962898
77.2007033997
1.25025985413
1.08688072129
733.269079175
1.00648750049
300.588120805
1.81475506312
92.9881045144
45.0349468089
259.766383433
167.530271635
480.00316748
389.318350134
58.530504372
46.6662909415
1.22477524194
0.76375661215
257.805347218
149.584586394
0.829562310729
47.753612755
470.004379134
508.085450046
38.1579065173
39.2295381432
0.0363598703985
40.9639798582
35.3249264558
0.0265257263115
0.0664442430263
38.893423027
0.315213309772
0.279854855176
620.812608341
0.626256386533
80.5191159237
58.5737320101
0.514830856929
341.142377122
138.821274351
131.083386373
58.8423074858
0.195479582793
0.213409345297
492.770097579
576.255395335
43.7311950425
0.317856565647
100.52089488
643.788391815
171.420216447
38.470843948
59.4440404507
94.1536210824
36.7561642926
0.584792276101
0.58631408634
39.0949261728
178.563375891
340.796543368
77.2481158008
144.800169366
705.648541596
43.7979867054
0.743373600564
37.2791349005
176.998155886
0.906390761418
117.805603326
1.11340390546
500.407621045
362.344561157
0.225817979073
0.296125730221
0.305185629377
253.958205482
161.351673193
41.5060629116
559.503056305
876.62130014
1053.18199172
0.0570751124083
0.0647993698074
34.511964498
35.0339159873
41.2985332986
250.930547832
113.174869152
43.4328932719
0.195903941426
0.138308689336
459.517861543
593.67712002
222.313344233
40.9166498342
111.603136152
0.459194140158
51.8102734873
0.226355871105
587.48828231
0.360055084118
34.911624013
122.844940941
453.26711972
219.986202209
39.1937547497
36.2824332175
55.286186056
0.333952359762
50.0582514768
89.6527663323
46.9333193663
123.758682493
479.877256806
329.120801246
57.6208665026
42.9921260176
0.147748091658
0.0719635664243
155.648075033
45.1782297884
0.0
1062.64382413
142.48175079
94.9196817595
0.0195695630426
0.0175489559552
144.161342075
0.0
53.869479349
51.8249463068
934.317695953
0.0
0.0
55.2344822606
48.4037953332
471.666313711
231.142981554
0.0303220200925
0.0168586162534
0.0525289070038
0.0597885742786
0.0352463295084
0.0292349689854
0.0133228851789
0.0115560439372
43.1752489036
98.5527291575
50.8668440673
0.144191030032
34.7961421017
0.149630580237
0.197184757605
36.9787245398
0.229014382272
0.230535989405
0.284820936703
0.184229272544
0.184446543802
0.183752182432
0.240860353508
0.188213763107
44.4728138406
0.180821493058
0.204007893228
0.247826077844
147.478115231
165.251750938
216.174987036
46.4665831561
44.5936505885
235.579705851
164.088137989
119.471118324
356.538640831
356.719606671
42.031825169
63.5972180469
75.4517346195
52.0786744225
517.971343981
0.358976169358
0.757666473883
0.894021953424
206.376933303
0.787282525665
56.5075571479
84.447163051
447.488290406
278.374101323
0.718780461508
228.765629872
370.308221636
152.788715722
237.326197993
36.888579273
0.0588746129732
156.899107671
0.0615896725646
37.8194727714
171.635505548
75.9019512544
0.0490934118666
132.761683405
298.164090413
153.578696817
0.305107647176
335.709307383
51.3527819987
541.782283088
0.393682306668
0.423883597152
321.034198284
0.461901431037
0.538829788954
0.595025855257
55.2085709681
623.744600343
241.093739884
102.754250001
1.25444479308
55.0104177835
174.85758856
176.527992895
1032.72252933
1.25618196534
162.058734012
146.709998309
88.4658536831
1.05183330037
1.03041172358
268.197620621
1.19891607267
1.29533834398
1.34282376767
45.8654990457
1.20013929163
301.769123288
1.30711531037
44.8305322656
1.03281730768
54.2041287798
140.200245402
0.902938490016
157.738095322
251.932794629
385.378393572
0.587037767495
36.6368309322
0.550616604549
0.431940701412
476.164739079
0.663299330941
233.040280919
43.4816597302
0.111335007285
0.0773078854252
162.694553728
322.019258993
34.6879250132
0.0
0.0785281971375
0.0497876148622
46.4712976554
0.104732116939
47.8145854293
40.0497635385
0.165446532023
35.9247129619
0.185804049711
277.293332237
859.769195275
86.5747270921
718.251095365
314.229199164
110.535244113
334.688200171
0.506549122517
108.426131955
0.401067325186
518.892038402
39.7796975017
110.394503852
47.7940188987
85.7268127194
926.448708111
585.057417677
40.6304694631
99.6535656977
569.496009478
500.684187308
98.5543786486
231.414281695
39.7301141347
0.307246317079
231.641816971
0.260306405578
0.255706034057
0.332518491287
229.618391656
0.191137835704
0.17829150493
142.104162338
470.622221286
0.156665356472
0.132139202422
354.501673071
59.953401561
0.0558375349847
114.828225236
0.0595034044206
91.3672080571
53.4374182905
44.1321827984
402.621180437
36.8235043353
0.200815588601
360.850114221
0.25833848886
0.0942779641852
0.0959926638726
40.7143747763
0.222425250171
0.165176113285
440.517719677
244.244033419
0.295048587807
81.5906802067
0.681877982162
80.5245603182
0.730539245676
36.8032867784
39.526330286
58.7526823886
0.851361855853
0.64222065797
492.651429435
0.655843421311
224.685789599
301.311250709
0.393376395658
0.435184022476
36.2544670649
389.894030946
49.05560873
110.502550189
337.642950769
42.8656860653
53.2385816736
0.379434549144
50.1135022595
102.612204802
37.1051161597
76.5627589626
45.3158221821
0.653932328741
38.988514053
42.6090936744
53.7944913091
51.3718064114
551.764128384
0.544505245145
393.798454987
0.318856120237
70.9871703428
0.959830316559
0.987822629276
0.961039430427
42.9923008495
649.518283147
0.212069979085
41.9285963584
1263.80017337
47.6718243065
46.4451826354
0.0434034500197
0.0945735229408
46.3909736308
131.731886809
0.504857288749
340.303122938
0.220097770809
49.5852898862
0.0270229722095
66.3495193299
192.398807498
0.0281452730498
188.61066998
42.0345941763
84.9416505768
863.037566494
0.354265762113
101.710584358
142.244344128
106.32521743
36.863384822
0.703678414836
426.699819172
93.7201130025
0.688341511418
880.270661129
131.863381674
0.439957759102
101.918963423
49.4467924506
63.5932721166
37.7147934591
1.33809784716
1.33191384751
57.2266441266
48.3885243498
278.070568346
144.261001032
41.3803183002
106.71427163
42.756140816
0.875962054915
1.03929997104
1.00842368384
1.23942704181
0.520835779314
43.4463073099
180.916989775
46.1977801695
83.5321374708
0.347831966761
0.471859808288
0.765400725852
0.709713145807
0.316485543285
0.169894857952
0.132221523283
0.149423669279
193.566684052
122.517503832
487.735186685
0.456894978336
114.170060645
166.839134514
123.187999427
346.50220144
300.348559011
249.002738162
576.187027504
49.2172555339
36.0029811367
0.157525633111
0.18367478451
0.21875372195
41.871165574
233.258204766
377.255116327
178.799335117
486.162274231
888.151530502
304.68556562
0.186206894025
675.790525871
0.429712881935
0.365200199552
66.6149122447
37.1913762695
780.705864562
310.558457035
34.6538329159
0.153510706426
0.0999199315069
128.078169027
825.941596573
278.322006071
138.285805629
350.701936833
189.882679877
41.6627650818
0.814731621783
38.0853482877
53.0296398819
36.324863545
0.740967271135
306.21726733
145.822061762
95.7579862661
128.619202691
50.0372793242
0.702942296272
83.1365601759
232.62513156
46.7910104315
186.692389162
48.5485327353
99.7670295612
0.0373105453333
0.228334103802
42.6678133275
174.256980771
0.333360444871
0.126867256835
49.4795400077
201.449163662
124.078778613
48.7568545641
0.129695804669
49.9269711963
0.350607885256
0.368763162849
0.444402936401
35.4928200187
0.600478791007
0.292575243011
1281.4888601
381.669952296
108.794589153
665.971717705
485.628826827
0.758589894499
1.02769325055
1203.30566789
0.433553855311
486.730029621
688.314366144
7.07605913272
545.186864506
268.127547209
1145.64409588
153.389749582
150.36294661
202.715822156
294.052559747
2.42921946909
466.823538646
3.88729160336
95.4168553106
4.52455808497
1612.82693215
1.9363496484
100.818105805
179.142413358
211.242184602
99.6500651171
11.4856507628
5.59431847883
258.479061808
15.2935267996
2.58340844018
18.7991082835
17.3402085261
7.74492068396
98.2629972707
24.6739168938
108.651670438
220.003760971
23.7771196357
99.2362629617
103.158313928
8.48902062321
90.8405286671
509.448897955
23.0698767681
693.276962993
625.338247159
303.211214854
331.73633191
256.63474675
154.42995929
11.438788793
146.29845316
11.9154867244
698.20317806
292.986244424
850.58167179
356.983742807
104.135924904
94.6436779016
290.340013869
542.237161817
109.990754428
1410.56439419
938.411314191
7.97123027091
8.37414638297
490.207248537
1033.63099162
114.92283409
6.6512029897
923.198559979
163.89888305
369.683704624
82.4419926342
1501.19982467
712.189986994
5.3753726152
255.357789302
126.143184885
107.8704884
25.8957287212
1159.31568268
113.987016376
333.536690893
399.64401925
147.853894223
115.733253033
9.94534140217
938.017058716
23.1544977813
3.63322533347
87.4635849504
4.76547696476
13.9661478546
15.5255802782
112.718227022
320.485797045
1052.35994828
639.833452728
557.938495993
24.3928944226
434.632209977
76.6421998746
94.7507999459
11.240562089
313.349131476
696.487229479
269.812658451
767.369048402
1642.48570653
1073.51022775
749.216356513
470.243016752
85.8650327963
12.1850918476
22.8789190375
14.9132317084
26.606802778
9.99909839066
882.945399884
19.7907442801
108.822950028
889.898437526
10.6779902421
25.626390293
47.6510854874
29.7387813156
116.980560853
18.0439189977
110.207285189
21.4713063488
202.416166376
29.7926467351
25.1344044076
684.635694504
17.1469661109
17.8785748923
16.4516330253
23.1349650146
303.277149329
271.828037553
291.602152204
117.798515362
143.486983715
1506.00557782
339.873755379
551.796550843
921.242701815
280.685240297
21.9493645132
10.5482675274
85.4357497796
11.0331650303
94.937523523
6.50092052693
183.30218212
1146.38515298
727.62176879
97.2302486504
236.746520709
0.0
0.0
0.0
0.0
0.0
0.0
94.6126833761
1.86066127601
0.0
0.0
0.0
0.0
0.0
1290.34032803
481.45523397
157.816819334
6.90873551539
7.06987596803
513.866605707
129.905033628
175.299406746
10.3496944829
132.092271915
10.9204193709
11.0494755369
164.099030978
248.66694637
215.290939404
6.25509312896
27.2619702956
357.143971191
487.946854609
1152.25213521
838.73669554
902.859960047
507.703044756
326.218199915
10.8701017241
321.696945117
10.8441888818
1018.23487454
99.9784721529
260.530421002
266.338512825
21.928377455
24.2810138881
146.47049919
94.5118975099
108.306920999
17.9406435736
25.2664272928
411.629726305
321.118066041
24.9458338014
167.012859711
26.2780493505
281.382240379
270.745866103
129.384241555
24.7524220468
147.814701821
377.036870225
114.664323826
125.190758095
22.1882699604
598.644795862
96.7572591716
228.429918598
358.144886188
22.1896113701
293.824303052
118.379804813
88.1706125315
98.0615387543
194.603897405
277.354793879
327.108527986
395.710275329
35.6422069949
662.107167782
500.741564752
561.800233749
24.3285280171
195.834627851
130.347399352
507.615586956
29.2743229429
36.8359202834
133.836244765
276.823284291
42.2866130797
340.129313774
467.228995946
119.907564116
410.246014342
693.683268129
886.314813743
391.535300544
143.984696111
179.551920474
802.180701866
51.5247732716
35.0901319548
185.835597437
139.46977171
184.185414371
255.186098855
226.102763929
18.3451794594
115.20031735
20.1563252241
133.341119983
104.446719827
121.149524406
53.8770310906
132.694383035
126.927872797
58.4779709809
374.223996964
143.254733559
44.3889368555
133.690311456
41.6380495657
316.383416769
287.383586233
14.4559497565
282.394043607
307.717450113
58.5870820306
129.086574129
91.8342655059
75.0550422808
105.399931321
23.023898074
28.747014489
79.3385907576
356.204946411
583.935048989
448.83588591
354.255700905
302.982236397
92.7803044874
492.371189394
24.8163307735
390.20312631
90.5090249176
233.615337455
103.965676003
1592.64686579
471.07492157
21.9648363136
586.120463873
146.044269409
82.1149950374
63.0621665572
213.631693553
95.1328000811
512.35350065
205.697695638
62.0852500924
130.046378927
27.3293546306
194.72921314
425.267209727
46.9339710834
313.126910435
69.6542506105
45.291832882
637.467049351
896.387281182
465.365300899
44.6074149563
52.8114035496
68.5972564191
137.046960663
46.723682748
966.931340143
534.751070905
53.297773023
267.886524809
73.2095402111
116.99874784
331.204219262
82.689057116
44.3265863646
285.184268105
400.766553133
163.003533378
564.911106873
237.020950245
105.237009665
281.264332898
273.968448391
249.663724556
107.25470875
122.495954811
166.570556392
75.4752480967
579.477189379
24.2995376532
324.191870329
131.236476493
528.526075215
281.439928677
231.055804504
126.325897762
87.4081660094
24.8413391259
36.4558952897
54.3289503092
130.616753883
53.3784184048
179.590157216
193.962460716
183.22451508
227.066561643
613.859191325
64.4636171625
158.616887354
46.3440373349
257.835944065
47.0355546715
336.309581182
529.413976102
533.786051735
461.839986603
230.988187606
524.444786923
610.71274138
77.3320048925
150.585073158
156.75880197
328.702626739
160.575766345
83.7861088257
92.0037608664
155.649402561
173.87144283
163.660661283
83.9452499574
93.1973680113
796.467752136
110.770798235
120.600803615
178.945509798
246.055344982
147.289334315
296.865761519
82.1278950057
223.602577109
37.5989557019
95.712339108
94.9237131973
277.170410314
1304.94419767
625.814116225
159.575196284
940.517394993
106.693177905
1087.70958515
180.915635662
1219.6276541
133.011482965
149.215416952
919.103416885
2968.03033028
859.181014685
564.446467345
103.488345995
127.342780627
1340.10385924
1139.81256735
1131.01579976
666.340978151
69.718555422
323.339896073
407.26452021
165.632957318
105.696091726
88.4843265742
802.348844274
710.792281244
573.738068878
713.581924793
222.092669075
815.102128533
2037.75241389
1147.02706736
817.01100918
847.239408248
665.250669064
104.398768342
189.90247597
106.158918423
117.936573393
1468.95094934
111.126137669
402.14285601
372.954959974
170.045887993
113.38446624
229.401759128
344.235839389
200.294285653
339.283119833
142.109232813
218.92338427
74.1940182143
562.119505475
55.6285566299
306.865448453
176.07079087
146.724613354
63.7889939439
240.1905026
315.546508951
182.789779158
918.964680335
436.909649723
348.156158555
124.417753574
70.0392759564
54.1956265129
568.457749726
201.132761855
110.082226104
668.074977358
486.41749758
211.86011904
324.045340266
185.70215876
82.4136033752
285.316054679
339.756692256
240.88934843
280.972189532
80.5620844943
142.11125121
605.491547667
541.967076546
84.6771258447
127.296224316
256.851548597
214.76624073
157.458582288
346.012842094
237.945070457
202.982551853
324.433938902
249.288594481
110.697145046
175.518251073
740.65112284
710.7343682
962.044577126
822.744293838
576.602166049
476.141063145
201.517716016
140.78827009
126.897872379
126.765841088
121.292295027
127.326037465
130.052674836
336.040356355
235.596762498
416.497044639
394.467000216
328.782825151
337.154770388
177.056337955
105.627889099
582.413351543
87.0108373571
265.765677461
269.837995413
176.761217643
83.7011094115
145.330328899
230.2048447
68.6014240696
829.272842113
221.523369481
476.008023318
238.72657647
563.708616665
262.37621935
223.450675896
170.560202384
79.5704588723
62.0908893628
61.6708239306
119.9573905
138.60633502
1531.94008894
483.461806753
558.2357187
617.960535953
159.479790533
226.379139194
1328.54727547
1118.60319998
954.537629798
980.749046589
39.6650788626
99.0323856547
25.5968274779
42.8248111433
59.267533202
23.4278527849
0.0
76.9831769484
1490.21963042
325.322314966
75.1326171036
513.350280435
571.565068789
1653.67820519
1525.51935564
28.8008647882
570.456151009
216.713963933
99.8601102868
127.305491931
0.0
0.0
0.0
0.0
0.0
0.0
0.0
0.0
0.0
192.962510322
342.066281766
34.0161002101
1194.89682956
404.830186084
886.683324553
1056.38092612
668.590590849
428.038360114
624.511802373
1069.19747371
425.660167687
207.310782256
84.6977139481
73.2126384343
175.004454496
126.956589065
532.380824321
1789.24932506
252.332711226
429.119971757
991.455912307
567.939210428
343.476847734
89.6170606827
74.043317812
55.1314412362
9.72638693476
481.429492681
340.866092424
69.7655991782
1032.79516996
160.763597433
112.721732496
57.1568318987
427.977178452
750.99206478
256.34168363
17.1990240526
8.32879752971
56.7652445125
51.4407869983
0.0
182.772103336
84.0119699183
269.109740665
465.995871124
329.825128211
166.945749011
38.367167475
530.818016303
94.1074292527
32.3408591425
83.2814784824
261.747318327
259.459603869
105.944499668
159.558499392
270.142755384
103.891915384
88.7568973108
32.8884265137
1011.10290937
35.7854407842
383.595358802
144.359771882
87.6109092456
409.041616486
451.803677714
96.6153548595
283.714236839
1470.94221935
57.7450889383
140.44196267
511.28715841
51.6144220629
56.6829321659
508.522938988
82.4055173042
11.0203763018
358.484202006
388.093751132
14.3513713698
122.026157999
237.381782679
1265.36649914
1462.60182147
23.7944583482
686.452391397
122.638867904
83.201259315
119.082994447
95.238213863
151.913344877
81.911365421
581.085126656
132.39537484
106.300172711
84.2704753293
231.116025947
668.807155274
12.8604211823
442.308357339
461.900177136
149.572248734
100.904867533
307.998205064
155.919344045
529.325545869
362.394175167
527.092708899
244.942262745
262.175259128
341.018012613
156.207367626
94.1109147623
130.550187202
98.8127587024
73.8613144313
869.836311437
35.9255678662
47.9589406537
56.5781019269
155.189709747
119.507883145
416.270458898
192.670565465
215.267998506
496.138020097
89.3418063009
149.69620892
443.221404465
129.427479229
198.711856966
130.439099196
348.62894938
288.758971669
29.9599639197
409.242279349
79.0771190795
72.0929801683
79.7339058382
332.562305652
35.1056893565
16.5728336081
234.53092196
551.532818083
176.194266522
113.855339378
62.9700566251
30.9048653681
437.494094594
33.1100645455
30.0418040106
170.428107412
144.390780152
5.20729934815
288.923577267
427.278543623
878.055797887
55.8175707824
313.203176441
190.10769476
102.71020754
376.566456539
130.319778237
553.09141215
319.984290307
427.675698926
258.188401614
615.159030877
371.667384459
179.480478945
130.355785012
99.8268847517
102.920494129
33.5198898222
33.1379179086
1317.32131849
2997.00311707
800.10856855
386.898610245
1112.82654379
906.09829036
463.176925812
811.746552969
122.069124005
136.485790746
76.1020548377
296.926677697
332.851412695
121.235390598
354.175487647
378.487112128
77.073491441
48.7488440823
102.820710626
78.2476681849
161.730651344
142.605576493
81.0698320779
550.645675433
120.506977245
437.434484347
356.273063778
689.78070666
656.588004534
292.272385182
352.602296402
100.124586652
251.581594484
81.8186837372
702.631166195
97.8132575161
28.5073403644
161.174307042
23.7215708196
323.304495285
214.814077967
466.747361619
92.7498766719
316.136159233
350.080676573
996.500471658
183.11572785
133.988384555
410.973210784
1543.84646338
80.0751485418
310.281384441
48.3353975292
118.028802053
218.331982886
775.831247906
174.542799179
141.502268508
179.819383812
1273.6621556
1134.49943382
120.26654108
1271.431638
792.918809122
1811.00765985
141.891203591
309.286833101
219.973073337
362.703456161
323.857879301
254.298089092
438.983796372
147.524446947
2515.41371357
406.917678395
117.392066818
108.753848937
202.213823914
104.032802129
832.208869127
725.698992115
181.177990911
76.4835133376
128.323584248
215.203532266
140.960600381
62.6830124956
94.9670764848
552.058797782
149.192521423
132.423560729
205.173186687
320.069928164
71.9978538589
258.989628681
726.207594808
308.565567546
149.783011839
322.429299115
135.374453679
92.8965857736
90.0028024041
626.859648247
276.704781802
131.310343885
322.244793798
158.877362515
65.5248191798
95.3055670518
89.0880125883
208.88497431
140.251520507
195.112430642
880.066330841
363.436643831
301.806788473
102.079305535
1355.90190951
458.425181571
204.330993846
3022.37808469
347.413333316
238.777272701
2057.33477106
690.867623718
2169.02264879
453.835970533
3405.96071253
410.507480332
196.52692508
2176.47694325
2166.29211866
973.063561342
669.415247107
524.892242286
146.744201635
405.635771303
408.034790225
121.963884992
210.838497913
149.111219633
275.481850088
148.394445291
118.898500681
132.302794556
114.899752254
96.0503306955
264.285864693
360.055975901
225.839326676
163.732934532
244.520721191
429.607639826
444.131293428
651.087239341
441.200004748
183.008957277
195.415205772
124.930967273
245.605035045
682.65369693
374.287541627
287.097756951
74.8398102782
113.583035554
411.035804579
171.313657051
156.407674184
170.562734065
744.399671699
1050.7724851
675.288495019
1751.58209576
613.852522521
296.837831993
839.241911372
951.109417338
124.823582227
174.016693763
1030.08943229
200.697631867
168.74341814
282.590626819
2254.08816612
2876.22889508
2970.68674306
728.198342672
245.768616931
444.281118987
118.373464798
435.757906237
234.109995548
380.483840038
258.899440997
94.9307069127
55.9518293859
118.761195439
270.923756649
679.307820032
143.097051703
429.586554319
319.129846829
369.902790748
474.670061167
172.6468603
626.458874332
633.422498007
222.781946704
139.6091089
99.0562123986
138.213232614
323.309915816
127.485488992
137.227618616
132.653809555
586.440439066
95.6985926911
60.4714532079
97.3419059845
216.093614505
56.0044684602
633.122060323
412.828222334
103.290025816
202.693756777
128.143539031
285.031706914
500.159048895
450.086688002
646.920239525
427.803414862
963.656933686
219.368714562
303.577011327
271.758435934
405.532142599
796.447971046
2656.17701268
227.978239266
122.378440031
297.470719981
101.998815727
1917.07699797
157.524244865
1296.66338667
252.840562427
164.713204364
130.890150622
401.348105433
1060.10205193
290.530507271
270.24314802
330.913908037
169.325332855
757.249431055
255.776221667
685.243304913
126.669985978
99.2646302314
206.530757837
275.115584973
117.638563893
93.5593320422
54.2652354496
222.298810425
81.3302676152
24.1547521132
124.072193735
26.6844045217
540.55390175
528.814229875
310.004032735
178.463386173
191.680653974
229.692254001
245.651534323
89.2379884992
309.337015557
287.546389734
154.455463635
239.163562499
292.529414711
51.399070058
98.0393171614
88.2999059717
706.809590717
43.9517872427
1070.7088779
166.232735503
326.907009417
212.605904287
275.482255735
401.35291599
304.689625021
316.287690956
163.041841308
155.100644351
113.701575469
230.362394223
573.956223055
723.400593925
162.122681502
154.014046089
188.173674902
166.569966337
221.892258881
204.276962584
588.886685126
305.507502638
279.688194787
462.197583437
337.262034307
352.462702402
426.028984745
258.765700918
300.310768176
285.794234003
393.161424042
338.254972009
326.408812515
415.684633709
283.654365379
355.674123454
244.081579992
248.06394303
374.668829888
235.17652677
274.302734168
438.799795308
301.955956405
195.92334038
287.908111971
407.248952025
379.387343226
233.381184453
316.396543408
304.271861153
205.379555006
240.690949078
217.249730325
156.963433442
83.3628345307
263.701736091
274.418718505
112.807138085
494.289525198
93.1481748803
312.410996008
746.143617428
312.422872946
393.641747232
345.855210573
106.350126865
147.117812735
94.5934939974
268.003057656
257.582364985
399.815323165
341.532770369
200.379067211
372.062449312
310.822663431
232.871415377
291.013764206
319.432192485
250.477592582
285.373253642
332.943439474
387.215107674
321.968400999
339.845620077
370.85424995
272.893438122
293.197258548
323.049924873
476.35542051
283.471440242
211.3582923
193.087116355
238.91430373
236.018419958
429.977883875
440.898533187
338.933370959
248.046810597
292.843972528
208.14297868
259.035363793
336.513125998
350.368095103
234.253671604
181.827781402
322.899022781
207.285167568
152.18764125
269.732729168
143.637688684
147.760400025
379.970544657
311.076443227
526.109641608
237.520463251
66.340223272
51.0064517401
308.560606473
174.770346173
440.79055076
319.548285214
243.297561517
186.527832962
174.468359573
175.769508332
112.34903882
311.522541185
146.933519773
257.996665713
130.042972524
245.616078423
190.450421537
517.791206729
172.6564878
240.629468171
508.975405972
314.171396559
277.619446794
415.113718048
294.934096806
298.295007754
424.960437321
231.591555502
325.402299204
300.703921105
240.129054901
228.099878021
227.251849781
258.757740647
287.315604743
590.915503586
182.827377184
563.530885258
217.026624399
157.558109766
336.779174371
270.25362182
230.062269848
267.823133957
416.749194704
288.201727346
292.762382851
215.670852652
147.173072124
94.2436113877
190.976579099
130.442846477
49.3416221199
55.1199915908
332.051473782
294.401856438
687.722757036
287.517646917
182.270564115
66.1171558535
1176.4572041
286.478540658
186.542954472
241.190223621
274.397585131
72.2957257622
170.966911459
206.935856302
258.425520804
111.570696887
123.621333973
809.124449224
453.652121036
719.104923661
454.284407032
552.433292508
796.104470986
478.875503084
398.288403149
324.256366613
297.186197648
408.538972071
575.042748485
339.341955752
726.395053008
318.510424382
227.11089871
167.544348108
196.564428704
234.87681875
328.66694727
196.218368058
268.624394582
244.764182272
442.321332776
764.743451356
293.196562365
228.855869444
191.599092743
304.550529047
398.03853413
304.936023251
285.599419607
287.174568043
197.945310364
279.777819921
925.599307155
151.207219432
162.417231458
90.1610574806
128.970545942
970.839467296
0.0
0.0
0.0
0.117277372046
92.8076341369
299.853430046
82.9536469177
0.147591236017
0.183932266
905.339541023
0.0827745938504
101.136687964
103.255437618
0.0872782295092
499.775002056
159.304408299
78.3824065211
0.238155057314
371.870421967
259.460263486
0.243834500172
639.45536136
503.690771982
0.302531730522
74.7687419165
270.911172621
322.608472082
0.271638737573
0.296812504992
86.9589863769
109.407120768
153.920003122
332.242260508
0.214671547528
226.870075178
68.0926826515
155.382493067
241.785760791
0.519778770045
574.536768059
761.748138333
0.561281668722
158.801719392
95.9928983903
276.32305432
358.60209648
1010.66308013
79.0350348488
0.906315952408
0.924696346568
683.234851215
194.084941393
463.509551442
0.866210094006
0.898213679478
89.1375519558
89.3856539686
537.741360319
598.750481372
471.196683905
75.3063276024
0.0741880457438
85.1589712063
0.24538846274
166.774100838
0.179156892594
0.387540355239
222.243044568
243.216717795
268.290453015
155.166854421
0.959440493149
0.509103465536
0.110522364122
0.0713015271147
368.188236151
685.161869366
0.281634069557
0.347763549282
118.169455949
508.456239434
0.419596971982
105.344391918
0.372822526376
90.3001754615
0.648386227428
0.631628980163
207.778832138
0.632186902806
120.210073189
114.626645239
171.200680234
107.917946925
101.35398218
0.278689089951
569.769359534
178.773937588
369.2580072
767.854789775
0.350590614305
230.764937625
1189.11246711
938.357330895
0.298920178045
70.0320158871
77.7230670711
548.757584628
626.151588036
0.225896494448
188.290005965
718.678160029
88.7442321418
86.6625119902
244.495609783
69.2239313676
86.0852768088
0.370836671064
166.206379934
66.9557292622
78.895813357
0.295588929678
0.102622872669
180.92134836
0.240093566257
338.013829101
349.693712001
1147.11742948
403.534076949
0.629822080917
501.071841845
0.131746630788
277.206810494
0.0195312932015
66.1436278766
609.990964586
73.561683182
200.051772165
0.25204881712
315.474311122
86.1449518996
222.166854811
73.302550293
71.51584796
0.269228212805
308.489867773
1714.04073122
822.755734891
66.7480959547
563.850445035
143.842853001
107.90493525
1002.14391703
1042.10716104
188.260037596
360.019107481
557.182922141
0.24529662558
0.236768277
293.096615168
0.389057915986
0.48562260888
355.056368676
710.103604953
0.441176043459
159.222593131
132.190946341
92.8380580091
695.341901545
161.184514189
0.267608096592
80.915840949
154.674119544
0.607099225498
74.2324590476
0.759260349663
0.677945734396
87.24885341
89.4803400861
1962.96384601
0.0622955466062
0.091873934422
178.622726019
503.071388594
484.989172034
436.357492568
304.428124747
0.896002398061
359.841198565
175.324235867
0.14578369699
0.0599436581959
0.111761716761
353.36637524
676.058862411
116.655341176
319.617272839
314.954948243
111.710362486
587.404193653
109.628295829
0.400292771105
323.08556263
830.77079106
955.805758334
0.452196043515
0.450281995719
578.707988718
367.374714638
0.440345399296
169.135274451
0.435804324145
71.7879869899
70.0688168565
593.932119137
355.662418968
0.372836038333
195.038690445
384.803647279
67.3767459658
115.726320753
151.853309868
78.0717474975
484.367321097
0.249642299939
311.720926546
430.880488338
0.181870434637
68.0071722365
106.620747168
87.4957598391
1292.99446179
0.598569212949
485.513286413
410.828425988
0.540499494287
764.178301438
372.23511041
0.223394288083
191.907580221
301.654915885
77.2826050405
0.312905414652
112.667973858
0.409963080316
651.196467414
98.2344656207
161.837354727
79.41111527
67.1197947729
78.0739435679
165.294087379
69.5236105174
0.50541445193
0.358948998158
89.1876113497
67.0901426784
186.375966935
0.259962044946
680.415775751
512.297763062
137.171545093
150.208345784
70.3682066827
0.167165176096
0.271303198139
0.302234679998
80.4453005594
1588.94693459
0.24290100675
0.196393584601
0.20761930798
0.224126013593
827.76934114
77.9215576205
0.537745669779
0.537236908152
541.032750899
345.165154749
0.550648803951
0.582202370243
601.827180742
142.008719031
90.0011781033
82.3398252494
458.508682332
77.2463820248
334.130334176
439.903759081
372.094799288
562.957228887
0.0378755494954
139.298410692
69.3272696001
777.917262386
139.572995048
294.905186427
583.653154017
198.238790974
0.203769842428
79.800728008
296.958264015
84.5598896799
0.0337794548141
73.305044754
966.430821175
575.481962662
388.943660438
156.158568572
0.0
0.0
0.0
0.0
0.0
0.0
0.0
345.70578574
245.662180815
512.106055245
0.0
0.0
0.0
0.0
871.014385334
344.101045637
110.998554078
997.166696705
0.0
281.989590252
72.5188245725
2824.86142298
642.876148124
74.7827991951
1245.3183884
110.801857204
107.886109543
293.772605987
85.1136767818
283.768755041
568.869926478
107.621372126
243.694263375
540.847994747
430.86489496
519.152923944
214.131048715
0.0
317.925712622
920.930196733
606.122904433
590.601119256
248.807914444
90.7484789985
89.5889956153
0.413050703832
0.366215273725
0.723606129301
0.601096804094
84.0049059622
84.0036071886
154.360928446
244.614934075
197.68155658
0.552803831
0.717677659407
0.780221706852
0.763098121524
128.316596883
66.9859275892
94.7598330723
0.888083103613
251.652272221
88.7747768855
167.07123975
0.842782325237
86.0030304849
0.813548033572
0.747584239913
166.672395332
438.546578516
204.799457495
0.362112923801
0.420031333833
0.494832047174
67.4075132042
69.2427022668
83.3685811188
78.5833576297
86.5029110976
433.6279078
341.207136265
325.727138768
324.838160193
339.565666805
0.721031822486
350.451431659
1.64243800885
358.637640195
78.3120437549
0.778443435013
1.4338686497
71.9611108884
1.08535178412
81.6284366715
99.2172086866
345.051606999
564.242062775
76.3381488388
0.617044531733
1.01255242355
409.726164478
993.445638818
0.647305532814
0.518713155461
1.18094402035
0.37047054884
118.200018291
101.347734188
120.173536257
71.5844176738
68.2966366527
91.9236280236
504.571247921
0.519032058559
0.450811192565
0.540900499617
185.485464153
0.577567332215
171.315391041
0.614100229075
0.61474687849
78.7860328442
0.627049506649
126.781557816
216.490190669
0.332555097583
0.40738689834
71.5051740173
231.620894717
80.9402360275
0.68810297304
209.946576405
68.7596987924
0.570684017475
0.438416934435
0.699266444751
212.296991932
490.592017709
268.204952172
256.428899658
256.350290258
70.4369007781
292.00150937
159.666549995
149.75526137
1.21485291459
1.35864885592
1.31944980047
1012.84759133
364.645695107
69.1116073566
238.416386207
70.6441362268
0.991555155027
1.23599287915
74.7484911423
1.3529186468
77.8311336724
1.58541698864
479.449786293
865.267829628
1.72639925504
1.36432564966
1.78023330416
1.05409596572
0.647297559746
503.840198564
0.627222422582
423.548041009
823.947907624
471.133939526
888.861695293
71.0979517315
87.1715952357
1201.35194422
0.818451775575
726.634583679
88.8522271078
152.973522643
166.927940333
210.463531751
0.592106523192
0.482127705974
799.019052596
0.73010418753
68.5444470387
205.232796623
1.23821457733
326.068826748
1.17296781321
0.905404181651
75.0737611903
75.0398496343
0.742129651563
0.700813095952
238.182849771
170.205738187
0.29488524968
0.377382775746
0.411560013733
104.111907641
0.876927643965
190.714042571
832.580204371
0.89746464948
1.08546441091
0.917566596481
0.925914113839
89.0228625743
216.294177332
1.78827751179
95.4189889558
2.52937303742
1.63302423143
71.0177700811
159.598653359
455.207260045
404.82208456
2.01677494588
1.91901382266
1.91430071216
78.2393134703
71.5334938675
338.310187564
451.278953305
368.735067271
1.0633207272
362.991776542
419.764329016
322.754460209
3.86308686103
4.03098650658
4.2914536349
75.0583006781
73.2408721266
4.80762851209
4.80425152114
90.7617783876
4.9695921069
4.9318594601
268.357309062
415.861060927
320.36291959
5.21728900359
5.13290955656
5.13221011312
96.5386479509
70.5567554147
434.248114433
5.07365915058
368.219976091
3.97085437022
3.73947491047
608.391642974
795.622334776
460.504338938
73.0683850311
825.07510506
116.377920779
2.19269579294
2.14039182574
90.9865185905
2.15819176408
235.004201534
103.103724959
1738.87949726
1889.30708204
1743.50901635
68.0088531464
1.53385460559
142.822898129
645.059579653
495.03996733
507.628318797
322.911442657
136.236611165
629.56346286
1.7146598251
1.54153356769
826.375395298
571.951647953
500.622516312
491.70147243
420.167324874
101.924137277
542.150678164
1783.99277723
3.28527885175
493.127095754
641.792448862
474.275437634
5.33223051676
5.44645187612
5.60232118199
5.66115186316
964.935805877
1010.02032106
327.674851171
286.69642697
754.777648814
752.336233325
5.96109818167
149.248094065
71.6638154636
241.752699944
155.319755495
116.141855863
3.52333349585
431.898650605
172.59810684
155.566021326
109.303075066
110.767203114
0.276803047611
762.404308646
1298.95040682
67.4844390207
582.953777381
82.8495925316
242.726411385
81.741165902
183.44916736
252.644089012
165.16138261
209.365914868
0.881639633738
404.39549169
240.458153741
87.2193535142
3.17719669623
71.3135461733
3.18736987957
2.97964972819
4.09850236668
110.233468698
124.687743769
5.08720808321
317.177340055
511.426928484
451.64780227
621.764740235
523.759311892
115.113930484
148.989200315
216.998273715
7.06707727784
107.475076822
7.23960463991
227.064399101
7.36999940142
7.47330535715
73.2127599045
459.300439783
560.593242931
888.633898542
634.651183673
505.018178556
371.465695065
182.667433159
7.64172138633
7.96434924449
7.92210322294
128.909799909
7.85923136614
7.39928139335
164.428141871
323.620855566
351.340437047
292.071372836
163.423390708
81.1204547744
6.45385365938
730.594642925
333.780170095
5.06589271317
78.8213928896
138.687702463
107.308239357
487.951217654
534.380230319
97.6434509257
318.731575963
541.872642136
2.03229284826
225.005290423
75.3346683254
223.784853371
1.61167221403
284.790185103
67.6343304678
116.655761175
0.862368343261
0.152246913436
366.2496366
70.0160409813
1388.64845822
349.846606796
557.904720654
327.731307016
234.273226791
70.3512302824
555.27702546
973.098657661
849.312713177
497.544576507
0.0296685990495
116.573488693
76.6799897884
125.330685016
0.145194364175
0.103670341385
0.0206205003271
91.8909493018
1422.01912791
276.6802143
0.0
0.0267574788808
107.495972946
200.97176183
214.951687293
199.892238704
531.955738553
81.8410016463
0.0
157.391313805
0.0
0.0
0.0
0.0
0.0
0.0
0.0
0.0
0.0
0.0
0.0
0.0
0.0
0.0
0.0
0.0
0.0
0.0
0.0
0.0
0.0
0.0
0.0
0.0
0.0
0.0
0.0
0.0
0.0
0.0
0.0
0.0
0.0
0.0
0.0
0.0
0.0
0.0
0.0
0.0
66.2066286075
474.921548687
387.972199236
205.198174637
410.133239054
192.38161266
137.155580531
555.917902527
305.138070891
100.720659486
248.581657789
311.926343693
72.2529393605
0.167420292674
155.627364986
114.75648983
123.02704279
134.165745511
0.235209853165
202.468991901
180.549065036
0.250813229228
0.127153221799
274.431975325
136.493936443
1728.4155037
71.660208399
91.0088371276
96.8981118835
69.2769460967
0.414548887253
119.366449081
0.310552106169
124.273035099
86.5860951718
0.166454879596
527.205453912
0.173982107788
0.200863757646
167.60409996
455.524762975
239.300425412
103.934109848
67.2994241517
0.705490374518
371.729059941
342.560486886
356.214883182
119.033684465
0.438328762646
156.911702598
613.029694799
496.842446715
352.313964681
200.776790715
75.5386150765
90.8423227893
165.366832173
695.691716105
311.712197793
67.886546257
0.217401574004
605.577831174
0.126582953914
355.700426793
187.434228949
0.16896673607
0.18074589908
0.14981019235
71.7836481442
0.273776819174
102.884912393
387.261892353
0.596874064938
171.634439331
0.521944507935
66.7495618721
89.1990116825
0.383719124216
68.3242690741
0.256289402886
96.5387896224
0.263454739057
0.17767797773
92.348679724
0.280198242274
284.37001475
269.085352233
475.329887373
0.284205177081
0.211986424068
71.0667609872
77.2179810235
632.430074609
0.296634827364
297.860120255
2037.73214256
5565.96975637
76.4709660751
94.4318724686
0.355057895811
0.420365095564
463.980568772
689.813563403
0.418938996757
305.029962336
599.431311801
66.4356312872
0.495108107601
314.029506647
0.486372570674
128.765639568
0.300249523226
264.946781455
172.213119745
68.6623319178
456.057745222
357.94218945
110.273764156
126.579264363
0.33184238801
73.7974071343
145.667661338
0.391747282699
90.8865363077
502.908488989
469.894506133
283.245905437
0.326695441246
88.5379186674
0.307958210491
89.0359570759
96.3973100707
0.391061560011
536.554971155
275.135706484
70.4025387549
183.736307297
0.541610078782
0.537680982325
87.4859948376
0.340633096171
0.366531160369
90.3847935541
389.492544159
0.686942691651
0.440993182368
0.353231588403
119.306576287
69.8070413967
0.350083611105
76.966185389
0.501323860511
0.510971615631
289.406916034
704.613801241
194.808895173
112.422718166
143.899249075
73.1924303619
145.241347385
0.544018324695
309.156812219
196.870495862
0.23165894985
221.713491172
0.97885931848
74.7247776451
260.3323449
0.677190781585
89.2239541606
101.222980254
69.961539111
84.1837232606
729.860611655
0.435447688539
516.251826526
71.9333237513
860.116768419
0.692980570946
0.744914138581
511.104771485
0.602808827571
439.75441771
1.3376358359
675.591112115
98.6973986606
0.408220104494
70.1109970794
125.615487913
0.519680255947
245.012408657
991.812931014
0.910546073465
151.433511354
76.8024339177
100.872557762
75.5351041131
225.031084224
271.201275454
0.398002490397
102.894665822
189.348494979
110.872283388
100.978231467
89.6156938871
183.625295854
73.922928035
0.579276121104
0.903339737085
257.135555687
252.759873331
123.42424018
90.8397697265
96.7048668262
467.791240972
134.102908064
220.480616765
110.16485186
0.518617933646
725.692522604
0.715947494983
551.473435825
0.714029618029
194.738097187
419.666270021
391.278608259
328.21107402
338.044112476
256.495891999
142.500376397
243.147957594
129.597781252
206.756217039
92.5603993977
201.074547545
1182.68523489
0.464330854628
800.710128586
872.132585227
0.327072658386
713.13353862
76.239906146
70.58639376
69.227121352
78.9115584845
253.132677632
226.984659261
602.974033921
305.614941973
76.669447962
72.3051976102
344.959610636
82.1987545368
78.1487569144
68.0366094786
215.698345656
96.0638771849
1.28433517646
1.33500683933
297.631691846
186.457391424
629.594328393
190.73180338
72.8009491431
171.279153266
77.2585500461
0.619865885894
146.644782375
0.364258212715
334.222160128
0.424558875153
654.044721492
873.811891103
174.8631789
74.6495997588
475.133918298
74.8425423684
189.571984511
0.466162115537
901.176357166
76.1048208987
0.252469094814
93.7145572477
0.1739234555
224.41310207
160.468056226
0.668862978523
0.521170971997
267.757341232
87.9608847203
115.232164204
0.245875111682
212.407794051
0.0789575084496
75.0888350547
527.886265516
993.676851739
459.920355508
0.661818988453
69.4227309974
0.466270114722
0.632131398766
0.736744070249
67.0300892081
520.524028524
105.734659547
67.7483908394
1.21813246602
1.26802965493
592.333499589
323.487466356
71.1961735534
805.012433082
253.533707443
825.513432371
80.6374550173
78.5484443649
0.544090014368
523.204529601
634.735760516
193.877200372
0.875098882751
82.8524298789
987.345591092
912.120132272
839.345984675
523.16521567
975.139170141
1.05536837832
147.157685799
94.1678175588
185.936944869
0.510579611035
0.512312880771
354.927932705
72.1685441476
840.211254035
0.412703296815
0.324354921503
0.245579943692
73.5438502125
67.0333729898
0.418302585608
66.9288930532
80.7227084825
135.975911947
339.26329212
408.965556417
408.099466171
317.301844749
276.676351881
120.961929782
940.019683593
1258.12178232
353.797197285
396.451710484
76.8329203311
921.981988144
0.450806377353
0.460271033266
690.328368715
392.612257546
336.087217281
563.389473588
0.413116452863
66.995029784
1300.37695663
0.426245859175
284.422883669
88.6726519642
102.734601341
140.957688883
67.586012649
0.587523660151
546.542771303
0.613512873689
0.666350002063
0.583583474747
72.298410188
0.776043041221
169.63648436
0.367634267204
0.262067894807
709.68936349
629.67301305
0.344744479489
467.955848937
735.868720934
466.457906685
126.628552264
256.655634125
327.67250388
0.386502832452
0.349237954775
869.927599597
0.608946877362
172.743575717
0.429523573608
0.348342018279
84.8822887915
0.371091632805
0.329527322459
0.290815088587
66.8007494352
0.323791918553
0.131736545976
152.110499219
0.141051490619
341.701847052
100.770583445
788.52394982
339.98723562
230.087962285
82.4776771899
102.988544479
0.532365807191
0.486937666809
309.75119546
78.9141900922
208.237228296
80.6628383114
75.780918942
400.082776715
672.580871623
145.803108371
75.2146339038
0.534505052532
458.425956977
278.545446713
75.0845295168
516.648788757
726.95800313
274.013338244
0.89368844738
1.31664905504
0.759575900078
345.20374273
164.30794617
1079.61421084
75.2590768104
635.060318611
1192.39280813
254.691687135
0.766867483166
69.1540997645
93.9136387606
191.274736238
80.0839517948
68.3906383234
267.743158572
0.510003176137
72.7603805036
0.740950599058
0.559501516004
574.402470777
238.57916839
0.524469014851
571.083386218
380.210054269
344.127202098
0.387927869478
111.149029234
103.295267805
0.620254426552
155.268895043
263.356544573
76.1566877859
82.6965173125
139.34612975
114.637148809
70.9362887819
1.41877170467
127.631138601
1.87131693961
79.1168628433
372.110658686
135.920669152
261.64897898
108.609801618
172.670378803
71.5989322371
212.504417224
328.351794172
329.473599231
139.275075167
77.9380115768
1.10920047215
67.8463472202
0.551820404129
0.945217769892
312.137129123
2.0851233441
182.481417295
1.22054453666
1.06785098728
1.25580273071
1.16371261713
199.190101511
312.062900783
284.124348572
446.920186756
0.775960008364
1.26943207327
1.00884735315
1.268743413
278.86361959
536.405962442
559.308624705
444.366767621
1.52236811561
514.692532348
258.49985068
90.3001795743
1.45064819631
0.989003302483
1.65573241019
68.3289975805
1.66077049456
192.866908464
553.638928014
70.8178292603
39.8840844319
31.9446372436
219.419227413
1.75077769467
3.17185302121
79.2927329305
209.932273521
4.95920746405
2.79407936755
296.309430037
3.84166520328
179.648949919
196.245607813
243.582549205
1.98314581184
3.01225130984
4.07315864371
216.355476538
2.30125979913
56.4398686326
37.261207617
3.20050097832
1.91019504552
92.072088626
265.829385382
8.11707076528
8.06610700266
47.9130540418
57.2670028564
22.0689044643
160.658494241
13.387501387
240.353533841
62.728371304
244.433678759
35.8604265956
5.67091163364
6.62019129946
5.66866762097
14.960538594
4.99756383625
348.034763706
394.582488058
50.1688303907
77.1922154269
248.624168814
68.8802271231
48.7814092036
17.1378878513
171.676278267
51.2373382116
65.5104575102
185.266083486
30.7493229636
141.298064386
14.5618304683
140.023806104
62.2183969683
204.930048478
283.910099181
279.876257312
877.306159015
58.4676173337
13.3808416643
18.5910130826
66.8980757342
48.9559352599
100.196603943
45.8849238359
310.373101837
105.580126677
570.547447638
23.7278900359
91.1461941153
182.623420544
244.89072011
372.933470247
248.850860147
128.126524981
72.6857813371
60.4734342518
101.817422266
18.046880963
107.254776684
90.7114309419
137.524840552
67.839092993
44.9223595517
17.0934811269
836.653579473
34.3503402684
53.9251208525
107.859029938
13.2719742516
55.8198061795
46.7550676547
20.8689588998
16.5622553956
44.4714217679
47.5785857453
41.8830022776
38.1899295865
286.534681184
553.670661369
528.457476422
174.245862946
262.704602937
90.5014631439
21.8042814495
51.1275064111
95.9655253157
92.5931456452
233.819057724
150.022640473
296.322968911
132.549915364
102.793732934
295.215896502
178.618556947
22.6872254517
78.4129835263
90.0383072093
11.4686281499
125.955405517
10.2400726341
41.9327933039
550.096216406
82.3605791661
130.944580971
52.8910335815
222.545257255
22.5995025226
58.1564648371
50.4743194869
40.8709924308
236.445907668
64.4305380696
112.06680245
22.7366856396
253.144381251
100.596882128
223.898359059
61.4491040902
239.535365402
150.295086467
243.757791401
161.001009105
106.435097692
65.5092938432
38.9194318984
24.2851552638
206.298696953
85.5351646246
121.990027891
274.611346605
69.9436196419
84.1547281896
328.120968862
70.2292521333
22.7965709121
119.721045338
44.6114812739
57.8552225448
121.76895161
87.9116786174
15.8933513896
99.3047825655
108.312868261
19.1210948382
45.6425758072
2964.40471815
111.313496893
219.659077223
39.3342535223
77.8378735791
192.75862148
181.193374497
41.6059227357
121.475983895
52.4839219939
43.7844587628
266.754760646
7.59340600494
28.1952331042
51.0157995077
57.3545831144
62.2923409404
372.35018521
123.15482295
78.972234043
16.6831598584
104.247715799
66.7031735069
11.1773097682
401.724247567
828.05128548
11.6145015514
182.559677925
310.587243867
448.763172516
192.633420038
284.527824422
383.01256523
52.6593054188
96.1806005383
63.2671327485
278.879756896
59.0887481535
386.397145274
410.128505646
26.3888311983
221.168799794
238.374935763
366.371746244
39.2290276817
63.1954851624
351.958139945
77.6030151357
215.120827205
312.260125448
150.157942907
51.4719466668
17.9460925223
154.130559213
132.450523701
251.945058371
119.070203668
165.666690562
82.3004491522
202.530698667
32.384732185
35.3675104551
99.8480774425
11.3467595416
105.541838194
122.813994419
33.1665533729
182.993916893
291.077871599
197.027330684
235.455448957
72.4868344394
48.8865405543
86.5765777738
240.137293847
111.047773751
201.798032827
168.60690354
171.881987983
102.352073404
98.1302911883
75.4220087343
80.0559348056
66.1222115875
91.0667901911
146.2833085
101.765672621
146.84055513
80.6482495909
102.007194464
97.8458048703
150.272757557
110.236466874
91.6421629394
61.0739663487
61.3774425993
105.54426968
84.5558116757
159.777882753
106.10274443
116.337935519
84.4804352432
62.8262204373
87.6947663082
72.7924876857
45.5396114829
146.393381839
138.907994458
265.063906501
89.4701419157
147.703465512
165.923775137
121.201327114
115.186393172
68.3184869032
124.023710185
190.486707367
67.1722114042
52.8414332125
25.1087691618
110.631508947
246.691465826
85.3289602633
44.2538290273
185.273752973
226.095246645
143.403012166
110.004555547
208.706076722
141.014879127
128.445768752
94.4223389139
89.1784876549
172.436598473
144.014319364
85.9114375151
164.616870546
124.047918484
118.725137907
159.432583665
86.3780661972
90.8247571424
127.004886002
150.657792352
99.305481338
84.1014835789
191.704344022
345.981727752
221.968441331
200.003320277
85.6695756815
90.5598301805
92.7175320185
98.8600591611
78.9592308451
77.1964524158
77.2298599201
87.874906623
84.9323260728
77.7915332833
80.865265494
96.8923070398
54.085149667
83.7633230641
143.345008759
118.533797681
151.652508913
59.3145837311
135.797078575
108.024119392
102.135877976
74.8922560168
242.576829797
280.461943397
300.910611123
104.773099297
391.985207731
65.4665646877
101.581420464
191.979769567
138.740093328
54.8581162855
219.764877691
219.356911984
153.996321438
256.834223727
193.351051343
227.957526209
79.8910127476
205.786523979
288.599661937
186.074573972
144.232149696
143.050070189
176.62823814
130.595715521
265.890725699
196.047321132
169.504470827
95.4273171768
102.346002199
167.380929807
88.8825751488
96.9583557869
152.89599988
206.674125526
102.588609923
94.6929162038
96.5693457822
173.025196985
80.8688850895
109.62146444
296.432278366
133.509530938
129.123542222
97.1745980496
101.554159296
220.943034942
242.263880976
113.211679046
150.182050994
120.042895988
56.0844110365
216.367365444
47.3291467601
61.3642409452
52.9498301285
34.3521705445
61.1253203479
54.4833123697
47.7330338245
132.137862595
155.995547265
400.967038282
67.6293502826
85.227676509
139.841678549
246.137676929
175.840058266
217.954931721
69.6407551082
67.0713034965
52.9891526074
133.805175594
80.9696547199
108.701322353
100.879832537
114.685025787
225.397702298
118.523200338
142.469153913
125.483930928
112.959219633
113.06803806
119.973703943
92.8576729361
108.458271833
230.001883687
346.810392231
171.53525585
336.732108111
335.018171759
202.502213048
164.734757856
119.813070822
159.179833959
133.921965807
440.89266582
260.966420534
167.156870382
88.4569039215
91.4691080676
86.9539855561
90.7746415861
72.5876252861
81.2169457534
65.236980587
178.826231241
85.8502280294
61.5976634602
52.6254844826
283.037700103
274.70726339
194.001899449
165.10706758
253.115409216
400.182367547
49.2781470577
34.2107209635
105.061208074
265.730606355
106.997691131
178.590220508
301.866151042
146.496864093
35.3131472335
126.024166731
116.337616571
114.437058383
118.574306313
94.4425988496
72.5420379536
101.824805535
87.4332807252
92.7439158148
221.657562465
138.626788085
119.142620103
119.185262115
144.551513501
97.9230137237
93.7161353488
103.774670189
97.9608328452
165.314588153
94.1143941538
108.257643552
135.770477291
484.608297941
153.577415728
158.331966535
138.935026099
119.904840482
247.839793366
204.224323093
90.2966527001
120.612081933
127.876082458
133.90974387
146.094907747
106.052613394
96.7903350977
188.550861973
277.645349603
140.285655187
265.140352315
139.921287134
161.149236799
360.32270712
56.4313541966
175.415707303
90.2052662015
59.7445955721
423.393165757
149.279334659
461.4159807
125.802211864
28.2822957608
154.109555341
140.745459795
55.9718724117
150.623543765
157.961782553
122.678113779
90.1969929578
69.1143206195
67.9318091589
63.7544901539
103.78501693
66.4960587211
72.3734399141
86.0879389388
154.643730083
150.920225068
140.008841658
129.467573557
127.643024625
107.52651219
103.757337947
106.442098796
106.763405852
103.259795519
104.596885358
148.841624291
186.722141747
166.413140032
223.583735754
141.324103947
130.851812291
217.967872457
111.34519853
151.465049366
148.475711617
115.556580174
127.935397624
99.6577157274
146.917251694
91.0987535209
94.1298695341
131.199572137
99.6795524444
64.8750140144
191.012672038
142.574339473
161.256613646
109.98811875
76.3848664626
59.9352630504
64.20745119
45.5626119317
186.579789427
57.2466621789
29.0359246116
97.7487638645
276.2284314
77.7737529553
21.1239448603
13.588123609
6.43235398656
113.490256758
52.6572940835
46.3902656775
0.0
0.0
0.0
0.0
0.0
0.0
0.0
0.0
0.0
0.0
0.0
0.0
