0.0
0.0
0.0
0.0
0.0
0.0
0.0
0.0
0.0
0.0
0.0
0.0
0.0
0.0
0.0
2927.31184571
7665.42346052
412.282951368
47.5455670328
138.596782577
140.898499438
82.9717757271
1.09819816553
127.487157737
0.780372987886
0.893546261749
241.827307349
235.498924726
204.923559145
205.212640005
225.087112643
0.359482767215
44.5835040786
132.896068831
48.6360927783
0.115137884341
0.0755722777153
45.1030107427
99.108433534
198.476365113
189.175918631
0.437214237798
47.9195844201
0.15140831889
388.337504426
340.717752041
330.958995045
262.469701052
272.500396865
1104.41163603
0.12442724509
291.31750529
184.350968705
167.214340071
51.9785633809
0.0691726148537
0.0797666485666
0.108005828967
52.4373771371
0.176939418328
0.414748478335
0.676164516745
0.779605831439
0.576952201031
234.294554225
52.7377472098
0.967041840553
47.176212346
0.46105381367
0.360737271479
61.3975184748
64.3835920015
83.7158150255
84.3209343784
0.243913342652
0.182699053988
72.1309878871
56.8011670056
61.8382245838
152.860587142
0.644512983746
0.690860601613
0.666447339382
0.614021716995
43.9502504588
757.456056014
627.550612502
0.266870718618
0.209639180254
0.125155112609
0.282507807861
0.0909884738511
0.0389476367149
0.127675913168
56.1244358835
56.926141512
0.166957512916
50.2208954901
0.448841816687
396.995975645
0.814471061262
0.928137549048
1.02623742199
99.6158347039
98.2386472368
168.55850508
152.632940755
175.107496286
146.573913081
146.069465954
148.670743888
87.4144743774
81.3694335312
0.259317699448
65.6864880324
0.358769904362
0.244251758815
0.20267430234
0.194566305745
0.234561687241
1057.29830498
0.165181090196
1059.74255903
987.844190545
935.223492196
874.279251095
805.217476655
948.686934987
251.629676444
61.569184254
0.367273815317
394.506992429
0.343516447727
49.3691670957
122.79019733
0.325988339565
0.447428208775
499.525618511
0.23780681973
0.221493608819
0.453624872317
0.422130456492
0.616067490155
0.60675226496
61.913189317
53.2351572048
0.946664783715
61.8660675613
234.294588442
0.617977240787
184.439195755
0.747294883129
0.589685418589
56.2653129427
0.573996921083
0.543000194576
49.0381424282
0.410999541896
735.549250002
83.6279555091
69.2108684266
0.419930993877
0.389134686752
0.339809384656
0.327716020779
0.305467240366
0.319808709687
0.268295568751
297.994248287
252.569811824
203.983871438
155.674314892
161.544432297
99.3522245011
104.304439317
105.444251459
95.0513946309
94.3248170674
44.2756535977
187.814925602
0.334992666882
78.0737982036
69.4924891743
0.323209614273
0.300533289668
78.5401949111
579.480794575
0.505446995418
59.0340558652
1126.40349209
302.244325982
63.2453456644
67.9000199839
43.944897941
261.303806529
1.09708714622
796.429416229
2036.21999165
1448.66381594
507.076810296
205.868018084
117.664772565
0.619303150736
0.392137999555
0.33420120282
0.30976313831
54.9282870618
0.763807348007
274.388235285
238.997590746
188.026998669
55.3569547893
158.834718228
48.7132769045
0.156701334358
463.322353055
84.5071691745
269.695270008
0.429428572243
0.530612416182
0.82004877802
44.6464759505
0.917932368277
0.74393241148
0.538803542535
80.2661868869
0.489327266222
0.484076561846
0.406583434064
55.1459598435
71.9160880416
0.273950773549
73.5705155625
60.9415750035
0.243228932374
64.7621026787
47.5785558561
0.287167966236
0.289958527968
47.4810545194
0.29391946974
0.302505383629
0.315612203087
0.15033951296
0.134715323997
74.5364365536
0.0838864543255
824.080152665
184.424260914
194.411682407
0.0793831964934
0.225388438808
0.269357763778
873.365286221
781.103817737
727.556499598
3321.81030342
2656.15569332
220.525236067
191.342292169
648.174692952
341.006110516
177.564819242
235.399374522
374.8930028
581.946819505
377.76155458
302.865078255
221.335406509
568.520960756
192.271270566
390.506865864
125.623448618
213.234644141
48.5744641279
44.882670927
52.2832153194
412.299101305
355.559464504
455.003967052
398.617928622
237.375167948
83.478688596
240.064498338
92.3437276872
45.6058566982
54.1752044039
45.8951325379
150.995555015
0.716358335334
0.441663392001
49.6578375749
0.399793018577
0.348995220058
0.462539133967
0.29911955916
0.292529582195
290.257972488
173.833947818
186.450188866
45.1224157289
60.6206320831
0.454889675347
0.378247968328
0.286998646272
0.271725793663
0.266837926336
0.321006749605
92.1816935483
98.6923076961
0.362792079235
78.4111238438
51.0055421864
54.3861477802
66.7065695284
0.204621988659
67.2442304286
89.6630870483
118.042824177
115.069248765
122.902364301
113.333988891
98.0001897519
103.254173331
96.1947237304
83.8950163261
89.1242217499
76.5550311075
56.3731385177
62.8154632025
58.6630941648
0.491025766724
45.368643076
0.495064393312
0.451282571119
0.484652903455
0.334447410926
273.702571306
155.892471896
90.191931638
0.998008223062
51.4186072991
0.674889364592
101.293046113
77.6942844515
344.346649971
0.354191181661
0.164768152903
94.6632714188
99.0498068961
86.3569264669
85.2288445644
88.0445379135
88.4342454256
87.7459940504
81.7083354764
74.9466274221
261.397097166
215.811792787
209.01603481
101.208769439
86.6822297588
1.22144889374
269.474994498
78.58598538
0.635821702712
0.0731479333818
0.114357657256
0.186587971183
0.184746753224
505.484571802
283.636405758
0.0738042922842
43.9521725118
50.6517814744
66.8754428684
4547.87279999
336.511348698
169.808092202
1204.70890245
217.304834431
195.517554899
0.452935951353
0.264229248991
265.837274649
280.832911251
62.3738812863
0.326334894656
89.240731983
68.7835530094
0.328651613233
64.8260599305
64.4271603813
0.246979466461
0.241959533548
52.1798636846
44.323659544
223.481111858
307.05857675
257.557894461
193.328544116
146.062545145
0.200020571161
0.18135713946
1013.20013216
911.10583084
793.254729819
0.151146962625
583.831501688
527.037506214
46.8406693329
364.788225799
284.858478257
220.806466543
171.910620604
0.107765874693
0.204116400878
247.425942518
178.072508654
179.573406401
181.68416719
179.183157196
194.981412754
199.073579275
122.143133488
176.133156931
195.348594533
178.413137385
164.099059388
156.0362827
150.029398567
150.396205455
86.2984578735
0.753596745814
0.785464296693
0.740887202781
0.674689441629
0.607043560446
0.538699079331
0.515086127458
0.49103390078
0.388871598313
0.307319588528
0.275561194769
0.465065822104
114.241120374
49.50203543
0.253533147806
0.534707053403
0.435584824452
0.935247774783
0.445566561133
0.226187019368
0.15739113111
112.260282987
137.292065677
297.424265255
0.3596813839
0.58786129146
0.514624765545
1.01786306067
0.754097885078
0.870715717897
0.618927202702
0.511222624957
59.9816364154
0.679244711034
50.7575151861
0.513587566116
0.4607859979
0.448775415143
45.5201193583
0.409479355091
0.328788762298
0.33064422877
0.363971718607
48.7286076918
153.484738353
145.222129559
81.8276829089
0.233574313577
0.22668238767
0.231875064869
198.78907311
0.31464462593
0.231858427579
327.721521213
310.527520309
277.697773218
209.98945209
193.391067268
170.45081736
173.995347222
105.166204804
91.6525656994
80.1320211478
1286.53239706
170.787096463
173.457660131
95.338640711
82.6055620569
0.59841357514
0.409124746243
69.8921065794
79.5722590568
89.1608512312
92.2275203036
137.416833393
93.4769666839
99.4606436715
91.9027871969
87.2830550547
75.132387005
0.439017054079
0.418222856187
619.97750471
683.289646159
101.996410416
95.9944210796
49.3056519178
73.3640896108
681.104147206
899.703489084
164.723369438
0.347816416092
0.348027830331
0.372428802021
0.51577678208
199.841287287
67.5616988492
0.294319179461
222.536846839
78.5038830955
0.602791679771
46.9531177338
264.044783781
1987.03774063
0.529595690808
0.493654048264
0.477926071937
82.5101452894
65.6328802098
0.569203063544
0.515379208381
0.426021957051
0.534076095825
0.41319305641
0.407900747935
0.412403068315
153.46417038
242.861180758
45.560227209
60.6014134095
58.930470181
54.2546966661
0.66453378305
315.744626209
263.390430371
181.041089497
151.057871193
82.5240987479
0.509261351344
880.913372091
788.084856542
0.242385817545
367.821150848
0.431083377021
0.355351243742
44.9595953193
370.77138661
334.271206715
285.309417039
211.378483119
179.378869139
116.360301674
144.252602091
94.6777238289
119.656973402
113.819850865
98.2581443815
100.009773634
82.2278880513
76.7484784254
80.5646591883
81.4538211753
71.4297281321
61.2832327819
0.827575154127
51.1531780296
47.5575706102
43.7292669692
134.767499913
0.645678310522
51.8666449708
0.443172441822
45.8909661688
0.548521074426
47.4242274734
0.635882395839
0.954350633678
1.11863705001
0.537338224678
505.24839136
316.868702572
271.861843246
0.786824547931
183.562227713
67.0077676176
44.4293587589
0.757744887874
0.633145567383
0.628694003411
209.190463719
199.588558033
195.918278447
110.961653338
254.112295201
228.40613555
176.901306426
159.345557298
151.116639875
104.245985948
160.618918609
149.858641531
144.695552227
91.4554493786
84.2629854574
0.450507239138
70.5390252217
0.437992188623
0.436582482718
0.422135301879
0.385245946664
0.364594058587
0.218166684151
0.319111368428
0.4712923874
0.430120333324
0.406729802113
0.609468459359
0.516625368911
0.484180968565
52.3979048614
46.3784272319
190.87643654
0.490246220234
56.8820248665
44.2008328561
45.2450943548
0.35692065358
0.315720707689
0.261964648737
0.253638993194
0.278299690944
47.9635821391
248.428744926
114.836902976
151.568036415
1.28455691918
137.666680926
67.5444427238
0.789755296245
83.1369434615
101.963306253
105.418542986
217.481464853
0.915124308206
219.115555512
150.265647554
0.808829895656
2.36126967853
0.559628469309
0.791293406848
0.4778827961
0.577887682218
0.796495102732
428.679416758
260.757006571
241.092073338
287.919721938
295.434303614
324.347690671
289.236303376
273.71923805
253.962714269
236.670511945
0.498235822727
67.2782657232
60.8610424194
0.801842967178
74.5610650547
94.5691279164
146.45944928
0.350707620435
0.531627378337
168.213418109
0.73972631386
74.2043027342
0.795450771976
0.711700617143
0.676001344045
0.820953938021
0.711132799652
89.0760622377
0.452674578846
175.47196435
158.034034268
0.749319601896
81.3567016688
49.6476367115
0.423381710129
0.481198856893
0.416731497464
80.0809702975
0.471462812078
0.738356015461
299.525553749
0.949987325122
165.211200012
139.461328514
0.687743062337
0.571312547184
0.901334277594
0.876541138677
1.08413605578
0.44776120357
0.475670626448
0.419465184065
1037.25469058
48.1044447951
0.40654181645
0.36796752503
0.222670218297
0.25168908577
262.124965911
365.231766242
1.14923367051
1.22778201859
330.708239277
211.61681145
106.072398186
241.852652482
209.232808592
194.247971234
219.532335239
100.362516768
182.791373773
200.403388752
166.741015137
151.094518099
75.8398260966
0.732272349657
145.981193675
143.783394722
0.477698702563
0.663454535029
0.625677843386
0.55011277788
0.493301434837
0.442593837199
0.735061943556
78.3579307596
0.733968466048
0.792431110273
0.794514128722
45.9375232218
68.7382754447
1.07681933025
378.091246364
0.373729594549
683.19299473
453.217483821
0.390187902927
43.3651132598
93.8830578548
379.587895042
0.568354318942
100.91832691
453.86009864
0.704840501472
66.1163632224
78.8278994525
62.9646788956
48.0336715694
0.681465591802
0.816803591103
0.985416484119
257.2361037
57.8145519115
69.281382819
66.0472969179
0.737722002646
0.688168466807
0.673429445471
60.5378491602
179.477399986
85.2518368371
360.242691477
265.841620864
0.989400355179
0.668665840913
0.544648774366
0.71423933808
0.593111225354
331.2674325
227.789360637
164.780777524
45.4987438278
0.66732828157
0.827881422109
143.051847136
92.0077598391
0.332802298657
291.244199023
325.277436452
174.021756667
158.893566887
202.158333206
177.428833924
295.30555249
278.327461419
207.282344526
208.112529622
173.637530803
85.3304804655
0.867971656291
1.00627062918
80.8105830879
91.6002806216
160.287316492
171.224932315
188.500889194
189.270005354
219.006897335
696.354504722
444.201777836
786.700183054
100.280448628
314.995669272
393.747207879
823.675400637
697.876636044
56.9312593495
0.637271074168
309.706369622
181.522018532
46.8681698892
162.561099115
161.371295648
65.1244620446
1.10914803327
0.837099770593
1.13919161054
1.18977415807
1640.70614629
1151.39143003
315.431957469
1.58354691128
0.888442611426
0.858079411069
71.3797611172
65.1528744526
491.066280288
1.01421487369
0.949469155702
1.52868664988
64.34311168
257.853140001
1.19824706298
0.931304055492
0.832533983583
0.756920534522
48.6042933066
0.71745446028
245.40609217
205.267043275
152.917347091
82.5669510226
0.851924829795
0.830672210258
0.797112679472
0.668090718497
44.3414619314
67.5588762764
0.594218196118
1.04870436457
0.374733736904
319.673504028
0.689160543672
0.72049718719
0.320674839876
160.982863154
0.321748321086
698.13712587
270.848452731
908.746656256
732.12524656
881.144270094
392.77495695
442.552130797
411.871461735
380.237822412
98.3356875814
220.329271808
1.48219362142
1.12387518897
68.2598461814
426.557621783
1.8534149695
1.76992298422
174.391252056
147.003416561
141.049442472
134.853374499
83.4585691704
72.0390396069
66.9980273102
2.35767527741
49.5815007007
62.6231378787
54.3285693634
48.6801625478
50.4672891082
52.5708833644
71.5591088775
1.91113424657
1.47885288596
1.01403602874
82.8739902287
211.471922565
213.851384215
198.233113029
1.46817725029
372.109496347
584.291956584
267.235217616
60.8381053257
85.6611963062
162.791187492
148.162353891
173.955015478
176.058331687
90.0188129953
105.132770587
172.165486431
199.167630461
183.558949459
96.143036921
0.746577889165
156.238328239
162.05952632
43.9748865854
227.718284386
51.1178640448
141.92436866
336.343802588
124.170554465
77.3809360938
194.501826206
52.1370680855
260.239120073
110.000977021
111.834276446
105.96052919
72.2333755802
73.474284162
61.9194460976
48.4576789022
0.723213843162
54.4652092108
0.755156660611
0.996623486239
154.249628524
333.908693622
248.932004081
647.277465717
350.226285126
648.632999878
318.097780289
162.215354005
152.702298098
0.564037731969
96.4945565679
151.426512182
84.2794290615
131.623248461
92.6558437576
107.637555096
164.923830922
176.133467921
182.193101699
158.202688676
45.9890424527
1057.72975005
485.849318876
460.896262381
323.116152629
656.774447551
437.682707629
202.638760365
301.180201452
316.526579071
320.903801779
253.173196063
269.264924753
243.852555666
83.0665599463
58.2560591087
184.408422801
49.6089669226
172.563740293
157.566579277
138.998431994
539.449172202
0.221862699172
0.639126751638
57.1541940166
56.1058433562
48.1197859827
1.94765837073
0.962514365105
0.861066034115
1.28735942031
1.21013765373
1.7017864328
1.04160165438
1.00526137613
1.04695248065
0.872027765252
0.848098020978
46.5617597256
0.926759683387
157.142302299
1.61987610604
262.569549867
53.0243500835
49.0615872103
68.469128772
0.691718360473
0.614821608677
53.5395425907
57.3228959382
69.4797655616
170.84008654
200.278899326
72.3358152858
0.522080693719
0.449289643594
204.696881163
178.628090654
0.114264233244
174.768882008
0.168296137507
433.344608142
0.446724113549
130.371332927
187.787295957
0.684952028998
275.097687646
0.409193408835
265.465866176
478.757032056
357.808787983
177.116510052
247.95363203
140.121058962
0.299484761556
121.857006872
162.33671019
151.52239059
43.9930531608
0.35105320258
0.31361805983
94.2372985487
85.3843185269
88.2787758686
78.644155558
1.00454191843
68.3304314875
68.1821851072
59.9693081732
54.0585500009
0.508393331007
52.5045835608
136.506679351
0.661070182878
0.906214553991
59.9120448421
254.03117937
0.32662724169
86.8471309687
73.664837056
0.698252148127
0.593411370044
0.485258589779
0.723198917156
1.09864285348
1.0647405443
1.93411785238
0.566000218578
0.485216898599
0.703182665042
0.5599464617
49.5903455768
145.176365887
1.88720357574
58.6954192019
1.56166035201
62.7109634313
60.2642936713
1.55666108355
1.55193868528
130.793606163
257.764742284
214.657223303
172.56402498
97.5730727919
2.33472970372
305.645258281
226.261398572
2.47167675723
1.30433994241
311.06833785
328.368795777
293.229099672
227.71544356
200.51847272
176.026920714
156.209072749
106.920098607
94.3720474779
0.907330084056
555.21625193
1.65766783285
294.49191
0.727716610257
3.51249014529
3.49291033212
3.0594110748
2.93082124365
242.139045151
227.263679606
264.732227185
62.523176648
149.43322258
282.913304602
305.023561883
250.432628788
191.877558104
187.249037785
220.541778888
215.990433533
412.780763271
243.215774017
213.989938719
217.559030573
163.449199659
88.9547013857
0.549816012251
0.756167927497
0.954664772772
145.178557249
0.86108653707
68.4329799301
212.939272718
289.425378812
302.148684952
128.620679985
0.686647877313
794.59587078
462.604310381
1.37786507127
197.637488729
0.253126325721
0.867989318553
436.371047289
0.933209682747
1.02873747309
1.1193813677
445.089073768
312.216629959
329.308650774
241.05749606
203.296243865
1.22848285535
247.472429716
69.4094464686
57.0002820805
1.21620480994
1.88054467701
2.26421697094
1.77767987055
45.4893195939
1.51277206794
55.3253571947
1.60978104821
63.9278143647
0.933142423642
1.33003783311
0.822997116315
1.35590450764
0.755912768701
62.6440422614
0.642498106691
0.399797451248
0.338872988995
0.478906514103
49.4719375758
46.8662182336
46.3130343638
0.836587083919
202.65561418
466.223768326
306.801151792
135.013446118
250.521458024
259.580134562
1.74923280823
1.83467025104
188.876957194
243.915193817
1.19017710716
1.26782630607
159.93701689
215.191304924
225.481962192
213.570428143
99.2644817145
80.918937148
126.6700446
85.5183781548
155.48753041
1.28096948223
332.586686122
2.09592245132
45.2063234372
1.81881629191
2.03996079782
1.94331958789
1.60127665187
194.776905979
1.22292681129
0.910490935983
1.1810734442
0.791664923555
0.80086065345
0.768653984835
0.631422450677
126.198060279
67.6441333311
1.80010012672
1.47529258243
1.1592240107
72.7670542022
1.60820630823
1.81188884787
1.66270139634
110.896357698
102.570613529
58.6802822271
164.647206835
56.300729936
69.9243583924
56.1693091751
0.795529815599
0.771631106674
0.861506419563
0.817907808079
0.762585513945
0.696615607354
156.099530483
0.80209033717
0.953153835791
209.027082026
228.28680065
209.482727154
126.281685133
98.3534596111
107.962093831
122.444363238
115.48740806
83.1665757824
56.0065691406
66.5349684715
86.8315053688
88.2154965479
66.5513979215
0.27861519125
47.0109924512
67.6098132614
2053.7828408
497.032588517
473.989281501
0.257189302635
168.498886504
199.562902159
242.495484265
234.395368164
173.517341951
150.910442766
208.503199856
248.536225703
245.657964581
231.58720643
226.202041119
239.399959279
266.766195545
263.630860213
219.584275972
162.62648581
154.047050012
180.024144567
187.023970448
0.585615079926
0.585814367094
0.557703805771
0.413167359777
1223.38626695
1031.87956166
827.293595059
477.584251576
328.797500605
2340.49133912
748.442229441
790.655342401
314.871848288
192.77159859
272.392216705
188.171171366
850.368278731
8.54114236144
637.817218421
283.08453846
621.87540926
350.06264643
642.093372095
1002.37875402
389.905407347
295.299283755
294.049700806
9.5219976114
8.80402907315
182.731964028
220.084568012
189.858361065
466.586463485
8.41940207052
362.889272248
212.925445213
455.952850198
188.809573204
234.404948618
1092.66201041
304.746868556
174.241328931
7.23253128988
262.089006204
291.825814688
229.279883536
171.39762301
533.916598357
195.373510305
225.457462719
206.010294375
17.8759151033
216.533697917
19.1634156737
22.8327787676
45.0795425866
20.8056234729
26.0480769671
2095.35305513
18.9269369133
1136.47715266
1964.83955728
1105.63542325
943.743847984
818.657325776
25.6589291646
1596.99094248
246.329499611
336.91839897
236.720181163
315.598775906
316.645973888
12.8839853913
266.844437224
231.168245391
215.824341754
170.588358607
239.452571994
682.033334519
250.670266666
17.0696358348
261.019419209
27.8895569029
185.33047367
13.4036938329
265.999994075
31.505579961
246.19833993
334.786612595
171.622949885
125.847310658
171.430891103
107.30159554
182.950815763
114.547606906
304.299255703
270.469290491
205.366359702
40.8575310929
36.6817093716
50.7944941648
31.3019286702
34.4802831032
240.224351166
235.657246585
236.132606039
18.6462616786
238.911260941
242.635983954
15.0171965121
535.920904661
14.0788817754
227.385349875
253.528466197
311.620335429
210.166890344
23.333607684
15.5050348585
122.659782891
289.665848057
26.8003702446
214.929824561
243.249294171
274.894302867
320.434128027
246.903715623
227.21079497
357.609892803
204.117623462
2182.68403069
546.202427079
243.833805628
260.911520544
31.1873967203
287.350061386
279.240036583
113.497638104
177.936030486
42.2055665555
666.522231364
232.807828114
241.287885116
46.4531929029
81.4235819824
71.9663782205
50.3611641812
310.925593764
309.100209126
168.684395201
35.1415975589
342.014938535
320.833976122
229.985642696
32.1945880361
346.62400226
308.984280159
35.1113981055
950.781651571
252.343417236
238.248485397
261.437644426
42.8052621695
262.784461618
220.419289699
93.1960541184
542.021495034
969.559835481
559.154419804
247.126103236
275.14955359
228.873741945
2044.77539497
1263.98323119
804.407320727
766.656263533
89.1888521281
249.16961939
66.3523851632
54.8188196204
117.546487255
262.545305923
287.364631293
242.758584885
54.3403179064
44.8388883077
41.3933085396
1271.66402314
181.789456952
53.0988331817
276.126810429
1704.43799134
959.650192192
640.721434143
501.851409549
368.189910447
399.297685797
61.8998920839
357.538071308
588.477968735
471.288629658
388.830874881
76.8289584208
77.4504316624
205.686308107
1415.09894386
2599.10720097
1424.31171901
1774.58405553
3369.80216801
1795.80629337
736.24973915
740.329996529
69.8802912257
101.603271817
106.380727902
44.816757443
267.225123625
374.37541672
143.98308349
204.822328803
1014.7318756
572.372097773
474.755376394
413.230171157
486.349971265
442.424752888
345.247869537
301.096183922
331.808929472
239.087227089
228.835179946
520.283398994
227.185529987
262.790804693
75.2170255137
247.365928734
892.236536789
186.409320965
312.104118725
341.04154654
699.150212605
435.150799248
340.98992542
358.256639221
74.8237587646
282.416835218
547.095324075
294.223444886
314.88096347
1712.77516012
2163.57328944
1507.6017653
333.414994192
113.209997778
97.1922577745
100.257477648
451.075098811
409.937430301
115.713549302
318.731315713
2165.82496797
2022.77340671
339.793159321
134.019212227
102.49536352
603.626536033
77.3209832447
77.7234964823
57.4968280238
1933.95825536
1475.93598049
1181.37787524
513.716928883
920.592413557
1140.76189843
57.0899655871
640.539778422
449.432269464
294.195310338
294.414277749
244.180699258
165.938116441
417.692912611
316.144695652
215.311993028
385.67673938
139.164584673
4330.64794161
338.458602985
326.353645161
711.687189228
194.686140303
118.540137961
752.522856444
118.734381036
146.298233202
536.92573179
60.0324628454
262.429069815
6122.48564003
3863.54005626
2843.24196286
2015.13695711
751.301530546
692.052531066
271.911182757
241.389122264
402.62417849
474.817031936
221.436976053
64.0297463832
320.019089464
209.052311446
301.385063351
305.502782992
562.058418731
374.618494742
52.040592898
924.343867679
2349.4414638
155.930954304
178.731829677
3109.65419227
46.7410206592
191.099310648
999.544117563
288.858384361
63.6685900736
655.822372678
4477.00179964
120.22898071
139.153402483
197.386946096
242.259590753
209.590393756
287.715807522
279.398280547
86.8546566076
372.494707433
176.12642903
146.799514275
308.209321097
459.477078998
182.443422428
167.627358289
158.606835898
127.284643689
2186.30095384
224.697547007
1280.5398886
71.4885223128
170.642531442
106.978067885
126.525022459
290.189464076
311.343653889
165.165892789
117.484134149
352.58778128
250.336196705
444.297175368
92.8413360452
91.9357046935
238.882355599
830.394086226
322.990865089
337.654088385
451.952259744
1318.65217588
629.930677686
222.316038148
451.030929178
749.211008623
296.400110799
326.279941998
485.795765491
531.302430101
314.366180874
1046.0665523
116.897480278
104.180500478
462.15248774
257.431676073
253.163979612
442.532382583
733.361890064
53.9014284528
303.688849798
1884.36424094
493.426494483
558.389270902
809.85971351
192.799341971
233.952214677
135.480917351
419.969227605
1083.99975621
501.416661419
479.231687072
221.198753878
132.477444544
134.855675212
858.358068336
349.861110739
650.355404523
552.151583771
244.324664323
236.738026481
606.064040214
415.601838888
964.54457033
395.155603163
510.266163601
802.791910006
519.974982111
665.094958372
319.002263303
938.386004811
892.142637234
352.368200038
316.617350197
266.650829731
1083.31182708
273.687923407
206.152718753
269.158485596
461.620824255
709.230262749
584.22116082
503.930935456
105.540513517
889.137198023
88.0430637445
138.429573823
683.376877668
73.1357466037
568.009325015
371.472929083
717.609071386
114.905852938
800.800588171
344.803367878
375.49070131
667.154168894
584.975641163
441.70116109
1057.16558915
435.902480069
349.631525088
556.462344429
310.291427357
323.313780622
344.363634824
380.994436963
208.866082652
101.501543352
378.643525192
559.573207223
817.496527665
501.441383807
401.116714109
559.691185302
400.178247168
617.858585403
371.767793334
114.470849128
137.8756536
462.091376143
125.268451284
509.122054289
143.548784823
949.370925338
704.002048832
652.314552076
702.020312363
647.868554002
105.230075013
115.803920908
134.407486846
76.0955067428
177.375834849
592.60631651
909.184585392
1726.6344073
2918.69606698
63.8807138489
131.883751514
101.14176661
328.163475047
155.377864186
158.762504051
345.293873427
358.282313213
403.263578121
306.796141791
489.163894343
316.905828091
141.887997619
543.074575889
123.10451427
172.335872999
278.280004766
203.771047249
230.437899258
246.954239158
172.754265629
467.432105157
95.3068718034
337.682745404
98.2141481938
283.993699231
323.869053601
183.375161892
327.72769679
284.853771531
241.822598986
161.473451268
195.059207482
136.789568846
431.296548044
711.401662368
611.110409245
747.1310986
397.198383415
356.803636151
281.027500321
411.369399592
211.889921254
418.780451987
1166.29513768
808.031496916
447.608113178
754.382645583
443.782443569
323.753814872
428.201238335
419.469594067
1382.5318437
628.436214801
289.96845426
388.109855271
270.109666982
362.087388654
488.550195569
637.382543701
283.435310719
2093.84888422
345.680633281
424.138812775
395.749302955
742.520856739
476.79116984
332.260470052
450.8132716
938.072084253
225.108923966
1030.21994225
429.54126917
293.886489455
266.711013616
656.84750057
652.960032238
439.38726305
166.445721783
1043.15661124
581.918982734
543.092991668
4511.65124166
2746.19001097
965.892912199
1910.47607393
730.027196225
812.319395617
579.559239504
1131.84482867
658.842993007
1690.42907839
1879.46841433
674.510515813
579.388802511
461.584245655
161.884205
172.96506547
253.619942472
228.432412534
199.618966019
781.796845773
738.689682477
1685.80744464
763.872833106
642.250841357
655.329771706
643.960426699
842.223645861
918.308012737
127.90757805
426.345608926
320.49920121
230.009515494
320.135143286
224.324082567
128.912077583
186.647939018
141.526520355
331.531931847
637.281037136
650.386797635
614.946292444
366.544434129
1154.85160953
386.431016414
425.018439368
411.263982933
256.7718395
539.979487191
287.690298179
214.019834403
170.777494824
746.945757017
521.426629751
661.143962191
757.531327919
273.24908899
711.885505613
368.88554617
452.41349067
222.616988855
670.025736486
276.481016893
360.480741406
274.83380777
561.952536017
448.393884192
536.380443804
429.062674518
645.023650197
295.906100517
940.245498561
391.036621128
274.445919792
722.549774733
882.743483399
450.304194553
214.298614858
272.955897239
211.462455879
297.138022672
647.9757074
1407.34733368
1277.3214592
346.91351717
625.336972697
528.75888705
615.351789533
194.228587043
185.511636056
182.459980181
224.704153504
351.385728307
376.179592155
143.059570987
297.931271589
207.836325498
785.127383351
103.323397085
221.514436919
923.494584979
244.406563822
1152.48013662
932.27682476
647.333708433
1796.12197238
868.611645154
301.333708378
749.953771415
379.005810634
1313.45016638
288.355664101
1236.96374565
317.275723668
350.548763809
665.06659421
307.460860135
594.453958176
727.343289041
1409.28694311
435.053787489
249.300348124
153.237336458
839.436024739
453.565000822
595.917820799
377.685804236
334.178891308
232.629683321
1295.38438269
351.554338974
581.493992631
977.128551932
588.915815044
531.11658297
285.248318635
386.746387945
266.837395178
193.185008484
213.856606125
540.269223775
519.690588511
723.394775811
558.978835615
455.060557833
407.563293918
343.324252589
598.149150436
229.999877459
355.842110752
440.270130207
1449.77060752
549.721495848
227.914327209
582.128859466
639.941032235
724.675030228
352.310233053
451.36141946
1271.44054665
1150.14203448
920.278975442
2441.38618521
381.437602903
1535.40372031
850.756600133
379.939096621
810.170396344
645.782856105
425.814063756
496.112729152
297.031706467
280.816365617
872.473804868
1680.36079837
443.995395445
451.254360564
1546.08427557
957.73806513
869.311049993
845.955404453
1161.91205738
323.706373437
376.487051649
385.067014295
355.469182418
555.587700602
279.710586215
567.952218224
1070.65246898
955.341167712
786.043935923
542.025304338
532.365486259
1042.42390342
2027.82121054
869.77304743
621.828442697
509.328737614
516.230076585
1749.78549237
1098.82036584
1163.75144802
901.522496757
721.453167524
539.462077537
699.107374395
580.215621079
392.161914612
373.575208789
719.721665117
2288.94425125
1120.34316121
828.194244339
642.488524043
244.218437466
235.432944246
324.014878095
400.199969091
1037.12422837
1291.60607155
374.299344229
405.394171594
526.11787444
706.526384388
526.879732892
483.496895091
884.012443048
567.386587531
435.047251223
1305.5888633
451.945739549
925.469530886
576.969039246
863.807835359
3291.58002988
3239.42027938
280.522700591
4629.63458688
3787.63592991
393.80664608
1013.42993538
1062.39354734
439.678633696
521.446294284
702.234253905
500.128350666
674.928672103
1411.0817553
1108.37894621
1188.02243039
527.815256517
781.095091859
875.429776433
592.174564473
567.702706183
394.523592784
471.601302836
1267.55593703
382.59931751
1189.47926026
479.134167236
623.020657599
527.215951206
498.768493926
478.336175375
292.197283601
283.268641921
414.742274084
2697.40565488
1003.5200054
939.778558527
502.577474829
604.318063689
668.618029531
496.5583168
828.618934568
1538.49650701
1438.28478556
851.585393485
445.992176026
480.090386075
846.321343116
595.994467089
485.139598241
715.909030132
1218.70267449
1125.41165881
834.112376405
1147.31202656
573.889788634
790.553982404
717.934248699
689.82544044
517.080362868
501.82506982
322.415708629
879.596832515
1537.19821591
1185.66528665
2291.19870693
655.505981849
1084.33374523
411.552457678
1012.97377793
779.596356624
812.526511553
1160.81644028
514.953025319
893.149416029
851.828093486
570.115707778
451.770320369
513.298979979
719.178339209
812.200571754
367.005693987
366.078542601
967.797980105
762.019234018
498.04155896
291.898045216
895.644420801
838.174976152
515.949325558
411.957242628
448.000174133
377.467184349
574.955663821
591.36224777
275.931305095
486.462693585
555.441304558
936.883583971
482.969012635
420.744685565
235.809289902
488.055478147
1627.06159457
713.061333284
1005.40933485
620.076513321
543.585483169
399.75066347
571.097818367
740.305831536
629.519642428
658.477020234
691.437851932
729.437073621
269.317433258
355.982303619
457.14557675
350.906701163
210.063697002
166.08278696
516.051351372
377.801490182
608.915272954
2264.17575242
328.114423592
378.406590236
819.603059083
884.727200496
458.115251173
414.701958628
311.626097785
613.932078542
307.808545285
735.959397329
593.670473337
589.512565132
353.680979107
626.286478866
310.530216102
269.898398451
460.100655932
291.563140945
879.441535186
518.102088029
1270.99755139
438.528734324
366.699708997
879.584038573
230.905532235
410.112390402
574.460782774
528.184868956
706.653735387
680.829315154
248.496613142
679.956213986
468.248520637
455.898219407
481.52184644
1006.03907911
2501.50533278
1720.16631202
696.096856891
4949.08174268
1327.21514576
669.509811304
882.326181412
1092.50332918
1291.9153881
378.309242798
1061.70838317
515.530309607
2335.41977533
2786.11906982
1209.92402052
845.90086859
636.640737051
991.959065405
1910.32085975
4633.90987778
461.705536976
696.598101858
467.356232589
285.802988744
317.481388362
639.00030079
424.986027526
555.577363244
177.249132671
283.327244707
500.618699826
1203.4820247
860.054747405
642.840224133
1170.80762896
1290.31138148
1374.42893998
1365.42678631
207.571874306
481.833242377
536.396859613
1532.49314163
492.118943742
1126.62422994
282.166026147
1133.85559025
796.23910534
458.89831686
548.212271963
696.888566997
227.406864944
705.350297668
444.433569356
2561.42555168
1398.94319489
564.059898124
485.547321326
693.242734306
443.588667093
336.834422505
307.098389326
361.583054045
1680.77676179
2702.40221834
354.679220558
487.73771376
373.59448874
558.83089525
945.924687458
825.657684201
339.777039061
1985.91924175
332.486598147
850.194358908
401.661127372
478.152373653
929.577034072
301.064593102
1370.88720472
1757.68164255
1189.74485213
411.454320097
1873.96848032
334.007419792
1465.85698347
732.50285337
572.641166907
402.637855177
1510.2438164
944.827750137
283.991649118
621.366963158
2174.36701696
1668.32543644
365.793802104
1213.75498068
1518.53123572
561.582913975
1718.03450027
1198.37459391
547.58471981
1325.24009109
2246.3048536
1202.77158288
1060.62993524
547.561148021
1467.37925065
473.480246562
602.458469593
408.60565358
445.779406866
518.422791885
644.29721401
871.964310536
542.723672982
289.242397143
1152.68271512
562.985769871
487.277825557
768.850761437
588.483882351
732.711822399
3957.17219333
2247.45279151
3607.0148854
414.76149713
1287.27187407
779.422548873
608.981226314
768.104065176
515.828823607
1489.5925006
428.385201781
473.742531124
373.189460119
512.047428606
441.83113678
436.55297709
578.553851739
468.412109491
587.877985099
279.540317377
698.001157115
808.349486174
565.448943285
701.129699488
842.069169214
946.101397647
595.257174959
570.163673041
1472.62001405
894.120995411
483.157087478
306.099139067
463.473223159
870.776730371
288.738991381
875.830941629
535.214171469
507.054532297
1684.24136724
648.306908725
630.238675965
1682.68148152
563.797155587
840.054094991
930.193018613
1058.15852575
377.4018099
1197.99497438
316.634851056
324.043952211
528.40254002
1569.45806419
1543.1214225
857.856977111
417.378824343
529.539632163
348.038737337
1102.04264303
1543.34332248
546.336432162
627.029846138
797.04253916
617.391200969
1059.61562788
856.737875306
434.902571034
1049.99788291
284.896768861
925.730265954
461.760206083
580.220290073
493.678513853
583.854472799
759.735660944
321.048910585
986.196341936
391.901438415
1383.95827782
1557.64974495
412.384427402
1860.53358761
290.429450303
661.244406323
494.685966895
360.442765787
967.628700624
712.330871397
722.981241402
580.503558573
470.510403641
514.396637984
584.782549232
657.534269224
595.049408589
1054.18173427
1707.04148901
613.513846334
349.705016665
609.699749498
1690.67149566
1180.64351591
864.418830605
377.1780164
921.899129826
842.967498345
689.72139321
1260.96022757
1413.49892758
1526.59060805
677.364435937
294.861163253
990.49579339
555.372062053
1048.97368635
354.909691681
696.153410471
984.456012992
591.312280507
341.566238387
636.994442897
1030.88703248
1283.73457379
588.015088085
867.958590005
1557.20732117
511.534108929
885.497728108
1733.70258415
2182.10906584
1198.86607088
1047.65112313
1052.89628106
723.612840156
808.937170038
580.228931879
463.158625558
498.91703054
490.429058007
582.114743318
1130.27725766
1363.09933022
1627.71773767
959.106808541
1665.17030974
912.526693976
760.076477075
811.21788353
461.926636687
1928.95075878
679.005628114
786.990456051
1232.93710916
1016.31618201
1402.18944507
1051.24869046
506.218702055
1791.69026438
3016.78066904
499.576526429
416.113406685
591.268079923
983.615066958
787.94551718
689.358905249
665.244023418
573.80011542
498.17156784
1332.72255215
1232.69190052
626.978445916
365.609703319
362.646379356
595.661270961
925.201317783
372.842518225
608.058667798
373.811160223
1007.93628683
810.425763639
1769.1655871
601.714953064
650.623227021
586.381357898
983.299447773
832.544210174
1234.22617679
1072.22560963
1310.94399372
1007.56440942
1905.80036304
6101.92563724
126.637048844
0.819211882959
1.03969207133
0.522096372061
2.19327800222
75.6245763267
2.33595571215
276.795935854
107.696613022
2.02627742913
1.28672253217
1.15004800475
82.6025955902
1.13849834512
1.3559106918
1.36688868757
0.972741316305
1.9267018954
1.02985911792
274.273671643
207.724014779
174.150022707
1.71858197464
162.883378095
248.199733914
2.30814463807
148.468949949
324.269326617
108.665026561
1.83509817568
489.306386265
1.66087928402
167.679779207
1.63122776729
0.795168325041
0.705775891241
1.41530815794
0.902196096844
698.003022162
686.71905153
1649.23622849
4238.89230068
527.241420582
2373.49085277
1693.76674793
287.428049212
193.028464444
1302.27040927
523.596129134
156.620718891
84.4746159314
335.581931331
84.6876405647
1.95897625512
1.38932121329
207.12732147
168.72659828
126.991986093
136.834183703
317.978276643
166.980249955
96.1032803684
120.090832112
121.919737894
127.9351707
132.050743399
116.25769914
112.425865936
115.603160514
116.418885177
100.195541887
91.9380416913
80.399252893
82.5043576067
79.5919573644
2.9222857815
1.70121667316
1.73715710771
165.911918614
404.720741528
1.10429442498
157.713453575
121.934502636
1.36442694111
276.443231281
2.12535233552
353.634874001
3.13869852746
408.467103882
387.343940582
366.182621519
308.212509879
2.55540858085
2.37909725609
1.77724212745
1.65983493327
1.14342133875
0.86533482419
0.806529847844
1.0089618656
1.44492932722
372.788537883
1.299336479
1.44602230593
1.81560179179
1.95312458412
1.58720345448
1.25682857055
167.505222251
168.556800897
198.234437709
142.49742915
2.02514610198
1.35961317008
1.71903568527
1.78569103689
80.6111143702
82.3589640477
85.4062566012
0.453675038113
100.725070951
279.788482754
299.510487616
0.814352964614
1.39786662905
2.40644712814
329.326743645
376.73858214
169.182253806
168.207028096
170.783339514
305.849624697
275.578445263
135.042347506
2.42498870425
237.311454805
255.189186741
174.366452274
253.730436799
1.54652552599
167.305232362
304.109642922
387.061917744
255.472950219
227.232805358
369.096627295
110.34405951
144.831654195
76.8048994676
164.127636984
345.665195533
546.437965363
85.7466207849
236.71700329
1.8808735748
102.282706892
0.846184437698
276.65156075
118.130359354
276.08522511
95.0895600061
149.289973732
74.1431010427
1.17153742277
1.25329477539
85.5101985467
1.22213404225
1.30560321701
115.578400264
131.655304402
195.780352722
375.992634585
178.459067983
285.764094388
368.189864617
232.37212271
323.0316596
353.742082266
81.7287846553
0.824128391972
301.096009409
433.68669372
378.770819104
1.61479138125
1.43109342881
123.076538034
134.520503444
325.352144205
98.0013033614
211.373077054
418.870586812
455.617382689
562.390474481
470.062839595
347.237598811
177.062617791
694.998432606
132.489445487
420.940165631
418.270290429
1.33490886079
1.53969770927
2.14376184325
0.679364137613
0.595377934095
2442.6730562
1.00187877109
1.11523679344
287.507419934
110.047144934
223.562321796
233.904190554
139.894283477
288.621026162
1.31831067094
2.58947948121
273.114453013
323.035316134
98.677492941
258.169113592
1.52801303579
3.5143577402
2.75155797639
3.05918904064
2.91835085924
2.80795206541
386.140184785
4.17894197731
1.58348412538
1.71394886243
1.72810427175
0.930478850368
1.8840816878
1.84064349857
146.570942188
354.075896341
303.410986021
271.77094912
404.746086136
196.286764694
372.409598167
95.2246398537
92.019892271
103.419178733
120.379449128
131.340207717
122.032014452
105.022515344
89.0888850095
120.583127565
133.678005621
95.5891494953
80.9405520201
79.1211915429
79.7153124797
1.00445486229
0.860792633059
0.931132143413
746.091357599
918.772081623
1.00348181053
95.6878405043
632.917761093
98.8849501635
1161.73956389
1256.48800606
325.043442063
106.713189815
1.90382231799
316.008710657
667.242378768
295.279567148
440.342192869
618.158576391
1035.76070072
1429.09646002
1197.6683566
538.747480442
463.734809786
82.464840689
538.78189977
148.598786338
90.8915527827
336.821475861
410.516302877
299.209979586
114.546987574
143.224803592
191.427716726
74.4724727777
314.089675808
1.31658192152
86.7886525613
1.17220352656
312.041983123
204.230057951
2.05291008605
160.56713716
695.369697295
76.8353028352
2.13190226282
3.38492530783
4.77261735925
397.432489124
323.749254546
431.997629781
120.603039977
138.017821439
2.05411942535
5.58196723017
339.260416803
306.089980228
0.637279578949
3.49285206994
0.76207440363
1.52114493289
217.329195881
1.42923620675
1.55844361782
217.773711355
1.6319212165
122.483290473
4368.49266965
94.011350624
1.42939075535
1.22118000045
580.91474437
331.451254056
825.907664407
1.5683601053
3.01940366698
3.03799950612
264.603053271
863.262532659
2.53066339598
136.680319627
450.29834167
196.653901389
446.665533827
115.03143618
686.22254558
270.571014727
83.1086858937
2.31515534462
762.902364391
795.134529645
906.846307017
466.578910961
786.253551595
82.3244981172
212.793719519
238.145609718
233.465928219
243.414430216
229.768774403
212.047810208
201.752897191
196.498777309
190.455234271
368.677156519
370.422550747
336.036037803
253.983651271
144.652446075
247.650079752
242.85650544
213.53010125
1.37386787156
152.272098145
770.952339641
660.23993226
226.489582662
189.855189952
487.15958569
476.066345839
94.7051667765
360.260156093
215.962281861
0.446253403771
86.2890486579
1.10554449701
1.20745888183
1.01854996357
0.964743966975
3179.41903183
0.785068355284
1.07923989449
116.837544202
99.2759513488
0.466517647982
355.876938685
200.409008603
340.711323985
302.444452718
299.706222084
97.7753620115
165.558331771
105.607227977
106.990759334
0.215778343876
74.7937648185
893.079553305
702.370148887
649.962803563
795.307245686
723.112917405
596.584044722
644.538856237
788.619825507
0.383573185875
0.782484226857
1.01231582464
74.9863447844
0.991438091128
1.26665514906
0.85008764612
0.929700059405
0.933198973677
1453.73701593
1.1547427756
0.891140059341
1.99929016172
1.48046588266
0.719786384929
1.09447616246
1.11100140738
1.06836952513
1.16891289656
1.25328561698
1.32304293581
1.17876471335
0.977401736772
1.07869104201
1.33473178691
1.86883941705
1.7661147811
1.24076313621
0.981969888639
102.773885093
0.971093317851
1.39352064448
2.09458244277
177.568816648
194.355351679
2.01755604001
2.19340989586
2.59789254501
2.32325143448
3.2883852052
2.86821675779
1.49205480949
1.28612396162
1.04101528284
227.995196514
1.16414327291
1.26718217769
1.4011852841
90.3892231433
0.616449479142
0.765900975915
129.890907774
1.51868141784
110.588611703
117.365888965
1.3619236453
1.77827921674
1.47976393281
1.39418238093
241.035853049
168.655344367
1.94295683564
135.910967166
226.984394152
1.52714090463
1.4499522159
1.72482206777
2.00829793507
1.86187572145
1.95607875277
1.45401086727
220.526450355
242.191743872
518.199086811
232.137582147
200.151108935
203.59489665
194.715372162
182.696316733
156.113121018
136.412376726
108.000712843
101.439910103
123.525943852
110.801003654
0.982522109751
356.360406626
81.0842680132
1.03059977713
529.784531993
423.700385357
674.309856811
650.671454677
642.213546341
530.784473976
531.707700754
699.24211474
554.90706367
507.865862958
565.229612515
560.733493963
510.627781501
361.979070649
408.883564479
376.421425285
393.138479309
274.842711258
300.80652473
421.729610507
0.642075327576
290.441352164
278.321015763
277.317215935
161.899702751
165.410135445
156.740611708
146.030244245
132.731032504
186.531028566
0.641648609278
140.647228123
0.825378769053
0.856646567761
1.49973792874
0.76309963231
0.786431387459
0.821790226638
356.372538608
110.116191998
1.32094100876
1.16351944692
142.847701945
115.004918283
238.266302819
885.057874957
0.568035449611
0.626419616414
129.38715097
1.31964105705
1.63043492019
1.09559122507
135.678184123
269.68851814
315.543716636
372.87828564
377.724782886
352.376642044
0.574708110686
203.09503315
0.631986516711
0.88046434164
1.23982909333
0.73487191095
1.06285786952
0.680396436234
0.909304805142
1.61502476606
368.128672561
187.690469789
366.518959627
463.59426927
118.675494611
161.744399475
302.861853006
361.859045378
122.227533312
0.506089208956
104.330838815
163.266552286
103.684493589
78.8607121412
0.629858737767
80.8845591649
86.1205281603
133.391539211
92.1666781187
76.7036778054
0.518283630456
80.2475958952
0.467227675603
314.127912859
206.274391192
0.223596989589
0.627448061071
308.203219759
288.865226052
0.388862031032
0.328896098954
259.454175703
365.579797139
285.496694805
294.058250543
172.681348584
153.059790073
266.997090366
273.953707092
262.733735367
266.201608703
173.942251017
337.582780992
328.439661225
168.389137658
0.725567359005
264.878066267
183.996852238
163.429678733
1.11647114168
251.503350308
191.359428036
155.175930088
274.524931289
96.233042643
149.984035163
1.023326414
0.918341965505
0.845169259017
138.461189404
241.878787137
0.69432101009
0.62513464388
84.1697854703
100.168189364
98.8323864759
550.975604414
87.2531955326
0.0997263117303
85.2163050668
2397.49496613
145.909952397
78.1093260957
240.095253161
124.008393062
75.5522224084
115.632981107
115.970981568
86.2450152261
93.1947152534
0.66908417763
119.274551395
102.68664951
0.936550991159
1.38039933592
0.697323513165
115.942194047
73.4976682075
0.679180830214
376.501871185
86.6466064461
113.789932966
131.84622875
1.93458424221
1.40492369793
161.104174173
386.58024501
316.292176277
73.6903383113
1.19265791105
127.45761459
230.07365771
229.743441097
139.70866552
143.033556924
147.182599534
134.454970803
140.753630465
119.596865766
0.823768052125
0.496223501549
277.37666963
266.761680787
251.521585575
157.405692323
129.786183511
0.499779340112
0.585214942025
0.50086003589
0.47373572331
2154.02466799
136.627099843
0.924307070921
114.043791229
113.25369391
142.535337636
0.870888600099
0.929318509368
0.466350341718
0.79628841997
1.27691102507
161.787747011
153.912337859
135.468821966
138.796863232
128.959021791
1.48491976625
0.637165151078
1650.54097887
0.790987711525
93.2584195696
102.456876648
0.972752021435
239.682162365
73.8777412532
331.216224076
389.851087799
439.412119759
443.254249999
0.715067913565
3413.95204655
1.33553087135
1.4304146387
75.8840199896
273.532568498
165.202862749
196.263335363
117.605396623
80.4807036387
366.026829455
130.861841177
393.265907989
145.566811697
446.858612133
191.844504818
551.94428772
104.981649823
443.913422169
337.779902866
597.335124466
0.725374225977
379.231600363
0.942494041447
248.301814138
196.779124566
132.263505412
104.302623644
120.348522658
179.534252749
135.078442392
104.149706641
0.520501881041
313.326146743
181.030856873
172.03858222
223.760872143
211.335524053
125.533051933
0.198322790677
81.0114310586
350.29409942
112.896713183
79.2611854323
143.432186575
1565.63018932
1381.7640749
1165.79975015
1145.22152064
503.777127166
355.985596779
512.704248417
439.621959117
829.982806808
491.608247724
403.72760561
477.20263151
419.294533006
630.635052695
968.925900091
419.757308297
302.727947274
0.973301467657
0.597138575988
152.743668137
0.833970483907
84.412469051
0.91838439452
235.94463217
127.783672465
1.13141853668
172.388248533
132.875380482
0.528349014335
108.729062412
0.395033870029
112.564952417
0.733671820272
145.20344459
133.883016973
0.41986174229
0.613336053091
0.660190863428
0.892447401646
138.935221768
0.876012909436
1.17078486601
317.698134374
0.796844914508
321.636687626
173.126282783
0.620771254512
119.996976425
106.587021678
122.670980317
124.830316368
150.88418784
154.749873881
132.030581964
131.407194459
1.21137484978
132.943613352
1.00916225599
135.951364115
138.19279436
85.1075145339
88.9334609509
1.11741475636
1.02430345625
0.92016637102
411.191754064
0.626998695318
0.698843928173
0.614355806553
0.611942945059
0.461328356825
98.8220646156
0.521355171163
0.608482320574
75.8526879804
0.63637121374
0.506098915717
0.837097810764
1.85802544567
2.29608786174
562.641439683
0.530796764581
0.686604086594
1.13931942306
0.714613088769
0.284240783143
97.7926452868
0.362708078224
108.163940546
112.399578701
278.294283085
316.409264327
92.449509905
0.89421652727
83.4739913658
0.798625147295
417.712298009
298.493001141
1.60326179162
178.219735112
128.388149048
0.945520660158
0.85189894187
0.954768661807
1.02002898669
98.2293241427
1.30865160675
124.40132222
1.72996610552
1.21393236547
123.285055752
160.440595508
0.692970107718
127.169516174
362.191361067
78.7894258879
770.797586622
687.380756091
1.12110653963
0.960480411071
144.507760106
281.923778725
1082.37556527
1.1734235241
473.123291889
789.024080194
472.231720619
440.989170073
639.636225239
422.855944301
103.701732404
1.15503448267
78.4127323791
86.599010836
77.5860993997
0.715644212352
99.2959144282
1.28643557565
109.409844969
1.96238228986
2.20543733007
86.0403976058
82.4605590208
79.4810710636
1.85615299924
1.58933344588
1.74705873438
1.61835292029
336.723877925
1.16677101931
0.800289142877
0.496894328188
87.5012882958
0.330998639252
702.071052068
0.109782157199
488.912962432
80.5492759298
0.393619790239
309.353093282
373.218466246
0.816195059302
1.50286083887
79.0952101921
1.12210810187
0.910025583129
1.09844370719
389.014176552
141.773189675
130.208410664
228.454403026
312.514162738
305.42445916
392.92961175
426.207442006
95.6286362695
166.633812301
234.664199733
78.8254054917
86.9265901
0.648143948021
138.884539959
0.54168918613
79.5417617906
113.718135073
147.098631193
94.6592420234
0.596292144295
0.511464073009
125.768943888
0.621047658269
77.4679900104
109.525843287
0.362405240783
1160.50587261
752.743676909
81.5013504524
115.269051827
0.517292672462
0.54591259538
169.20881338
74.8482243647
95.7192111643
0.778887759426
0.695049236717
80.4340405441
1.20023271196
1.05628537215
1.285590448
781.896487615
1.71039100308
85.353430226
113.612297658
0.785089672407
0.775839919698
150.767940491
111.570897642
148.567192809
169.38387833
220.605405679
343.914417576
467.784529282
595.766630315
552.436879758
146.460016125
314.131493038
261.252942265
126.415148838
1.40613327069
125.450302527
123.142794555
139.987820875
143.972387585
145.989181272
145.507416732
284.719574103
364.686679362
0.949027164535
0.975731777344
238.154608819
243.737363187
94.7546474564
0.343537713905
0.138793134028
105.827722384
1077.60121947
0.0
0.223613470395
0.749828907543
1.34934271582
1.72785587549
0.859436695099
0.839953075127
164.878381633
79.1893609569
1.07199744665
317.376856579
345.613307505
290.997814942
278.267584052
239.432287412
0.819303092874
0.736371952622
197.512389159
0.45053074595
0.21676781307
727.884493255
0.519989555849
357.205533184
0.389975459988
0.497659437062
342.533940086
79.4826483675
335.225226247
86.3131261689
0.633639654301
0.752642952399
1.0146569702
1.81363613696
1.71173200716
2.23601552937
1014.46294416
138.113024
96.4116024234
1337.33241586
0.959363327861
130.973876046
165.735222781
0.768158187519
139.668774862
236.548496994
401.610923646
266.645876296
400.459887902
400.744837609
0.92662418426
1.2297376255
1.20289993368
1.11581898775
0.925395781457
153.2572372
0.634882294526
179.120793739
395.508893443
0.884564007775
156.765490705
326.891378154
443.47051984
135.470627182
123.845999969
387.614517786
309.672989586
0.444957746652
254.340209613
303.409964162
1674.04353231
2881.12674199
1054.42892409
1088.06781681
1276.53578039
1743.16265732
1665.79110117
1574.17472526
1148.29744175
1294.93416817
1881.34959145
1792.3039598
2136.33709853
1699.06377201
1580.24245222
1267.74906094
1223.12260268
774.220361684
1531.87879036
0.97231451317
1142.13261083
929.411127442
714.798362073
359.020047699
155.595632662
264.056175149
249.948125589
1.00131844516
111.960686945
236.894154903
0.575369691225
131.878581117
0.405030920395
0.622438555487
0.105995817088
0.185532211374
0.422804075079
0.305771080627
95.4362357107
0.250677925647
177.695185812
169.305604966
156.347836546
142.062871617
135.902906795
127.409937567
101.575910553
84.7233788307
0.736665914385
92.423499481
84.1853135632
83.5938591524
0.973463244757
1.05364989504
0.769672196253
0.83681086658
0.769063442257
0.825328228108
118.244490915
1881.66959653
1141.91377723
941.341348906
854.975503923
770.701002216
563.875809936
354.227869789
356.908836915
336.447757627
260.699119285
102.531018224
145.195609673
147.115625116
139.703395446
144.585687733
131.833031775
117.725164624
117.277344897
118.336741823
109.826885523
99.6293308622
88.4227550573
73.4617763849
151.013282615
257.997446626
235.946039733
0.546964743706
0.522252723023
147.380546758
152.406630107
143.477082065
0.380755042592
0.365283453121
0.36723723028
0.366028792725
0.320296009595
0.30534266781
0.299785638235
0.284504778436
0.275015243421
0.263225963527
0.250262299317
0.228832074852
466.050888267
418.246586436
357.347977505
290.726089881
152.791307001
0.123510194185
530.662171005
517.058593411
414.639897518
315.525583136
341.487000847
336.623453533
339.080048353
246.534930203
0.0712230322962
1051.76069119
2012.05498751
396.516430049
105.983567298
0.438543648875
90.9896536305
474.696871339
97.2236198491
269.572903158
153.73285794
106.596406772
0.105425264731
295.917387685
287.478900632
273.123704124
183.383304079
164.099670524
144.331726473
128.351870899
115.698796322
0.449450483161
845.580199811
0.637194520531
98.5470302767
0.762395803654
0.735816778668
0.647190396351
0.559415876907
117.524814883
0.441285098451
0.467021872527
0.537901002079
0.571052135479
0.527915357333
0.508483777519
0.436391567679
462.143326158
488.296806001
78.9510876345
394.651273573
698.984418103
105.645001805
0.481223851463
0.315806615583
213.972213143
174.404547975
332.732526799
275.531866234
0.179866405411
161.510547028
0.209049446965
2172.58873702
822.580588819
0.438856200554
0.410043843997
244.132751193
3886.31267531
0.442577363753
123.537191649
0.133751286753
0.153980757411
119.979921739
0.374907239098
111.928038595
0.481553708098
0.563098180327
0.336373801774
84.3625858364
693.961157689
667.820054961
652.804305294
1031.39452532
0.529699851296
73.841436501
0.71665518017
0.36338057658
105.282131654
159.427001752
73.0922791218
287.61145715
167.080734988
3702.71814587
0.665612063586
0.740225465621
410.041324839
0.473995434834
778.611910703
479.834001016
0.789751586347
93.8576324671
77.4527077901
136.091113645
0.751270915147
153.834547212
172.946944852
103.404519026
401.620365945
80.5509434819
0.226625048253
0.297168921739
606.409531919
674.637125818
657.369657966
899.830083336
651.357739845
1.28057023361
726.567540876
497.454005809
132.971994923
178.114201099
0.54575066824
0.611348906517
0.211432641461
6484.43385418
813.235645172
0.379920194279
838.084600459
0.342053971013
758.541343069
702.834507939
277.190034421
135.957245776
0.465061279552
180.473956612
3546.75147705
0.734883044249
174.64407386
0.524044160083
564.809213281
0.272356084661
522.134861364
498.879091152
411.528124626
876.801129684
975.366194288
587.406300577
0.456993188831
452.914900951
288.758850306
759.544860256
396.562931523
134.942877499
598.189546949
1424.22405427
0.261903969215
0.287860170649
0.234474437049
0.328417778093
406.932894005
589.056261302
197.02890119
0.690087084114
679.758240573
443.669324926
303.914987853
0.654456688027
1.21163161032
0.86086686497
1.22853513357
187.716475528
151.75061785
740.336860639
820.73446602
144.411783489
232.114154133
222.840200287
201.596696095
1.72481139661
1.75639578797
1.76488103077
1.61473471072
196.628165792
1.05268842334
153.643611837
186.624676993
202.790907505
143.567060991
134.507204122
928.591970219
636.593967846
514.503943805
261.115160211
1820.02395715
0.372974163471
0.870342841862
1.05312596557
1.06696365817
0.999266487998
0.897937671636
0.785233416667
0.658924352179
1310.34022334
670.642246119
159.270606739
421.632890861
274.285237087
239.388811001
0.37497964386
0.366334795129
0.360057337959
0.272656857272
0.140649625142
762.720699277
747.280036101
0.157540818382
961.334952353
0.339853418957
0.356056086332
0.319501561712
0.283807401913
504.349374473
493.066482985
485.190001014
346.192833835
0.419236647935
0.714098399531
0.313477280849
0.72765141353
0.823845545104
0.863828458349
0.0
0.101680720829
0.0962462065006
0.141259680028
0.657675634573
0.782577970098
553.697735569
516.145276734
662.566229484
511.846178737
499.903806626
331.469289411
2741.84559503
0.677701000889
1.3217656381
1230.33585181
865.963667873
341.05605704
675.190892067
727.602760928
770.540268444
730.537187149
376.847537151
379.701352005
129.300640287
253.282813759
496.905586713
462.264740348
250.42038217
147.89062336
158.240318226
1.03469912139
1.06460342303
539.352431094
569.528960747
564.874758241
547.782081643
555.34514244
551.441381136
528.167804811
499.845851425
477.926591903
453.342858735
144.299850355
426.360349185
162.217131953
0.596374178508
847.24608237
1545.77751025
0.346523981241
0.599458111831
138.044687911
142.104834094
778.539868485
261.402226993
628.757768653
771.231838965
608.189669642
137.624315214
0.669854463444
0.796904062723
591.59402059
0.607004447532
0.635456842783
396.893945411
443.063919136
179.876644834
227.754591369
1229.76605018
1181.83235749
308.766462691
0.64183761628
985.182846504
1186.56683151
1193.36282409
1160.49417481
1141.00640108
1128.37175527
1062.41849519
996.326336693
926.744085825
816.678762018
763.205079988
283.146804998
483.457594382
509.06904809
0.521719144161
2033.62742538
160.93937561
0.280526387182
148.940516588
0.37744398129
1068.5123944
189.716475039
0.593869376895
0.983169642157
0.507547572005
2211.52978477
2156.33390317
2104.8562468
1389.43232238
613.022696418
196.843463493
696.23884089
414.660355277
393.080335878
348.493136631
339.911227327
373.254104548
394.980566179
401.734706775
318.146389792
1282.4197084
187.162521436
0.632370797711
0.533017645409
0.448214005217
0.491452616452
0.455590626161
0.411705335113
0.415814531973
0.68222886638
1026.57999043
249.14731415
492.565519743
598.117046418
182.158392402
364.728329903
141.60047143
3784.48555533
3747.35017908
145.942177095
0.732043296647
2862.26957655
1757.49218775
1046.43443714
304.491309622
491.360832761
1.05220136235
1269.77367889
256.55217902
186.915405387
0.996748540385
199.575880428
182.15401245
1.12256554624
1.04913957117
0.987389220332
0.92908280591
0.865776032371
0.817907910147
0.765273139201
1099.81344124
1022.60724793
986.88977877
896.585217374
793.746599906
691.16903005
597.519408383
548.318866084
487.464686895
4828.61060532
1388.54251006
702.245167503
157.049496818
237.159026973
162.978923306
9790.31466369
130.500099229
287.850695982
0.119616571671
151.513706254
257.835094168
343.733747529
686.410323449
266.044211921
148.42283347
138.212181562
126.902530041
0.587844981539
0.369795546552
1612.56750848
0.37270006109
126.573764962
1.93267226768
460.610251917
580.634334195
740.891864407
1.19543385949
1.1116536116
1442.98629446
616.390072698
984.491806098
166.899184618
1.54342964661
825.380368682
621.277413504
1.15103184384
138.759738752
599.173199795
457.47173119
267.271223194
259.075576577
396.704427687
138.898852201
0.428218067814
0.395994504816
0.362405787756
0.343806526572
0.307811612446
0.311865142377
0.331788059683
0.365262746927
0.365802849928
0.322663047322
0.312698654748
0.305054410165
0.29667185798
0.265727894601
0.259143594596
0.303736145662
0.345586940573
0.388630562458
1604.95790821
1526.16071064
1383.81238193
1242.94889823
1073.19182119
877.892061161
684.722334935
484.534700232
0.251724783096
1367.24384163
1067.0415129
1026.26270958
927.097353322
800.605603419
702.799339036
617.754779306
581.593274964
546.987309602
514.527387218
467.349660556
310.24318275
154.127498049
2682.45242615
7686.79989859
10480.8726156
150.22979101
228.253711291
239.198984612
266.866505468
1.84712717786
1.49481617135
1.72020222796
132.755759458
1.86718922231
1.86316022605
2.86227818618
3.1295472074
3.16439531306
3.12056611036
4.07183288021
201.899583998
3.29837665535
139.504436497
3.03376840127
2.98623481299
2.67048137569
2.88642295298
1.46910167112
865.342144336
153.516964211
277.863840968
399.002321158
198.225266083
2.5730508082
586.662056899
2.04165707425
131.952537259
2.52427536938
188.394340745
989.405552759
924.52670556
1.23031307772
739.703365321
136.332797159
0.97769402369
1.10060210501
163.991458145
0.779438660308
0.695638068532
636.1157037
0.962344208608
205.196020365
1.91899314405
183.768002759
456.848910269
1.50734304089
2.17357555745
642.592258572
713.912926729
1.22866883997
1.20255443938
188.847168579
147.830370237
1.57853154119
1.81289203404
1477.08025544
2.13717200876
4786.49348995
724.779658314
1.88922377752
1.50039819063
1997.02116489
2681.9218083
1483.41267892
1912.06619786
1163.18626981
679.216714023
288.487012462
2.02913054127
2.98305120615
2155.07529374
134.614702647
160.279019767
1.96385940144
227.274766923
205.763723136
195.472061431
157.901870864
0.698967631999
342.30501171
1.21503447327
129.330003167
0.898814061644
1.33469723071
1.21252838783
1.41814653443
184.40385437
201.517982585
1.47235754205
293.918990811
187.83184101
1.03494274579
153.608824091
1.02785661087
201.737609572
301.952648683
535.794984445
3.34776751345
956.954839457
1.48386706708
886.632052861
2.22292656033
538.002111251
135.392873102
282.538572185
2.03235382974
1025.82038431
131.723849314
1.03433027901
484.404455761
1.27788734256
1.39142193691
358.822691349
1.39046437571
520.781277299
217.660898579
1.03982855491
178.097801905
0.383175513772
1.00519340087
166.20493398
2.5128285437
167.913552917
1.14387411252
151.837455041
266.671849489
1.90182202803
493.190762366
1.47113339995
422.856769248
2.58543334299
2.00518061001
912.640952937
267.462224613
1702.19439377
1505.28381461
2663.97255993
1483.73846593
714.720528737
317.793094068
155.674846579
475.261717926
526.583656069
176.47942099
2.00194749472
215.682928262
2.30458350189
2.43455486064
196.04726214
188.002293829
1.44214186422
159.665803389
212.614951268
2.14420909161
143.660767913
2.67974025459
257.567797247
1.07351734002
137.685810623
0.866694166826
1.07929196455
172.687337868
1.71648875968
1.73767165266
1.63173164694
1.35352277966
1.71314049052
1.85744506049
156.457395661
147.592358416
2.03780450311
2.39818915803
1.98517488489
147.757898527
129.800586233
1.9550468335
169.168539698
1323.95897594
145.929580356
482.39321922
165.303075556
1.21386796682
1.71159014141
235.60161995
3.01653162577
1.34649805946
389.734514498
1.69431419708
142.206252858
1.31628026283
1.40544772403
0.833210107004
0.822573632994
1.49194331825
0.833966002087
0.647351527382
136.000587582
757.275861065
0.606858816719
0.739188246818
1.84750596906
1.01452288102
0.707720519604
0.684681623663
1.22308004527
1.15090111141
1.30446356238
1.39914981592
1.19613527305
1.04082514547
1.12571488053
141.820754351
131.391996659
703.185928778
882.50707545
984.466410739
1790.83104046
580.543033303
132.474865604
445.68136732
406.956472386
276.647154393
238.805865787
192.580439459
191.721036542
1.90399328466
152.419123746
1.84472804832
149.055870407
0.88311298495
1.23265924084
0.972209542194
1377.64511875
4058.80482435
2832.66530205
244.483972089
975.609927538
1.41200020141
1660.16958957
1011.24845175
231.045430562
2.59721273269
247.683370185
1441.26512996
377.850010432
1051.82664017
1.17170000665
155.365638284
1.41407021381
1.98787694793
144.396017008
2.00352440005
160.908381735
9945.57938352
148.139984328
144.415846671
190.166248472
0.72927441818
1.37873507154
1.93430227577
2.22131037672
2.29121482824
152.903134019
2.16875903007
391.156062373
1.56524676888
757.87845697
189.402087244
2.42177520051
673.048811665
457.30441369
253.751079968
293.70537644
3.13805220191
452.038053781
217.641099921
178.007863939
454.090601104
2.47460018752
2.43885278181
1.59789185056
138.784623629
1.16756021746
1.16357406432
0.811274093616
459.36401171
2.39792277987
2.68593954938
2.7711068159
156.109312389
193.992337716
216.346838112
3.60257235186
486.449954693
179.809253023
2.80200390866
161.411422737
134.348531284
2.87320332865
222.864630813
2.21440089298
2.12052713449
2.26581382997
2.26766149663
852.583167762
2.34182192028
316.704142497
3.01132172232
278.325893071
2.05836663639
2.9905619588
2810.27869155
2814.25304864
223.727072072
129.69218504
144.522954097
211.162280468
2.76256478867
133.443336807
3.19756011408
2.9066277987
3.21205282648
196.448101372
2.31551592013
2.3210390285
1403.20656624
3.12186332723
1.55636252752
1.75332323162
1.3386945741
2.43036525449
199.678174236
3.68492772867
251.766142943
228.472836314
520.949368474
159.035426259
3.79729840956
5.79344762923
5.69629386419
5.68184252975
223.673256349
4.52529750601
4.23525118243
234.216339314
2.630398692
215.354972558
133.928654696
2.17722344645
210.240427587
1.86998039722
372.280791595
3.36440099767
135.107499991
2.71059466104
138.074908936
412.330839683
485.181964691
455.79558463
2.89439824015
213.338246841
3.17811985659
3.21798514842
127.205363796
4.56582560546
135.40079869
4.65843040099
4.5188230161
204.744469574
4.61693838789
4.31590618564
4.03913316136
937.857895014
956.055470742
2724.60872172
152.454223337
209.35130547
148.313431826
4.03956183007
4.18153898244
3.24014324139
4.39519460078
5.13342259029
173.542632143
192.32582382
195.029234363
3.02338708941
2.00022106789
481.099153447
3.74896719648
2.63222222403
3053.56069833
651.511598042
1.24763851071
0.636189737736
0.700030177243
0.820709565032
139.71458621
0.446096282032
1.07245490999
185.748788704
2.23802096657
181.688856327
1.44047563969
1.15963244731
139.022188825
534.679520629
159.41018361
1588.56601763
1572.91736128
782.016203734
201.195754473
494.545706904
1.12793321496
161.257078766
159.472378841
166.665211554
0.997815692542
417.250495043
222.713408905
1.07560925727
1.73933076062
1.55261877249
1.60693615188
199.851882069
315.484783733
131.520793216
1.9840364048
1092.68150288
2167.72223279
409.773142234
593.452752938
431.476772504
139.615872048
780.463935714
0.962835564846
0.683888514203
2.24051985032
1.35487361554
211.036389962
221.618206125
2.29688780006
215.125579599
1.37504377255
167.633238639
905.641126698
1.91068086033
2002.37489997
1288.93225653
1929.71127903
3.18667902851
2.33345282797
3.87933730164
137.236149103
140.264471254
128.299030005
2.71416675616
1141.57938541
5.35033394919
4.36123462233
1076.07767463
798.834047666
657.717331355
833.774716224
669.745353826
632.263044677
469.927724997
493.820666898
248.496674381
426.363271524
571.818880884
475.97103066
232.066553974
164.812395643
0.246516541894
0.485275841544
189.152863096
1.36854204312
1.42240834807
203.492654847
199.589058228
1.96087684282
276.080681267
145.70480768
1.57289087847
2.15584897591
2.57825173615
2.92019946817
1.98717184144
2.2276512414
2.80920933169
134.057002565
2.38928181452
2.38673280722
194.239028797
2.57067762563
556.867561624
515.77086323
524.932345081
549.91875432
560.00811683
510.935528002
483.251444258
439.867218593
452.509148419
465.537186367
457.694459706
3.41576246571
2.67000801012
3.68212010772
2.20110509972
2.12054585047
398.687248933
528.390945267
555.880357881
1.44394280181
1.1114064023
1.28872718208
2.31159319374
177.805945572
3.20533418171
249.021318363
266.117443667
424.601257074
233.449397788
2.30202946272
5.23005710928
5.43519671905
221.078622848
5.31255262512
4.56324539345
218.862132005
5.15675955245
749.690981902
0.707972574913
338.85807305
170.367046777
203.440011236
467.704485054
144.788537494
179.720312074
0.791692321507
2.90204433771
462.873914244
149.948010801
332.091748242
2.09797401411
2.00463756435
2.07825937913
2.04830069004
881.239603705
215.087247508
651.054111833
156.002239588
1.13030184808
0.761855140859
1.11767824414
1.57434438637
1.43654794883
2.33560912944
127.231485267
2.96763318265
186.223652144
2.28803434141
208.664130677
1.57381506558
163.512393023
1.58442093004
2.22079199745
206.065339025
1274.70838061
3008.90654375
2.34961500988
4600.95906034
298.342910901
297.48389867
2.65260999366
4.13336088705
1824.48105285
979.105124594
1922.95584482
1782.25907877
841.439329611
1056.76254157
2.74763447528
2.68475443933
149.749268263
129.728165356
143.40225267
1.85360731858
1.36781687464
486.551475713
171.246908238
195.341602254
476.540673168
755.259775043
1902.60407568
1.26452792698
158.28808625
143.170169175
141.79253603
285.347789441
1.19458183836
197.816621477
1.22382125873
2.17954049604
513.069870768
560.919372298
473.31250402
2.88919152524
2.2179986328
1.57143532732
1.71935908815
692.011112276
541.731362649
2.66176915127
173.389877967
2.04595716058
204.983612155
1.58221698523
1.22668537417
337.112520208
1165.16578238
1694.16298743
0.991049053524
275.250263598
490.405938285
509.529350522
140.047317064
189.730920741
1.45374445822
1.00040583596
155.388824312
0.0905174394395
228.390982969
199.072068749
151.271329633
230.483183235
1.70236050982
162.11869371
148.579468538
1.2500443248
140.366994245
149.441028823
384.046584632
1330.34713941
131.42591577
1.48303452617
1.5445835166
323.384266803
2.02421041439
1278.00999734
1466.36882401
3433.76481316
132.656425011
735.137225166
539.18850836
312.957371189
1.96785545131
129.720579118
1.82548781705
2.33379763207
0.707015313473
133.198486576
0.223886363384
0.526377137819
1.37512586068
0.835743747825
911.8067186
1.34328771082
422.906656031
148.134142774
148.952804894
256.307747715
147.526548413
451.049565646
2.05452009979
1.34010802867
1.68551782286
2.39745552178
2.72749246151
2.74317249779
1.50664727194
627.030332656
162.941925191
3.38348769958
3.03685947722
6.38624989878
146.481647882
4.42758594812
133.386928197
3.59994246132
2.62110710615
1.37946716944
2204.4376875
535.199500877
2.42296641304
2.91773634039
517.19332431
137.259065
1.77515918969
1.66096175032
208.081423464
0.849372834817
1.49041585611
188.365023486
1.70121188377
1.15346799619
171.244589252
1.38806874854
1.53571292741
1.54425213069
1.72515398481
1.08549685774
138.038946313
1.61425699315
1.29489775438
1.86275092833
193.344760256
215.603491469
239.252925628
2.16676702138
1.29526658603
408.59871752
614.475968511
418.059401194
2.94233676531
165.086327434
818.56223254
386.18656451
449.812047114
3.16021760908
2.2691930104
220.139024781
168.974648971
182.664437584
2.61519943987
1.44068595112
1.46882868498
1.64871845734
2.13631955008
1.13212162602
152.68280936
830.038338235
178.538000609
0.900833818903
1.90164174577
203.981066506
0.957483722262
4239.72672427
150.745639713
139.30576006
1957.96817005
2419.74528105
290.778249947
434.57334633
258.415795326
2.04883033018
555.605893376
498.704509488
1.00472425759
1087.00821318
1.08304231884
371.251473739
1366.7901458
1.45913992899
130.650808013
128.477770537
0.946194095508
868.977652812
548.835689334
468.830176143
739.938204805
634.707131065
272.93912356
515.577338098
173.979854135
146.656776121
1.16408083119
163.844640299
2.0571257485
2.37902312967
170.20111072
1543.69701861
463.406419126
326.614185903
215.075383093
377.749855041
240.206836451
183.222655985
2.65691486817
1.82669077657
1.87639572567
3.31761771479
612.758686989
258.581917969
5.0415807957
1.87311034513
3.72143703755
4.97866100838
240.494888929
1.98691684768
514.738119411
205.400906768
1.27226388915
129.994697603
617.329453165
457.057278631
259.852334948
182.053307052
141.494763888
660.943950344
2.07245212888
2.05337020388
128.809177505
660.267151964
2.55401265464
2.16370502407
190.755796337
2.28228872303
820.838117516
1.66528285509
1.93289032135
2.24787495598
282.989018899
1.21710466465
2.5457760907
224.997524331
1735.03713503
3.29992620198
263.277271155
169.908490841
143.432536314
2.07329673854
0.988233759455
0.997627366805
132.2749801
139.390715189
0.560019735032
0.595977798259
0.635731863852
0.698466957795
1.20154166546
276.41774036
1.32368900112
1.2692923123
475.372218027
1.22555321345
734.096627348
770.842191904
149.965535672
211.444896578
142.362088182
2.23610487187
365.035982704
1.82196720489
1.88645150593
1.94831297576
1.75416035264
1.3564252318
0.491496235812
154.33688769
0.892096344478
179.666219711
569.541639342
232.248531032
249.361868713
404.893850745
1.27231325947
1.67898931759
2.42412940043
2.07689730969
2.54349326253
213.62432716
3.91305164396
145.368947324
461.511589689
1.94409854216
2.40170130358
2.35736500015
2.88499565501
3.60256559352
128.467872059
2.7408286147
2.08763004239
2.8267454751
513.200210536
157.894725154
592.026301626
2.52733342535
1.62316422317
1.67168580964
0.648903190415
0.78987075281
1.14942111084
1.97656336624
1.49770258676
2.25187775244
264.152481096
2.08046216212
2.6107834865
156.031605584
164.536875618
1.62326825812
3.16731812146
148.758638028
2.45009687119
160.165555264
430.087085327
190.505133728
2.0360769182
0.558308651969
131.780373021
0.646069506221
0.791391317935
245.283294126
1.35865590707
1.5006055038
1.72147766046
30.3401705998
19.1960892972
0.226303592611
0.299120322786
0.202322991464
58.3417838828
0.211889557896
0.190622880897
0.488192621408
45.9349230854
71.4836054595
49.0149547298
139.040174224
0.879918610044
0.589051618286
0.931788278304
0.466636838534
9.65071402067
33.3929141926
27.0459361662
1.3642767589
1.38561729651
12.4980475002
13.8561913549
47.708146545
0.290703521397
104.686892216
0.905584083774
0.527189193926
0.774464836985
0.940814706321
53.3065156956
73.5698374816
66.1645595186
0.521447649839
0.619863329456
106.602545079
1.39149017644
1.08171946822
0.673743285523
9.96844134268
79.2663509437
68.2874729255
0.685772040795
0.9935283239
37.1829602788
68.5642193899
27.4212022283
0.831323583744
0.726927419261
0.877279476082
0.705336658206
93.4690650879
42.9396937972
1.12940194256
1.05694184109
0.921723597656
1.42365720738
12.6559627692
0.894146364748
38.0462807397
1.57062904824
2.00128328531
1.64201383835
1.56788199972
1.08622570338
11.7903808049
0.298190965009
156.635686232
162.066798329
153.151637216
154.751352535
156.019847439
106.867382226
107.972199623
136.686921093
2.62949593159
1.61291049094
1.54605431729
103.837781614
103.179852845
77.3106816152
13.687596171
14.1249255983
17.5860294158
2.051249099
2.56607664631
94.3660502054
118.36343994
2.35975440526
1.73404657914
1.79274855649
1.83677787359
2.56512400541
1.15809925567
1.32083485253
142.292101284
1.61151972276
1.31704326779
65.290529282
26.9357841726
84.0548463239
11.0089339516
79.3231976077
69.7646058961
0.300064486032
31.3256505738
10.7891417206
1.123781864
1.14656182862
11.0444390259
75.1677191637
1.04244080708
1.51115190875
1.01899196531
0.72593674571
60.5788508752
74.3794170859
65.457249732
1.15363268305
1.2898797906
1.37472501828
30.4769524515
1.36263218636
1.51945296096
1.36292210591
20.1958396847
38.3515681104
33.9832626859
42.7095059084
49.6697346372
13.4132312323
46.6469477513
45.7180111544
51.5411787749
48.5666271998
32.4202041021
17.401695594
1.29845266343
1.31072869068
13.6220310174
18.0726546852
17.1424492743
12.1120723519
1.13472677783
1.07490173924
1.00698699482
0.938628777412
18.8300420304
31.9563639254
34.6124197263
18.8932948475
14.739960128
15.3086114873
18.4255449455
0.546331283156
21.443210348
15.7098983196
17.4250335243
23.8343540827
9.95486923287
0.342229211761
97.0921682628
10.1460860517
0.257980216719
0.196921369948
0.320131909849
11.7225708985
18.7156394225
0.226838168382
10.7144233565
0.173669380392
0.165902501175
0.156597787489
10.1621593733
0.0899662437626
0.0857350061844
58.5200364927
61.0421159602
0.0656809678309
57.624371774
50.7487483282
12.8818423517
16.8587528999
0.050929818371
0.0493764071567
30.407507874
30.3678625482
10.3932942485
0.0326027776241
0.0310342479506
0.0300556111219
0.0322772675779
9.45721485824
28.2703512927
9.60771060144
0.0354152788625
0.0352549873954
44.1218841041
0.0327200051847
0.0318434322582
0.0306895741806
0.0293775316763
0.0264512895823
47.0568578457
44.7333597702
41.3291256929
38.1502754315
0.0204087372693
0.0243371326155
0.0241547089543
12.6140652124
12.5115248627
12.2880223923
11.9037294781
11.6825163433
11.7148626945
11.4627021151
11.3238453703
11.5877397939
11.3315873324
10.474593405
9.80841494277
9.24624469074
0.0
0.0
0.0
0.0
0.0
0.0
0.0
0.0
0.0
0.0
0.0
0.0
0.0
19.4883078312
168.82052306
429.742158619
333.165816965
13.4179555661
14.5164403292
13.3509763546
12.1012481885
11.4440084263
10.3674063942
10.1387261878
0.258810084723
0.27102542392
0.277102258366
0.300683070316
0.305024319179
0.240782462733
0.225985996996
13.824534139
12.8985235437
0.271121534012
0.341738056009
0.439749860662
19.069346222
18.9461663113
20.4120396191
33.9311115181
31.3881477496
21.3358792139
32.0527082424
59.5089420793
39.5847756304
38.3052119226
36.086488243
36.4010287105
37.7274574712
83.9632778517
36.0763115697
41.1710180579
0.246838117695
0.340145496772
32.141878339
11.9755567802
0.577993234427
0.621638135274
0.196716166021
0.205056350632
0.233152242223
64.0471872959
51.6681591095
45.3876047292
44.5962084164
44.2101891475
44.6000952658
41.5580239147
38.5289987769
37.2559784778
28.2987495835
36.3144832541
34.8023370958
19.4050758023
0.26665181112
0.228087154195
0.209255982203
32.3153337117
29.7442276624
18.8738253618
0.254433023626
0.25770053286
0.208612347855
38.8332850691
25.5992988211
24.4234062432
19.1677254594
0.246660606865
10.014931402
0.280458540576
0.274568310668
0.232474706435
9.5941341185
10.3603198582
10.3721284259
0.590549202387
0.571173573227
0.549650447951
0.575519115713
0.557797377505
0.491052415639
0.575961117262
0.132993615691
55.2662023329
0.606806868298
0.703585020922
53.8543056751
62.9552853754
37.1328294116
62.6060118316
61.0156747321
35.4797292364
57.4815023528
46.7933022974
42.981317753
9.80403477454
0.455366075686
0.396319550862
41.9991532932
0.374348145212
0.354810850926
0.341410637533
0.328478186565
0.315274379633
0.29995497656
0.286527173486
0.268311661801
0.260335391284
0.289279970336
0.365731317636
0.422627635906
0.386362684514
0.375194571271
28.1244566745
0.353613857396
0.343171055693
0.334311904742
0.325676399324
0.316744060742
19.5181433027
0.299594730917
0.290189346886
0.28085627217
0.269472049013
0.258777385341
9.53265360747
10.1638264827
10.3817458481
10.5446156733
0.0555965816878
10.1559567414
0.00379009178444
0.0440624910122
0.23011930838
11.0477891223
16.4553878783
0.510716143303
15.3808386974
17.3766061769
18.1575712503
27.0021837624
0.270831672898
0.336021467962
10.0745060464
10.3792221606
113.287448588
70.258450105
141.458030469
0.472873865888
0.584714575126
0.603680248083
0.880654843125
0.92398471038
0.885866125615
0.819197545912
0.765579389918
0.720406475318
36.0459020376
31.3873150783
31.4830372065
20.4771964502
18.6984260739
0.476504608477
0.441631890318
62.6667061492
0.37717063903
0.352018309479
0.326202650418
0.25980099542
45.864363092
0.212942298713
0.241373515565
0.18863309667
59.6075774321
59.6772547226
58.1511417252
58.2802723758
59.5713040287
58.9039457447
54.769033347
50.7636649436
46.4147169115
46.7482822459
45.5866118821
43.2269440761
41.7205491035
0.0523003214781
35.3050929504
