0.0
0.0
0.0
0.0
0.0
0.0
0.0
0.0
0.0
0.0
0.0
0.0
0.0
0.0
0.0
0.0
0.0
0.0
0.0
717.988673251
1263.51215387
2504.10619468
3072.91291249
186.35728411
81.2707111729
35.7641914719
35.157862754
123.207317818
86.4453285779
100.016061486
71.0431817781
70.6891279036
0.125920236397
0.114411098362
92.6736156071
0.110173353508
45.8227727843
807.340543046
608.468958749
80.5426161527
35.3668054861
0.0
0.0
0.0
0.0
0.0
0.0
0.0
38.0268446258
0.0
0.0
0.0
0.0
0.0
0.0
85.3656336512
202.761621531
174.256327259
342.387467629
103.947081842
140.710518941
158.206402418
160.408056315
161.832226726
149.26340199
121.770233511
84.2869043882
193.052504324
0.0836745702525
0.0757217437249
165.827554223
244.603279689
47.496486618
34.2299468477
43.3379545566
49.5397378719
110.893905909
0.183654086338
55.6765664004
0.229338061713
0.179925713759
0.15942174389
0.13474869195
73.8928959155
0.0907818754786
0.0597448590562
119.039632047
43.7868539017
40.1215526947
0.0326634239389
244.845264134
190.809266502
182.339126294
0.0212170719666
0.020244302301
81.7990643089
119.475817347
70.0205744971
70.9966301632
40.145599561
41.7193877518
0.0341929001204
0.0247729256275
46.4045824779
0.0788116064928
122.908931805
142.135413305
34.079836835
68.7691277221
0.0
0.0
64.4536873388
0.0147316407423
72.3537415502
80.6473345197
93.8920127879
114.863984228
72.1324084693
34.5512245519
144.064205962
269.749692047
264.558510209
171.198221646
167.766511824
0.0
49.4998518587
0.0295019640879
261.291280149
281.746708603
192.478839888
0.142924514616
119.549764757
0.293158800539
39.8239451998
67.3184230174
159.891970235
85.695222654
0.161765903572
558.129785737
0.128462093322
76.5742580348
492.925401294
352.317084906
205.558446012
0.0
0.0
0.0
0.0
0.0
0.0
0.0
0.0
72.1706097144
275.455648951
73.24469883
112.19675694
150.593065587
181.988617353
200.08162403
201.758767993
188.468070591
167.435104119
153.729742918
150.652375443
147.051090675
0.0904382900475
58.2902822046
0.117589627138
0.079226162099
33.9562695204
35.0318642909
33.8657619707
77.3605426847
103.253389827
91.696526982
34.6740013196
0.0732307577665
0.0671325598356
228.872632767
0.150776753141
0.163986584302
0.178425652029
0.181450682259
0.180675220102
35.0741375163
0.182458351702
60.4914420081
0.153785877556
586.963720803
48.6231667851
131.465505456
121.099347885
69.7157441255
115.324854848
0.0
0.0
0.0
0.0
61.2055186507
72.9601952723
106.66303542
0.0
0.0
39.7202919892
0.0
0.0
313.483356672
497.012212531
0.0
150.076483215
260.179223583
55.9185275394
0.0
44.862661741
69.2411946238
146.546933252
99.9859095292
100.42973241
112.028796988
51.4843479912
355.545806132
0.0235133156849
0.0590089246629
0.0677847788677
0.0496425789738
89.2520338633
58.8639595518
88.7980414248
150.362549247
113.945456766
133.7486121
0.0710006540977
0.0767834176311
44.24954166
45.7642180104
61.1135659094
104.476549785
35.3711910395
57.2654452233
0.055505165309
0.0625153984104
0.109461736108
60.9161795468
108.583044113
0.264723652184
0.463289929757
51.9111755095
0.211209293864
49.1999629076
0.158027283053
60.5564847496
0.131423039509
42.1046927831
55.0969470882
0.150243743082
0.122383990623
0.149244682709
0.198642867305
201.662743137
47.4241131725
79.6857709093
100.025248298
54.7680316809
0.295639507493
0.194168783007
166.137181983
41.4932030228
144.040753368
120.19392268
0.218407934102
0.198022169844
0.225169527712
0.268643378788
108.449458979
35.7197239934
58.4542614012
56.7891318022
44.9219014657
46.4496471182
113.605621725
0.498857224333
0.385889032892
0.495540923972
0.271509695028
0.213759232517
37.4275377506
46.3163236604
0.327962388527
0.31958578839
0.140562376112
0.146016141795
0.13414389373
52.2214629408
166.502250203
188.440155958
0.153749562268
0.0831456136648
132.746481639
65.5206524491
37.1164236119
33.8829936601
51.5285236526
0.118707397163
0.109277816638
179.84359532
95.9650138936
100.830871446
48.172967405
66.7696670848
79.5397433477
0.0851326298546
64.9154669435
38.5429274645
0.350873061254
118.98858568
0.493846210405
44.881904467
43.6932101951
147.495341986
59.5884740852
194.271117371
305.489061495
341.945605165
417.912860605
313.072674447
346.523637567
44.2169275079
204.900681888
169.515424927
37.105416666
39.4147340969
387.677388418
97.3643942149
47.2842974019
116.657730054
40.670389862
81.8146182696
220.114054753
0.186629461517
0.490911579809
48.3939755531
51.646307711
34.1541587787
48.8961577223
50.251055269
0.143198833358
42.2261206352
85.1368647416
0.0231229916746
36.3726610324
130.525902638
0.146049011203
192.862363027
166.081804194
87.6047024991
593.935811934
0.103436334978
52.8880999444
0.134861527076
0.177410453846
37.455760264
86.9157764933
0.0625427722922
0.0456741182018
0.0639208841296
0.17681584547
0.359967170833
38.4501833833
37.9785223416
0.494491863333
0.577220297811
107.836799339
111.602369735
46.7276536358
108.328942397
97.7408338235
67.9412583991
271.350851829
0.496096624447
0.634392122447
155.975172003
0.649248886407
0.594515005451
0.579106044845
57.1389734067
152.512894151
114.731781425
86.7981009133
0.192949489649
85.6663644831
401.021121837
47.7561804636
102.550569794
196.264547163
149.584726826
52.7351212129
128.705718267
209.690867279
61.0778438746
0.273071470461
0.209431394056
80.4333023018
35.7002280323
0.221534316244
0.244855971032
0.257794609407
0.253395351041
0.240618626369
82.7546858568
0.237151745996
0.174435305842
0.144363497624
0.136426923213
47.11660626
0.10282814747
0.0977473249576
38.1405311588
40.7781711953
242.570783775
288.703790888
0.324818630723
39.6917940243
145.957662901
0.670988870047
0.662568915589
0.519164976621
57.8798870183
121.601976956
62.5836986375
73.7429824131
34.0853004695
0.458094207308
0.485824442016
0.565714276522
36.3505845733
46.6088924465
61.165365233
34.4981762825
71.8119667066
37.9160092487
46.8387145275
0.56750970737
112.934533728
0.422522625681
0.536015102988
0.900092906133
1.10496536309
1.20943691984
53.4552482437
0.905288887233
46.0843223325
0.855688650713
0.641259306813
0.672210983411
55.3610341625
0.763242432971
0.70332479352
0.790076269726
44.6133683805
0.732404787147
0.472201696371
0.733575841415
0.593729809183
0.449838699733
0.507862226778
0.484995875713
0.255563360574
0.181125715339
0.155103110985
0.14345309734
0.143360099181
261.219534449
0.446256270842
48.6490091543
41.6789365637
57.4608060187
44.0009725176
48.6125153149
128.069889622
190.130950469
49.2670369393
39.3012268021
47.3346489887
0.435038135574
158.150250812
92.7335893339
192.040332783
134.463877531
131.24234601
235.338711177
0.366434310379
362.41408956
329.37875748
48.5272835172
83.9371899593
0.610989010262
0.593609717049
0.314321566497
0.320409361409
0.712298755712
45.5384133721
44.2803249238
52.7492477606
0.421092748076
57.2792189018
0.32953336427
0.306304429994
0.376021156766
0.262962978783
36.310446254
40.0206311118
53.8868503878
110.988134088
50.5608992901
48.0863529583
56.9004324289
210.427218024
162.724542192
41.1068505092
117.228496077
170.188483011
76.542101945
80.6854647042
67.7935981339
67.6633816804
186.061984344
43.3435102844
66.3772037463
80.0949219231
44.271692722
0.268425686235
185.925075344
616.640969452
144.080481071
75.5251646563
167.81985344
152.311826574
55.2947047434
416.804070018
465.260675633
0.588097563271
131.879983541
0.371262522352
0.294658898755
86.4710579031
147.549192698
58.502330339
36.5321906631
164.514027466
45.2626628364
154.22380401
0.455420219546
35.0882607072
1.11384744875
0.246327375034
53.8888313403
0.106891103306
0.124954440301
0.080606246399
53.1061329864
104.187224033
140.963335179
133.171788673
54.1574147532
113.975724826
89.7203372936
54.1549359092
0.135069315879
0.144383508848
0.146702871668
74.4925886493
0.223415113326
48.5585423151
0.267459457157
48.467084518
88.3714904668
34.5925668644
133.675055901
130.88729144
256.894895103
281.453452659
209.108771087
0.198167515356
64.7080029214
0.198089816234
34.8460658775
62.0875652502
138.401690233
52.6333627757
0.346958692423
46.1815061675
38.6859987403
0.570405540515
529.722437741
0.323733366623
44.0226452757
46.7373598579
61.4919527716
187.967165427
37.1628853841
0.325742147216
0.364251311424
0.152848413337
42.8527693268
66.9005203048
0.491057939616
0.345144510723
0.534339586645
0.538532346616
0.288844695132
0.330415533602
46.2962402825
0.301162831152
196.900373405
208.649908556
182.0010817
63.3222186827
74.0973031413
59.5166481097
103.662095678
0.238684730156
60.5086896116
0.18058350053
0.131907546355
0.111102269857
62.4906707822
0.123107971529
0.145164410306
0.114194657237
34.1945231543
0.0699008914213
0.184119881689
0.326015523834
0.32168719422
54.2195035142
65.2006391672
0.533307432064
0.508565076969
0.473396325277
241.144259229
351.096999374
243.581695769
148.857363991
0.246384975605
0.452661803093
0.516535210796
0.612345012216
0.542349043824
55.474654514
0.265899750713
0.28564125127
142.907945555
161.262322788
265.137114582
301.995497759
291.425961558
254.567348228
194.786886526
0.140725730484
0.111496692755
3723.60503865
113.703837146
1226.68397704
203.652672376
40.2089906576
138.49940445
52.2360956673
179.277644329
178.873640029
241.661127352
195.894552843
290.656467927
320.891544022
203.563015736
38.5668837201
156.674473389
0.127608348679
122.791291173
433.164704312
69.5052548912
53.905569309
0.0171458715837
40.2149743714
43.1318921523
43.7674675399
0.0432051097232
0.063451158622
49.0214771602
42.9227314485
0.339482616897
0.370427665001
0.12444354101
401.466879704
81.8542835259
193.308437034
0.132500732127
196.637205187
0.104497949677
100.581584958
0.122004631182
0.177108446129
0.156241062081
55.3302109323
0.181225983782
0.322968269727
484.960031784
46.5012593742
328.133838585
352.6001329
181.32662391
127.733622424
50.7127060949
68.6490892331
40.6924063168
35.3440854776
0.0532767597115
0.0375256491397
0.0419601280197
46.3190752635
34.0196920529
195.032065625
99.7042238186
88.7300224926
159.907563852
36.7717221897
83.4708458907
109.784451882
794.691317392
303.259899854
38.044479518
34.9665949586
0.0391958030822
84.002749859
192.169161619
313.896389047
199.87035551
91.5191825446
49.7872263742
96.453760292
56.3020047921
131.882502293
110.822826366
133.565556974
199.070663727
357.956123452
225.993936643
155.862158788
271.495278309
254.305805767
232.766247402
229.350941869
268.163073229
40.4302411781
42.5959892772
38.4020316378
42.330710326
173.492354899
270.827244273
73.7556832449
617.677793448
104.604449123
188.869638517
53.601361985
0.217005660539
127.59614716
54.1321790326
63.1422495245
169.370340426
107.47737957
177.272740308
124.264435712
75.0717053128
84.2453752111
0.0309666027663
174.265989219
112.42881377
76.0246019764
646.940514898
465.053846255
184.969870995
870.248873418
556.057225432
0.0304952276416
174.754104478
349.773129108
41.116433795
229.315599443
89.0710057752
125.6030848
66.8343461578
38.0472621118
42.9547519341
193.210639825
155.489885511
57.2764679735
47.4608403584
0.191757336466
129.36582815
0.162987513644
80.9758474116
255.466958722
109.370421571
99.6246238193
142.165618592
0.184130614144
0.205047859854
52.2241807278
135.545185341
137.917595882
131.365741611
113.084299867
254.67022091
299.44320364
44.1981974264
300.034249939
41.7704896677
47.3579275764
65.9236609104
48.4412904095
0.750922687741
38.9646419257
0.819228670953
0.435912946052
0.392961149381
261.728893585
231.820270696
0.35095307733
0.421417040737
0.249822140821
0.208706656427
0.304165573087
185.666321595
39.6715964005
0.514693961313
0.443835711825
114.088569847
0.0505850093763
0.0475130946859
229.566190628
51.8699322516
49.7013832666
81.9339771395
63.3517587902
106.909585489
222.101600165
347.391870974
107.608627449
133.633875328
0.358772776339
39.5984426668
0.381726961505
0.365338132501
196.250460815
136.042191641
0.26446634595
0.338039986898
48.5701051158
301.369784362
0.392657110758
106.509405673
41.2171377836
0.245470185347
37.0228322987
90.0789472921
151.001776987
147.594416786
590.349681854
38.9854531688
37.9846331171
250.77134501
154.208417193
0.340235081788
276.09144123
0.146330667797
283.598507439
201.271637279
128.980845869
71.9556355693
198.593764014
36.1114792859
165.291442024
196.415271289
224.707379944
185.427859698
225.430183308
244.775645409
158.219775428
244.229606288
0.278351549985
79.849353991
123.153333677
352.883894739
0.159231760985
68.3086660178
0.0
0.0
0.0
549.346034825
115.87765815
35.6952722629
0.197904803927
0.0285520767172
0.0407836736775
41.2642648138
172.936848174
0.0499300442386
130.705944147
150.511257021
211.399654208
154.614373828
80.9529675875
187.585628711
333.721025897
0.217972710523
0.237942763465
0.249515200308
241.361140652
223.262793407
144.206453694
155.138181948
330.998068238
176.830831292
48.7441456368
79.4023294169
120.881687006
0.209291895856
389.068107402
255.32019594
293.277311727
243.386640709
199.75256066
141.465307092
137.395395213
163.610319414
120.568918087
87.8128682568
0.0346132497452
195.324883702
43.658907799
0.0255639461213
59.6004960425
62.623434381
62.5781282689
153.724489808
265.849232791
0.0
209.90617597
105.528767296
86.8996800024
220.552535004
156.250545082
0.045503926113
122.89963013
51.513727491
53.1696594863
138.071859338
237.290585234
151.822105395
60.8791537715
49.8397739243
43.8871809759
0.0521532707401
165.740061849
111.884489159
462.971916829
122.390416935
0.121944229452
163.773396449
108.358236812
126.522286158
57.5525913695
139.311049752
405.65584394
608.595627687
40.6084754532
432.655733518
43.350024611
244.888504038
194.9400764
0.448234002555
268.348712302
52.4503523752
53.5637575555
0.0860067427029
0.0740069898603
0.06694951172
0.0752515754552
0.0678808053714
130.912255332
394.732236197
35.9897483792
83.3305208495
169.644258079
1631.66644571
489.336004129
0.0108301336475
159.041832507
278.661858056
255.512634011
268.94693799
0.0
0.0
0.0
0.0
77.0577212729
474.420002593
38.7522174831
246.990288251
0.151970064601
0.173524681973
104.593077413
0.164196760885
0.172300147922
0.131589061987
313.35347576
98.2242917758
119.023580567
101.018930162
0.284939688917
0.171280750417
0.143202985545
0.104908544455
39.6246701251
51.454031909
314.839617268
99.4944993639
243.355047078
268.092955356
164.144147968
242.874804669
0.23702721164
36.5495095961
105.467742428
100.111377881
0.46632130029
0.221868035565
0.319850173012
0.34371008621
0.320376103999
0.306524966339
40.9079945395
87.4458287251
49.6180221027
74.1222444983
72.0565527537
0.921366319288
44.0481525278
0.38141510464
0.365012811633
0.300271254323
0.222117642197
60.4112368102
102.155983589
34.3317043515
0.308298292971
0.267385915271
0.25141460401
0.195837153159
0.190533970842
106.918149629
40.2906200704
174.025933191
0.208051507604
63.579481477
0.163442384464
166.015952561
252.80523066
0.197027997332
41.6906636514
35.4343419656
0.142143285939
48.3831281762
0.159024093899
273.470079699
41.885090279
0.108596682791
0.0779603049552
905.827690635
0.0690537137814
341.541165515
45.2821724965
0.0389404109966
0.029367608021
0.00470748890722
116.062042238
113.901824472
111.400141067
60.40970763
86.1747259666
76.5711693062
104.37203523
45.2961598739
160.519273318
121.040015822
0.108289037664
0.113571771627
0.113578314181
0.156284998253
0.226696853299
0.178030488066
0.237639660989
60.8294808239
0.129593363387
0.16738873699
40.4229305517
56.1503911019
0.38666466129
0.395096868508
0.377242884929
0.273193000055
0.227509973222
0.197938591935
0.476332958158
0.219468809082
0.0403469709204
364.143305529
198.45414902
123.923128887
84.9029192181
0.151322149969
290.202866803
174.158689539
83.8709446673
54.6018672127
0.305367506657
41.1800884932
124.649231541
119.284598
153.264474594
50.0128168861
41.8274548241
125.103468434
38.9959398425
0.14788552479
44.8440702813
0.0976832514345
0.116793422983
39.7187649412
128.284398738
0.224121306153
0.345838826662
0.33220578879
0.306083822821
0.377439436432
0.131511222676
0.108748751597
144.113110309
97.6376104811
0.137850884958
41.6769969331
47.453506727
128.190339406
130.920849443
49.0332705465
47.5701724894
45.3442313954
44.4002971017
40.4182177513
38.8626112578
35.8985074271
0.212153784417
103.418495126
120.70174874
119.459814562
128.864516454
140.527066275
134.084449538
126.679629473
112.544248898
117.904567929
0.106334036659
0.17779818699
40.2973894851
0.104223844768
0.10150788923
0.0969201511171
40.408569207
383.969170701
247.899308126
59.6244966441
37.7078252857
164.562476506
191.557488681
39.3198909323
0.22592194444
84.2845018198
0.197553252269
0.188721135735
201.293618538
136.554006513
344.423713822
0.256816429862
48.3341303141
0.449955093465
36.5531852202
604.995074106
208.750101424
0.0967717239245
0.0606544617352
52.6234896331
45.6969863286
0.147807354859
36.2659247617
37.3847977689
156.269358633
155.329898549
159.305856855
152.383473772
52.1985022313
39.1647603702
0.146994303922
0.160668131688
0.172466624039
0.17570364963
0.175244768928
0.166714740367
0.20187423605
37.6326846202
36.2885175593
36.2596647536
34.688948153
0.0391423747386
0.0404671317971
103.44030101
113.635279594
39.3246503104
0.103894457166
35.8781229743
0.115397072251
0.0580612729088
0.118151154515
0.270139994327
110.13207879
0.321254015122
97.5563123474
37.7316537752
0.112014161304
35.2040262442
88.3073081387
107.004580197
148.818215819
0.0681578520885
49.6337611743
0.271594837142
233.936479759
0.356594719232
50.9792276783
0.296660227079
37.8186888964
377.598980592
0.0839342095003
41.4330210511
281.412939057
199.163960683
291.397427849
163.336099198
110.426271761
200.260359688
182.806272335
333.375507537
36.752866823
0.168752558898
44.7716183762
53.3736892139
41.7871126902
0.102148106701
41.4637191787
37.5005811685
37.4894058723
38.7679709091
35.1135646991
122.406182245
144.75481551
178.333792506
103.276400489
37.3098738232
0.0519636083117
40.9427666157
0.0371323355308
35.203030081
230.603519479
261.125742949
0.0544095797765
0.0933903772318
0.138605793412
0.178581425723
0.208341992575
0.170412731472
0.0859495059129
0.0724094771038
0.0394402217485
379.966978823
99.4000181628
0.0706613070409
0.0794756953781
0.104001494782
186.850319456
191.624184554
0.135503927098
0.185559797109
0.166888273517
0.236769163767
267.225492909
214.494572542
0.313962466584
0.338051977985
104.022010676
0.1944761208
454.406595023
317.315747928
0.0542043783556
0.0853970026251
0.146486865068
0.19180014764
0.194372470422
0.215551757713
0.197883098607
59.3670925652
0.191659126318
0.255916403981
0.290334998133
0.26028026132
0.319592482458
0.315067280965
0.302518895785
64.0739164101
159.600804094
0.271469523988
189.619889173
341.645790692
224.545891885
0.0431740763414
395.570476957
64.7353291591
79.9471444456
86.3229589206
137.921226032
0.213483191911
68.8003537129
58.8879124198
0.293682087794
0.322222564105
0.260196196757
0.2398189488
186.602792658
178.293050891
58.1230131324
44.2885676616
57.0808872788
54.7985539522
53.1383944253
49.4440305735
43.7686658596
46.8611321667
103.597591235
107.293607243
0.460110496185
0.497980906542
0.374519726416
156.250910705
0.299470497398
385.178611687
0.304756646006
114.666763924
0.164526682187
0.492369380126
0.469539623602
0.419707473902
98.0838320661
0.436027281619
0.317938165207
0.335556348401
50.6343095476
75.036753124
0.383439888256
57.3383984386
61.9873879805
0.419982968413
71.4918226543
63.1085788869
46.2787636095
76.7036593004
72.9478293837
0.605513696647
0.661682902478
0.668967436814
0.591846923487
0.50114287796
0.347894787384
194.476286695
0.108728926121
0.12610411564
0.104106173162
0.235321065542
146.310747669
155.719971852
51.3821991262
55.9724514763
53.563977512
436.284603843
317.437148617
255.421185927
192.474510258
0.478422398448
0.113276948054
197.726615939
0.157416185469
75.5161594553
0.182427447947
72.6588359173
58.218292709
303.944560783
0.0918989974012
0.0420229972944
123.396731855
141.562995655
0.0486908560925
335.904465356
45.1430771566
160.624748553
664.019534503
502.920955807
336.125803355
0.0843129615587
45.6950426443
178.745692733
534.571570226
0.151459088793
0.100838999404
0.0994151632863
48.1840804234
44.2713103263
0.116920390946
159.90365334
0.0703352755077
43.2971949713
292.24050697
152.302377068
39.4942589619
46.426885656
171.789724756
192.122965533
193.684704175
152.360090157
0.053819693739
0.0692526628656
49.5285708259
151.175927411
71.9285570737
76.2252771595
256.725357043
150.579225115
244.738804673
0.146615511615
129.787852963
144.780251254
130.36034263
623.810399335
0.135803215984
67.1837392408
117.822457221
46.7380465588
95.3164005627
0.483863816119
80.0847418833
54.3538832684
291.358105436
147.413585462
170.151030072
86.0883154925
82.7848799396
0.105863318027
1376.54419833
42.3209831094
328.424749817
0.0
0.0
0.0
0.0
0.0
0.0
0.0
0.0
0.0
0.0
176.066765055
319.7107776
0.0
0.0
197.459129972
272.277961321
0.0
0.0
46.0249214196
77.1090322431
113.161343066
64.4610069652
115.801101053
42.7687306486
85.8203822173
269.263808154
510.775079418
59.7987797927
60.4156223646
269.088709883
98.9027359186
65.7274774406
0.141423895179
112.858365441
110.765811498
96.748823466
424.370926558
175.234819821
0.0982720943871
44.9440389741
0.0605210808679
0.030892676972
0.0417151971157
0.0387878967221
0.0454434000208
0.0582967494538
0.0865916985469
0.17127861192
41.0151162022
0.292065360963
0.389160467827
0.153213114767
0.0982199573468
0.116865445935
0.104436523552
132.755274549
121.287794575
59.9621737617
45.2998818958
0.199002497599
0.173243821422
0.151134230031
0.212834601975
0.184740785118
49.878342407
83.4247591871
0.254042469224
0.409899851512
0.502420691258
0.342839327405
0.239027175606
42.7934119465
147.728370017
116.25140946
393.226691989
0.346181495868
0.382017812485
0.249880659461
0.355161611373
0.340774364624
63.5553135187
57.4703987606
51.244836386
50.3755987028
123.789070545
121.019547526
0.328390863284
0.148582405084
0.335058377706
0.255436573842
45.2393849708
46.9493717593
55.2336759698
0.668323568266
0.564683283061
0.42305856675
0.399735104631
0.336695347752
0.520187053858
201.27636685
0.297751753066
0.168088816656
62.9862897403
0.250897657866
102.757815208
64.2601528803
57.3633341727
58.6799490838
285.836436313
274.110498048
292.227644147
317.693667143
310.790940617
77.0625211337
79.7608067598
66.3189173597
70.1090544481
39.7164149484
39.401628977
55.2122338126
0.540103330032
48.6896509742
0.312579712842
185.260618878
123.872637575
212.650964993
268.865444264
143.014910021
0.420142659752
0.476803613956
495.517880324
52.2488651765
225.175799813
162.055233566
0.719548908703
78.0054937449
140.075868223
392.568010247
55.597364443
82.9238057588
40.5325482759
0.436023411085
474.230609851
0.515952851617
0.200220347469
51.6323619869
0.824442851797
39.7700172684
48.4071367042
55.1441255803
0.275586444179
42.8524884034
0.301198231707
171.80091548
122.005386676
165.918182179
186.674571393
226.744836086
45.895446574
90.7545404634
382.458485449
0.15532719654
0.153268114996
0.266621719353
0.20050921702
0.192195117146
0.3054983871
48.651312614
0.158665429666
130.880159719
138.944370635
129.769595659
139.378779353
77.2905130596
0.436102131713
0.44604897709
50.369445872
84.7340310739
51.0097578322
39.5706603523
99.0845403162
65.1378077048
233.706355632
0.435635781684
0.437427378781
159.063892656
131.784122263
278.060285028
0.472049984749
54.0070858098
158.281871543
105.673152347
43.5813515055
0.123988721442
109.612865601
446.668555727
49.6405831564
69.7830057181
165.848841973
69.2048751449
0.409016755604
74.319373571
239.784141209
64.0116188673
0.314190349541
107.609693338
0.18617667881
0.0773869079368
147.111318218
131.131395714
122.69924319
0.0693150776409
0.0677716346647
56.3723288992
0.0420352762748
0.0294487262974
52.8017491986
0.0829803744242
56.4513566665
0.0279800839264
0.0287085647633
65.3755844584
98.1078530068
209.20208308
321.862164822
0.344754959278
41.6064643113
50.1666726695
0.540979557278
0.339536299682
0.333787333361
0.310002404092
124.795075767
64.2629638459
74.1590986023
87.6644337199
0.538449971934
39.2305270309
0.582827775552
74.3180834702
45.2393083476
60.9173275452
0.372879072733
39.3296412828
42.9625910112
0.396037597763
81.5958523133
0.377827456136
0.276809820095
0.44226292276
0.514883747852
0.644069771017
0.702464330202
0.676466078925
0.491022230163
49.466350241
0.178624700032
73.1341240671
0.170386989684
60.3802702246
0.267057969128
0.279989844137
0.644783907521
0.562566338723
0.418546818562
0.454807592383
0.243833564068
45.8132618956
0.190345469492
0.162955114659
0.179861765944
0.195437779858
0.151683533907
39.4227969898
0.118712985269
0.120426429508
291.311758124
47.072233547
50.2281457039
46.2308827622
0.348836854189
49.7927750785
54.8369205693
0.636329511834
134.104744634
0.441890889611
44.8938175931
55.2961781037
0.777311315226
157.85597699
100.23155114
211.637808498
141.900820498
141.463181358
231.05824771
147.502181405
386.91553973
351.331338753
42.6195530676
64.4520225445
0.498200185298
0.666788071303
0.730839003308
0.778150512322
170.339710616
51.7420833215
47.5528900385
54.8709200982
0.678809372023
67.7644992584
0.513939518631
0.503103099579
0.628695006637
0.577414665892
0.802143417242
0.743516421868
0.760075044583
116.507812733
54.30314859
0.552945045695
58.4511842863
167.929998669
96.4598612964
42.6334343861
113.748062699
247.602513601
78.6038952193
83.0845282339
68.7654808388
72.3450775371
142.75843116
0.587405476417
66.7119376769
96.4983034882
45.8095217303
0.419980734703
234.006228591
158.939890002
151.896913246
84.6669373952
172.356069095
155.373734262
185.055780395
442.077145567
465.25391324
49.6798447394
41.1956457711
0.19340533149
0.346256139967
90.5054835187
163.744217253
55.3581216606
47.1919161794
88.8526977426
51.5134820419
0.466652223306
139.359390586
43.1608947923
0.489062447241
95.8344373514
0.210107417949
72.4571582618
0.127073724774
0.0466564984804
40.9099412006
132.895074664
164.281395542
213.505879123
46.935252649
125.10087753
105.317657112
63.4554015744
0.0696511119993
0.0801450044533
0.0714457219583
79.4215585589
0.13664661901
0.16123229148
0.180372044049
48.753610419
86.4300490538
0.0986758952049
0.13675466106
144.081181617
292.761778315
299.900815718
207.714425364
66.4073200981
0.438828706865
93.7684046069
41.7646885803
67.8441199211
148.131714232
55.1824022415
103.534138848
50.1751297952
53.6967022025
518.681777583
507.91075631
0.378094758714
0.369053046991
50.1359552002
121.520961743
39.7085371757
887.815397039
143.828442984
132.466195271
0.305504104149
0.848388557061
0.93646159213
0.642876719852
0.564063783047
0.485496858678
187.705179644
178.391758413
172.209155278
0.263260119943
48.6828795516
208.80416903
230.296200412
210.713025845
73.1139266304
88.8224930779
46.3056013513
155.122869358
71.7513490561
0.0579487173793
80.6048716806
219.264301048
186.191120085
118.040055638
113.549556249
0.00797011763617
0.0
39.3817710433
0.0135990501805
0.0680102784142
258.746874654
149.309605686
0.184029908676
68.106428786
0.208513262199
0.17970581653
0.282403482783
0.28256875721
342.256257949
269.531861103
162.317397818
40.2074688649
175.608095224
352.121295703
0.823714662402
43.3761461235
61.4305903948
0.473120156336
264.776640261
48.5253969639
0.560271279987
236.61045333
267.110148643
261.217643052
229.778882534
172.887495595
70.4018962788
87.4659757849
575.757485874
246.989356768
0.735460549579
269.825674801
178.789215684
0.955973972957
603.049429704
618.710116984
453.612826856
306.941984701
152.769266202
411.51172134
86.826411653
0.822600317384
138.534344334
194.644345967
218.410792117
80.028613874
143.084245551
222.806358535
0.0
282.47605079
0.0472404429667
0.00485841618942
0.00506294050567
293.9511123
0.514371726941
380.7095985
344.639337425
45.3533062229
0.86583626055
92.3099664766
0.945509898902
1.00236686648
428.82415788
239.939590423
41.6555162937
1.14844867284
103.471386173
82.9307969742
39.9842910482
0.980034946742
252.258000954
42.2658693422
329.560440689
162.783328108
91.6220891806
343.012946609
0.0330365655366
194.263692824
378.144346788
42.9004789552
50.6810494851
220.677670653
223.681440941
43.000857002
371.371718443
94.3470238637
0.0271903120656
65.7510468206
168.198757053
0.00996107201069
396.765972601
206.544493357
0.0987332007733
399.612602316
324.653577372
129.651822677
100.171208292
0.0396233461531
0.01821199749
41.6281489159
245.021342247
49.1608225944
221.951052582
217.738071571
150.221347796
0.0337229499279
425.751318707
685.607664277
41.906681525
118.014664993
110.601386115
39.6441521682
43.1624969812
42.7662483975
40.967768083
0.110738177004
40.9420536117
423.097644107
52.296654398
0.645732241049
111.124971799
0.47724672472
0.43768162096
89.0263798608
263.379211929
46.0461160912
280.517874804
199.159008169
43.874541348
0.0618996688546
158.090725337
203.814417486
0.212357649212
0.364901391928
0.362300986033
146.788952629
50.5450129098
52.5707210189
0.60707781257
52.901447512
186.062604277
68.7392729038
266.360743324
132.925237404
41.5261744724
250.756163616
87.05349658
40.513193035
160.789027711
49.2050660473
0.067307825183
195.042037554
289.836246825
122.681680683
41.377798817
0.0
0.0
0.0104241322696
454.156188896
90.0887618035
363.967970489
0.271759670529
179.633704893
94.8859011091
497.732418812
0.27595694782
0.17316353805
44.0990421649
183.519972177
111.293555205
0.59757381704
0.747200083812
220.275993291
40.2066635125
103.526158317
0.501388369494
0.541351859793
0.340297602827
343.224169669
158.941814177
42.5935507713
100.139709135
41.8500693371
76.0363056911
112.039759626
97.1545595002
48.8672486879
45.8171777457
77.1113974269
84.2342355917
0.584584975682
202.800440762
0.617811215337
0.652947568263
0.883827275143
0.972926053746
1.04362761705
128.126827079
50.762505042
0.646561813215
216.222095213
169.471570765
197.896218337
185.672171281
151.500838221
428.518450224
185.146762403
50.6261326029
226.177278068
272.292089302
218.280373974
227.763728949
131.053577627
41.1105189026
0.458009849062
411.81603381
261.652639843
115.781617481
0.647320918416
402.452492561
41.5433160519
0.693882457737
261.262923895
212.027170408
0.745186165081
316.288110525
189.871493184
151.472532058
58.7831123707
49.1176412368
40.8970135883
0.460657356613
200.845457553
42.8418209014
0.626924881579
0.372485026679
242.995929793
137.709446259
421.610557553
99.9528910402
0.565415383212
39.4423531612
515.6811525
42.6229278008
152.258692402
0.0807507534228
204.46888583
288.003067839
299.063041544
292.083972139
276.344416699
172.100048334
400.747157795
95.3905624792
417.897608776
0.143272496626
295.864467344
41.4795227565
47.5743072882
0.0166539645015
113.533271405
114.985850066
43.1569147867
201.499122679
39.2219905372
0.00551990456901
79.5508214253
343.0178816
0.125782826932
142.21547472
46.695533682
0.303811553644
315.793090088
44.4940408247
288.618236127
52.7212123478
42.6541600364
226.346999913
0.849485323308
0.899529599265
285.993813023
321.333502723
0.583643290824
451.538083415
175.293600565
0.28570444856
232.249521487
51.9648862908
0.205595297511
40.0380063264
0.0481908537088
0.15113407207
0.0868487843902
153.23050635
166.517820935
75.2779841127
146.993350629
202.213628331
115.547580049
0.0715015930059
0.0836801700319
210.022235293
72.0380328353
52.7992498152
296.565663983
237.265243854
126.056430269
172.194990337
63.2181342852
139.514283462
260.022897674
709.983200799
44.1058408781
133.295149141
398.629046768
368.973170938
41.1123104996
54.6193084168
91.746688662
321.335731939
399.979719911
263.121371114
0.555551473925
114.45956331
0.507487181511
0.431117702558
40.6572362773
206.347373179
180.435231475
0.536433047299
365.810666564
115.298540702
43.6603021938
58.4788031368
98.7057812946
157.963597249
298.473984825
402.473521407
0.203317163348
370.598324919
155.1471174
68.4120797375
137.147555865
173.604417838
96.6997152669
51.0290281836
94.9569082303
0.552164131486
184.339516438
161.845590762
197.319955853
177.603187505
247.472305317
0.168692667863
0.0816983279932
278.012628269
183.726299153
51.9075414543
252.084138738
106.673488077
264.999092338
317.737938315
61.035246617
596.995792301
88.2197507375
263.655591601
175.804701821
164.844903065
44.0169974885
120.696305855
145.864878035
0.010203256195
83.531827087
0.0864640092492
327.103567435
0.305913869906
189.907674842
120.513381793
514.370415356
0.108705907886
142.500779275
100.75774216
227.227304262
0.259589227232
56.7047394692
0.438450476426
60.9835754288
0.463176422945
162.675338729
130.085423853
423.695698181
377.429923388
207.94287837
187.392705432
358.947524521
0.125181741723
153.122351667
115.955832775
0.0408402049841
44.3313380895
0.0738425162416
40.4684238788
50.9156489277
0.0915232786114
41.7605171169
0.180599277885
0.17021727298
0.121751564093
109.435039032
65.3274959719
0.243741616474
285.525832706
85.2468282934
158.970158172
145.167079947
158.841859777
154.583271197
139.238636634
40.1663849461
204.89511127
48.5139562778
44.4125667708
0.251013168338
81.3132167512
41.2796642298
53.7831735933
44.2001977759
158.338620885
85.4512061304
0.395778972891
46.2460486992
40.0825591756
42.2920170943
67.9683933034
41.1131630042
0.110816158021
0.0946464159541
263.860920123
136.436479336
0.13726996993
57.3181415388
46.10459482
40.1656109547
56.0848952204
41.3053996116
107.287226561
212.83351026
173.507838276
0.0139289114011
0.00849354744826
0.0
0.0
0.0143946002231
361.663342463
484.937525949
370.166527493
222.935267929
67.3376349247
49.9190135906
52.7175237459
41.5938196948
0.0276822869881
254.914025066
263.83212535
266.793766511
0.0682967850332
63.1983986926
0.0803111671679
0.0700252180681
0.0699123404687
0.0694697448401
0.074247856903
0.0809505414494
0.089338563823
0.0967128860587
0.138719413314
39.3235337352
0.111558281791
57.8453255255
0.204165290075
0.256618345346
40.5257782565
180.182908061
144.8731878
0.186825731438
0.196325100998
161.307404745
149.721934754
0.246945955292
0.147282554515
0.231042641659
298.603865325
161.605236644
0.439462160803
190.940167994
140.132969658
72.6447200476
0.203453582237
0.20938076111
0.164220520302
45.0520689302
94.8724080172
66.3406761372
40.9281565399
0.210848768901
0.159867080744
144.691412855
0.215588705048
98.2127947516
572.022389179
0.0627894508838
0.180201672171
42.1461345892
0.140836720891
0.123877715101
0.0998689996729
371.461808099
302.674308988
304.112232131
43.9129592453
0.25875334699
297.747968097
282.564189547
297.022234038
0.0378919103946
0.0382149487336
138.675436315
56.3863904651
0.103370445253
114.43875316
84.6567634067
121.757328088
45.1183115578
146.713874375
142.230166645
137.285178312
132.218112884
136.75044343
51.5975637435
0.127791700053
154.866634503
0.087349567504
152.626262875
125.09847508
178.263570229
0.050258008203
105.042873982
67.8512865683
109.139252174
163.274088801
48.6437783789
320.202001245
424.940571312
158.921505244
115.538494193
43.044355115
60.5398540498
0.0475271937699
0.0431361806607
39.4275160681
0.201589056457
0.19992391756
100.521986924
54.3747207805
0.0731821584893
99.1451741286
118.1459969
50.0998918725
0.120508298801
133.134398999
165.223042767
47.5798207715
226.334528431
134.702428563
48.8937303951
0.142367874593
240.671483255
200.287777933
234.12191332
0.142092175339
0.155119994771
0.156800886909
0.150375737639
0.148224274912
0.150797446888
41.2411726605
0.15973775826
0.154822180802
0.0558695119808
0.0386804829584
0.032257491496
0.0728712358376
39.3097801148
0.0869225323946
94.4374392861
39.4683758493
122.168944224
42.8486403671
88.6753231822
1654.2363041
92.4994215547
321.725502414
69.4178529631
164.06328809
67.3912873471
92.1648787495
179.922224038
387.646032024
52.5763754616
197.706615113
0.0
131.624929816
492.008687448
43.4574218312
0.0868664861706
39.9846201055
96.7831931841
0.126273909685
0.1671535974
163.945194267
0.150782732684
42.8528897804
115.015583047
49.3599650285
55.7270769587
46.5515597501
0.369790497989
157.687018483
48.7504371482
57.8985130906
50.1298419138
40.583842716
284.933314053
50.488503967
353.969711552
84.1467146525
507.147098062
420.186097451
145.518430231
86.1607110809
131.239046351
194.639179967
43.7130724998
59.3145523828
88.6711951903
45.7802071509
57.7738902467
46.4539207006
0.0639754238674
0.0595910949478
0.0424727052379
178.606476433
39.3948905618
96.6048364854
104.696580167
39.4841870017
253.549799303
0.0238397474454
98.4758692222
139.8839542
0.0322193804764
0.0359873816688
0.0379938523316
0.0599495178823
226.363544935
381.357163849
42.5422238487
60.8168703491
71.6448068511
76.0817310427
83.1635605243
251.334249122
0.282207567631
40.4954599445
41.4108645047
128.96553715
42.5308563141
94.2653338563
0.123867092099
31.6636943153
32.9486022176
71.5790514483
32.2166937552
308.310451063
31.0544693146
0.204025235842
0.0489567718141
100.292879884
214.78683477
130.341637448
0.234344465293
33.071729308
39.3036225304
0.148137005704
0.145264362141
33.7900980854
0.17999959433
0.189382743775
355.744001952
0.0
62.9803502047
47.0675022115
112.447481081
224.24613716
126.720874196
120.703994471
42.3583277798
0.265132875319
57.2161036603
43.525299143
0.415557069297
96.597730163
231.674808057
396.999207666
35.6341631239
0.21258137889
149.125965914
138.931751105
124.321974563
78.3287124085
0.295682774857
0.223371075047
0.200474452141
160.863119096
232.934367462
0.122628183432
203.479672114
72.0068735351
103.837900724
91.930197613
155.750204684
291.211732603
314.921606604
111.110980904
117.06615719
125.858726746
111.81745493
75.1400005181
167.185387602
366.739806412
95.885863203
0.123732388173
0.148498755864
54.2610508639
0.118257593657
0.149854482632
73.1977025614
62.8522601232
117.546782615
111.167806412
99.0095174982
114.423730321
0.0672445507222
258.199763976
39.4298595621
316.987669912
101.860370888
191.152099092
0.0844012720707
298.214435384
259.389755455
31.5758248227
133.134610651
150.657251472
436.681493203
269.365754289
78.0428350971
0.440574310528
79.0548870312
31.6821830904
216.877485757
50.5171558526
72.8889242773
85.7833715396
41.9794916099
644.845566969
0.172065986766
780.42191271
0.0
299.786915862
115.656283834
120.022786455
0.030728601504
75.8806649682
219.1515563
59.2252293249
0.00590840590376
658.730538662
108.560776146
145.181642307
0.037544220172
126.980575022
217.656745105
352.92801433
37.7539725099
0.0983593321087
95.7511172525
108.583447458
43.7712570017
36.1672687322
161.6906785
283.075173661
0.077917840742
181.297258334
188.477484352
119.226959827
0.05381753491
173.214710967
344.746322248
203.048979827
231.703441465
168.664182433
134.730343034
0.216311092104
0.263261310327
192.310918726
56.0046751077
121.863090909
0.121687659875
304.737701714
478.386450175
115.798033664
241.729823697
139.127686477
100.309705321
699.643865447
0.294913394013
0.350163118353
0.416583519429
0.282640863084
319.991331575
246.294197828
0.295104674841
161.351006433
40.6882740393
0.129935725231
0.0925228726156
67.5531299932
74.8275586626
310.927379403
363.167224811
262.082667426
0.0
65.5697980901
110.467898801
114.377866496
0.0124995131172
157.072643534
31.9263719488
0.0
0.0
0.0
0.0
342.199033247
460.712344225
41.6014861843
47.010562676
64.8711317746
0.0
100.815164454
146.038642796
126.821146427
135.696475436
100.467255965
77.9848456381
35.3809374308
388.835680611
342.829182751
562.980793496
78.947336099
0.0520059997449
55.1128318786
0.0477630546037
39.9113297804
70.0192280503
79.9154450181
166.992683295
133.274531335
121.799901672
36.7375636833
35.668785571
66.0639724266
84.8180441667
32.3042304349
33.006932952
0.204736014187
0.175088928482
0.246713414303
0.244865875752
0.249747535617
102.17813313
115.580096823
0.372117191639
111.429757825
43.4247246032
0.339734410802
39.1271093828
0.382922712788
138.138070936
67.6282486093
103.702877894
133.038853525
0.527218798865
103.128119553
96.4926393659
64.0721553023
30.4365500649
129.479064549
119.272868665
52.4248733709
0.453408674871
30.5821865132
89.84499186
41.236073267
128.309063803
141.906618918
109.713251798
384.34444842
0.198541225634
0.0626762670946
0.193627834254
45.3582649236
0.310303282874
125.159001609
49.0311132125
0.376228838885
46.6647726512
0.35591067288
145.77562697
33.3224459184
0.439243985215
0.434005779899
0.530245359708
30.5691761723
0.576124702328
0.387608463649
0.365508053033
33.2475532548
32.5872254501
0.399058838372
115.231793026
0.274799711207
0.298820238086
36.2212868595
98.1807076613
0.539719848062
35.0122859252
0.470988309359
118.18371135
38.879812451
40.2684906311
287.691555037
40.4236554232
302.881893342
0.451024272013
83.2403233209
31.1976981144
0.137488087569
68.6484181984
0.203993612517
154.172898172
97.9927813559
54.9374833895
0.409446020322
49.4498326521
0.446832736116
0.278016315106
290.894421594
235.38141152
325.084644702
0.369089305575
0.547814874677
47.0794351844
37.2807281288
122.541605831
250.044702361
144.471582876
33.2508892413
168.812926334
105.342528819
0.283171274594
195.222696792
110.902635235
78.7631812422
0.295693368906
445.912485452
120.037779659
123.137017308
0.427196649794
35.8709552611
49.4734502834
35.7193801858
33.0975626935
38.5900764151
0.0739700381589
0.042253245415
53.3010758323
138.928684735
172.084326243
161.478675359
306.208297763
170.085484563
117.81424218
0.153195238749
47.7725842514
52.1215584125
0.160246842839
0.301123990365
0.265808096197
132.527070388
46.8770631989
114.696201611
136.09231107
131.11088754
133.977515039
143.593147305
109.301277316
0.49771224265
86.7583126794
33.7923490574
35.711682147
0.234841249543
180.95653861
69.6575594052
90.1730614101
61.7926655719
88.7215462937
70.2874665575
163.354365812
74.0732725894
34.1164362011
42.3203241276
48.4708932215
221.480871388
0.300745249681
38.0858897612
181.672912191
282.491547793
95.0448110746
60.1280089184
269.5886883
48.6260131073
71.1053972854
0.475869483156
176.727468453
299.519169805
0.212701924546
0.0713536418071
0.0421137087415
0.0173534582773
115.903287955
142.216392918
126.984295677
42.2774505412
0.00737800711552
0.0
97.3705570331
0.0583520761776
0.10796140099
34.2294892315
67.2478477478
52.2698877483
31.3267389071
0.0734132993311
138.33750558
118.84703192
51.8153553509
365.560334808
33.0628408795
33.6145220058
41.491390829
48.0902579065
0.106150602726
0.100948847474
65.848237576
192.038033584
174.242431083
81.3479473123
34.7728685701
34.7056631733
100.840724145
0.369425549824
47.9954251886
105.178242389
62.1348006319
0.230404531445
0.286556526031
55.3613288567
0.432031084864
73.9314975412
56.5581325841
0.285380094239
0.435175392884
70.7672473355
0.488436940295
39.6985308517
57.5795605617
31.4421987728
96.6963795031
0.243226605987
0.271770778302
48.6184424955
55.4660940637
58.5455935179
0.399497683719
89.259561502
0.572099220741
35.4195357531
34.1959769741
100.262217667
31.0025947473
0.234844432325
0.305945325721
53.7555887717
0.254279251395
48.914011528
0.234023892069
0.191361494762
0.215615744077
30.2757670752
40.0779367888
44.6134384655
39.0400440718
42.9739439466
0.464200243907
37.4528813801
38.1012011267
0.122519487156
116.216070818
42.3378555096
56.0324080677
0.68319346229
196.542123295
40.087877058
198.210045763
89.2859625883
186.682483758
236.533457082
42.7967689674
430.075551445
0.476617768457
98.5879221403
125.742886258
53.5983406765
0.737934078177
39.2522275333
39.6523883324
0.926357209313
49.1444854504
132.81813534
40.3915062324
53.3021313448
97.0040251326
0.307482253824
0.225796509678
0.455622032058
0.3715293357
53.4202877967
34.8971623272
57.8590930995
119.337859105
55.4326085122
44.4155265271
36.8557497847
163.602294207
44.6262657081
34.3936978492
175.884258015
82.4688529272
83.1158014611
116.31718057
68.5048663697
0.448726620371
235.929933264
44.5352727357
75.0349426344
143.307369083
47.5368456739
38.2924936087
391.652114707
0.247440891887
0.142133652503
132.725590943
146.55250744
175.340802083
137.8046266
659.307660467
302.21078809
79.7786024719
62.5556474214
202.998367463
91.36585439
183.928693747
153.031055279
118.987955597
87.0685852964
113.163357077
0.309940179102
112.569905878
132.386651157
0.216313045661
42.1798161402
0.276521382304
33.4827015472
0.171805038961
0.162091245916
183.058057984
136.627720459
165.78924527
270.526325183
279.157062642
34.3029824373
36.9202924215
334.311549123
142.284546254
87.4293461647
30.8732994469
104.111165173
147.727177484
43.4523692639
49.3596073347
0.193165116904
51.0076318856
227.158617636
0.205235186713
67.1265819192
512.816225149
371.742938336
275.423650518
151.538944336
65.4549638671
0.262349974868
0.240335262984
71.244963396
80.2981190581
56.0832505527
31.4988642039
0.238751945332
0.30793119824
46.2017836676
31.9364288828
0.356848294204
0.508342290878
0.442550910223
45.56844505
152.973524611
148.73208149
156.26076382
0.237709157861
118.055140755
0.317966008676
33.4108638068
50.1727900828
0.378521448831
0.370934768232
0.281404618068
0.143749216715
0.180310218337
37.50067361
0.166024213705
0.14677224856
209.760481735
211.451608767
49.6079541624
128.605492981
77.0224174545
63.0292252703
92.5152931873
45.7038721586
0.157647543716
0.137164611823
0.112503735092
41.9384752979
66.0443728613
34.427583573
0.0706637965538
0.0584342437014
39.8558799055
0.0686435482197
52.9617729405
43.1116279677
45.5738915587
66.108740061
100.259128921
0.064587740139
0.0582565877392
0.0678176346243
0.0763344092403
0.066971240791
46.0760491394
0.0385271329613
43.908012871
31.1989586031
0.0598045643706
0.0327182490379
50.6822116871
97.573051117
0.0658158927271
137.147003885
63.7991398065
0.107098032252
0.0707605607687
0.0685852490376
43.2649694776
165.978884128
177.111693936
173.39872317
184.718814669
192.297744608
161.755547456
0.0
0.0158112787094
36.9217499453
261.502788208
0.0488173498178
58.2331497829
82.871722298
90.4466742825
0.154941769939
0.114207789791
0.0694716142442
535.814577511
0.0498778451385
0.0544522554661
0.0481510686885
298.378017813
0.0440235120447
96.0296976717
0.0450683588127
151.395152096
39.2258586566
117.675170842
67.4179102138
146.540041919
73.0756485038
67.4683109766
0.0154641082595
0.0154266011069
33.150157626
503.656820038
90.6445566517
36.0806337176
103.096564911
0.0937186648183
0.0970079150353
0.0857620172247
260.347934555
113.465793912
38.7623193027
199.249798062
0.0552420098248
0.0459960969997
110.756404274
0.0434638075039
69.4773584895
0.0424274218809
41.0060384558
0.0477531169024
201.548285799
637.490848411
138.160973536
30.2786679698
0.070534652747
125.728608068
142.836932208
159.231591868
159.640372611
120.981072256
128.524531186
60.2578267819
36.8953976525
123.87344137
0.0265256733077
59.6876381412
60.9776421885
69.4134951379
187.486681239
236.720052481
162.426338477
101.795026392
86.0768169314
90.0972538288
30.9232598265
253.206109282
0.0
0.0
64.6221804225
30.7349545491
0.0434489148393
0.050370626775
0.0578601306532
0.0633490846966
35.0617402985
35.3305468497
0.0692972313102
0.0703112103869
0.0549457312892
0.0697913715193
0.0610306843412
0.0759142107554
41.6580503785
104.612368211
0.0368704474756
0.0284127437959
0.0170598136913
258.804001932
0.00351916021574
48.1142984605
61.4637327973
0.0
45.8273680504
180.161935665
73.8925144436
106.600668888
205.595110317
39.6100505952
58.4572724281
0.0426340755059
222.680279137
0.0439394109932
546.561582784
740.222680009
553.885970391
0.1128422672
503.359556415
0.0844889685924
141.688245926
49.5830292766
37.1906490029
261.951989941
39.604671358
54.9738378755
127.908520947
0.030078072797
206.036841438
580.463969772
122.912616108
699.252706663
33.5029193832
0.0607180573856
33.2661550699
33.920069633
729.91934676
0.123442720828
275.901094673
0.106771662509
77.6907852337
50.3388525333
44.0285388259
0.311412535544
39.2128647605
0.249453208254
0.209519754336
72.0399898184
31.474744362
37.1696184528
0.13660610661
0.121251401489
0.0961264173864
0.110210766091
90.2685908357
0.117553396283
43.3906025396
46.5745238492
37.0373706962
0.172599276866
90.3661189121
190.593390572
143.295118944
37.1082571535
291.381787606
98.4880282609
0.112429461617
94.835008659
46.9486864364
56.7890967287
31.4305552424
113.439304794
0.171754105401
85.6573323433
96.9852544732
58.0766180876
56.3558366312
49.4796125424
37.4129043561
211.838845519
91.8120657083
114.87382674
0.0
0.0
104.008070947
92.5603900335
35.930216102
0.133113102864
0.0919900338862
0.160918506441
0.141702897574
0.161718861784
0.185971689566
0.15582938799
0.145031415026
0.089649543041
0.0995528301157
0.117155411895
67.0884650291
0.0941081680529
0.090366309482
134.746855095
0.0808801365925
150.423117315
39.9814056401
0.0486339974274
230.384550757
0.030282940323
160.810481097
31.1271868028
34.358694124
131.328966069
0.0403589683711
0.0669120890126
96.8598964921
39.5843633085
53.2771115122
32.4251994992
226.509963916
212.199259304
34.2001854652
50.754551175
0.0929895514266
0.0926248655387
33.8401854762
0.0415066768463
0.0393933137941
0.0274604159265
237.525893752
0.0381750344505
36.2728807808
0.0246394969335
0.0316883422977
70.4989711068
0.0237416598648
198.867421068
56.2279306982
0.0367573129824
71.1011016768
0.0
0.0185561551152
375.408608135
37.7889036415
31.2867017073
32.5941819552
0.0619738419327
0.110010740285
37.4405985239
70.8987980909
164.143332302
0.0360606328329
0.00457090113559
0.0165116277067
0.0519856405144
46.9224206233
36.9989922935
41.4763529115
30.4249892748
0.0207661726238
31.2332404233
0.0
32.9926444196
120.754197581
0.0
404.108924809
0.0239554421727
45.0795298402
31.0096026363
112.982225138
311.944469019
59.2585182587
151.02438294
255.872928816
108.488855088
31.5387211194
0.108158958822
0.0810002726314
0.0424793328134
0.0
31.5806493294
509.259349263
103.687105143
107.88519002
367.697558572
52.7194000374
0.00740622084831
89.051462726
93.4670887185
44.7904454174
36.1786407577
0.0
0.0
0.0
0.0
0.0
0.0
0.0
0.0
0.0
269.048001836
136.533662382
0.0047407484098
0.0
0.0063127335906
0.0
0.00410172883325
424.027336964
0.0206262003627
351.497460051
452.856684928
441.326998647
264.460349999
0.0228902377098
0.0283827198652
34.9230466818
0.010028565808
269.402246015
415.857624321
544.593628865
33.66069703
0.0120148914385
102.864377619
45.5419335773
0.0701953492119
94.2699818409
36.9225196279
279.581175715
0.0532334242381
32.8549291865
42.9818665141
48.0904513429
45.4802556295
38.3681178376
48.8201864285
32.5435250771
0.0570720670241
0.0524743828231
117.28622904
116.322360993
115.095205096
113.608731654
111.722792085
109.479191989
107.159289654
104.417066123
101.421893225
234.302081084
267.293145668
181.168619568
0.0258591830987
227.980891221
287.417426921
124.528687496
39.2232855801
216.573325347
48.5614510352
32.7463038702
34.312788672
32.3489392403
30.6728973417
95.5977860107
61.0104125933
56.7967726877
54.9604037069
0.0208975877046
0.0209112471424
0.0212756917151
0.0
0.0148842024148
0.00376825175042
0.0
0.00709338326146
0.0110884092987
0.0625629697463
77.9462573647
0.128235383024
0.100039271359
0.0920056198869
32.4875299925
31.9890215732
209.083699167
0.00840215876526
453.421369926
171.563737606
0.0
0.0
0.0
0.0
0.0
0.0
0.0
0.0
0.0
0.0
0.0
0.0
0.0
0.0
0.0
241.506023309
262.552093961
30.8128337306
34.7254430557
252.076206821
0.0
0.0
31.747299597
47.4126005493
93.2697235436
221.190778852
126.257269944
114.825295331
223.714486752
145.881355328
421.346300134
0.0
0.0
0.0
0.0
83.6282528979
67.7389618763
101.171833756
191.892345073
117.76707088
148.194855146
0.0276350986193
33.3764166907
79.5746916004
41.8141351629
97.1152737701
46.7045910187
31.0966363047
54.101100412
41.258448827
0.0322792045044
31.1089187925
0.0995473553228
0.153488339011
0.171737844101
34.1130208917
0.119854325972
0.0908880623991
94.4562621938
0.104106720343
0.0605238425413
132.611941183
73.6314493178
115.768027554
0.10867890198
0.138588225869
97.1042154415
60.2622808724
93.7841327049
117.299832547
115.000835518
106.734710852
0.0935680260866
0.0996977631159
0.106348052456
33.4811726579
70.9819503436
214.409114074
192.129001727
44.4653168742
73.6528909811
60.4664957053
34.168566633
0.0899391092699
53.0856226572
0.110006330455
134.089249663
32.6087226271
0.129492799554
32.6453171887
49.6310555329
0.230560270887
0.231398389163
0.0343472335732
0.345360475908
40.5243584747
48.3439302201
0.3010366487
0.2729505109
0.329231927347
31.4531336039
0.400969799843
0.256939005075
0.344017263224
0.206946989471
33.2274591506
0.192708337566
204.715295445
179.976382522
42.5907673095
81.3593681101
92.2972802967
0.215468609442
38.1495289658
0.117495066758
0.119401906424
0.138193877405
48.5015485019
67.6561576762
126.445560619
0.148577805207
77.1059803488
110.87923554
81.3112171858
128.656134688
37.9647764715
35.2188247021
48.0535763358
35.3702329059
0.129169280492
0.120842535414
0.02440814178
57.7885235225
63.5690150614
91.5929653825
0.11614638219
43.0516117128
225.267536298
240.485422352
103.223457964
84.9305342718
59.6932255274
0.159650847195
130.192882646
140.244652225
78.8499723134
36.8286508718
0.225635837341
240.280972823
0.317784435065
107.750379638
51.6539647983
43.4747030518
60.1535421925
0.174692967172
133.464442971
127.718980947
0.0153123306947
0.0632557314492
126.161677476
135.804392527
125.123781499
107.531268936
30.610605814
110.413438287
102.407661014
100.603346113
33.3931158783
0.148430781453
0.17172710751
0.173975809994
0.174036563646
0.140717474669
0.119642735688
0.0859387995465
0.0802667076082
0.0750372994301
0.0782667075349
0.0826381588645
0.096983398305
0.0756976898167
0.088487989688
40.8436208574
207.143291728
234.23470346
186.0635606
181.991764412
0.0848852486143
0.0714632115507
31.8427540193
163.457295147
85.1788779003
0.0945609168021
0.0814011880904
62.1956296769
36.0716428926
137.372802759
42.2985536105
112.954091784
97.1410165589
494.630272617
53.798769054
109.73453911
221.433267561
139.366979789
71.8279627187
64.7976666557
344.428647585
0.0950292606059
0.101173588954
133.625243894
101.14569593
0.0
0.0
0.0
0.0
31.9648505202
33.3791915143
86.3756014514
105.843168728
36.3157734843
0.0
36.1200918293
40.0089247529
106.987930004
96.0804556633
39.6026583139
97.6144159734
365.692153061
327.637780137
35.8215906942
0.0283672886656
165.12812354
30.4090798443
0.12669825996
194.27828648
128.814930169
154.510326302
116.470288575
117.633241234
117.530789075
32.185480081
30.2858046763
319.837077983
38.0970872821
0.219278000749
72.0256958675
41.0738635952
266.153335001
36.6631115647
49.1980798511
166.544519823
112.533001758
95.7876010719
140.68870113
32.8994772889
144.589176017
89.8693713392
55.8861646983
0.34848684466
51.7810116942
66.6644599753
0.242357732248
0.214719613898
55.8536114261
89.9153504322
0.270614438978
40.5296754431
0.427613244646
89.6663928818
42.6622452481
61.9634027912
55.1401034216
0.328655461996
36.5074052805
32.6748270211
87.8342169766
327.868771021
329.741524479
28.3924801679
0.0678457776277
192.929894214
175.834849052
0.104665750848
31.929778155
0.295121774429
0.399395636559
31.0665138889
32.6162043637
0.581009135064
134.342969827
0.240854485618
0.368765193886
0.385451707756
0.607603623593
101.763435005
55.9875091951
129.019823892
100.86612011
56.8747897712
124.101268306
0.319556641027
113.254202496
174.642928577
0.248511679659
43.2381444594
0.213178967004
0.316618522345
0.409555393601
0.415031379949
26.8079991874
24.932629678
24.325300885
38.6791661498
0.362217618028
40.5362207862
0.418420263752
0.408054977774
0.450114742835
0.26324775427
0.69915531492
25.6542871044
0.367512210092
47.1207120741
0.295607204038
0.282683054991
38.4693583787
107.375285309
62.1916695523
28.0737194382
71.4232845958
144.831252223
47.1165009224
52.1470732848
44.7825537313
44.6795005745
84.5223657188
0.531793771757
38.0902299821
92.768513702
29.1159384784
0.17763973612
215.762114718
102.66752976
86.0792466128
44.1868201844
116.281034562
93.2533956776
112.29432571
245.126833102
334.865943061
38.6461964977
95.6392424765
366.862686848
259.387716981
54.8197822656
106.099862131
71.1797452665
28.8353064946
54.3593043657
0.348654533806
0.310310149174
84.5471961502
0.488810735419
0.235036866476
58.7623748555
0.177857764471
44.1057760411
0.0840291677932
0.0547659370406
25.9545277461
80.531289384
112.237949836
154.803881956
85.0955688837
79.5233511976
26.1275001264
31.4362589376
0.0609496950261
0.0674836072334
0.0611982247394
54.7998405298
0.119847624352
0.114059044304
0.0995642123725
0.084866535916
51.3567141034
0.0552864832825
26.0370957977
25.907132948
147.432901982
172.58336548
130.406770109
0.368581608979
34.809984071
0.430654043658
0.501635381075
41.0437897638
85.9127538482
30.1416943507
56.5674889963
28.1699068536
35.006586664
0.783657245459
309.420137998
229.03806662
0.221436785525
31.2679797456
37.2132607974
92.4820095218
98.0475717337
92.7899970556
89.6928932279
37.8887805228
0.617287153166
0.461520736567
0.464553995122
0.346820488736
0.306967256378
0.520604231329
128.904327426
122.078355342
92.0781151409
0.359775389596
120.55808428
129.774766721
117.115344686
0.770819950456
47.1073814979
40.0019080003
0.368833226386
80.528581049
36.4484472223
0.126456515452
36.2478124043
0.107945792238
43.1011191802
0.204607264464
95.6906335651
99.8762202477
0.102412422735
0.084709930921
0.12807381339
27.7798285615
0.156500898306
0.159913307312
43.1125595024
0.211463702486
89.9795169297
79.7903382851
0.258331637728
131.419740658
161.57157606
105.843213401
0.194767915473
0.249386224596
0.317104490622
0.301877685376
89.2857342777
37.2720518447
0.332639596863
103.433240569
73.519381504
151.755479847
0.303177178004
0.270526681581
0.259229530991
152.590680432
119.521296818
97.3710194484
184.93148914
174.62976336
166.442827131
0.0485809927994
0.0693373696665
125.240231322
25.3985457116
25.314507552
35.2247200312
0.0852038068243
0.133473900654
0.239486234161
0.216558233614
0.1437365462
39.3990605381
0.102207633349
0.107603710043
42.3138227749
45.8435471662
33.7593404367
38.9186663573
0.170550509464
0.0993241887053
0.0732228530134
0.087974927003
0.119164398584
0.159762423985
0.118120450194
0.140897776396
0.19164388936
0.23126123104
0.184380039187
0.136809231526
35.1335380536
0.0651766065318
0.0645832473433
0.0604223630721
0.165160712228
0.194692581838
0.180331836174
25.1160017103
0.389179311976
0.423729481298
0.267225618946
29.3463758913
293.576382889
0.194119700274
0.164971250327
0.246727269073
0.271994340097
0.327005463588
0.343935059575
0.374449810558
148.444168684
25.4171873421
0.391523980481
0.246189355404
0.159345878116
0.188713856415
0.19875928693
0.164542638609
0.0780105419243
0.0123188480792
0.0132456669441
50.7314764867
0.0945027543163
47.4810515864
81.1766975982
0.0442076563407
0.0774350422649
0.0793518826336
130.484258985
67.0044738275
65.8676871351
0.087010729064
34.1248020366
52.4567989885
49.3700974851
0.0757766515253
43.4486689038
0.266810042724
0.348055261656
0.453431505043
0.364446455144
30.5927507373
105.143463534
49.1340268701
0.166670145801
56.6493912147
0.210609388205
49.6336224322
83.4908282477
0.100718678203
32.7775347213
41.4715846144
46.8393991593
54.8480948031
0.182470676659
107.60003067
101.156985434
0.0922198425462
0.0571835191243
0.0485157977703
0.113312038226
0.0887152113636
0.113569570458
29.4825938763
0.224723738941
0.446883761619
29.044673208
38.6158483105
0.087732053156
0.0736125182947
27.9736080341
67.5668646431
49.0408008581
0.123376225103
29.0509878814
98.2777334168
107.572211455
106.311951957
100.637817542
88.9415597146
29.7350954691
27.3473833971
154.084973753
127.301820914
0.0341228508769
0.0209138763809
40.6205108906
0.00790936487233
0.0148144334478
26.3883034443
25.330331419
26.0359298933
27.9380809553
24.5059039033
0.345054939035
78.2308286368
36.631355657
28.3788830736
0.235925414267
70.2972653544
88.7394764294
0.201083432661
0.231033032131
0.257715171776
320.326798321
222.82252046
0.336829975721
0.314527326446
25.4130884998
96.6539682424
29.6093685507
33.4079037981
0.115316753434
0.0622792061911
0.195023979062
25.1878620559
0.371361252242
0.352191990779
0.369569992308
0.444993809309
0.324286328149
0.307477353345
0.35157691118
40.3949586238
0.252714927695
60.3942091375
0.181763393515
36.0093135394
0.157620513431
102.714349749
0.241389894801
26.4769758002
197.223571355
246.68061814
0.200186410416
0.146739194385
104.248754595
0.0432612707169
142.469310474
26.8421877508
26.4560800856
28.0284505877
75.1429658989
72.6376658976
0.25427921752
0.22123099018
96.2267891552
0.33251953576
0.252798314064
29.2010254031
0.36081888378
0.289437849374
0.421031037338
0.440100589617
44.3525150908
0.338329443321
140.170551307
318.634623178
25.9736482321
0.500067781726
0.539751045756
0.354437750953
0.318634905792
0.330095548386
174.491132394
0.260592906781
33.6718867773
25.8243095262
0.279931141289
0.458023286876
103.849735722
38.4459806832
42.2917787865
25.0330251915
0.499808413816
33.5845043021
0.34765409241
0.308505713596
0.412504887246
26.0473507316
0.259356849026
0.46667066909
61.9282272924
0.471093579737
71.5524789518
0.364242910918
0.334094587981
0.294594505533
32.5878575692
62.8784520044
148.596654708
30.929242134
0.114098534164
202.004928736
182.417677143
160.585370843
0.186536393925
0.2635261303
34.1364361371
0.281096939529
0.307236204058
31.6739136413
57.1902342831
52.3795847749
33.4621012553
25.3687164371
0.46437451288
89.1246066704
52.7396239816
65.5681219821
42.4655995113
39.578319563
40.3446669951
98.2749398527
56.7286638344
74.5039157785
24.4159211898
38.0883603936
29.4525251555
39.9273854962
42.6521067283
25.571724071
193.324446962
190.356321785
30.3921210178
24.7981326415
39.7103295113
25.6580354
36.5017167489
0.601135009606
0.603574914593
41.5801567976
0.73408095687
97.5059719097
152.15586942
0.557598184397
0.860813483678
44.1014859265
0.473467088654
41.6825042562
0.486381042016
121.747404232
26.5269372771
77.2937514813
112.233529493
42.4860660764
54.6827921458
48.8013924506
43.3242511213
42.8244514079
28.8464538864
0.589266345911
0.820975350925
31.6048879762
0.312003496234
153.029657135
80.0286939475
0.164149129963
24.6963788391
0.17178326236
117.575146627
139.915002418
28.1762072349
0.287160592634
35.1354534524
57.0331969137
59.0289186078
0.203999734625
133.282657101
0.144011919232
30.3676985914
73.9607159628
84.8196004899
37.6781159059
0.379608586228
0.323548564018
0.553458566007
0.54954536742
28.8975171833
42.2657267751
0.256939385583
0.342951003629
0.169492242445
0.191626983857
29.3813095365
68.0096427033
36.051549259
33.0525028369
0.188295102116
37.9740234005
0.111154640481
74.2902661936
0.134010234298
43.5389361412
49.157207594
88.9465067236
149.589970997
0.133846552255
225.620287224
0.102328788012
35.5203326846
0.0816176498586
0.208687419847
0.232907389915
48.6607033339
28.7959960262
29.5695687071
30.1029107638
37.6509549331
0.388337116229
0.424552341329
0.37777387016
0.384128954682
71.1783440718
0.359625711376
0.406905585934
61.2708023371
81.6105123454
80.2452768882
113.115099536
139.682122065
127.525853086
103.240468732
32.2125160778
24.9938757637
0.227734802796
108.840684729
0.505303731736
1.42943807684
0.742542286513
82.843370704
81.3766649906
0.460214639537
99.7020628143
0.328117318051
27.4435229359
0.312013039421
29.5773838592
0.302386968164
50.328431757
0.273034406904
47.9918366865
41.806955719
0.410004520771
32.7674177595
43.4642101789
0.33640324208
103.514175827
0.180380107643
34.8270831546
38.7137480456
0.156365722633
24.6999279022
0.0784403167158
24.4811187855
0.0870541966688
0.0802387548552
26.0565964185
0.0687999451208
44.6412228183
0.0511870903546
77.0263544221
0.0395543158642
44.1186809564
0.0252258263804
27.7441225795
0.014793985273
27.5329929913
0.0201814420958
0.0136113854836
26.7726013507
0.0106322357492
34.4826704146
0.0
28.1983241603
0.0
0.0
0.0
0.0
0.0
0.0
0.0
0.0
0.0
0.0
0.0
0.0
0.0
0.0
0.0
0.0
0.0
0.0
0.0
0.0
0.0
0.0
0.0
0.0
0.0
0.0
0.0
0.0
0.0
0.0
0.0
0.0
0.0
0.0
0.0
0.0
0.0
0.0
0.0
0.0
0.0
0.0
0.0
0.0
0.0
0.0
0.0
0.0
0.0
0.0
0.0
0.0
0.0
0.0
0.0
0.0
0.0
0.0
0.0
0.0
0.0
0.0
0.0
0.0
0.0
0.0
0.0
0.0
0.0
0.0
0.0
0.0
0.0
0.0
0.0
0.0
0.0
0.0
0.0
0.0
0.0
0.0
0.0
0.0
0.0
0.0
0.0
0.0
0.0
0.0
0.0
0.0
0.0
0.0
0.0
0.0
0.0
0.0
0.0
0.0
0.0
