3.47096614046
2.8264825808
348.63625985
37.3966581747
107.338697696
8.56572393225
2.79665863216
11.6232606994
10.527980628
9.89389894477
8.17407448185
0.0127336130888
70.7820272731
46.9281086817
22.3257642319
9.81953902327
89.7082804244
68.9457261691
48.4922145965
64.1835844349
5.67632744079
4.51173783078
3.35345999369
7.02131894872
0.0
0.0
0.0
19.4909606718
8.71683282837
22.5680812663
67.6594464575
3.13085119658
2.88081107204
3.10084499327
0.0
2.83447338697
2.85136168778
22.2637254548
11.7311543309
0.00318761891044
0.0121480905307
7.25872473516
85.0626186686
58.5443281842
24.280690539
0.00284352842789
109.533851464
79.4996036035
55.3292825621
22.3659445715
106.207442005
0.00275369120998
4.62570533398
0.0
0.0
0.0
0.0
12.974837761
0.0
0.0
46.6690521196
214.813692134
3.35584875803
2.68251310152
2.7301878881
3.37427668206
7.70985684572
3.13261467781
7.19833997627
9.87822871859
9.39845198137
6.99017159211
89.245296169
73.0095042059
49.386863829
23.0224887355
65.8155130165
47.9506111255
29.2182823673
9.54967711335
79.9151330676
6.03060800236
4.86738787624
11.8766305218
0.0
0.0
0.0
0.0
15.7241930977
55.3380821035
27.7354351581
179.346608581
265.676192131
10.7250609952
0.00128441344382
0.0
7.03307922509
6.73273830859
10.528221741
9.85745195101
10.2813754116
9.13429252337
6.3098293242
49.0477126659
0.0175862298511
10.0761588128
12.7328003715
41.6578747651
36.6900840379
27.4791811115
18.0787883319
0.00890982432393
0.0152134755497
3.86973529564
7.70744954528
15.1813196603
0.00483282195151
0.00396322221925
0.00178292725224
51.2005309482
6.50054710376
4.76464576186
5.02272944936
0.020547621039
0.00748041411243
3.76520394886
9.26732917314
9.14113161783
0.00484121808183
0.00745924901868
0.0235815059508
0.0267859845003
0.0375828641883
0.0252123145961
0.0313205600907
0.0164903702849
0.00919123973798
0.00665486477585
0.00963988830845
0.00672197389127
0.00927446784259
0.0140713959851
2.66496571854
4.7090869285
4.12981240221
0.00685144248909
0.00480048187578
0.000785272386952
0.00155424660164
0.000777785017993
0.00188858711842
0.00334971798938
0.00480779524283
0.00512405174159
0.00610434496926
0.00946441476244
4.58328286143
0.0133923083471
3.008152513
4.18735726066
0.010571289491
0.0217821710645
0.0135897652141
3.87116516084
4.22254216054
4.44029186886
4.34106914198
4.2431291751
4.09443562828
3.90507926673
3.31893079725
35.865894538
0.0044645102866
6.41720610069
3.56989117045
3.9527617705
0.00223197537003
0.0
0.0
176.955988809
2.99141139035
8.29545409534
4.45443705336
0.00287132836613
0.00222680515188
2.76408033081
0.0128112438162
0.0117909963701
0.0252048989047
0.0232992923235
13.6190821016
12.5691167656
0.00955909258496
32.0689224038
0.0152508968372
31.7424179874
3.76725281455
11.5318153092
0.00142738687156
15.5651426488
30.4758350387
0.00383945051512
21.4001428124
3.45843484067
4.13364309458
5.23124689671
13.6172697044
16.6957248887
0.00215751070341
0.00309844063694
36.7353561053
4.24118673163
37.74087868
25.3298650924
3.24585534195
0.0142856595282
87.0364216881
23.6556227904
2.86976768531
3.8663562979
0.0106735418978
0.0154922737635
0.0122087874854
8.23520164901
8.07829759768
0.00821240189807
3.3746496329
16.1056209018
65.0482395592
44.2414887598
28.8710384713
0.00298617425888
76.8005342567
21.0365174746
11.448981746
2.71657488143
0.00450481799347
3.72872258157
86.6072868542
128.223592211
16.5969225314
35.2807191046
0.00485600044477
0.0108493194489
0.0187193673273
0.0131073269138
3.14958303443
2.85987673331
0.0311029260144
0.0229387338367
0.0194217766545
0.00509179132342
0.00471746041446
0.00318688840103
0.00824849598631
0.00528307427723
0.0108435908878
0.00587899692964
0.00465752465047
0.00771631539537
4.12571110593
3.33155369936
53.1431824122
0.00050595453999
2.89545499468
8.35811683932
22.62316706
0.00196057301974
0.0
0.0
13.1924650082
9.48530851995
2.89309134412
0.0
0.0
0.0
0.00165392115822
0.00398936352825
0.00490359581702
0.00680276685139
3.63881837026
3.31866313906
0.0181026473272
0.00537669834681
0.00533797117533
0.00316724813
0.00202299907978
0.00384031829318
0.00425065766191
0.00521403441622
0.00567088314076
0.00358845067079
0.00120892040424
4.48488370225
6.13992396695
12.8686626735
29.2315739706
0.00186535007686
0.000480550953291
0.0
0.0
228.208052183
7.44103587283
11.0815671587
0.00204968868144
0.00592793967612
14.4432011928
12.8144869825
4.55455730839
4.31136590756
11.2413877868
12.7379799374
14.3841030281
0.0223894042706
33.6660253581
77.5832172477
124.557520275
9.90353713174
6.98844779501
16.5448177525
0.0102853334518
8.6120844145
55.331602603
29.5410495589
19.7437141014
0.00585187931635
3.11660533795
11.244544461
19.7786430804
8.69127369442
7.67871430233
21.9227697286
24.6150764026
0.00721680512204
19.2897234875
0.00225662652972
0.00471562250519
70.276798269
93.3564964519
69.5608250287
0.0124683704149
11.81846792
0.00383508169721
2.77952146932
0.0147198863685
3.42955346829
4.20136187453
3.32096345191
0.0154014657251
4.5970034214
4.36695254685
4.04234165448
3.91964100454
0.00407786727014
9.2554032317
0.0132919619086
10.8181629976
3.34563588255
3.18869053156
0.00803666876421
2.83793601919
0.00680638133181
4.15950865758
2.81525329122
0.00688933154256
0.0113157667855
0.0201299003446
0.0119727199805
0.0152468381039
0.0270487021213
0.023953585149
0.0128333536573
0.0108434650992
0.0112312503145
0.00564909492981
0.0194741200411
0.0170351431282
0.0157080988484
0.0159624015701
0.00778751038372
0.00824977518904
0.00661852401321
0.00555076541082
0.00317119108613
3.13443002353
25.1385780537
7.43639320013
0.0078993732292
0.00571258563885
0.00201973167955
0.00179964210348
0.00229129751818
0.00327860141883
0.00511770314822
0.00779114018126
0.00633206007475
0.00429247149271
0.00611113326645
0.00489371995801
0.00848915574239
3.05012139843
2.69669909059
0.00331106478004
0.00285665325172
0.0104638213959
0.00624811743681
0.0172110197602
0.0107078221918
0.00878093682771
0.0050244372672
0.00475392828388
0.0039738134361
0.00441320219945
0.00254016930213
0.00430933052176
60.3563083808
0.0118106814503
4.30952790454
14.6188691515
8.54108915877
0.0
3.78751706177
4.5317960666
0.00183416512057
0.00411309252662
4.28901189247
0.00768473152957
33.371014373
5.55810275125
0.0142615229993
10.3122309984
12.2668230673
4.46872456226
3.41471162683
0.00866697028848
34.4725382285
25.5845734906
0.00310357310197
95.9547274266
0.0115526971936
19.616886989
17.4174133672
0.00937960603539
15.7606649417
36.005332634
20.7703208625
3.39354283141
4.2770673935
5.19455071999
6.01881777409
9.56652561314
4.9820326111
0.00394764688082
0.00103435572591
20.2307178695
8.41624521001
0.00130955110052
0.0
24.0782611362
78.8072208723
0.00608123530682
78.2648676231
31.6491740242
0.00934274895621
0.00899920746003
3.64204852043
6.91774633838
0.00557644258325
0.00401285674451
0.00140135293257
0.00073404785303
0.00259895104852
0.00235806771579
21.8261912316
6.53050105375
4.49989446215
11.8139850941
10.9302713134
3.49151819673
9.83813657363
19.1185666328
81.6193458113
18.1533840648
23.0299987694
12.141483527
6.85394268825
8.12434956836
5.87427787491
8.85328766098
3.59199970041
0.0445721338869
0.0579032585623
7.07656459845
4.03305589658
5.89896617063
5.86928195445
0.0499097911685
0.0413622328914
5.43023990912
5.19627009803
4.87640256864
0.0331952592777
0.024505662766
0.0164484903697
0.00979325938981
5.04038641574
8.38536642386
3.08137961009
4.40217869419
0.0136754619995
0.00861147118725
0.00324841829378
4.56116139913
4.50492826364
4.34294064943
0.00698220906913
0.00734337989257
0.011516437079
0.0126555041319
0.0197716132477
3.75003775734
0.0108858316136
0.00578446274274
3.25252449426
0.0163435711448
0.00993984011864
0.00674453566994
0.00689999462427
0.00740528178681
0.0
0.000566961602027
0.00293945741747
0.00272356167943
0.00427567958403
0.00388993596456
0.00350299126757
39.3139418854
0.00694384512911
7.45243551949
2.8540055148
6.03300696658
0.00118029490703
0.00212480982061
2.88765644625
0.00198748782241
2.9121452923
3.00154321176
4.48703765851
0.00836843924474
0.0154958222445
0.018798524421
0.00659459556396
4.12566191058
3.91575537696
0.0064552770106
0.00695322422909
4.96673978416
5.89213110258
4.78327651632
3.9920323032
3.78757955188
3.47509164248
3.27743006393
3.12549243704
3.08739090987
3.15051329422
3.23420783738
19.1929500476
3.13592442808
3.74958212193
3.02304904202
3.04109800172
2.93173451597
2.92335207677
2.82288596383
2.69841029671
0.00333805425308
0.0039875940973
0.00722373611403
0.0115817474902
0.0153251552846
0.0200924653245
0.0177662440705
0.00819541598356
3.11911860322
0.00790687068649
2.95639140165
3.73160709454
41.9203072001
13.7495339566
157.828285751
6.94520577578
18.992752638
14.7483689648
5.98732487389
25.2409404203
49.6654533352
25.8431374656
0.038409390404
7.59635105532
8.92652009149
11.7346175046
12.113132487
7.81163759113
3.92052687879
3.04316894265
0.01047523146
47.1629866921
32.4848833948
29.1447338723
0.00148155327233
6.67086683949
0.00545496453948
0.015081501656
3.52985896866
3.32616163716
0.0337504721114
0.0547622491808
3.57825157434
7.09839687362
6.74083601244
6.74639531733
6.2096628561
5.91828376839
5.48716702115
5.31059321814
5.00508155951
4.89824527943
15.5113854371
2.77609489445
2.96203451877
3.95530323651
3.6452137951
0.00940116421864
0.00913577664011
0.00887686830993
0.00777828952269
0.0104463328144
0.00693655883923
0.00587610680041
0.014962755854
0.0142014233103
0.0144805689166
2.94653508837
3.41194463752
8.84764277048
2.94581679337
7.03641820832
11.2073179759
9.264122759
38.7032847735
19.3534353048
27.1524911439
0.0271610912172
13.5519845695
15.6992910888
2.85672272272
0.0164078362447
0.02485351261
0.0467963281883
4.31242530183
0.0159593674943
3.77474035326
0.0045242981163
0.0105544423825
8.0717536975
0.0286790054666
29.6399524942
4.4085890858
0.00921450101102
0.00117892910451
0.00143954867378
20.4381879285
18.927196649
3.8567911515
2.98037098546
21.111400285
17.6321925053
13.6907083049
21.3389588585
8.03111862309
5.75448760885
0.0676184151944
10.7546022597
17.5797310731
23.4192277616
10.6447988159
11.5678830364
17.7344384238
3.02988553474
4.31538277298
10.9352007059
85.7285092001
126.852990411
173.527923404
180.390715013
21.6646962634
5.50542615098
11.0178371275
24.8518162559
15.0222289444
9.28443948364
23.1500540743
3.00593049889
3.69808209975
0.0126503279932
127.871427858
0.0161915565693
0.0158805642588
0.0198987063558
15.1112717592
3.30872130291
29.6624241923
11.6504725937
96.1906540854
0.01051751139
25.2983718402
19.7368979363
0.00616681682056
0.0057418513268
0.00743776558151
4.2319415661
15.0849665622
21.3819657918
0.00258976543937
11.1629061168
0.0100150217514
3.51698996385
7.86340089875
10.8914275296
8.70042594994
8.68977671861
10.2254817574
6.22844609868
0.0520322748929
2.70911484904
10.8825124199
3.84804817992
0.0692667230963
0.012294766903
0.00864854767282
0.00430881512313
0.00539800877152
0.0146520431745
0.0122229681961
0.0115812440018
16.2085326487
15.9848035909
15.3403552918
0.00259269420692
2.82181986752
4.53707834989
3.0696076214
2.87148188991
0.000866916903352
0.00102830015933
0.00131925737621
0.000502637075742
0.00209144529141
0.00216891683814
0.0
8.1214502756
9.94625707776
12.5071900483
0.0121408900116
2.90031857583
0.00708325305701
14.981733212
15.6413586043
23.6676425312
26.2224366148
16.1210669083
17.9946498384
13.9307543233
16.8489070684
8.79144371693
121.54873633
0.0066183500898
33.5556614862
66.1799794727
9.56739741911
6.30911380466
6.13499259968
8.24607072813
24.4145447103
0.00215743128277
0.0
0.00105273808723
0.00204341123541
0.00527586919695
0.00595773318372
2.75235825394
4.51583804163
4.42917657317
0.0529661739388
0.0432187522447
14.6609863346
3.44755108814
0.0211464622287
3.51575388909
4.89226694707
0.0161027338125
41.625707267
3.97200795921
13.6815236794
16.6831853783
7.32663714163
12.5719268121
9.05936619192
0.0132053101475
12.8315870312
0.0165497207312
4.51987379953
14.2338243662
0.00510123650484
5.01218904302
4.880775789
5.89227162961
20.9491875358
5.14380041546
5.30177959754
22.6832942575
41.9797530546
3.13011976579
0.0102601210238
6.96342745084
0.0126349670676
3.24507661155
0.0127991037166
0.0101700994818
0.0273534404002
0.0274681752748
0.0232602118472
0.0329379493602
0.0249430865147
0.0108883367229
0.00894776185508
0.00881470571194
0.00812016861316
3.7905535266
0.0153266962497
3.15600673481
7.6168511581
0.0369555302699
8.82328470625
19.5318699527
21.5623669867
8.50180379999
0.012073106181
0.00854776790923
27.4228068129
21.2705699742
23.1665513922
18.4453791569
47.5188477448
25.770359955
25.122606215
25.2558366475
30.2490712308
18.2878161431
20.1596850776
11.5344902239
0.0620470393334
32.5177646453
11.4562785907
12.4730732419
11.1511611902
6.56138634764
0.0151839987441
23.8526483957
0.0105648907584
0.0112861257855
0.0236206146176
0.0118010272863
4.24525596698
3.92138923658
0.00766528938117
0.00628273509665
0.00681865424288
18.6711641116
6.86148024916
5.00761512264
19.5242207537
0.0163845448513
0.0211651998191
9.61552947184
40.5396517387
6.14297581319
12.4477996804
9.43354524915
5.7947558569
7.13929082606
5.88487917105
21.4504250361
0.0117449565767
31.1630821994
3.54895441753
10.6449059464
0.0125960712897
4.60717450953
89.0884927612
30.9066112714
3.86591362323
2.79809331467
0.0284972419363
0.0294920790081
8.91835797397
0.00897612601233
0.00879512171562
0.00265415532169
0.00420091362501
0.0063236760066
0.00911872517381
0.0201763577397
0.0223149464342
7.29902351847
11.4410405182
9.18157679291
3.21391934447
0.0358585892577
3.12218781996
4.39163946793
3.54821647244
113.032553692
4.60253143333
5.54349126054
4.06249757093
23.9982648338
3.95506942919
6.31870200672
15.4882271587
14.1042742801
8.87719046092
2.6987789562
0.0278521756923
0.0165180268013
0.019337292074
21.2728584343
22.3793900576
0.00328470533454
24.095030443
41.8732785023
15.3409966299
16.4093495754
22.2975593175
0.00369266355761
7.65727075627
5.4516911253
0.00167889378949
3.19816201098
0.000935705597548
0.00587255091945
0.00972096218399
0.00889920201811
0.00806841118549
0.0038659254283
181.330023855
149.104919156
113.410657779
79.3311577073
0.00109628759603
19.9327436974
10.5601904741
0.0
4.45646599673
8.7413915646
8.78778954232
7.86304376023
101.089521976
0.0072374633786
27.5209103796
0.00509757450619
9.12355196745
27.7585598755
31.2018827462
12.0245654292
0.06134937054
38.5410922688
3.51175035892
10.5334225399
0.0837177494411
19.4622803762
13.4383650203
28.3879492425
11.7806520067
36.8536510861
4.34175899743
4.70326969342
8.12599835237
4.87531855535
3.68230243322
4.83574882811
4.43958882216
8.20575925678
0.0213234257958
0.0263161182866
27.3234374097
21.1113721101
10.1608579511
33.6074992129
30.1205252862
28.9400370722
2.97003346213
4.24697492978
0.0201765130249
20.4254306286
10.9916278133
13.3155928415
23.8147478167
12.5377543646
7.80970876171
8.39893856535
14.7250143548
0.0112610260719
6.49520620634
11.4670941648
0.0670389141565
0.0541853096077
0.00424639755172
0.00241770825874
36.5818867103
27.0430281676
38.2564747486
28.5087818554
20.0634199271
15.7920939812
15.014960143
12.3747997446
0.000849428360626
17.2431019536
3.35730166571
0.0047657372214
0.00410968635479
11.7766415224
6.32171804864
4.6398606295
0.0185773869936
5.70713146552
5.64570494222
7.03847734125
0.0133394002906
4.33063858669
4.5147526661
0.0341136296022
0.0280021780062
0.0212798329716
0.0130164796556
0.0129917524807
5.19167594336
5.14978678322
5.0429953068
5.11259258724
9.71966499389
6.05960377473
4.49573713383
14.208975161
21.4133865871
14.2771232456
6.17535516904
5.00095212529
2.82164865614
4.74629371644
3.91879384781
2.75464700966
20.3002570882
25.1350245139
29.1215726026
36.1460996079
23.8854587596
25.8600747228
7.94167412739
3.71233742841
6.07073326632
9.14729150478
3.51410544979
21.6632796983
14.721599591
5.01693740604
4.56829700573
3.89093778233
0.00505705114551
3.07213122814
2.99359366025
0.0101288851893
9.09668591724
3.00326775926
2.9700469933
17.6591945076
4.17204303115
7.61056892993
23.7754967868
21.8382398916
3.2339795636
0.0236856936969
4.17224655769
3.569076121
2.94398509499
36.3423342555
0.0257128693912
8.92097636497
3.88899338159
9.1942005967
6.12701225824
4.9538001028
0.0280173088154
0.0180716644711
0.0382553385509
0.0290133342233
0.0206218165924
0.00983603676593
0.0268902222999
0.0262040357028
0.0247978885382
0.00407030415638
0.0071782552059
0.0133442926989
4.14539816253
3.85035301519
4.09157949676
4.74062636419
5.14791891776
5.16727276158
4.74343666195
3.87036930906
0.00638589778756
0.00432502799816
0.00604360789917
0.00860744340514
0.0061869022202
0.0125032758524
0.0178064327122
0.0161281025181
4.55652632841
37.2564732346
31.0862131698
27.6954956188
27.7042856561
2.82204212327
0.0185788598132
0.0303006914145
0.0103562316895
0.0133313203043
0.0120230965327
0.00901910899638
4.25581145297
0.0223932013411
0.0242841598914
0.0256217190808
0.0181934610477
0.0240775413032
0.0155529342367
0.00990302618846
0.00976040167778
9.17777245242
8.40679041326
2.85190056405
0.0357653271639
0.0364306640867
0.0402692724397
0.0650261439349
3.54844525953
21.4662955268
15.8274137585
17.8993163119
16.9483003807
0.0868385700817
0.062921320261
25.483340856
3.5551502935
13.4922138108
13.529286209
5.05517715213
0.031851856825
0.0472680806032
10.3525755051
0.0229219624616
3.5279638558
3.59764847339
0.00644256587234
8.44082765568
0.00671074712243
7.86297141758
26.0552799603
26.6269293579
16.6722222771
5.53447135933
0.00601519538634
0.00964152495182
0.0119562027713
27.0411045961
0.020598551513
0.00941223798766
24.5305500505
0.00846294184814
0.0223174506471
0.0147700093145
0.0174506003952
3.32799972918
3.6264049333
4.00065875696
3.97994615405
3.96826423914
3.76725482238
0.00900777145404
0.00544977149321
0.012159955129
0.0146528761728
8.1503841985
0.0119764466222
0.00569915614728
0.00717703846231
0.0115720097532
3.17112685193
19.428055714
13.6321096904
7.15417106455
3.51191402834
0.057111539667
0.0349711426043
3.20890494774
20.9531875229
8.92086710883
0.0147284361808
8.09028200852
0.0117967101075
16.3841270983
14.2674595201
15.9497351714
0.00315003954006
0.00633211971989
0.00451717534787
0.00572802143938
0.00379272163049
0.00309919203248
0.00125726058165
0.00237061837903
12.4951158116
3.34153091496
0.0057135699658
0.00338886966733
3.12789513257
0.00107697934723
0.00135299522098
0.00141515741092
4.91923937276
8.85995579002
10.0582298465
11.1175679025
11.7460924359
12.6732961471
14.1339394908
14.1057660725
0.0145116367217
0.0149195431965
31.5324489001
3.07963578795
0.0252617516023
21.1047088289
29.2816063039
3.94442143171
3.0799750167
20.0420943939
3.7383826203
3.07135862165
0.006878732287
5.96299083117
14.7961477545
4.8043815501
0.0279945514866
0.0176537681964
0.00512578308787
0.00436309445557
0.00682460167567
10.0641039164
41.6165644641
43.3508895451
2.79472510648
3.2320346289
28.8465231719
0.0155117176742
0.0254530416342
19.8103869812
3.89568914612
29.8822388354
21.7352358721
17.4626761527
12.8546349627
0.114320182735
24.1169129513
5.72881370038
12.0197904219
16.7466418858
11.8351469026
0.00317940884475
0.00388534047307
14.1802645605
16.1863746578
17.8045634167
18.7132716921
20.4105130728
22.5877387213
22.4391880965
0.029845002018
38.4023394589
50.6647496352
5.06074657558
55.9292732728
28.6984040873
44.90260092
6.3106804989
0.101273681397
31.5678324705
5.87720349099
0.46704160633
5.17850809478
15.804633192
22.9100895899
14.2050216478
40.6661195803
28.4303216626
0.0463357317537
14.9115423582
6.8149530615
20.1683837163
69.6977667615
59.0413326017
4.90646766306
6.73874606998
49.9405747962
0.355605151231
13.4907449881
25.8417380092
8.966796869
46.9030197428
29.4458389351
27.1635411681
13.3823091258
0.182909517672
57.0784602585
9.96389551167
16.9632821019
21.7549821522
16.4637094744
5.06846622701
16.5497007519
0.0871917775442
0.29976880311
6.93350195562
15.5915750581
9.47594249344
67.7373176011
0.0439117926351
7.49357301476
36.2041917044
32.546723763
27.4252746799
36.3633051612
29.3708517625
13.4437087995
9.31487851187
40.8874651333
7.67107207293
21.5217965713
11.4358841
23.5601731531
14.5033750746
7.81564082546
26.3385172973
22.6202342361
20.8634490854
35.4699704653
19.276484386
24.853769282
32.727661235
24.8451989664
7.72170480016
9.07274413909
0.413573108668
0.929775136182
5.96087300756
0.751802806285
1.3166128127
15.9968768628
46.161963553
16.5652762802
26.8581640234
36.2888335704
16.1803155125
22.5984140815
35.7888466451
26.0685249005
98.7997499725
41.5874564028
67.0220208825
17.3776512249
7.37081714502
6.5447477301
29.863986363
22.8561648063
30.2335131317
0.734371054621
0.735968524964
6.80454438537
40.757763048
5.42951314175
54.3318040382
11.2320411923
36.9041884764
87.6107037297
2.56745703238
68.2572396562
5.30489894502
27.5916948559
0.179965171914
0.0
29.8676598604
0.724378119246
6.27510767162
5.89259084427
30.9052741286
16.340777281
35.7316703643
2.50836278787
67.8047769385
30.3993029914
49.412464286
21.0081648432
7.97166352732
49.0179729137
15.1506782989
11.504687581
1.03020996841
20.4709473473
13.1655302712
115.213283375
26.1874069009
20.3877689451
17.1050090279
50.8168938746
39.0627180046
30.712791423
14.9572036204
12.2378999238
0.167257298488
39.2981542204
12.3074564491
18.000461171
21.9640118494
7.29334175571
0.981941351732
3.47591760942
6.70200562355
27.6465489452
20.5690982727
20.6446585586
45.3838195363
23.6961494008
21.4604196582
10.051441875
8.88093308562
11.7023700944
10.6771541401
23.7105227792
15.0017138915
5.84389661325
9.36355588659
0.409702944359
3.5676450751
1.05728465268
7.24121964481
21.7722599873
10.07194664
0.949866956552
5.32868631412
6.41648482373
0.88005297769
1.18393726241
5.76710073672
8.06487391645
3.59159301947
17.2863118672
4.06795802298
5.91945085423
7.41321841847
6.52378294069
11.6272922733
4.31296294565
14.4576150748
4.74009788166
1.2921247916
12.7828424339
2.11752019123
7.69953832573
3.73764775061
3.50904950237
1.01316389204
6.08258453427
14.0934271235
15.2308633753
36.4526279164
13.5855333217
6.1475072786
4.79010364734
73.5242204638
0.321315174378
5.86091193686
47.6443218862
2.74191466739
20.7861560328
19.5470091119
55.5466248566
51.7294459176
35.7569176823
1.8493019783
23.3592633032
103.806301859
13.6013612908
28.6614652011
40.4317363509
19.1415544143
17.1011160312
5.54408106552
29.2809079593
38.0993840232
42.8825761027
41.2062131348
6.32067688166
10.9387486734
68.4904958959
16.2589925198
18.4641695016
34.168972572
17.8177443556
17.4361692821
13.1698204855
14.382588254
12.0130050043
10.6455015878
20.490691143
13.9300825333
32.3871903549
6.20745257151
1.91038009176
55.6718339753
66.7332745075
19.5054150495
27.1448244399
54.8877381715
13.8049961749
13.534843517
5.97119887233
6.27642741002
3.53300045956
8.02472436254
48.4104570376
25.4716826474
33.4240955233
60.584037515
1.61880620131
22.5419292753
26.6729109785
9.51479760519
21.1046052548
49.6830187923
25.7058595405
1.02944690412
8.1712334686
19.3399135926
14.3964173673
20.2894912463
10.5097956932
79.7391960996
86.8994303427
51.4600301014
33.1318774979
7.01654458563
56.7080096367
2.99468460757
44.7789353375
33.217346146
7.81778129639
9.30295048849
7.35818358445
0.889571596465
4.40684928399
7.61625254358
32.6080392989
26.0557092999
48.5743739992
39.8823546763
26.5963199376
24.2999281862
20.0829959222
43.4654110714
11.0396974476
19.4156798584
21.4312717014
48.3390473781
34.6734909321
24.5646235251
21.0524593879
7.77268944898
16.4073554489
12.028360323
57.6859760924
29.9264175886
11.3630411518
16.8046431736
20.2213515951
59.393554016
24.5184781862
17.3995564266
19.6124353723
1.29481417051
6.56631141109
10.7840495727
9.74135378351
6.61045463991
1.21010152508
12.1076945567
8.9215374728
5.77206425607
7.39038336504
5.86124041166
2.29540024789
7.85947772017
10.8414211144
6.18585513596
42.4110001598
35.206322674
36.7538478484
7.48490653333
80.1928814419
1486.64649971
82.5589199808
63.667281937
59.9670948695
14.0064873472
15.2385972593
68.9902950761
49.9087311527
11.1627275678
9.11286492973
18.1176355464
20.0584076771
20.2300161537
1.53391181361
31.4022119653
4.80643390972
18.3009605711
14.2856539407
20.3820347931
10.1688819766
20.1661295158
1.00416288543
5.80819407291
13.6269881753
9.45463416526
1.14586564691
1.47054322833
7.0878085588
8.44883941464
9.64125098045
2.34773534651
2.89956844044
36.286827157
88.2550103311
9.63012296479
13.3653389635
75.9771760257
7.0900721708
1.28249741514
12.4788488535
6.63152865685
6.29791764069
4.19613704669
7.45110487662
4.41241228996
4.8726406399
2.5314311868
0.910155766174
2.49430525861
13.7419265261
2.52649599206
0.967389670574
0.516366804704
1.39016461734
0.972398202064
1.03457761491
3.26345617923
8.39757970578
7.19986046803
6.77299646375
28.8797292982
14.4719315978
12.047042616
7.21322573414
25.2553801949
2.94688268266
3.10540493496
2.09705331953
1.95422252849
45.0343091024
55.3466664229
36.8860450698
9.89748112392
1.85794893744
1.69744857009
10.8728366828
39.7167227632
2.03064823698
7.75749126107
9.44886522739
11.7548859222
16.5034125999
37.6599327701
16.9959949961
16.9234985829
22.1885242454
15.0753280848
14.0572709408
19.8321848037
17.0227469205
8.12732254151
2.59714529879
8.8635820979
15.1383847026
14.7860922285
24.3401513611
76.0163372978
6.35210986077
82.5489263537
3.87289431031
7.32686832446
6.10114942108
4.66021771359
2.35311778944
15.3579264018
7.09211360894
1.36680496464
3.11558659091
2.13225273992
1.13009331278
18.7226400085
6.94113324899
5.07210671023
10.4062684932
93.6302216499
2.19260719516
7.57829719309
10.5558684117
8.7194402208
34.1063772944
13.6360995671
6.12245065319
12.1531068379
30.7535569952
28.3244092473
9.67425968593
64.1149529997
30.7248688899
26.329869139
6.12712069845
28.7730575336
3.91384074329
24.6934206601
21.9540858793
8.9258257584
8.1667401595
7.29311257402
16.2112556923
12.9168154128
13.2902080291
5.61941343873
11.4633971659
7.90062935742
0.862862346961
0.965664266882
15.257855923
14.8087244478
14.6916112135
14.5775982277
20.3110767165
52.447042794
7.56598268749
5.49029122762
5.00378061715
8.50429407998
20.0178593458
4.61784246172
3.53768833804
20.7694063329
11.6759358674
20.4516169375
28.8336820401
18.3301660363
17.3613996376
16.905469443
15.247298605
16.3477907723
13.7446858497
12.1813995133
8.54252276425
1.51074133341
13.0769575966
46.2070922524
5.3098661621
3.96783912999
0.777050993019
1.29146602914
14.7777896968
9.06977447373
11.6455532421
13.6947448915
13.8185425471
12.7899432072
8.38398726794
38.2951783277
12.7863934326
23.2570750201
18.199402492
11.5941623606
83.1550184947
12.0112509858
2.2241310758
58.4998590216
55.1619366517
1.82759482115
2.08993682376
2.19888585893
2.14768992107
30.4826881104
26.7063995277
30.4033738017
6.09473646982
6.22842962454
13.8664006625
16.3969633648
12.1287219463
6.01059359799
2.35139594084
53.243184922
2.19679757658
37.0528345183
22.2892905589
14.5576021508
65.1871260118
104.078254698
55.2113571929
13.7325301331
115.790765448
4.71642100025
9.33247405931
6.24370029544
62.624594998
10.0150557956
114.576516933
135.719407511
113.955157504
137.148046836
175.680353599
161.530368087
127.326867516
104.469846633
114.6012925
7.21855700732
35.1812028366
49.7524248787
190.242612234
12.3525467783
20.5674711424
128.263716262
34.1211024756
75.5145121278
13.8023217233
68.6201488436
174.590603383
48.2928151851
28.9870978006
45.7299511824
14.9399289466
22.3911630322
46.8020771243
22.2597761352
10.4757128522
8.21605729546
7.54191190289
34.2129817232
46.259608716
26.4111852665
3.42589138305
4.65531519496
29.6043443649
49.0260753959
82.8211429451
56.1171621636
42.1357155847
18.4063678615
6.43870737712
9.43325264721
1.76147490946
1.27424886702
27.3180646161
40.0863809561
65.1828902832
22.7117248149
5.86321161401
14.3884411477
63.175697468
37.9832495774
49.6600406319
58.6375126292
68.1851848926
24.8585485058
19.3252361606
4.22053747062
8.80826492793
30.2827823227
60.0169571865
49.113979051
22.6703057108
41.9593921863
5.62342787505
1.35547706373
3.2813244666
2.83203116228
53.0466029678
39.4247235089
8.32749883524
28.7958202273
1.09881740826
1.2666285866
5.08967754786
10.9896144164
40.4938372498
17.1060658665
57.1157870344
89.1508205764
26.3509323989
42.8922141448
62.1961152645
59.6899703486
168.716073422
6.3201595319
114.940290838
15.6264044961
35.5302426109
5.92314413322
21.565196105
58.7894816234
48.1196477728
52.0082896725
36.0881457545
28.1715789635
34.2184153924
15.5648702366
45.9579187054
29.8562957829
21.6406050029
37.0029715662
26.6772489155
22.4812181919
8.57878131492
29.0495079838
8.36897005019
29.8998708694
17.2863107753
17.2533264879
31.3809936571
198.437692276
15.6686089898
187.780342197
202.214787135
28.2118645215
19.3876861559
17.8319046041
23.3264526192
7.73543465008
10.9867942211
4.37108327519
14.9723133629
4.43665481905
8.17066918499
2.19373728851
1.27842658538
31.7410742096
19.9247005073
6.48271959564
3.533910328
1.74861006783
4.26616187496
5.25550411021
40.4478868419
34.2051751908
30.7310473353
35.6625734622
82.0292239572
54.950836658
51.0712484266
84.2228521151
53.131086595
24.8528920862
70.6139254819
106.936768544
46.1676935883
42.8575167731
59.3120495691
37.9887899867
30.6322304674
14.3104407939
2.78065324654
22.2069857243
17.2066516741
26.3364642565
11.850929654
10.5500237518
5.24561384667
72.7379560509
60.9363372912
24.6851089162
32.989399132
31.5868278502
11.0959625868
18.5728293363
27.9643861223
64.155666578
60.6492228213
57.485848852
52.9225855248
17.9671280558
10.5664460091
101.631318551
57.552402523
7.9711660403
122.163187379
50.3013285261
159.535886708
113.517179926
15.4857920478
8.74137113168
25.2827783436
49.9814483846
37.0803933614
2.81064571093
9.05596316107
9.14199738003
6.7058527553
3.81353810421
21.9308423593
13.3543075303
0.925696710596
0.572380027957
0.798652839054
11.1720474146
9.45735525207
59.1718865964
60.2297972966
6.65849902141
33.5348170964
58.7797571961
13.1488697702
91.5971159387
18.0737130591
12.1436901267
12.3290685218
19.2977548637
9.25555405442
7.41456147073
40.1399012054
7.58586026166
14.5661411662
4.63426528548
2.57822397
13.4849310333
1.72511411749
1.80115933345
5.97085563032
13.3259706976
7.65924837235
15.968633779
23.2556599248
7.15069189854
0.0
0.0
21.9677561401
6.4155549448
52.1729942967
6.85495103952
28.8151858001
8.74873305983
112.694032727
28.0719692861
18.3509697922
28.0884965155
7.62100828318
8.71468552464
104.469909953
21.8367056196
31.8325906205
13.2751360738
55.306365658
3.47193750469
13.6717465043
10.5256757972
5.49736851444
53.6145038236
10.1911070342
3.14246394259
11.7626858733
11.2690226735
50.6407721959
6.94107476417
32.8634471533
178.582401703
17.4919726513
40.6816203006
15.5951601565
8.21013767022
171.907403899
26.3970746064
10.0538571752
15.2730163627
10.7700738253
51.6666190944
19.4810629455
31.6186794797
9.57613420304
8.04059228295
119.562532334
19.8052901604
11.4449197344
19.9628106975
14.8119919982
14.0985422907
7.91960437687
6.98001472542
10.4045175928
4.88072460561
8.85242454272
16.9718087284
20.8457213512
1.18802422353
11.2463799679
0.0
1.06833804844
2.06244916679
24.0255250162
16.3353045304
20.7543128597
9.63177137156
65.7716196617
9.54037592004
94.5707864865
29.4380259952
55.8482050124
210.860242069
16.6355150911
3.07755835451
21.365166166
55.1559369606
6.24248796919
31.0160961368
12.6884818335
8.06608205406
7.08091695304
1.8490032242
2.31265949201
50.6058835218
6.3789527619
26.4398667868
7.06763939478
1.81659209244
0.727525172551
21.4246565147
24.4606651681
36.8743650719
6.30068632493
44.4195487561
21.3900769174
20.0448982905
107.789284363
14.9658641831
25.0847848804
14.8027351152
17.6044240049
32.6222189655
6.61857564558
34.0336225199
21.3259497871
8.64993675311
14.9024918663
2.35060004098
17.9494690965
6.80632000337
18.2454519438
12.489450401
10.2450665083
25.5844279087
21.2512900364
14.1861778154
17.1726429338
7.89400845876
6.79737120164
6.4300755147
3.05569278778
1.3776375051
1.25983150776
6.32602411539
46.0083268088
41.5159886757
5.75033305971
5.8527815368
5.80067420163
10.9565574288
11.2908895883
15.5326827892
88.2859698097
21.321644599
75.8354942323
22.5507687294
56.757329802
19.3866022747
8.85066275954
11.8677071331
33.0967021159
7.78359392699
2.14710140096
4.30886042351
9.52675331953
3.66819881814
10.5442710518
19.4138541279
2.21454079065
2.8310611334
2.88593588377
20.544002495
19.7026089577
8.43650697577
6.4965645741
10.5031657923
9.23887066541
14.300438982
10.0565640439
60.7750742743
52.0159330484
45.4862279793
133.121201434
19.8533734435
201.057734359
117.393717949
9.68173015491
9.92056433466
9.49478414989
6.92314611237
9.78894303926
17.0371274514
10.4089094482
13.6309138188
5.91698056071
2.83554018389
13.5853933991
10.886710154
6.96235373325
9.70146568876
6.77479684751
2.14992827055
0.839069819409
21.3472733148
8.13375807348
15.1072253684
19.4552387914
60.4744450572
12.0293310959
21.4463755374
8.50686687434
19.5640744928
10.0048488071
24.7966801372
16.4297538215
10.8186813244
25.9778911013
2.68105680706
12.1800198354
2.26427687481
9.10143846612
11.479306006
11.0626910544
9.14459969664
4.114652119
31.5186547338
5.88167136948
34.3641327228
16.0360552228
13.0525818989
10.4718187815
3.61600940331
10.6775180249
3.4549451003
59.9838530027
28.1051139602
92.600115107
20.5148528975
45.974631942
31.7187549493
85.2796587495
12.079228653
11.6822271831
9.28815895319
154.314805049
40.7279272218
8.32684302902
13.6651068605
7.0530610945
6.01276622405
20.6093982322
7.3692053834
6.85052535383
5.16797798723
6.00033990348
10.1368558011
20.0280978374
13.70634761
13.0537102228
2.65744559072
15.3850086236
19.6446045708
15.8815469268
21.520962334
54.8783659363
19.1421837683
130.952279719
59.0166019722
39.6561791709
22.849794137
19.3672260017
9.12975888555
32.4699620265
20.458764604
4.15471534472
6.69440510242
12.9736341968
17.8074552989
4.34138149675
55.925276279
17.2539044963
12.3883996226
13.0386416909
12.531475455
11.8021829081
2.66471329293
13.2125675891
10.1439112737
69.4806610109
20.7375407555
150.951193434
37.9520683099
94.823232461
15.4192747824
121.79196843
20.7150018493
111.964619123
41.1249707367
70.9665823085
77.1475693173
278.099447346
250.248819952
30.5077095686
29.3271938737
47.8128046933
54.4933737682
41.4690637222
49.408054046
23.6573163922
25.3540125527
38.1181639914
21.2317191073
28.0106944934
14.7436698211
8.1658100068
16.3694238267
11.8882899927
4.00994755343
17.4488540081
21.6480680662
9.06443812103
16.1818928231
10.9471764779
15.8066456963
15.9325793457
16.3229420342
11.1518499187
17.735082784
110.687256705
14.2501218478
286.098146526
24.56031487
31.9522531612
34.7277794856
41.9280549126
20.255730385
201.758235513
81.6542839547
40.5385781862
19.9134861266
14.8506646093
9.71041820406
6.91462061349
4.66337336506
1.2808801055
3.11964254291
11.0840781668
6.84090484592
20.2182741694
13.0904612735
3.20287401999
8.45435732616
10.3170813127
7.24486066134
72.1416318099
30.8610974678
42.1682173627
88.5329340732
8.59274788368
27.7996290596
133.93829428
12.2026725712
24.1755406623
21.0536740287
144.287996809
34.5733935073
20.5972525043
13.622657852
33.4114596082
76.788190442
36.3489564912
59.9848473728
31.1157383109
21.6173729449
10.930572353
4.18834171992
4.79417060645
12.3149600198
7.46095501483
5.34309255817
11.4722688608
14.2978373442
14.550855133
12.4384695652
11.7909547432
21.3016652281
11.2504142783
20.9849822635
18.7156342141
200.222614845
47.9542359938
18.8350108921
44.8037069156
47.4767198784
22.1392785237
27.1543364839
49.111402583
35.8131945728
12.6707791724
21.6453916157
137.54405836
60.45559643
17.1616771816
20.1910071079
16.5679150281
5.82132591801
2.08254034741
6.49755181049
8.04984623045
4.83160513468
16.9441983695
2.8859830075
1.52662460644
4.18651243634
17.7815363312
8.63918674856
77.6171477212
25.6896749569
20.1540976783
63.5919452507
99.7585536419
16.4314818431
19.6171444479
63.136437454
20.4790172429
101.018806184
43.3140962747
41.2181613092
17.6105411887
12.0922698827
23.2238505644
11.6476192654
52.8791426704
30.2601384052
8.27266171754
7.84627101218
7.13715048513
3.55334960471
18.0058618839
6.62129654324
17.0864154338
3.35683197991
4.67825255619
7.87154042829
6.28760614843
7.00902743423
9.10886646232
16.1424030054
15.8556907883
15.842634302
133.830170707
23.566837106
22.3703215344
26.8777473781
50.1590907946
16.0785745864
72.0924073241
24.1276680859
23.1081396678
20.9393979779
20.1535886502
6.08867428606
89.5090871625
10.3944317868
10.7802873266
5.65720664853
18.9622687853
19.808806311
24.5047891021
5.82328148979
6.6794414465
19.248846099
10.9527287904
2.64640897792
1.16521285182
3.05996073576
19.3518944699
4.5643064666
14.4750799041
124.519373556
9.87956487682
25.012757542
10.3772660696
10.9150707958
242.779175906
79.856484493
16.9399465859
11.7008496463
17.1228109226
15.6037633539
13.2226080316
7.51498818889
10.4187061274
11.5553738096
11.8254416098
34.6929276037
6.04287203117
3.2835370358
7.35249006372
9.864997455
5.61101808672
11.4942742973
16.3711621788
9.37330207788
10.8913639723
7.79587219471
0.581516917961
22.2810628979
32.133948934
16.4959401311
131.550327879
24.9629931003
12.4108604245
343.706894422
47.3224553141
21.3608775149
13.0771377191
17.9947309554
19.0607894923
3.59540366704
83.095745722
0.0
0.0
16.0825162897
0.0
0.00115677695925
0.0306618003386
5.54182654309
9.54580619129
0.00226085794062
0.00545349358844
0.0126091855813
0.0206263733575
0.0232605835357
0.0207020909852
4.1132963694
14.5544088279
7.76620916427
13.6843410319
24.9129107853
23.0732764229
0.0168179093148
13.747035335
16.1484497999
12.6090480215
0.00541148963038
0.0057283496598
0.0033300894883
0.00606824711026
0.0174033538392
0.0121874672248
4.59440695707
15.7112054624
15.8139886929
14.6549977058
13.9149702045
13.439844306
0.00361567195452
0.00343797779207
0.012263229824
0.0220130656799
0.0325110873764
0.00948703000723
0.00828620989533
0.00562764719092
0.0158046819156
0.0119175945816
11.025498978
0.0117468875185
0.0194753559449
0.00134601296665
7.71864217729
14.6553268931
17.3032395642
16.9934663
15.1822279766
12.9849484985
7.68663202957
0.0168853475474
0.021751321609
23.1865213863
4.87595552245
7.37331472251
4.7476209165
0.0546074354277
0.0467542230242
0.0309666974087
4.19431291744
4.01376795282
20.9382590443
16.1524074966
0.0116499957978
0.0232987354197
0.0195569745458
28.9613293301
0.026271019679
0.0280563311284
0.0260689904548
0.0221958419874
0.0123104422271
5.06065043057
5.56566146319
0.006470748135
0.0061700392626
11.9007327499
11.9488073622
0.00504134075738
0.00415057553318
0.00424840519573
0.00692209191928
12.8807974445
0.0158299153414
12.7753870159
10.5916837047
5.52351958526
9.54244060793
14.5035928868
16.3771240494
5.79670056863
0.0210119056675
0.0260035107774
0.0258811609428
11.0897635805
0.0112516851439
12.2965177124
0.00897272677125
0.00872787379842
4.88476780177
4.62595593489
5.19714867907
26.5820249417
27.8374404539
0.018059593857
5.17863729974
4.59336749012
17.7860312095
35.620250551
29.4097191758
31.8979061067
10.4466822289
0.00431432011918
0.00906941620769
21.0149759569
14.605996234
26.0466020009
17.9178929301
0.0199853111425
0.0072942194789
0.00858574485395
0.0082450459003
0.0102620377314
0.0165069975911
29.9307810442
26.2438844426
0.036364970662
4.75375769122
6.16690207879
10.6557011384
5.23792887683
0.060332912832
6.86780310854
7.59962966297
7.42640955932
6.95238406335
6.66776434634
4.15211138384
10.6436501507
26.9476808868
0.0268533937151
21.3739751773
5.4211256985
0.0157818681393
0.0146066252152
5.93419444871
24.5968835777
15.5422397039
9.26330091543
0.0117581473811
0.0141216423667
17.7436302422
37.6607332757
15.3510739775
16.0073631508
12.4475828929
0.0228300683661
0.0196721433219
0.0291017399435
0.0271116847426
10.2634752592
5.4825144918
0.027500872716
10.9342061832
12.7650896343
11.0408137628
0.0259718345454
17.9769101004
12.2979772413
18.3998971281
45.2200231653
36.0921734228
19.6134889078
0.0141507816946
0.0299133970084
0.0288233956723
0.0159937126414
12.3236667808
10.9666929787
21.3677901281
20.965890105
0.0308715200283
0.0440097504221
0.0595466712627
8.15729838903
7.56733575888
4.20775196788
0.0816115939133
0.0712531492527
0.0858309585948
0.0771439706523
0.0659439731331
7.25668630648
8.04935463201
12.1547854185
7.50125086368
6.90362557096
6.89659986211
13.6903167657
7.045273888
19.2826772075
0.00827186271914
20.9204037178
32.3849948494
22.7526776505
17.2177317828
26.0170474216
25.7337090972
5.57945602608
25.0440265144
4.67722024844
5.17676204591
0.00502708882935
0.00433120051168
5.05210037443
11.7662614348
0.0163090704369
48.709576897
15.3995549116
24.9253673958
0.013196275634
26.4094711588
10.6545552805
4.35775920621
7.12119403825
36.6567566604
0.0149398297311
32.1469399851
13.1372647145
27.0141207773
12.6399182121
14.0769683832
0.00894024156134
0.00722333595957
8.1939464541
0.0186325924442
25.8691652714
25.3739339013
35.2325602209
19.9104874451
6.14152269971
13.628822715
0.0323579241962
5.26744468939
5.94413912819
7.0537314172
28.5363812694
4.01606885828
4.14445230832
0.0486367224524
4.53569919018
11.0767759041
12.1177874633
6.69121676856
0.0596312576656
0.053444618997
0.0370484012696
0.0262568221457
0.034499560234
26.2604889855
33.8968880855
10.6441980807
0.0319899364005
0.0345202567717
11.3050562166
4.83837840855
0.0254383974431
8.68893844344
21.7683343983
0.0224600810188
4.72448855513
25.3511596174
0.0212639088666
0.012874550851
0.0113888498591
0.0109595928444
4.89424407334
16.8083107919
9.015431063
0.0147886165665
0.00942869187718
3.98866172775
13.4730798406
8.1451592279
4.53554918445
10.4782093867
0.0147981891858
17.0984828323
23.9079021706
18.8952325206
23.1891990032
42.634686438
42.1433033613
17.1210835456
50.3193091213
13.7788673783
17.3507382783
31.6439610719
0.0628851189294
35.68971314
33.0133479822
29.1850365357
15.3405293619
0.0258034405305
13.4588431821
15.2993891801
14.0331750138
0.0172641722813
13.4724432748
4.55872541944
4.38928924839
0.0313463210865
0.0251960627021
0.0135525548087
0.0059024134962
0.0045406079198
0.0039295674553
0.00805732091269
0.0055335491293
0.00479666295234
0.00750683016185
0.00535151186797
29.2272883378
35.8638821655
19.8434107597
22.93126348
10.3271490414
6.97215964035
4.64057665547
10.9407227992
0.00375014687065
5.15407847121
14.2465527722
0.00993962769871
35.8942550022
64.5319177327
47.6320238091
14.6894636657
0.032582755818
0.0397489517555
19.8882777886
0.0356642311449
0.0323964293706
10.7983034551
0.0135718640686
7.70092136164
12.9485709202
6.97899335177
47.2927981403
4.74313663129
19.8918717055
6.9036362932
0.00912203250486
0.00924742642536
29.4491065788
57.8951935336
5.43547960481
0.0152239132828
28.4216054345
4.30828276019
5.15127416918
0.0133647699817
0.0190860872556
0.0235893844575
0.023278955334
18.474536886
18.2361371963
5.95869023394
0.017827401895
23.1040105385
9.29069419452
37.732418798
22.3876695844
21.3308368594
0.0237973750313
5.54657994168
0.0309872652731
4.17261576575
12.1042025786
0.0106940451016
10.8456544576
48.0224881948
53.378181427
51.0247207028
48.8759143125
0.0227557703594
0.0555170158918
0.0563869344874
6.82998431377
26.4250795756
19.9593103193
0.0110611972311
11.3998264525
10.6321234652
0.0198596897943
5.53288698571
4.90998553418
16.0444263611
28.9735547863
14.7404119915
10.2258200489
4.03230061529
4.60844139672
0.00974829627162
0.0149095923223
6.70011645697
0.00712989935004
7.6525192439
0.00528067633567
0.00562442929454
0.00906689331902
7.92346491365
12.0196585542
0.000977898729743
5.82971759761
6.5530049134
4.42876561479
4.64810159958
5.30506239936
18.0491388641
17.6085057015
15.7669802452
11.0300407546
8.03044925595
0.013837785245
19.4677277934
5.29188394853
4.56675886993
0.0140490861559
6.27413910272
21.5012541535
29.1924607828
25.4363593653
23.5229404884
9.89248559619
0.037852370071
0.0151863953712
6.50581905846
0.0163007608235
0.024883594189
0.0204962383581
0.00934082838639
0.0115053564373
0.00882195874703
20.067669727
15.0308389611
14.2315469998
6.70322928604
0.0115834773889
0.0108934497567
0.00762098656827
0.0082485123906
0.00827127198575
5.3702264049
16.5372770461
49.5189998219
37.486989871
15.0319716477
18.9993164103
0.0251929835582
0.0299288025483
11.9162040095
0.0250237487565
0.0352121032312
17.6374774063
0.0286226621545
0.00994624223809
0.03010132874
26.2710221628
0.0267975327081
0.0225076153649
0.0192012262221
5.3330583669
0.0155862971829
0.0143278305107
0.0152991026781
0.023760238434
10.4402942563
11.046823168
0.0265847197564
12.5764025003
5.20159526919
10.9707751184
52.713822532
0.058602585016
7.96247369124
0.0614272442996
0.0579109265997
0.0191717918643
5.14948000684
4.74029364676
5.69915979453
13.8081137136
0.0488486562833
0.0299156127349
27.9561907926
0.0758947445591
0.0732630888183
4.8840923791
6.27102568053
14.3657215555
0.0204240985653
0.0135898231155
0.0172212052368
0.0268143986276
0.0239032246146
72.6646727657
0.0268385116787
4.88565918571
4.10838190118
14.7052614596
35.0025204025
28.5756736053
4.33515692773
14.0648477897
9.89970509049
0.0214737362084
7.73971038907
0.0308337220329
19.1328187542
19.0775266903
21.9980065114
19.3253650608
9.30855771053
9.98955847392
6.76338862853
12.6927261791
19.9324149796
6.30133666423
21.3695332227
11.5666136319
9.15759125731
14.885977616
7.81542999902
127.270556712
17.7498684414
28.6019303714
5.55347434135
0.0373358643749
0.0320783752586
15.7254298634
4.37025199237
19.6784242219
0.0375682077624
9.43962108928
32.8488168864
12.4408541338
36.3531235896
40.7807493117
22.3350724751
27.2138065939
0.0214009045501
11.7739417015
0.0308146558123
5.16125636724
7.42360474884
5.58598531162
4.64329578181
4.01201852341
13.8027368116
0.050943798005
0.0433949745843
14.7023427036
8.17825377007
8.66319701132
17.4448520185
5.05778445656
4.475958763
5.55333035419
19.4201426681
0.016012498225
0.00620034696138
0.00832925416727
0.000921255527342
0.000863910569233
0.000837736353872
0.000832185166049
0.00260219328844
0.00847188647367
0.0127714952443
0.0100330754796
0.0207088743583
9.58166790049
0.0237990658474
14.8056671805
0.0126943777278
4.13240655821
0.0188003163505
5.50966926016
14.0554054463
15.4348860848
7.59668179746
5.52432764141
0.0172031488294
5.35475936178
5.25156527249
0.00954873886135
4.1306337299
15.2403600033
7.4295162012
19.1946695208
12.3452544205
15.0188243503
18.5501970054
31.1592540202
0.00535693138042
45.732772963
0.00647602272321
0.00849927298182
0.00895538321138
6.96587519463
0.0131790679398
4.83344008447
0.0306544228064
4.60232992834
23.9162677965
10.720641489
0.0423198486852
3.99058776514
0.0416779716486
57.9099189797
9.0000082773
18.9594626118
38.2443060318
37.9674207334
27.4747724527
25.5491664664
16.2487571406
22.1239620454
18.7029991145
4.13254705691
10.8775021734
0.0106674852245
0.00987868317704
0.0
0.0
11.1812508975
13.9027671468
20.6174118071
15.4890462541
24.8596421429
0.00374854417035
0.00769716198911
0.0156570792926
0.0185709452596
4.40249566278
0.0107808196035
10.5782152707
0.0171342142173
0.0141689133007
16.3898439472
70.0227007109
46.0857249326
23.9053132324
0.00400960612196
55.2544670904
33.1004906269
10.613997794
4.18654080351
0.00127175189351
4.83603956724
10.2517283478
19.8203098631
35.4219600615
0.00181832597334
23.028440589
56.181917378
22.5259772274
0.0280901706669
6.25904054432
4.38814370459
20.9480916298
65.5660007489
23.1261234889
23.8295515552
17.2165982771
68.9009462704
60.434717307
47.9250679963
0.0325518724126
0.0532222119871
0.0297777705843
0.0227235158641
0.0180567364395
0.0193423620066
0.0128788460781
0.01746921152
0.0142884848176
0.00439014406158
0.00530649372645
12.6768366781
4.04400327072
0.00402716128715
14.5254750381
17.1365054683
18.9002485089
18.736888738
17.4213907017
0.00436267001457
0.0114545947781
0.0120241081678
19.5652739166
19.7367425067
0.00868940263182
29.4527980682
23.5231665212
18.0060979815
0.0164261526183
7.66698271821
8.23845282314
7.17643618769
19.4364755007
4.08592410932
0.00882712451246
0.00876962025051
5.07732169868
174.309930865
79.6785419476
45.2320794373
10.0424529067
4.26261670874
29.8495842265
0.00227883383237
0.01096600003
0.00887480782933
14.9168762628
0.00290823102975
11.8549197616
4.51104572384
12.8711291506
0.00928868021649
7.06064346242
7.18874294711
0.0122536965978
69.1751799816
21.5168383077
12.1655330286
10.3412186535
3.99966767782
29.3155664237
29.1824023931
26.057590009
13.5300793811
4.11868640508
5.61630020907
23.9780329527
36.2978199282
38.2896524357
27.1498323096
26.7076278843
23.2806507638
0.00944459288124
5.37425466948
15.7661506041
13.7305819878
0.00358259624994
0.00141801931503
34.9035264522
0.00422155852442
7.83476734014
12.0090483863
0.00980207203136
42.565734574
16.2894483032
13.7697200263
6.18339276856
4.70205817826
55.5030020353
10.798512673
10.3267581756
10.1736674514
24.7620513233
27.3768328703
0.0251985543457
7.81941093502
0.0255609458861
4.3688597296
0.0245842207897
0.0204922072025
0.0352821531827
0.0434896688551
14.0303405286
0.0903914501529
4.74700421721
18.3525993074
17.0553754601
6.0312311058
67.4731541456
35.4086210909
0.0359254881526
4.38432763674
5.5048779768
26.9318909263
33.4721641426
37.8379911614
15.2714830714
4.87118161198
4.6872742318
35.4475264928
0.0321845230564
6.68721406003
4.10946921224
23.4416454961
21.4180448824
22.4318985088
7.71448097756
49.4472636086
0.0205178562075
29.8570016119
18.679474016
47.8761982582
0.0118366435049
63.1233847307
0.0201792324308
4.71643192799
5.37967612446
25.9738448573
40.8634603396
0.0170668710403
21.4873741978
13.6462536957
0.0218121229558
16.8771645769
0.00865270023503
6.38570037486
6.36500220532
17.23961565
5.12684752848
5.7149114977
4.24632297595
7.02875550884
4.60957909674
0.0149226042102
30.3502719081
0.0166249169264
31.9395122297
21.3609910771
0.0143570985137
37.196209173
51.2127755028
58.9561846276
12.8474176413
43.607019908
29.6113924874
25.3894929021
26.83086285
7.68606900314
0.00811965320783
58.9952269786
5.49019073392
20.5446235289
0.00572300878846
9.56637918948
16.6291038926
0.0223770255646
0.0258853854985
20.1565743983
10.4255091175
24.2150215577
9.10487727528
12.4790201571
8.29751033303
37.8930332541
6.07014217503
0.0130766281448
14.6705404543
6.4625605768
7.05674552191
0.00879326339077
11.6181260537
29.435490924
0.00907558000968
5.06244065362
5.605131024
13.8351204466
12.4797515714
0.0102100620061
0.00154716114796
6.46133907725
0.0
24.8030775501
55.7764379277
0.00118272874963
68.4433783062
0.00196266248473
5.87338484093
10.599049614
8.11450385449
8.2614728264
7.97950167575
0.00160144860979
0.00938176377564
0.00596285442659
0.00822046564535
7.03827231075
7.17542831232
7.0817096553
193.827916865
152.567326847
113.323482159
0.0016660740721
34.8875676976
10.9046398058
0.0
10.4021595641
0.0
0.0
0.00132510151824
5.69178585183
70.8863836211
84.8681070024
69.2683108014
29.6673196885
0.0305346149064
36.4510911664
6.38100206879
7.39938696187
29.3632312701
19.4622908557
21.6688609764
25.1626262558
24.5187925848
15.1911301634
23.3464168156
40.9266546087
0.0333925410075
14.8421000186
4.06393965425
0.0185381171658
55.5154692951
39.8657196477
6.02150330697
13.495484734
20.5542701299
13.9874050654
19.2136552153
26.4906755645
35.3841699189
34.4572337054
27.701037418
7.75008591354
23.1432855904
23.4488257265
5.58268339599
45.1947756694
14.033442766
13.1154124628
13.3101980931
8.82560549585
25.29426858
15.2437824402
21.1680403121
20.205297758
22.3111202314
14.3602081806
25.0296199729
16.9690900591
14.0941871232
6.30995119917
5.86888853572
0.0119810136154
20.2747350277
0.00668740785395
12.1202802107
4.62162824886
0.00923178091292
0.00727872870893
18.6715165543
0.00442254756073
0.0032320019721
0.00699385682611
0.0143395140725
4.81163126418
13.702763041
4.17610176868
0.0246282183728
4.29133483026
0.0385856004132
0.0456982593776
0.0402474189762
11.603189802
12.6048801475
11.663329118
12.2117776719
8.42467151003
8.66019748647
13.0940336927
0.0339741903339
13.305543543
10.5296655972
50.3513229337
28.8721394954
10.6721933482
39.8132473074
20.5619945536
21.6841249077
10.9485950883
6.18296432868
4.88852856196
6.89054500041
45.7646800022
10.7695569342
9.7879067958
15.0554464207
8.39512826384
10.2753379853
5.70934598041
14.3474538005
13.0381525004
34.6702907549
22.2309822283
5.06478718201
10.9267053494
5.13813687967
0.0294391625378
64.9772468293
72.7023215126
0.0114999921488
52.6259691841
5.50325436901
5.04851278551
0.0151641650365
0.00683738891021
6.95496316458
5.98376814995
0.0423866179979
0.044264976651
4.18139784792
0.0375780994703
0.0328311164496
0.0073170783921
0.0109171261337
6.4367380644
0.0226832525827
0.0603247447465
0.0970488141505
7.18756732994
0.0458523570613
0.0275591394374
0.0247739606634
4.60648413514
14.6365505587
17.5419835994
18.4874521425
35.0488489611
25.2775473342
20.5068537344
18.6093423476
0.0131235568597
0.00889760524049
0.00923523499351
0.00749232306501
0.00127347852557
9.99150095865
14.5674216192
4.15980685865
5.90567150682
124.85623185
10.7961881387
0.0
4.6613054628
4.00735821759
19.025733448
4.71901253955
18.0791755714
21.2027225701
20.1324578082
19.3027922907
19.5394864231
21.1385397434
20.8221907259
6.15579621061
0.0249084866481
0.0332357476094
0.047939980868
0.0394054981728
0.046766953768
0.0444040369592
28.6164158735
30.4935516915
20.1784976573
0.0322250307455
0.0189512656905
6.58697106193
5.90524207738
15.9119084723
0.017403422242
5.16685234413
0.0183508103047
6.33708181004
0.0117727950328
10.9223544938
31.624132447
4.75875377755
15.8654055671
0.0341565254924
0.0150923003937
87.6147335645
0.0351154953876
17.9394083393
5.74621959913
15.4477679828
21.9698757586
13.4760412514
0.0370014373027
0.0740873922813
64.7212346298
34.5779170752
0.0221491579518
5.42285794694
15.1012050011
12.445207415
0.0201604417562
0.0168261882055
4.79525603364
11.1071880481
0.0253185535766
5.08633984398
0.0117455867364
7.53843407467
13.7037762572
25.7272863988
14.8893166492
15.7429057926
13.9430434878
5.80495691545
11.3048066877
4.58874547337
20.5331815191
0.00524793657666
36.3207872387
21.5991260315
4.9631593252
0.0195126821584
0.0171704047581
6.34468204219
0.0152176755368
6.51334507561
5.30855059415
14.587713328
6.70429762327
4.63012928377
0.0170715475998
10.1903842361
0.00898682344001
7.90079238819
14.175354835
13.8610275635
4.3924869133
8.30626939202
5.99882144348
4.33510983386
0.00559470708523
0.0100804482601
4.26293539767
25.4757593417
10.1487732548
12.9251419958
5.03606300673
28.0018652247
10.5369108998
16.7642524011
11.7890648166
5.79652212871
17.6028673637
11.1621185306
13.4640610317
13.8877952384
13.8786715405
13.8155045961
14.3367635007
5.66375924267
11.6350931159
6.6166811095
5.25699928649
11.2373480907
0.0036614297661
0.00359965112329
5.46824188749
0.00734929662611
0.00195336874334
0.0
6.80129913986
0.00114747421349
0.00153035396555
4.62134249403
8.93937755791
5.15367123503
4.83978182646
15.2238780989
4.02027620712
4.47967638307
5.02888966483
0.0141307043375
12.2394171319
17.9845434181
25.2752788091
16.3235916397
5.61652986893
4.33304770174
30.6932959703
45.9573201307
29.0074883187
6.53428875673
9.6923413747
10.8225047428
0.0141350470351
0.0331488576728
0.0272076724206
8.18824236449
14.7517197222
6.95232321213
13.0684180561
167.260974704
0.00458663911073
0.0195204028276
0.0179560370683
47.3193324181
0.00677576570393
50.103786444
45.5167994837
0.0209644415216
4.49290780876
0.0274070612791
154.715661564
4.93542020054
0.0593566893595
5.02614659951
152.069271996
14.5620550761
36.418289027
43.5228655981
47.1940303889
17.3857576746
6.49734851332
22.1934756031
26.9340841825
27.8728180157
4.14502331161
6.25495795494
0.00923602838367
10.76487733
4.0203492462
4.56322774931
0.0123779205922
0.0108969855633
0.0144924985246
20.4729284989
6.58489726226
11.6197260078
64.481734832
4.77413430557
8.16471520658
4.16492615834
3.9908121246
0.0202707201346
0.0172312802916
0.0287954617519
0.0241397030749
0.0210483234474
4.84819654872
0.029485964222
4.4949259107
0.0311545460096
0.0234877481427
0.0177795735935
0.0308115545745
9.56754235297
4.79089308562
6.06608992237
0.0712456619265
0.0762288865385
0.0267999552401
0.0309093921773
14.3229205644
0.0245040549205
0.0197048133404
0.00241738632451
27.8850829964
31.6185534014
45.4913595185
28.409447733
0.017149104201
0.0116433226569
27.5889997661
4.75507939236
0.0714532302996
0.00645035028748
4.93955601016
7.71927315472
16.669644808
4.78879891537
0.0176504572347
5.48192498642
54.9926225689
0.0164553670782
0.0232585397577
19.2244783533
0.00570908931343
0.00123186110776
69.4852904961
6.1653014915
12.9616341892
5.63783971387
0.0205237202536
0.0159159855678
0.018412529525
0.0200598215791
0.0209827994962
0.0180158335393
5.52678464214
0.0315676950275
0.0069340108228
0.00826700753399
0.0143191185399
0.0162920570918
0.0178911302428
9.68421076524
5.43907027014
6.33721309384
0.0592334988139
0.060488902719
10.240318733
15.9778321404
14.8608167457
0.0318241846933
0.0205606854545
0.016050976159
37.1182310269
35.5164729121
23.7542314862
16.5257658878
112.851960388
18.228493243
27.7490042341
5.78928152972
6.01763651606
37.9805117029
15.1576662105
30.9649879338
34.1075270763
6.82823912788
78.8931910187
4.89140585971
6.76359688695
7.92813668236
4.85451361699
40.8132660164
50.8253444029
0.0377383051486
40.5908249485
26.4068756331
33.8506609613
18.189728327
0.0120850326315
0.0110179024916
17.2974332871
7.75061977751
6.20551571925
81.8428988575
4.88157601148
9.63930906642
8.90957965648
9.47315915831
0.0200564647474
7.54144579407
4.85254324898
0.0161475040419
6.90155201332
5.85916881698
16.8492900769
0.0146824353513
0.0165452898273
0.0218028823311
5.66017780743
25.0929173657
37.3342910407
7.67172764814
13.9288011259
8.99658861978
8.59919732702
7.11037551533
14.0202206089
4.65652128282
0.0
19.0714474085
247.35348289
4.88350831133
5.69502042272
0.00815034050682
69.4473096056
27.9102273076
47.1198147185
48.9425293324
6.30515461627
6.3223911365
7.61556858205
18.6485190822
10.9138088528
24.0711121022
26.7257067054
20.4295980393
0.0250763754914
15.608464672
7.46812475625
5.33384143254
13.7573858827
44.719219177
14.9667589325
32.1232442162
0.0103071535742
9.15303939654
14.1876161849
14.3622663274
5.44349125084
11.705550294
5.28608669723
15.139115475
0.00886770262817
4.87531450595
24.1863269803
20.9495705976
17.3970596634
4.77580822243
0.0108479666665
4.48291886425
0.00721821058328
0.00375769779041
24.3867447908
5.36997300665
4.93389628144
0.0101301108466
187.072763402
0.00912746172327
28.2939636557
0.00484320456661
7.66072535365
0.00254805916997
8.64726626286
0.0208512536594
10.9913839201
4.96941787819
7.57191676482
7.76875624843
7.04814543741
4.97302176176
0.0119139517428
64.8120798564
29.5174231905
59.3228840363
37.1805025917
25.2645297121
34.2294753286
19.2415873424
0.038308264911
6.96867669276
36.3588298042
26.4886348945
30.4631935537
57.7453435328
38.9192482531
29.1715968603
29.8770129392
32.1402529641
24.7097121255
12.3372357322
35.8041851124
5.30229184569
7.50836324607
10.0129785345
4.44707356385
7.11125100829
5.54322828724
35.6011131945
29.0163260936
0.0083386734636
0.00647600337244
29.0960936894
14.9831089001
0.00366378360092
0.00204273091802
0.00574823001709
13.3572837397
29.0890798341
20.2025667113
17.1592158809
5.64534978539
13.9396355739
7.05464626414
4.81007748754
5.20944126957
6.42050241851
0.0132528246126
0.0128700781767
0.0151845226943
14.8379336996
0.0045355653475
0.00274452550689
13.9631799487
22.2051026283
32.4512392713
21.6697425863
16.7719305672
4.82647377844
15.6333725486
5.20937179502
63.0515502397
0.00194073196509
5.06184755903
0.00640596566588
4.46674365237
4.62783228564
7.17658051719
37.8713243083
0.0312250498635
20.1904631507
5.83585132629
18.3690117996
19.375678794
19.0942184507
18.7806689892
21.2049342795
23.6267210631
23.3876202038
23.1491577977
0.0157099465303
19.3705637775
59.4757122241
44.8936267082
42.6571602568
42.6179497056
0.016966066595
22.6683116611
0.013958034525
0.0135441189252
4.96095586638
17.768255309
9.55129550101
0.0104364918006
13.2253067844
4.97147630684
4.6926519248
4.53981389534
4.43970838486
16.2697553041
6.10837104775
4.56716670625
7.68207337834
16.0816702793
0.0273712247323
27.0383788298
20.6334161255
0.0253077866749
25.2547773905
0.0224713537888
0.0193085526212
0.0167371680394
0.0130082447448
0.0206833373644
82.6033952286
38.5358138231
22.8819309763
5.51417743406
6.42360616315
7.47548436211
13.5765370541
0.036787585758
0.0531945085119
41.9238702471
42.3542424501
0.0262973261321
49.3032176177
14.1606139354
4.49538584483
64.8861933228
32.4090743067
0.0197868170893
0.018422686874
0.00988131376106
0.0128525992835
0.0123141150323
0.0255505625737
0.0258819803837
24.5829980803
9.76805444038
10.7338380457
8.23548641543
28.7664674446
20.9107500805
20.596370836
15.7879041957
5.38619827511
5.01311475464
4.7575824855
14.9828384229
0.00535720559051
15.6577282032
36.1341387048
0.0152660524135
9.42225798855
4.78087633166
0.00847159848992
4.52163682187
4.47924417829
21.2434517927
19.3602897003
8.51690664717
14.9185944995
9.40392994372
0.0489926263795
0.0226102711726
0.0149240186014
0.0360373823287
0.028930548302
0.0107253792393
0.00588818600238
11.5883615227
13.5045008184
4.82765085744
0.00357965805927
12.8967668052
11.9188021368
0.00924363915948
6.24426924849
24.9174243537
4.88278494846
0.0
0.0
5.03532439982
5.77428710007
15.7521701103
24.1387651092
25.0771464595
24.1645652464
22.7448849015
4.56926782182
17.0046564748
11.2416890692
6.1240426612
59.5978433394
0.0774824888631
10.2932826916
5.11283441127
8.60996663783
10.2779809949
20.1736963935
0.0396687023852
0.0235965944894
6.08890229313
9.57501987448
13.7695253691
0.0292662872637
0.0219002997007
5.27302983905
29.211844618
0.0199367350718
7.05323589354
6.83107149283
0.0159812206478
277.446708859
314.127795013
4.72911747381
0.00544639006505
0.00865790941698
172.98866421
12.3102983322
14.5010567526
4.5987324528
5.61825794441
5.31065651232
0.0300887265575
0.0213714491259
0.020446348819
0.0186494196283
0.0261268245822
0.0224785015532
0.019770468783
0.0189482550446
0.0197289327035
0.0180664707775
0.00470302620556
0.0182518269373
0.0133471199903
0.0112055953078
0.0103359254902
0.0089241464171
0.00621309568726
0.00806323532556
0.0106729168169
0.0163443301699
0.0329299666373
0.0333691148484
0.0449306088607
0.0550464015769
0.0709017480056
12.6238789643
0.104113263147
0.131182478342
13.1299309156
0.0459502370619
0.0306663605519
0.033414971993
5.17388340431
0.0186317095958
6.51118401
11.630374615
24.3857691641
15.5966878109
9.38521120006
8.28489811793
11.9266400308
26.1759155034
21.7079473597
16.3710651582
6.01173253072
53.4795857328
4.80012605892
34.3428327027
14.0753395302
12.8651126334
8.64361584648
0.00443682965034
0.00412273199477
12.1269852587
0.0
0.000592910233707
18.0984654928
18.6516960169
5.19542706916
0.0158523085665
0.0146976329544
0.00960351610878
0.0143216685459
0.0109667050001
0.00273263514237
0.00380392136382
0.00508100466327
0.00860731630411
0.00358840358943
6.45163621955
5.32913832537
14.8075011522
14.5849089541
12.8055250491
0.0126886360182
5.12181584624
11.5414760095
0.000729524899313
0.0
0.0
0.0
0.0
16.8137297366
20.105808442
116.242290307
10.2896438009
21.3727654705
14.5460983769
0.0611192439567
0.0612699190193
13.8652872098
29.0055660863
0.0579089290395
0.0480930352498
5.82629872768
24.6069678769
0.0324270260346
30.6646423914
28.7691994702
26.4989409467
21.3087472687
0.000700893959628
30.4753439641
38.986231134
6.0738440931
6.48641979566
0.018083078167
15.7841159945
20.6134128077
14.9866052138
14.9225377372
8.92508636615
6.49003159351
5.60161129529
0.032027773705
0.0
0.00354511160804
0.0070817691725
5.32891478198
73.01547642
53.3015306845
0.0264007841513
7.77455894266
8.56914536828
8.16562231671
0.0654108070219
14.1271934985
4.87271878248
0.0430554626568
0.0411860607738
0.0298092086655
0.0245436278733
0.0535432651488
0.0577214987222
0.0663743154559
11.021804517
4.50452724115
0.0280777055345
0.019466971407
0.0269228509345
0.0305225854556
0.0372525375965
10.5783361237
0.0289633549142
19.0314923058
21.3066140412
0.0334514135602
4.79505867156
7.62926074725
25.5149696817
22.9860938148
22.460389235
10.403702671
18.6594371379
31.2766005135
19.7644850686
13.7581819301
12.3423310306
37.152788422
41.9783810887
41.7047847067
9.55580727292
6.70423685855
25.4757811678
40.2493954503
35.7540347723
13.6344982961
17.5620232756
6.58975631999
0.00113161731803
5.65989196554
0.00840018113426
0.00579792918935
4.48016814877
15.3629270261
0.0289115554702
0.00910591496045
0.0167009774706
13.8118358355
7.48002042474
5.34744529411
23.2165035766
10.1722812574
8.7006445311
0.0154835148863
0.0138325815224
0.00643520960363
8.94444882056
14.6553770671
9.60021031958
0.00655220181839
8.12113849798
8.21578372069
14.951524898
16.6334804483
0.0
0.00303786997069
15.5343094691
10.9678373007
15.2970528291
17.5063418736
15.9013971005
13.2555267855
7.84951319841
0.018606420992
0.0126214197522
0.0300069847673
0.0327346978897
19.1753568181
16.0385219924
17.9963332135
8.54040662662
0.0381282552685
4.68310493867
0.0370670035242
13.3882701014
13.7674017843
0.104158892816
5.07552570656
0.0259636237217
0.0159407913637
4.75483679705
0.0137732535479
0.00834729466599
0.0013225267573
0.0129909647687
0.00438791520604
0.00485453467504
0.00172484949309
0.000537919939386
5.02437543401
14.3263693358
15.4648626
15.3852340808
9.41236861764
8.08669249623
7.6427176643
8.07791945708
8.57413702693
8.14364198584
7.03037799685
0.0155289226188
0.0110606932884
0.00879315998027
0.0117264183141
0.0133958111578
0.012352243263
5.74519812267
5.00396823474
0.00156637639934
0.0032269100422
0.00267133226223
0.00209745884516
0.00362286072194
0.00292628272219
9.97659294253
16.7262182964
6.66404880879
8.4464514883
9.37152726503
14.600094411
9.34996052867
8.65136407579
0.0175838251161
0.0232395342985
0.0322891885705
0.0381034658301
0.0403895597078
7.33041293468
0.0515414347737
0.0431896694821
0.0258627338067
6.19966922568
7.50881539977
9.63218984999
16.9564228763
21.7091896019
5.73675021822
74.0060494653
15.1339780295
25.7120934929
12.4427472613
18.4905497328
19.5550626646
17.6974848922
59.8699674704
0.0134147600986
63.6980907563
29.6254434134
20.8108574979
27.3991447986
0.0
0.00307694185277
8.58106953269
120.098974185
17.3248888382
17.6846518681
7.29811785909
18.8608891537
14.8361765898
17.8289707608
13.5194634645
6.47733241569
11.1819276528
13.7315296008
11.5363827893
16.2091039877
6.63785510324
0.0543408338271
7.46446027376
8.95127914398
5.20041802824
4.80512388644
7.31300378685
9.54007240105
0.0101528073845
10.1404093004
0.0167351123305
5.97593878089
0.00610520277626
0.00361976292616
19.4000337861
20.9037558386
19.8218117309
9.81336308426
16.9457816908
11.2686723152
22.2204528214
18.76035494
0.0726912626037
21.5278168464
0.0757288709431
0.0712405039417
0.10237990975
5.44358521311
4.94551366486
4.94663580791
0.0749651066961
0.046431643561
4.45950446786
0.0451572700926
0.0326113625324
4.93694244978
7.93800610943
7.94621354816
0.00738001828818
0.00931284602418
0.0111799304447
0.0131439140138
0.0117439898317
0.0169025531534
18.0029632167
17.2551249751
27.554361494
0.0285563474415
28.4068673608
4.70015766964
13.4627577958
11.6234095038
4.75601927603
0.0463572648228
0.0371561229745
6.53393494493
4.51055845158
10.2340162387
6.53457369854
5.11126653641
0.024439691845
0.0183258500172
13.9883812628
0.0256059947064
0.0315576643281
0.0187925517844
4.75420262109
5.68684425121
55.1418757639
14.1976737381
28.848066686
29.7198341655
11.4570931182
18.6140496802
19.1284856735
22.029261292
5.51843969025
0.0314398352307
18.2083612087
5.38533349489
0.0736206240281
8.3162671128
15.1885340478
16.2632883652
16.1680159482
6.55932627204
8.49438162752
9.45022273513
9.42529957016
0.0347207004964
0.0436841749148
0.041391131996
0.0433818441048
0.0352674288292
8.02989214855
6.15767745393
7.27751188954
0.0273105121979
0.0243837018217
0.0256803448778
17.9998517692
0.0135108258088
5.93955154416
7.84879649871
0.000956679307111
0.000570448872498
0.0
0.0
0.0
0.00189788469258
0.0119280126794
7.29245875324
6.39233669802
0.0178746742501
0.018700609448
10.2162076724
0.0266363795192
6.61626409431
12.5392622477
6.45134568258
0.0316003231315
4.9913252702
15.3795933023
44.9068613933
0.0234266470195
0.0187894277684
0.0169859924002
16.7715552393
0.0132964829907
0.0180154246828
46.5212131891
0.0152407613679
0.0259259033555
7.75726949546
12.5020527634
0.0135820057942
0.0290930544552
0.0258122268235
0.050184839611
0.0260813348042
7.33421150902
0.0316911994753
0.0573380088397
0.0796498308736
14.7436047113
0.111802783865
0.138004075347
0.131566409853
7.38551335774
5.61751484207
0.0770445631304
7.23756559846
0.129228202779
7.34281466599
5.57026479902
0.0894298672522
29.9395763076
16.9115372324
96.9232054695
12.1730858556
5.36210725417
5.44922571074
4.43599124303
5.27525481947
9.66159465818
10.3475345776
14.4018298421
0.0
36.6875146343
49.4913572068
0.00204617121972
17.9533830217
16.0834395136
10.7906390701
65.8395995685
0.0150529338493
19.4782995528
23.7961352737
0.0191224492502
14.8012006624
11.5365579816
26.4195457843
9.03956107582
0.0260404662523
9.0347662844
0.0364402484234
38.8032841857
33.96963403
20.4363230094
5.51620616196
0.0279351886119
0.0182201445895
45.5956271909
11.1892442316
4.74724459046
25.1517954694
16.4841026828
0.042747864618
0.0619528481274
0.0553698605079
85.4519502674
58.4750742341
42.4701637884
31.6429639301
48.7809434093
45.6201024699
28.9882843568
8.33715266019
10.3728071604
24.3086083379
0.170083686351
49.1062686687
41.1653341723
29.272504824
43.974778424
38.8968778623
50.2367518182
12.3016845242
9.18336048202
72.786451336
5.55694679273
17.3938766087
24.1976053019
32.4313404596
19.4818481808
5.3907852446
23.64817349
8.44720600789
9.19794783865
9.50462292719
5.26138363452
49.3069814521
36.733239461
69.9293412118
95.9209931225
7.54390358281
7.62418183119
10.5474025768
0.0328355560759
55.3773513053
6.01091455714
0.0103015367363
25.754123656
13.5031854108
0.0235680135684
0.0313667510178
0.0172108955591
5.90280510093
14.5019200947
8.6836771596
11.7725088574
8.00503611477
6.3597336057
0.0421714828368
52.4317640431
86.9355023854
0.0522133041279
0.0484578876581
5.07007731992
0.0465440151849
0.0647936326937
5.90686582885
12.1355259716
11.8892997613
7.14894440165
0.0476081687544
0.0524377588119
17.5706817083
0.0760046851054
6.99409743662
0.0501744405248
0.0599219700654
0.0678096022212
0.116761343286
0.0557903796618
128.230363214
4.88578850943
9.48390162161
12.9219502329
0.00652648465578
19.2936759331
34.9455156712
32.5431298994
27.3127988799
0.0137631123101
0.0149339046252
0.0225232161537
4.53023826756
7.02649442165
4.99079198352
4.59826847819
0.0192422430944
11.4478517209
34.3833532132
32.0232581933
36.0583627206
0.0416345344546
6.41765264237
5.23500852945
10.9103422872
7.54091459602
18.1779932154
27.5417862632
20.0723567446
15.3296246544
19.0398198768
25.9428218221
10.4484629634
14.21180547
18.3111789523
18.183556395
24.5312353613
23.6367696622
14.0732631225
9.31221954045
15.3656891823
4.51975073894
4.53698299347
22.0178496396
48.8911670741
25.356810061
50.3745265052
0.0290597680345
0.0546681927291
0.0560486796958
16.017042062
17.9550657128
15.2406550152
4.60931735417
16.5970856404
21.3091031509
6.35855669617
60.094701294
53.0261140656
34.6999373669
46.2888015335
29.7066752099
38.8622270237
6.57454774963
6.24532849244
6.15785123933
10.1532243664
0.0146312347435
19.1224801042
37.1758697622
10.7313338165
8.21950419305
13.8046314767
13.8701987624
19.8132065893
14.9160219326
14.0876326816
10.3270924995
23.3545987671
10.7675932998
11.7015267118
14.2298692894
22.2238209956
14.4463800933
0.0273794658094
5.59707067293
23.1991151533
6.640595679
6.77971558895
0.00964220525549
0.0170258270788
6.41231198806
0.0090434210556
0.00637338162805
0.00504734003401
0.0175750026367
4.81615568444
4.95504582144
6.66400077055
0.016303852257
51.5140245143
4.93476246777
0.0132773218099
0.00768746939354
4.53369679843
17.0883014522
54.3145709917
43.6182142779
16.2952776542
0.0112425532464
14.4320996542
28.5784037664
49.1427683165
14.7536850286
0.0388214485821
0.0520926391158
8.17701620917
24.7682088817
58.7363566402
51.1152385885
54.4454940635
53.9363040559
25.3144173464
20.5865520971
8.74898376682
13.8275601298
4.73575814672
8.74786479627
14.1139847771
8.28695297474
12.5172855532
10.077712014
9.20565534127
5.16607296042
5.54604442536
13.7933269447
14.6100828842
9.8507029637
4.55553943643
4.82272239385
12.4000559434
0.022565550914
4.93184442228
0.0320228101181
5.54518628909
0.0228653421206
19.348252182
0.0152618227612
0.0242862562302
10.6545641115
36.0828899531
35.9550507837
0.0111573284972
0.0102135718063
0.0241075549389
6.31047072275
15.8624801766
5.84172194411
55.2686067458
0.00555660573979
24.0327304813
0.0203272141281
7.92155817605
32.2492227177
16.465555846
6.1026860249
0.0195169324835
68.108190662
78.0789672786
0.0518327837369
0.0588039473669
6.53163246827
0.0386639562704
4.70613770499
4.87478704113
17.9751208465
14.3210711667
6.91396355193
58.7807111234
4.63411020954
10.3697299941
29.0386381334
34.9753703269
31.0922752846
33.2445779625
36.2926106408
30.5122163932
9.60605551296
23.6401149212
12.5536547338
0.00763795679985
0.0121018063249
5.08696668853
0.0111746611364
9.05428298909
8.9562625676
0.0064436002133
0.00480574945353
5.78752489814
8.66248330512
8.21564247016
0.00521795216375
4.68877982896
0.0194784296685
16.9818681869
36.0640547627
0.0233092975662
0.0144328763095
0.0198284960728
12.6043485635
14.2167833302
25.0529094566
0.00556172165303
0.0059476079825
18.1223220079
24.3660824825
29.0719823822
7.67890145976
0.00164994047208
4.47377399456
0.007156391172
12.4423326616
0.0217112664246
39.2338058284
0.0108338973627
23.5456877486
11.2625588444
0.00168967608993
0.0135532621618
5.00590690387
119.434806297
6.19731686848
9.99161921661
28.6264613394
47.1559720532
13.0874684022
28.3598579866
28.7756780864
44.2644587474
33.5626555048
7.59662253695
0.0356443848551
0.0643075130272
0.0953663194882
4.52567820861
0.054438678756
0.0419246261118
0.0303343034365
0.0149835895885
4.95601206138
8.91617049995
16.6590997902
0.0169418558828
0.0169640952952
0.0114562070524
0.00567301308653
19.4866942403
18.6747333746
16.8178946206
11.1753902156
21.4866877009
5.20304275056
11.4652548887
0.0264383947486
0.0248900051734
0.0354342630397
0.0276201465352
0.0261946812938
0.0234155988197
0.0204896596198
0.0485698001118
0.0490814023841
0.0310213852082
0.021238737177
16.3013970058
4.61967625294
20.4609589273
22.3400174157
23.6865742345
23.8261622645
15.4179463959
7.96678944928
21.9816336644
0.0505938072734
9.09226400802
14.4386156762
9.66976070917
0.0392954385256
9.96265728801
9.77323757694
0.0585812329899
16.0364051469
4.86992003078
0.0354289829475
5.21708076495
15.5131544983
21.0233793034
5.63009407401
11.35346068
14.735781262
0.0120806735327
5.54171777442
9.23964065238
8.51971398643
0.00622311886034
0.00718435272543
