0.0
0.0
0.0
0.0
0.0
0.0
0.0
0.0
0.0
0.0
0.0
34.6652268373
68.2516442927
79.3337567263
65.4244386154
27.0898741881
33.4759637141
50.8168317679
61.9682765058
38.5908361014
18.3578872638
6.86374480011
40.8686893965
63.5607525987
62.9208435411
32.9165382576
0.0
47.8559731193
60.7725131483
55.8055050453
29.0076018613
0.0
19.7471647533
52.0820664741
69.4540998764
46.3548058426
27.5177467214
0.0
0.0
0.0
0.0
23.5781139661
27.3916728308
27.9429767218
26.2990734636
0.0
57.1604276047
76.8898393294
71.4892641495
44.3432215065
0.0
0.0
16.3720945282
28.627490089
0.0
0.0
0.0
0.0
0.0
18.6723142146
29.452097262
28.4313071567
7.68933086429
0.0
16.1072958131
28.7199100827
34.605396489
36.4765952341
6.37892505083
40.6991933543
73.1399284809
86.5741565614
72.534783514
31.3829240401
0.0
24.3111366917
35.8818655542
37.43236692
27.9024441861
0.0
17.7121848365
27.2802450812
38.4982355704
8.00296140883
67.7190409571
70.8326285324
43.1032110233
9.18800047064
35.2335228244
58.9042898058
71.8041624243
64.4334783747
31.6392075462
0.0
39.060482665
62.8105844495
70.7234466594
57.7344245356
33.1751540282
0.0
0.0
40.4558777885
32.6207671282
26.4324459877
24.4329129861
49.4542111009
0.0
35.9675880762
50.2483006308
36.3588623145
35.8601024031
16.2588702558
0.00672567605553
23.7989099913
24.0037066034
6.79978170607
25.208761352
6.71482045136
52.4743358794
51.3861886856
23.1512892775
7.80404434586
0.0
53.0433251197
59.1266058862
57.0501662841
33.9011323439
34.3764734028
15.7619786819
43.5683743388
30.3692755832
26.3885044371
53.244607171
0.0
39.0310410317
42.5555164639
28.2992400324
27.200453676
53.7559711185
27.1673842504
73.5690046548
42.0044821256
0.0
0.0
41.5608962782
69.8049422651
0.0
55.1071884422
22.7790781768
0.0
31.4609521099
28.4623125009
40.2238751661
20.1697012444
31.4291646899
8.83104932655
36.3770518603
14.2141003896
0.0
0.0
0.0
6.95694149271
0.0
98.0797364539
26.150759456
14.5867472995
40.0169210914
50.0758229171
45.3877598001
0.00192708946521
0.00463547139376
6.44555931042
0.00602541000917
0.0194102340862
7.38942230558
0.0417651011435
0.0417195484237
0.00860223761605
0.0310618276734
0.0269696066168
0.0322564903632
0.0318830067671
7.05524639809
0.0235946467274
0.0143535528108
0.0064703203283
0.0121820175403
10.471659287
0.0306500874282
0.0311367602258
29.1492905758
21.1463577534
6.86617685529
6.87391199285
8.66102786901
8.57456925233
0.0161024908348
15.4481613066
24.1273270673
33.8176218742
24.5241522774
20.0129206576
0.015649900267
6.71326624671
7.81273796303
9.29998649283
8.54985162374
7.66080592358
29.0552043422
7.42620827385
0.0292875787287
0.0381939175714
8.65168040158
48.3421663704
14.6598152369
15.3379533152
14.5835998614
8.65087232496
22.3485606374
0.0361995104488
16.1655869231
0.0449126856618
35.6070694883
36.803081657
16.4100791632
7.6330048404
13.7200430918
25.073777929
24.7635002215
21.0558897398
17.9142492007
9.51021213702
8.46064424127
0.0451980512684
41.5086934092
7.14048874167
7.09496386259
0.01299288261
13.3613638665
0.014191403612
50.3386318434
24.3297755825
26.5852748492
8.51367875779
29.7021448889
0.0462932343571
1302.98733652
6.92740039293
75.0527059264
8.77644032806
0.0646094004321
33.7261471185
0.0731723507494
0.0713714188886
23.2070608996
20.6969110241
8.55871313167
6.84319775532
22.8857072774
22.4603473082
21.5159796223
36.0445811027
24.9203174258
28.3017954563
9.97453897112
15.2391111739
23.4943227936
17.3209675662
53.9824033389
0.0538183680616
0.057728726861
6.66780774664
50.8636565783
0.0281109825083
9.64883114576
6.5960736544
7.57546603716
0.0273698909743
12.6716766409
35.5812102748
0.0387552890693
25.4565560731
28.1945682591
0.0669930997312
8.72419626991
44.8546025532
57.0637027429
15.1962514809
0.0182148013143
0.0251647932545
17.961404531
9.47116530961
86.0928280757
38.8923496517
41.3003790783
80.6580733151
84.3382571387
40.5736402823
19.5103872463
0.0664102850892
48.9454738798
50.8850234335
34.4908973248
51.3822592796
18.4493609711
9.43078105806
8.49877354728
0.147630863691
15.4002803298
6.59637983426
54.3787015797
49.69555647
0.00577781543438
0.0217143905484
0.0302954306075
7.89796803289
33.3653635318
0.032236855142
15.6291662946
22.879893176
11.9951040292
20.9900068747
0.0456211867012
35.1344756631
43.7714799523
27.9501397693
30.1748645385
7.11598389296
6.61630765315
7.5561616068
16.0721795219
33.4711214083
6.96710591465
7.3107847303
22.7905705249
0.0413378311451
10.4221846327
6.44375183958
29.7648483891
12.5879433122
34.3238806193
0.0900133901151
23.5622283915
16.4256534706
6.90912815935
0.108019296206
0.0992894374864
0.115908446102
16.7301665501
22.442803807
9.80128822223
9.30709205983
6.89314692717
0.129425892067
0.116292435331
0.0440371298264
0.0323148995086
0.124644603937
7.54390562031
8.15240957508
0.0404957731745
10.5763122892
6.91715195567
37.3155821907
8.5574495059
9.87561638587
8.99081913721
0.0255186354657
16.6270599731
26.0940347108
32.3295990539
20.9032039861
17.0801732225
0.0419599026789
0.0462392547132
7.57010866109
8.72161525611
7.99567112291
0.0835266256072
0.0876938825497
0.0872922507635
31.9964972574
7.45960364452
40.2915498758
44.7413774947
7.07914999882
21.1026869547
0.107875260445
15.0605794863
0.145591946833
78.921508546
212.604662185
0.0694049809511
0.0877697338401
46.9471788183
10.8484014227
8.53950184404
11.0317413196
0.0129330469911
6.72223646165
8.94656044687
14.6655837191
54.234832595
69.6310246808
7.17832482528
28.9068857014
43.4815122008
34.0236393602
0.0864879611556
13.0440392167
21.0343706404
54.7484749818
25.0727557561
25.5525517792
7.56408638092
24.9165905849
1190.99154167
0.0851157728548
0.0855884620621
0.0901409840623
8.05468481357
0.0911654941138
37.1053472221
0.118389116672
6.45789005668
8.08857928214
0.137627021904
8.19379027911
48.2497509496
0.107354343017
0.124510936218
89.491403745
7.0361448278
0.0942861843657
6.80428068571
0.0524642746517
51.2342941295
10.1267878975
11.147939015
13.7369038098
0.104091127626
56.2187542702
40.9022752412
20.9049534194
9.40586676382
10.5167653805
48.8505284199
0.014423940088
32.2602647386
31.3991121972
8.00964654182
106.954866198
20.2604964871
7.81448269692
7.35117216671
12.350622348
11.225889862
0.0179649840719
28.2579345489
31.3010764285
61.5185233442
55.4098011342
37.6329347123
19.8991797784
35.8809139895
28.7228036535
6.85182718403
25.9958597641
0.0323798606195
0.0475995296208
9.97253133102
0.0575282182798
16.6414617902
0.0515027858726
34.0233012259
0.0493535982546
0.076613579557
0.0936055971454
44.577953342
35.4402546961
0.0391557543665
7.16995435574
23.6596666303
36.0506825198
6.51024806378
10.4662086886
11.4226846912
87.8235493635
7.70797200172
8.45120826369
0.0308100734769
16.1873486826
14.4418030906
0.0286261594824
6.75668389671
0.0478798195345
7.01669967879
0.0428022490623
8.31570546245
45.8052812667
43.9757731847
6.98201369674
0.0201255923672
0.0168725238992
0.0207287464253
0.0197019877072
8.14528363802
18.4157017658
7.62477175147
103.955727748
61.1401391452
100.826091325
125.474677513
7.60238049322
6.33805221663
0.0534722528739
8.3104905572
41.5210816346
15.6153601894
18.6025444537
0.0706252211562
0.0694288300625
0.154467437178
28.9720290378
68.6562696886
0.0672686022738
0.0214789539047
0.0224382781771
7.69413652131
0.0298247250473
38.4970158902
8.61780157544
22.7796576853
0.0571384043465
0.0782719465662
14.3111491612
0.0375441809076
35.3474792511
0.0204343032668
62.6020536002
21.2259025517
17.4648738383
6.97578098505
22.1946985295
0.0225187256587
0.0221926445165
0.0317036414535
43.3442453786
23.7991574563
17.8009673168
14.1733506378
0.0511181869903
126.0413251
0.0529140923881
41.9991059935
66.7117589281
48.4948454639
48.2242778231
0.0240670552541
7.96016099576
0.0373253124467
29.8603939812
18.4311654847
28.266298842
25.6535972616
15.043883343
23.2504984698
66.8529492481
6.99988782615
0.0456190192462
9.6390096723
27.6078496187
11.8483345889
77.8253018017
31.6599965377
30.0505138357
7.15406751728
0.0278530954929
107.953795597
0.0580509685026
0.0557335582415
114.865347015
13.371683381
6.6119435543
12.1349555145
14.6288718219
32.3964725929
23.0361653287
9.85268476562
0.0546574346228
0.0550774248369
0.054833958318
0.0596928976808
9.5337168469
8.93156821297
8.57532880932
6.76369194142
17.5309496633
6.45476489017
0.085855991563
7.55526980623
42.9338195082
19.2076499248
36.2696383279
21.2885039812
15.8588375812
0.0312007513897
44.4154140863
34.0695010184
31.7810759677
15.4433546614
26.4304615359
20.6457186656
10.191496474
15.0932599005
16.3695898387
73.6635046276
80.8808525331
68.7343072312
44.5626974591
32.005125365
41.8620610666
33.111761897
62.778199932
49.8573355455
24.7034581193
22.0331592639
17.2283465097
11.0917361781
6.96703682562
0.00274770666014
6.40010993072
54.8160738876
39.8614174984
36.7344727289
27.4223314957
0.0207340495845
6.38130524999
6.52195559128
7.98635189852
17.8216827924
44.8779807655
49.759947972
0.0200528543749
53.515170836
8.75161418534
0.0616092851083
131.058881391
0.0436363237149
45.5889275576
45.8366164632
8.64740848195
8.06577377386
58.1508175676
59.1437688324
35.4637712302
66.6191331361
0.0211788936028
36.7640487882
0.0312624469765
39.6252950971
6.75605325571
22.0836691112
39.8073776377
0.0194438842698
0.0159782858523
37.4956054165
22.3729158286
169.07045268
120.872148508
0.0286019382859
10.0535007656
28.2475249721
0.0294411852869
23.2368893388
23.5085177588
24.6542257409
19.3441797147
0.0329900909443
34.593660874
10.0894875819
6.94828215266
136.730875074
147.17093825
9.73428030535
51.9813884976
31.8360405938
100.461425343
42.82295922
15.2100081172
7.83808334907
7.21040893174
0.0803666396158
30.3459752232
34.41514759
6.58161785901
14.2803308819
0.0577732735194
0.0489496229413
0.0470209906063
9.86447751554
0.0741348655966
26.9802215009
43.2017794113
0.039212571929
40.7618907214
38.2112383365
0.0227545455879
41.9289295823
49.1454381262
7.7476886169
54.5941968488
50.6721565189
599.089944069
25.5324059635
952.578333295
8.28736106113
15.4804012045
30.4839259844
37.9460983404
27.8530483936
7.69018878502
7.56951099926
6.59414534835
0.0109181486791
40.2345418497
51.807401067
43.7541484566
21.6833436755
17.2273980429
0.0424128903674
0.0167034264673
0.0213129547196
27.3055399921
20.9652699124
0.0229433403164
15.2071808755
8.70516540452
23.0051432852
0.012991705057
255.265327027
50.668937868
13.8537392054
18.5827633215
18.90252108
29.6153683838
0.00216015688035
29.0355373121
233.307619953
58.7162232501
0.0
7.45183688498
6.46922663744
0.0196873513189
8.90692578324
23.406006137
24.9895629681
24.7986623104
58.2980203592
30.3032641805
14.0944016588
0.0164526391523
0.015907749036
0.0169063174424
0.0217009899998
0.0328240398581
0.0380867947375
8.20381788676
6.81090496667
0.0378224305985
60.7671630956
7.66943767877
47.9592272427
46.6544533555
12.6268299286
11.2326641572
12.8230699603
0.0525048081714
9.314975529
70.6299535726
35.4679149178
24.2257818579
29.555207126
0.0311135394071
387.751223212
28.5537833993
20.9295361275
22.221996575
264.962319567
30.5267802148
73.3643881414
28.0141996922
69.7376772541
80.7343128703
54.9156109163
47.3667368907
44.8295553985
41.823173314
43.8204406245
37.8772671228
32.1942702645
35.0050291092
25.2293518454
41.6599508509
25.6025127773
6.63051444113
16.4247648045
7.28776804986
0.00155494478032
284.952790569
6.86813915698
8.39078345942
0.0139195599693
0.0189113713338
0.0303179652263
0.0312558518496
0.0740358298186
15.8046728362
0.089291862871
21.0316447933
19.0768987908
19.2681116951
28.9877744955
0.0384689749955
19.2522897305
0.0172153044867
23.001846405
23.6718117723
36.5085750669
59.7852467572
63.7556373195
32.3244455675
0.00213169020753
0.00215795639411
12.6913968716
101.160779156
0.0
16.0596899232
77.8721926623
10.9437252316
20.4034933103
26.0027621008
0.0
0.0
0.0
0.0
0.0
7.82640428126
9.08913662689
17.2904688253
0.0
0.0
14.8880677312
26.8700547797
6.62330731814
7.99952730715
0.0
0.0
0.0
25.0252698607
20.3869265446
19.1950709956
0.00356074130706
75.6006969571
71.3466083448
47.684178297
27.127067389
23.8451485809
0.0023795259995
0.00233397320197
34.895624851
23.6910751717
19.5774379944
18.7661764025
35.0490902638
30.6600639063
30.7375455617
22.01442642
15.2550940061
26.0480281472
30.0773744294
17.2212496144
0.0122430575659
6.5121922919
0.00817711697405
0.0187161960779
0.0153959247549
91.5279330695
20.9103513822
25.5450216724
7.00341951264
17.5128652318
0.019818398927
0.0243111190982
0.0440646605107
0.0339129001345
10.498900034
0.0331860862145
0.0126004582664
1267.57541514
1179.28351407
0.0100506516519
6.73772894247
0.0230765136147
0.0297841569889
0.0306360684422
36.8790694079
36.4568583033
6.72056062662
13.1799264429
18.559174047
0.0365554460308
0.038645130279
0.0522414903623
57.0429091676
32.2934011286
20.9302673226
28.3001611668
27.4615974515
26.9665096097
12.2228533571
7.89716920123
18.5506646968
0.0652876397865
0.0715584906971
0.101291880377
0.108502222932
0.0976203936059
0.0741339415799
0.018475194403
0.0168370064296
11.0443411259
7.77508384131
0.0239028095772
10.5589786848
7.15859888321
0.0628133937096
7.41788012328
0.0535384624973
0.0557538692202
0.0344335177559
0.0655238728474
0.0432086125307
0.0426714138228
0.060582461934
0.0483911582491
0.0427619247395
0.0731171919058
0.053333531644
0.0440071869817
0.0440051143095
31.9690880347
10.3118203663
15.5149341265
20.6884424906
14.9667619766
13.6414590441
15.990567326
25.351574074
0.0859859755648
0.0629295205336
0.0650187390248
23.8981664905
13.3401087812
14.7429380114
6.79814250471
0.055549121055
61.7811285359
55.9902092671
42.1776959055
27.4930255923
0.151143550579
0.152453411065
8.1484575205
6.62449024178
0.0290464671313
7.48122187715
0.0748508945247
9.93174459068
0.113872531251
8.54349547086
0.0882816940492
7.89063508119
38.8692036977
10.700585199
0.0584762379138
42.168708007
63.3926384804
113.137976043
29.1249679155
0.085856901414
13.7543059978
24.6612452533
14.8602406796
21.5515246012
19.391327848
24.5787013532
26.1682493407
15.6370343579
12.3067284081
19.0830985605
9.2434161579
15.5521073957
0.138207162376
8.0744228891
9.1893195708
8.28813051962
0.306032066313
7.64039235696
10.2491755736
56.3099456206
136.750647973
0.17407486845
0.126232385673
1169.72923226
0.100314865593
7.21304167683
0.180124770019
23.3011966813
0.180140845169
15.6978795195
30.2875616463
44.7296466869
0.216108494313
27.870951052
0.167083474852
28.1086970313
7.5229057487
9.55768609963
21.9273728535
34.5344785179
38.9393307409
0.122577193483
44.3791693086
44.7442048947
41.7165914353
56.6985461457
38.6864384024
8.354569967
0.147044774518
9.42488808277
22.2825782011
9.17994536591
23.2990053039
0.105834977926
0.0810395703297
0.0755929112532
0.0399931782888
0.0427209267905
1273.10402066
8.41634468408
6.7676160528
7.36372606041
13.2460816152
0.0496598964063
49.2145149496
6.97780292124
7.3267435016
28.362869475
17.1356053747
6.98246989967
37.6519900175
0.0210069368757
10.969863426
8.34867714709
10.7267288489
0.0290509434249
11.3006835834
17.8441448876
0.0024081943226
21.6343261781
0.0482875619357
0.0493734730615
0.0396343385805
57.2789001674
55.718340891
0.0297375350868
54.1850125136
74.8221619501
17.8885777921
0.0257470695408
6.92444710698
8.91728930454
14.2499347213
0.0522957661874
35.4795544405
9.04905308506
0.0737772813073
37.8445318729
65.5290196939
46.5029762202
25.2349152716
30.0052931189
15.2871158307
0.0347250958565
0.0412593154935
0.084628214249
7.1156731912
33.7155851008
0.137566883958
50.425659467
9.67390300052
21.6196292137
46.9416403592
7.50587534607
16.9503017487
9.81135826645
27.8271993152
17.9487600729
17.3148703461
19.2787654303
17.0077990056
6.732301289
6.41017500211
0.033928805355
17.9911459734
22.867977745
9.62810938839
29.7048616438
6.83387034482
17.3566493387
0.0214659106917
0.0247537119149
0.0241398011833
7.78498384921
6.62688860265
6.47179637305
0.0238523997001
0.064467694636
6.99506660619
6.83828640291
14.0482667112
11.9244168298
9.45464750024
0.0335714159339
0.0256550114247
0.0305563621942
12.9997186076
12.6815363501
0.102415906285
9.45476135632
0.0898175437205
0.0684618375689
0.0749522691776
8.64676468936
7.81642032554
10.4063410559
19.0276727067
8.96990434708
0.0948306964619
0.101253701661
0.0599667321875
25.3188211476
0.087168643619
0.0886029614923
17.2623613964
0.0479640104598
0.0533553399615
0.0508296665794
0.0143791911085
0.0137556617836
0.0161537045725
0.0196428039184
0.0298984686991
0.020954878757
0.040494639386
0.0342758116972
0.0343362967765
0.0309449450317
0.0220199718356
0.0558678327257
0.0447203762581
0.0362133070583
0.0332661849114
0.0262629958975
0.0163259182464
10.5954424822
10.6735313318
0.00166010743745
0.00349828387047
10.7208137867
0.00372744798248
39.9601414863
57.2177132886
0.00395517142323
46.705320481
0.0
0.0
49.5636567496
34.5606289691
10.9105513432
93.657260411
8.16063686073
0.0142388983532
18.5483424801
7.08609836314
41.7088856231
19.7209236065
22.8294762294
15.3273424303
0.0
33.2702174478
9.10046909513
31.3379746039
14.4182479619
73.0184964544
34.7663155825
0.0232528296235
25.7356392296
8.94947284003
0.00193280733418
0.0119610625711
7.81534892078
35.3746434941
31.8718760043
6.38387430497
6.58542616901
8.81727070167
242.288912928
0.052990270299
0.05130858718
0.0519541089511
0.0593725748544
20.4147292729
45.3746622973
18.6676968921
19.5121985531
0.0233433107297
6.89591411032
7.60777274844
7.0382506209
0.0408006163134
0.0383770619065
10.5957506277
0.00466810399009
0.016089049345
0.0097166909248
37.7614359532
7.85463001399
28.8017954359
9.87754018294
46.2828171706
17.7515190027
38.7326773279
0.0611017573031
27.2561295862
49.9888639912
30.3335153517
20.0683596571
30.6772816806
31.4291932939
0.0595700741298
0.0391263119136
0.031774184836
0.0574248002821
6.81403903132
22.7615961724
6.79652817972
0.0447670029031
0.0403974176193
197.568809801
52.9313773842
0.0516069764682
0.0503006797283
0.0517630837892
16.2208352425
17.7259427912
43.3732270057
35.4768671597
26.4462176713
915.122599545
40.8982724452
35.2999842141
33.3156755753
62.9674020733
27.866142627
24.7054172721
66.9427812267
0.0855866831882
6.61356631474
41.1231490744
7.17231383299
21.0701579044
21.766653589
0.0796500531338
25.3995180278
31.2814144042
7.02658240156
0.0740806933426
0.0681468437
7.34622978565
34.5239648663
19.1420178161
69.4497126188
0.0239516751121
15.4125579708
54.9121383687
0.0583351014257
19.2475053882
14.6332443506
12.3043565276
30.1869804705
0.220331222914
28.5710776266
58.2774892663
37.6871066836
72.7513585512
39.6384062376
32.5913152106
91.5478669458
0.168877826438
0.303317747406
78.3804083325
28.3607337659
0.257453800154
77.9767258674
1.2648286126
14.6294278969
297.965331106
30.7459381903
47.2593133793
74.8280692071
36.5988648589
59.8536034477
23.8902540774
17.4250287788
0.162149776551
0.343009300936
19.0468114517
23.8239337069
34.5805046356
18.1272270311
124.526281129
52.4336407003
61.3490192918
54.3848027154
63.7186387077
53.2513382447
57.5046055578
32.8667296883
99.9363508734
38.6121434632
14.4922256698
53.2150677261
108.954024066
30.229409455
0.778022006178
73.4962038687
4.4678615127
52.9774289874
0.354719101983
0.301721936223
0.366033765564
0.42832672445
0.545759763684
0.511936983164
0.649271417528
44.0696659811
76.3593087476
13.0056109699
3.12804602576
14.3455391595
55.4869387212
1.21970349066
17.176466048
22.0026688172
0.975859804288
99.379515279
67.7009105959
62.3079994979
51.3744839558
0.86603201401
54.5470296079
0.764255684375
54.9063801343
0.850247530718
75.4162742158
45.8529463613
32.1763895213
1.23028652113
0.915750994934
83.0221468971
48.3228071768
36.6785054563
0.640621725671
1.44139842034
0.828611764755
28.8436067189
249.426867495
256.828633451
264.925072534
28.4283246068
58.1656810649
12.765653861
64.3025736635
2.29671678023
13.5286045104
8.35365549261
1.12975266759
19.6691657122
66.2908851697
51.5305510809
39.0173574315
1.56088050208
1738.73091976
15.4880067809
1.91089372222
585.288538502
6.8763707425
3.64574416592
4.34602201708
238.468005489
7.01474536159
29.2289317065
0.849355663426
78.286210253
14.7523821805
50.203973706
85.155163597
61.9425655767
0.473841935111
0.963383797793
6.52977360729
36.0702864255
79.1137626647
40.1282588809
59.9132225463
6.36438589653
2.19163861476
1.82489307925
2.72364510354
3.90970546434
43.490169667
15.6485154096
2.03840015172
1.47188489064
42.07301162
68.2817766858
56.2664465888
1.76242276994
5.62775893012
0.832427391313
74.1282507959
56.6899563017
1.78851735066
39.8574616355
1254.33948497
57.5899090682
51.4237470015
74.0893160141
86.0069010208
60.4753000721
14.9486496349
16.1239295728
108.273732104
16.7170567837
27.6919330403
39.4893321444
31.9027211616
38.9243617754
77.780846204
20.2019247108
58.9168021319
40.4177941272
62.8319542918
19.3635044755
102.390600135
62.6760854082
1.07242993353
54.752409442
72.5397146541
13.7002122799
12.9455660296
13.1993001505
13.5061840781
54.7386028164
4.98178744172
66.6867685375
85.7754747246
35.5715029908
16.7319995984
1.38922968858
2.88839006311
1.8470725943
13.0576564715
59.7450731372
32.4004384681
2.13301603641
17.1355035596
33.3233444118
1.53029537182
87.0260657847
116.085742843
36.055926292
73.5879425849
30.8083062919
126.45829234
227.999024332
12.273604645
29.5181365715
1.07406145636
20.1282946706
5.45163282765
107.188999566
63.0761776061
55.8592208828
44.7859369284
62.6473697591
2.10974263562
77.9311398187
26.9739336351
45.5901638106
2.46816089465
90.4274791548
4.21008518128
21.1928047145
32.5388700531
25.5934016245
1.96072415123
106.399592854
15.6469192253
1.3228201384
2.01366075999
3.14144111558
2.91987789299
93.9768557111
46.5132098328
106.529310565
72.5692930771
68.7986966948
32.3489671298
41.7876404457
3.54397769141
20.6480208693
4.69126649213
7.0255045315
24.9312942768
4.95682521913
88.8331880331
2.65246287129
37.901627927
2.1678723507
8.28375389779
38.0321680739
1.982013087
0.566503159272
34.3345691129
49.0687855727
27.419954385
1.16025406799
23.7755179037
1.37190171285
33.1178122474
56.7667548641
40.7599672946
43.4641240965
52.5424512683
17.245826411
21.3479130374
30.776875163
79.7511384877
148.235224783
39.5154139482
32.8207707525
20.5716856937
34.2008474947
6.47358984192
37.9534396335
14.5739238933
124.102465118
70.1167691584
113.222905291
90.0018440692
77.8682708805
26.455583039
17.5737093651
78.8782232593
78.9770650858
14.5305373444
40.5323158459
49.7062149238
63.9641535957
43.3322865152
51.9481817766
94.5054360137
2.05813874985
33.176370742
1.68158491058
19.7572226217
46.7766648021
56.7758104691
3.27095182245
24.3134850442
14.37731581
62.6488406149
4.0057283567
18.2579326404
5.50469469209
19.6947373726
10.8466859333
65.5410447397
6.71282570349
16.9114712729
32.6462150338
58.5685263106
57.3946531769
42.3816871391
14.8474341344
37.2654893818
43.8497704452
3.42262956547
3.63777068268
2.3864426607
48.6224686341
57.8884501733
37.2182704551
34.8619347767
1075.48722846
1273.48436674
27.1559225506
48.5404793034
136.086286085
133.027882234
69.9487494999
81.0099979053
26.1783116511
59.4818864215
47.3022517238
18.4435860942
72.81416408
13.9814623631
1.87539828481
31.0863828511
62.6361878918
15.1394421397
36.199662036
16.968303208
11.8099933411
49.4346657822
2.7547240537
71.0974713287
6.33597409873
16.2232710188
6.76518663204
4.53465205342
159.320104602
59.9908507318
48.7039902585
36.6075707846
32.3822043586
35.1543012671
2.10778099935
1.65691228543
43.7273185711
110.771811406
118.774831414
102.545329294
103.445362166
50.7280316378
15.5355235609
4.48832094148
75.9339616988
90.5699579668
110.285219825
97.9663141225
41.9307016521
55.7555169336
59.9696964079
19.4603511385
3.6370380705
143.656749634
39.0053685876
1.59202101463
58.284236847
12.4909816384
68.2194935923
38.845399437
5.8874626141
23.5363710983
5.04942328824
22.8143987135
45.4863476338
22.9475811043
36.7524357851
27.1921552021
41.5336282103
77.7429366179
18.6618052302
27.2543901813
40.160644175
39.5303486443
48.5852984008
2.68244010798
40.3495566848
66.8196049315
28.3074607162
93.039595856
41.5017452161
3.09304143987
61.7142558711
42.1674864232
4.40589017694
47.615962004
27.3783983963
24.3943463105
60.1484588578
14.9283375876
101.193701523
61.673092879
4.10295329723
36.5933921774
23.7578869055
20.4592583641
36.2261153954
44.2992231932
22.8688435602
14.8888281218
57.1760624186
58.5484402557
28.5564877461
47.692411683
31.2526841633
62.1480837147
3.55756370392
72.9154820651
39.5305742939
6.44954314093
14.2256666399
19.3188546175
411.030772593
319.470852182
85.7283799854
38.3426798409
25.8914652402
19.6055082647
18.4752857378
45.0403215009
17.5367551749
38.4942302852
51.8330417346
17.913824284
5.77369883866
34.759876441
40.0911811173
86.3497113627
73.2797036493
28.8798637557
39.3790834032
20.3102842646
31.6104504135
15.9693242267
16.677880558
27.768280941
4.79892078114
106.049268282
57.9995711728
35.4116348342
26.3047548038
15.8178235473
44.6463142858
16.0114922918
50.8334714968
30.6154738844
48.3733121854
54.6209845175
16.266916167
71.4056838042
111.943634793
32.9757087606
42.0460254612
89.6430322548
16.0259823804
7.45258558428
14.3239596551
10.1206682441
9.58783480855
5.57496701612
59.8803702561
49.0232447819
49.5853194404
6.06092596841
13.9165217525
3.69328571452
4.07274869689
53.2270574309
39.8118418241
30.1498356184
38.4063906749
1031.08807789
1116.01399927
15.0633076052
22.375536541
29.7526512573
66.7716358457
37.4973431863
28.1646082986
38.5672954703
14.072802098
85.831083905
4.26334813998
23.2799511419
27.7926568915
11.2268699786
42.322445521
31.5876490275
28.778934349
41.8451733267
9.18690974623
22.1870875515
53.6859166243
32.2323264587
7.11811030831
12.2161414127
5.16244434936
9.14945374708
15.5657108193
54.4347188814
51.3159286789
40.6215031519
56.5741799947
33.0625402966
47.6214388499
11.9311544443
21.2387714458
13.5654747177
8.93642481656
17.402063119
43.9056041874
78.5324415965
20.8087802431
61.7538901369
6.30359051563
25.2834776327
18.1853812801
84.7549069328
44.5921758483
35.2941128915
28.070321172
26.0793679723
11.2219454002
14.2074159373
21.628152297
5.69056668966
21.0319177378
42.5119900876
24.0487140713
57.2673409968
5.83456045407
50.9828375753
32.9625206775
4.05682571581
127.340566508
13.7771150472
47.7334770186
45.9642302486
7.38494811501
60.0575157889
111.055917176
24.2876609345
32.0655294644
5.17266120335
35.6243462129
15.1623689579
30.6869728184
7.47153095794
11.4273736863
15.5725138074
9.24015873616
24.681685197
28.4447561342
53.2273752463
30.5986595332
27.8708318389
19.483717562
34.3143133231
17.4372302229
7.15393093181
7.91840381461
6.34587266468
5.97374525973
5.44166277197
16.4778217144
8.00008212632
57.5154920555
5.98521265734
10.9985391639
11.7206690165
4.49812206194
4.62911565634
4.75126729715
5.84594005983
28.5530753076
5.65214194192
13.3651435603
162.871616657
22.4066410825
110.772821428
201.101265645
107.666955228
71.6548300684
55.3195559644
49.7549570729
27.5249236711
71.3329240765
24.4777328868
15.8791136901
3.42312208491
22.492446788
7.32744986004
109.40739062
37.0291623769
32.6818835407
35.7734199068
67.7091021409
9.41410148225
183.681972112
92.5422036689
47.006260476
43.557512554
57.0363788774
47.9048930343
10.8286392339
9.879263974
89.3623442363
115.716586922
5.02712787559
4.01741904654
20.3964488456
50.6442183572
11.3630469582
22.2321510729
2.85366225267
31.1894394757
16.2799685167
30.4617779123
27.0473052427
74.485825823
156.809955984
159.853529177
1304.67171112
130.832768795
1229.53369522
32.8475165615
16.6964002605
105.302119817
56.9467592332
55.5762150657
21.0737961711
88.894793948
11.3387259615
39.1029695651
5.67662469581
4.96208557159
3.70043810539
15.7396696743
65.6726013376
37.7162675594
68.2767524408
46.0247058528
41.3398862273
13.7527119572
98.7809152558
23.4010586922
15.2062093323
69.7970537447
15.8770594148
15.2451772413
49.390665717
46.4109635778
30.8942860379
16.4676330177
38.4934546187
47.4101003566
49.4489737235
39.5596403762
84.7864779649
18.0636325955
18.4360919254
51.7710103974
8.93717378225
35.1713287839
18.0117429246
105.65355798
7.43248927196
91.2285046656
12.3485670374
56.125832418
19.043998149
16.1602054852
12.0172815652
97.4759398619
50.0184403482
53.0112761657
32.8830824279
27.2262289295
113.480309815
15.2408799015
62.0641912242
33.0570447627
53.6719358722
29.556779244
187.789902538
346.650305977
17.0888104098
45.6819003971
55.2758599161
23.5109240544
7.30884433521
35.7201376645
48.4366268771
34.3919823276
36.4367727433
9.45744018327
17.9788124343
24.2055346174
25.8490438818
25.8204473327
24.7232334662
1.57990454308
16.4072784489
5.63785800823
47.2660578861
17.7132350646
39.8061072142
42.0735327734
35.5831773901
22.2996725969
43.1958338313
40.8583438869
8.33500693734
83.8601514065
103.069701538
31.0059881155
28.3960661631
34.5145803078
17.2095671915
26.53310374
34.7810262447
62.3994157251
26.1326628527
73.9868040492
17.4859823733
17.6219001985
53.2927046644
124.244349966
17.7655328724
39.5870077007
34.1160547687
79.4934569825
60.4464694876
21.9678722741
32.1650348552
51.4184625381
11.1678169126
167.324358423
72.9140088289
22.1115762355
43.0289734467
12.2179123602
30.9845286485
42.7725216292
13.1969877352
28.549793822
11.4563264156
12.1109565171
18.006958261
10.4321184459
19.6767086308
16.9767080988
37.3274901503
10.548758136
23.202296023
124.989572309
20.3722845725
37.3941652408
30.4397116972
6.23803401996
188.232680951
17.9331683118
20.6966057777
51.008140845
6.55690067549
5.40645034534
34.9681041721
43.1350695295
15.0787898306
103.052778388
58.5316347936
9.0287731138
25.2717263008
111.498682036
60.4422487132
22.801897338
40.2115010587
13.2130999057
15.4773217714
27.9695701725
48.2322038406
46.15593676
21.7848996195
46.9149180558
24.4981286275
13.8967671876
25.3975055365
6.74504613674
161.11605355
12.2697831384
11.9760012557
84.2634755758
178.085866581
55.9703207127
28.5120660094
44.8807408833
37.6380987498
34.9798339057
32.418793891
13.5465769242
60.7128440723
27.8251344538
37.9773355551
39.6540269386
17.8973092219
11.4459930479
88.3763189862
10.2202097206
71.6585706358
32.1713596515
31.072992018
98.9884053556
65.3892619715
11.2237811971
33.8463382308
52.2902138007
33.1202972855
20.2031357778
33.8853504993
18.3471523667
34.4906511198
23.9961988912
15.8251525462
11.2334496111
5.49285252735
50.4902015276
81.5024902563
84.6908181805
28.3648347423
49.3496415909
63.9978293643
54.8918102929
28.6870231879
26.6043030594
38.9767773182
70.2699005534
52.215638579
64.8722844169
12.2216208765
61.5321176101
51.8258522943
19.5148199335
10.7819924868
22.8510311269
50.4257263998
62.2047959949
42.9345098063
71.3049708827
70.007419143
47.1418860885
25.0098373459
12.5476131266
14.4077592774
62.738178816
52.2077898453
33.0660265732
85.7730221701
71.532175586
1.85856024455
1.42207722904
0.0
6.82526549888
0.0
0.0
0.0
0.0
6.72345260749
55.8458854254
57.7617545115
15.5026975483
23.1060819281
56.7352626905
37.3804522887
18.4123943506
18.6095063583
20.8283284394
108.956164111
8.73183323105
43.5579381501
46.6317888731
39.6247591711
36.0238913898
19.2333814922
18.2317560225
27.948519175
72.618542985
29.7086241257
19.0409151883
5.06833916339
23.266287491
47.6036787967
7.78601296646
14.5704611457
4.70083184236
44.9878410283
8.14417340877
63.3495065964
21.4969862118
36.8866560769
126.041429437
49.616795621
13.7767691692
32.4486175449
4.63989250286
2.55500323995
17.8105017326
22.3355495688
39.5212619548
17.6267405742
12.4023875147
11.906889323
13.1716326887
9.44161299481
42.5867942841
11.5261611517
3.01503543881
12.3107469837
4.74713869946
44.1374091863
4.75459989858
30.1087122693
12.8314405585
6.3790300608
27.7265438041
15.6788002653
18.3777328293
36.7485153019
10.4939367085
10.7728667938
18.6241052435
47.2958104954
45.5838312464
7.03445545009
20.6189497885
6.38590791533
2.98249148662
20.4367739006
53.6004537679
31.1484456284
14.5800915511
151.813338782
128.456666502
222.077000232
25.3726052582
43.4427798266
19.499318779
87.8165974408
18.488963677
11.0234489189
9.30567160583
102.598854031
16.0742967011
49.3265473695
25.9440903822
59.6012964967
33.8865603831
23.2739315081
24.7705544279
45.8173139706
37.9298289108
67.8108666928
41.9339267959
22.8036991255
43.3932471593
36.9015078828
51.1761106616
37.5512497133
28.0767185
48.0354126644
36.677991169
42.3807555683
62.151189086
13.6116400955
13.809370381
16.6290582879
39.33795127
20.46431896
37.9688829053
15.0811066242
13.4124330529
102.160052339
10.6097423001
126.439586476
59.2515980583
52.100012542
276.254558389
18.677974982
23.7736407337
10.1329848674
14.5501357702
45.7219905913
12.9340447719
60.066695767
15.4379529722
19.8062388391
10.2406589881
26.5615879082
5.15635988763
59.8195027946
23.4173261739
33.7515475757
26.4914866564
37.8517775579
25.5718466425
155.196837326
33.0065774396
47.2681817456
16.0435148435
9.94344790333
59.9977773585
12.8220149941
13.0911973149
118.225443235
70.9555559094
41.7251660129
77.6223538024
57.3314617255
61.8540469426
102.990662984
50.2331364318
54.4837074576
51.2773458385
94.1638008969
38.2833505546
153.752398995
47.956406523
60.5912753403
59.4328300958
26.3310489543
17.2608756869
68.7853866196
516.52219648
20.2929417192
31.8502039915
34.3186321066
42.5246980655
21.9037082367
12.1962282918
36.2268231566
32.763228592
31.606156267
15.0177901094
15.3178462249
13.4216399092
72.2731337886
29.23312127
171.174447119
24.954622679
21.2726030077
206.302665776
47.8717572375
124.493593795
223.60405676
16.9641317486
36.6517692849
33.9474133518
71.4524105595
35.0382119237
16.5102021004
52.3964635059
43.2802885347
22.8917457212
13.1493941091
12.0144026043
29.2995468833
53.7575563537
11.3632863086
76.3267531382
0.0
0.0
0.0
7.72267294753
15.8426128205
18.0745548084
16.6847745456
78.3391924158
42.212612383
124.531382846
24.1201812022
45.6942398483
49.5419822108
43.6703802422
15.5226396148
5.70090829745
23.5400044891
342.108170339
5.37888569698
18.2689749357
29.1511729007
48.4763780501
52.6558036763
203.109256485
30.4008909143
397.437096206
67.6686479246
61.7679268021
61.8997449384
59.3439749139
40.4147099127
48.2240684547
54.0190966473
56.7402873939
73.6690205081
68.4086084624
44.0874659627
46.2613871705
106.743216312
60.3692979954
74.5541662517
13.9863289927
23.5268104525
8.93255466359
43.6966694211
43.642831804
17.3019527829
9.74996575886
18.317088179
24.8078592498
13.1111543137
18.6914850761
12.8995597027
99.1520884786
11.0644287524
20.7097108703
109.720544578
41.8906437577
43.7391991837
46.6130087777
34.6988389497
28.6300254974
76.6970794757
59.0990733632
22.160992347
26.675932513
45.9392401554
45.5662726044
34.7327521584
28.9085202663
21.2592523472
14.8451389952
29.3036460791
40.8972337749
52.166851503
39.6485196117
46.3512279069
50.1753035752
27.767932844
34.6789001179
53.6883079381
23.194132024
12.9770458006
8.92763205814
25.5129378521
40.5934162493
17.9453168523
59.3948659803
205.009555803
31.9012276067
29.3095855091
25.0927991894
34.4945121061
47.7158857698
20.7546203078
29.183459906
42.0312696702
25.3121256101
65.2249513475
70.0931596406
33.0138578446
39.9592212218
47.5721816257
22.8923545079
12.9233896442
11.9057885762
12.2555117989
18.7125063078
22.4150264795
32.3618557175
17.5860790761
11.4379897345
21.4184584465
25.0561741017
17.0159495169
14.7422614974
23.6844905596
16.7970410936
29.0906264513
25.6228155754
16.2973729892
18.9433668391
53.706477601
31.6013316667
21.161505407
49.187772662
21.7216300594
29.8720746355
50.183027262
33.1549123784
31.4118631423
32.6865129353
25.3465494092
13.8960303687
21.6422976782
26.2424005364
12.9070344306
19.9424045312
19.9532847106
34.3826782056
57.6923388493
27.0715538351
163.509343012
47.3656055821
88.9026355092
227.550648102
47.0432690058
33.8623793003
17.1176965129
162.458067837
18.5698751575
48.4724716897
30.468545394
28.3941479458
29.9090377319
160.426383497
22.0296610275
32.7272520541
12.631128816
29.1844329977
76.6766202316
64.0528583069
202.189754789
84.3303292531
70.6848340614
35.9194309786
59.3999584379
64.2717270807
33.7775787817
38.2928309231
20.6081694115
18.0849966389
18.285882451
24.5397918687
29.7697529278
31.5629085312
40.1064695085
47.8688835856
48.9851956377
50.5391190664
36.9284579981
74.2163278165
66.1747731427
62.0201569915
49.0775207338
31.0014457757
41.9155071552
68.0997163553
25.9373327917
56.4146785828
40.7539532468
34.5899957844
34.2293679693
38.6014938069
47.9178696004
22.291894788
33.2854803822
24.9912853671
39.152968002
25.8082663435
0.0
0.0
0.0
0.0
0.0
0.0
0.0
0.0
0.0
0.0
0.0
0.0
0.0
0.0
0.0
0.0
0.0
0.0
0.0
0.0
0.0
0.0
0.0
0.0
0.0
0.0
0.0
0.0
0.0
0.0
0.0
0.0
0.0
0.0
0.0
0.0
0.0
0.0
0.0
0.0
0.0
0.0
0.0
0.0
0.0
0.0
0.0
0.0
0.0
0.0
0.0
0.0430470289557
11.8666573456
0.0225881721359
10.5060337435
0.0336996125889
8.71025216618
27.970227121
11.503846676
9.1248359646
0.0415358334186
0.00767417946261
27.1461723549
15.0833819973
9.02497143264
0.0380010115806
41.1677546194
0.0680352283682
0.0622204390134
10.6290790022
0.0351713067928
81.8465878357
0.0381351990979
10.3554221627
49.3867539781
59.2791886437
14.0561249122
42.0949281886
41.1763574331
8.85156976856
41.3981565665
14.7627839206
8.85426617216
8.56730591341
0.00984878869359
0.0100696672731
0.0098191355191
36.4686835228
57.8710497288
53.6908283233
0.0496001876813
0.0208510023869
9.63926053112
10.1212308376
0.0263737054024
18.6232473928
29.9713156115
26.4680737558
17.7027304424
26.7281722216
11.1371663791
0.104724785224
79.469393112
45.837721911
28.5867949767
31.1639283029
41.4801172926
0.0303203925717
14.3891600751
0.0646064358799
8.71204480746
8.66261126467
37.5500511957
21.7539913176
8.43717254496
32.9633304372
52.956531583
41.1602130868
9.7790121869
10.2554970879
22.9121648036
20.8597419024
21.6856164269
56.3911045838
11.9659807746
17.7200264697
10.1099979873
0.100913016508
9.91004940126
23.6308736445
43.2153079631
35.317183132
9.50632398954
27.3904223109
12.7826385877
0.0921030779952
11.5806788139
59.7032906975
14.3968844806
12.9881591543
0.240322243502
0.23962677693
0.245443682115
9.02277993006
0.187734007821
0.198091784303
0.145671305227
15.9997628626
0.260969640489
8.54616047664
0.267485441118
17.8670191421
9.64094352847
13.4081316597
11.593336297
9.37901051525
0.28782770963
0.291324078442
9.40527644944
10.5568978024
13.3979592785
45.5361670556
64.7350756661
20.807156949
9.37318409053
27.0496588839
0.261985746357
14.7270433346
0.218786003793
0.277689341456
0.271295618657
0.263901605438
0.301881449053
0.271256714653
0.267234847449
0.238737142188
31.0563907055
0.247224261624
12.8433752593
10.0950328003
14.1750316803
0.0820313200083
0.0512559892918
0.0400696174158
0.0170834346679
0.014858747889
0.0106383730246
0.0106153598913
0.00625171219264
0.0
0.0
14.807267053
0.0
0.0
0.0
0.0
0.0
0.0
0.0
0.0
0.0
115.40460495
8.82510819087
38.8540232969
9.33062071369
0.00394256675705
0.0117213761955
37.6252199752
0.0177847139824
54.6796690301
10.1040185296
28.0447810704
24.658569032
10.9947892497
21.7148676164
0.0255094242131
21.836810972
8.78936128701
0.0507407860563
0.0813251664066
39.6524688455
36.9901353298
0.0281727208836
0.0159590822183
11.2241390546
9.99908390341
11.3355059749
50.8836199946
0.0283646417842
0.0443606383802
0.0379127635437
243.8354366
0.030323821766
9.55459113394
0.0398869706836
0.0271263642331
0.0689652943587
37.6123886201
46.5874954447
8.6397601911
0.0224207033756
0.0167776647248
0.0167843162757
8.44038969055
261.709843298
26.4842142281
0.0367357761494
10.5669829235
0.0443032284065
102.022791352
21.9554367722
50.398455404
12.1152408927
25.7959503107
63.5615205142
21.6257826678
43.6787829775
0.0619648325589
0.0889895867676
71.567716222
10.8778888315
12.4617159306
42.8078835417
40.4294606332
0.0180431427218
8.33028819292
8.53489055855
0.0468192039625
0.0506848281101
0.0492963613654
9.12304569417
0.0503853526438
0.0394170757123
9.6525051687
47.5342330189
47.9953477275
10.8333557363
0.0518492224845
0.0554076308471
50.1823177083
36.0814525086
29.9432411913
43.9552436028
8.56288761975
1126.59594559
0.0422212333718
17.7405128887
43.3055502657
15.6234127383
27.604881476
12.63829525
0.0473466304803
0.0523409787554
17.4247527065
39.9576312896
73.6092138282
26.1061274672
0.0876807558755
0.0766181677556
44.4705622166
22.4499022135
9.53237108368
94.7947608932
0.102445404872
45.5821837687
23.6484917449
56.3097342189
8.42941025791
0.101369122767
24.6557579574
8.59610294806
11.5476649039
45.2217635876
24.8870576349
38.5229042681
0.061293850647
39.9397911428
62.735830596
0.01939654505
0.0607143867195
9.05604925123
10.6576283833
0.0645598515821
55.5887000894
0.0307893173002
13.4111731244
0.0387991469489
96.7004059891
33.0265341003
61.8731281598
0.0473460007977
14.3733535477
16.2120027322
25.1756282414
39.8578285582
23.9064300687
66.5981267431
48.0725327921
26.1180442115
34.1250510784
10.6767843688
41.4262899745
47.4182840057
0.147772702346
66.64822362
8.33725421195
10.3492567292
0.131498825273
0.120403252775
41.8296213332
56.2259597332
11.0738111484
0.0799124203948
10.6148145227
0.0675622066657
12.5130639839
22.6219361717
0.0666785140902
8.40896597069
44.6212131605
0.0622495587417
0.070797682924
0.15218031701
0.144308872819
0.145880783404
31.1512848794
50.9943524186
8.7752970646
0.0444687259026
0.0489492629067
714.959027531
0.159974835587
9.43078361413
30.8135942192
20.2233663506
77.8675767431
169.006775548
82.6000597943
47.6347794084
0.161545558516
0.156309748926
18.9263868667
10.9621039273
15.0111639315
46.0244213467
33.0996604276
28.3056907937
23.2863826547
13.5628954486
9.44652126803
57.1854730837
22.4404598975
31.162969362
62.3019363421
39.1143411394
20.025824902
182.112840765
187.426488096
193.040667181
9.58028897156
40.8507286132
8.34970620464
36.3242828256
0.00514637163917
9.23516502302
9.06837355246
0.00910975346713
10.6785536112
42.6982925898
35.4543344831
27.1418293269
0.0234021243642
1273.87722742
8.7001812076
8.57706329217
0.0493224112989
8.65018285393
0.039002933481
0.0373774128622
0.0131818880655
0.0132808287454
12.0226440525
0.0239966903211
9.86323160594
0.0387640804612
0.0415492161635
21.3610363457
48.0380636514
0.0897530799383
25.6918493971
0.136807239433
0.118051588812
31.3541683519
36.9246167465
13.5168364163
0.0725236700642
346.300284692
0.0830340646743
0.0610906817041
8.93477330097
29.3575245115
16.2313326915
0.100143180171
0.0914156702656
30.3768097984
50.310042294
0.0714470895095
20.165516491
0.0970795479614
0.0539052493192
41.3456106802
54.9761256178
13.8321406975
42.3640886438
944.668951712
1087.62393637
0.0596809476735
0.0675840505661
11.8629494491
15.2062149358
9.25095553988
29.5101597519
0.0758884038752
14.8690895307
21.2518724883
26.011265138
0.0932611024317
0.0877666991757
10.9164401984
8.72671268676
40.5752349677
0.0587535097711
14.1120917236
15.1163482638
13.6753930702
42.161825424
0.0329751530601
14.6546885209
23.3765149035
0.0299920353872
59.6813575918
0.0250339798751
39.0791733748
43.868772492
0.0271578944843
14.5874241368
46.2951480036
31.8826681465
0.019637723082
0.0350824917128
0.0153991705037
9.46085561962
9.87298817193
10.1238756372
29.2243123633
24.3063522316
11.2381912105
0.00909294051617
49.440227494
0.00622226243554
18.966386962
64.7488051499
0.0146183126271
12.3230907087
128.489835042
39.9927710197
65.9378191978
35.361312419
15.5288169566
17.2629112299
38.6570317117
8.55029504818
42.5149613075
34.9581595945
16.3785931499
38.7448865581
31.6569707496
16.0794176664
9.7373919676
0.111913418989
8.61131530652
0.0482496381761
8.7296984859
0.0413664016204
0.0397034405403
10.4845518246
43.3145245161
9.80281704572
17.3495589625
0.0420274315088
0.021462088944
0.0388530217718
0.0446656001204
35.2026315391
74.1090869533
118.99278129
28.8952120894
33.6174770706
0.0139767117154
0.0162923248741
37.7478140192
0.00933981273781
12.9257541497
40.2867282561
28.981731798
0.0125621698151
40.1445301778
10.9847463958
9.7710242919
29.353966194
0.0580067857778
0.0822883981334
13.4088490807
0.0545025276499
30.6028175675
55.9225125661
0.0969316533576
0.107972449831
13.9452407512
0.105026096422
23.9888987327
30.7845272829
31.4107996193
10.1705927818
9.7493240965
11.8135982854
9.03724461352
0.0132084945405
58.6581397673
52.6496628778
82.2147094441
62.896102896
80.1315834137
10.4476098915
0.0399063509151
31.6803086415
72.6430346118
24.1966724282
0.052586073612
88.3673802376
58.7237367665
16.9229191498
0.0478331839898
0.0353959694698
10.7223094382
43.5599162566
27.985032767
20.0627895456
49.3881348462
30.4044583127
27.5564167922
26.205160366
19.4818168202
53.6120172599
0.054871656575
0.0535624050836
14.8058710828
49.104671256
42.3764682516
0.0547149857362
0.0559946454941
0.0579003852807
51.8910562578
0.0538338856613
12.220949314
19.555729013
9.32833321043
0.0367861113587
0.0440183260345
10.1641480571
43.1038168281
13.3815005693
0.0381300548917
85.0490866573
9.72338319811
19.8919837705
9.01207446823
35.9721668678
19.6711801556
13.7675382056
41.0137267194
54.9103576955
49.8129262267
27.73052062
26.4420135299
0.059535658598
1095.50640984
53.4994136233
17.8355575853
17.3196620611
61.6798441875
45.204779049
50.6800644027
78.8862060867
22.2952416473
30.565480615
24.5660327891
64.2791510154
9.67482191391
0.0940383443348
0.113959034694
28.2331615718
11.7843772704
0.0947042339245
8.30675035064
10.9649966392
61.742363972
16.8232466066
50.1933689954
0.0737613990572
18.5965802826
0.104148115155
10.2169255405
9.27635964205
46.5162828231
11.0545746752
0.0725701139669
9.43042871951
0.0776351329803
42.5716163868
0.0465010689999
11.1330863999
9.11307997543
19.7282664249
64.420084184
10.2750606711
13.1623984075
77.6014386797
36.0594362665
0.0239394468266
0.0286500181943
36.1736638485
38.8849362166
28.7300871693
28.7818452153
43.6967294934
0.0601774936597
0.0562321959423
0.0502186615128
13.8012047395
13.222775543
18.9127489898
21.9697648117
56.7839405911
33.9293656104
0.164164360904
0.196683826583
0.204595389064
9.48415015133
9.9002935339
9.68277989074
26.6478181697
12.7397067088
0.194431697709
27.4726747272
12.4381052759
19.4001829088
29.8684894128
32.1605109667
31.016474476
9.16965976473
31.129130288
55.933797162
0.281951994798
74.3279922766
32.007439
14.3701443419
41.6119569615
34.2035605278
9.77041927944
32.0409236141
19.1978857749
38.9946804592
40.4834993977
9.6978155617
86.165805605
17.5759960793
8.915717862
11.5416738657
12.9046934706
14.0568959625
19.6082178136
35.2911255275
16.4962879825
10.9807335853
48.9659451088
64.0368054902
18.0443074859
36.6577823132
23.9200558907
0.249032186575
28.2953097074
0.251052217857
34.0703903404
10.4711808601
30.4755331058
29.1280052643
382.773910634
310.567815094
30.0243362655
70.7505729262
0.0097315174628
21.3352679315
40.2114108805
0.0123009883631
14.9171048044
16.8949915976
14.0256827709
15.0580418097
17.7737170048
45.8052496283
0.0418674594556
73.1640269633
90.7306023508
21.4680606899
10.0937155187
9.21614240107
1175.35817651
95.6771430022
11.0528432088
0.00937059327877
106.613314843
103.096010053
41.204445229
0.0240798583392
0.0350292893859
0.0377833209286
0.0331124055543
11.8968268636
44.7357403824
23.0317604043
26.9558953961
0.0668817014465
10.0013431585
41.565553392
40.602096506
28.7534426964
8.38476820352
1082.67415286
0.047445723992
0.0482988031289
11.6962904798
9.65152714754
0.0562045460163
0.0477248486641
0.0512093658161
42.1301623136
49.873340523
0.0410484507261
0.039069563907
12.2158980621
0.0326142579236
32.2677382284
45.6590996208
0.0602744314039
22.3482000913
1020.27012747
0.0555514704148
10.8937616744
0.0370095532017
31.9203177696
45.621252736
15.1611738123
9.73303345402
26.1460261995
0.0564679749931
36.1975121709
15.7965364741
23.8307126966
11.6569944792
12.1100434014
27.2438425972
34.3001198429
29.6307660145
13.796002984
0.087732811018
10.3617786235
40.6293267121
11.0191185068
0.0404179978879
0.0131416302153
31.4470997229
101.564634733
0.0210866905988
8.51129934403
46.3719740038
16.8284690981
25.3251530959
38.4520079434
10.4308513202
0.0410856595279
0.0366578725543
0.0336892482086
0.0284730441879
12.6272088111
35.8979924035
40.8387269756
8.77542399094
8.79109237599
9.57681202833
28.4652229807
29.5081324186
34.9212050414
31.2786152011
40.2373036513
31.7848951789
0.0113282181205
0.0326605635206
49.4048168776
12.8891918334
12.1583735899
0.0864250839973
0.0742852123337
32.9347496245
46.0806641164
15.2023445427
33.2542854908
9.10075357596
56.8690358986
40.5296957332
12.048199098
23.6024020221
12.1434114
0.0272361238034
142.811135831
0.00593306480857
8.83827866836
31.0518593202
39.1176644129
61.8205542035
37.9928379543
9.8971568577
32.9469481887
0.0535060755857
0.0535166835791
9.48228404404
11.5730370457
23.6971882663
51.1469700927
26.2039719542
24.0346057622
0.052569368443
81.0910288202
9.16650850241
0.0544849645291
0.0508900911342
0.0418913708346
12.9714220162
0.0472308640976
12.7125143104
20.7436102066
14.7681484365
64.1823668017
45.5211365068
79.0113911753
17.2509451163
25.4752936352
0.0577497810403
0.060793883445
59.8849531818
37.5409615472
9.42606352438
0.0476742884394
0.0448779912066
0.0301373665312
37.7369048465
64.3929132029
11.5884522764
37.7142281821
54.5982266923
0.034779798932
32.3318159035
79.4868263805
35.2510514463
19.9740656686
1429.91542477
0.00235970077948
0.00268770935314
0.00224928457615
0.00247992551806
0.0251279935209
69.8593459805
47.6478422394
119.289470662
101.670134072
0.00497702278543
21.2499096853
30.5902379042
65.6860504698
998.365979237
833.655247437
9.56582957088
0.0204488087724
0.0192816189419
8.30634623012
8.54491396849
0.0023378394942
19.4193407707
9.23689042158
9.97600831904
0.00456793369192
35.0207892144
48.9346654981
0.0317863999411
80.5565283264
40.9205091456
8.65330011279
0.00456686830275
0.00533640974548
13.591187908
30.0247927946
40.7337767882
10.1735128883
15.5299432816
11.9966361288
58.7768321467
90.6564212369
0.00276260659595
1440.6832987
0.0022752969764
43.7522583784
0.00447238777027
18.8849363815
0.0153656481098
96.0121104315
0.0230391752195
0.0218245151881
12.4909373227
0.00565580102213
34.059979999
0.00702725919581
1101.75480488
929.361854601
10.1754205268
8.82402463428
10.3249045171
703.254470972
973.609755629
8.56923485973
108.375057013
9.85535387403
0.00256700632562
79.9303142403
907.757705878
35.721156319
0.0391674602188
0.0508751266315
0.0315737113803
26.9645710482
28.1550234757
71.5394896812
38.9872846852
83.864265401
8.69444737682
26.6263819664
146.919704339
50.4823904825
25.6977623164
46.9520580301
71.266698691
0.0299043318214
0.00503248261614
8.8832876927
50.1929675906
21.5836855207
8.39572843764
83.7114954716
33.5679822364
0.0697994212865
0.0578585763447
0.0275917906056
19.8616179437
14.6622802719
11.3821101062
0.0151427710693
0.0403971148987
0.0588699994071
0.0449719543118
9.73391844213
31.7656037597
81.8589587688
12.1967985166
21.1830158473
0.0149325240759
9.2612770827
0.0121409745224
0.0140495967362
52.4017550444
9.32495240484
0.0348569051682
20.4219619226
27.0449963296
23.511572902
79.2112427563
67.4147820829
13.4223159216
8.22265808465
0.0097742567535
26.3914804409
9.26210995287
0.0207329800152
54.6668127858
53.7215694663
0.00498188535195
0.00542773493697
62.7106772908
36.1012651788
0.00752054473084
55.3070582322
97.480626835
132.734045753
0.0452865934685
0.046826592941
1228.42323851
18.7837885669
26.1092885704
0.00541376799624
29.1832553956
0.00595567659907
124.425663854
0.0400315130105
51.6290327582
78.4499152432
0.0183254580924
0.0180005076604
0.017809351067
11.2508013362
0.0189144255236
0.0224223951169
0.0362099601129
50.5839500208
12.7434136794
0.464594872537
0.458901968625
51.9474521225
0.00538295182648
0.00506238866475
0.00607718837118
0.00243050911067
0.0024686905563
9.72340464115
0.00577254519765
97.2606972198
9.63897962023
859.686403979
974.11681076
1010.2957717
9.3262641742
0.0136316272705
0.0239672445427
0.0231816396216
8.82110960818
8.74228879577
29.75569136
0.0355354547818
8.99454757168
0.00832537825701
0.00271851402753
20.3950654764
20.4640125294
0.0151397433694
0.0127253871575
15.5322966166
14.7564537637
0.0299648911053
0.0194391663779
0.0176359984107
10.0853669055
46.1532249181
8.43485139726
39.0278233787
75.1652188656
22.3687885429
60.8277064168
0.0564820851244
0.0426217318577
10.8825671643
0.0626821270605
0.0465493029594
50.6997316972
33.9769106512
0.0699509888976
0.0714042349804
22.3763794229
0.0799324444051
62.859143616
0.0571191143221
0.0580137984877
98.7253070076
0.0102652008186
0.0122952404173
20.0589462322
12.0854739093
8.47244846338
19.1662427334
13.2946420393
0.0460336398742
41.6073049535
56.5990632354
0.0153369509468
11.0246871323
0.00999811407782
21.9637072831
24.6807928887
21.172326994
21.5085456409
0.0275648711979
25.4277684808
29.6520399828
0.00567770698224
20.0422175674
9.1820288479
9.99273927457
61.533932079
12.4679106688
0.0242009864718
0.0448317541512
9.60006634538
28.5722440019
0.0194219205182
9.76311238303
0.00172525157116
23.6511383193
11.8129133097
8.44124211131
0.0261284612976
0.0313057148919
0.0427966687985
0.039337657117
0.0340539586114
16.9483588682
10.3677586076
14.3441923667
8.32768260865
40.8865300422
0.00935456202403
30.8671590414
9.86509371835
53.0503599998
9.66126624256
0.0326975056108
0.0270045722028
10.0726762661
0.00898634052762
8.81752295813
8.96367727398
13.612131654
55.5000168425
10.6737707449
0.0472313433659
0.0356155431372
48.9909954954
9.92607022545
0.0119980946396
9.9320857501
0.0192662806865
10.2208336641
10.5108080442
34.1379993699
21.2830323381
0.0157369982513
9.65054982561
0.0121102993401
0.0
0.0
0.0
0.0
0.0
25.8741852588
49.0857829913
0.0
0.0
0.00128440349052
0.0
26.6402077732
8.38467003112
8.51824321832
0.0
12.6980538393
40.8546288831
0.0
0.00156628956335
0.0
0.0
19.2259957489
0.0
0.0
8.83541437589
0.00134672686207
9.42911791606
8.36211773057
43.2563713839
23.0490674995
9.87873545639
30.4988660423
48.7802493422
61.1474193817
13.2201267663
0.0
0.0
74.4618791103
151.442820221
119.329329252
48.5354355995
72.3908381331
14.196131892
11.1172891225
0.0
11.7676333087
0.00296542921123
0.00343412350759
0.00931048323289
52.4947529644
30.4812193743
0.0225881374546
0.0239324346838
46.1553837295
0.0239108012177
0.024896738916
0.0222502004841
0.0155099544736
0.059381560653
35.6475706014
47.1556627907
9.11068890857
0.097917735558
8.36492335049
8.74134318523
9.21494430447
0.0448001821742
34.7376610183
42.2793879734
0.0336203325783
0.0393964425815
101.441059407
22.3545805994
51.5858602802
31.3960469854
0.0449265697397
0.0561285736178
31.2578294251
42.3354500987
26.6325258685
17.2655551736
0.072198252958
8.69003621453
50.0388539582
54.1326584546
36.5270066511
0.0476634244881
0.0473007810732
0.0499207117179
8.45208225977
0.0580517224837
0.0609952068339
0.0588939113987
0.0592765930718
0.0464265978903
0.0230326548881
46.3161934432
52.7069205485
0.0482088905066
0.0491668863957
0.0524817651375
38.5892464927
43.3585689056
14.8874492764
46.8544869672
963.601683182
1125.49362266
18.8984536957
21.6316651267
61.756750784
17.4852700971
0.0569071874315
29.6121222049
54.6443331663
8.62424069001
29.1472525849
39.5534572582
0.0985583263021
12.7751514466
0.1580741323
0.143924186225
40.9157210323
30.2610865222
8.48477773432
10.6077878139
16.9641365173
38.6747741286
25.1133317121
45.5325555875
0.0741290846049
0.0445183853021
45.312874995
0.109920292406
29.627377132
11.5519898522
8.59620433914
9.21508977532
25.035208984
19.9499231428
30.7462900714
0.098645985153
27.3516875429
7.19535386495
20.3619012444
32.309583984
0.0251362158086
0.034943741167
6.28156571927
0.0637867805428
14.9780310708
0.0265096440449
43.2528412781
0.114891986718
16.2299070845
0.254940850225
51.9033229107
34.252391316
12.4600956837
0.0238604849229
56.4807245405
13.3060429039
0.045186709201
13.5694771426
20.8038402334
43.4538475666
23.3066257742
22.0702148254
52.5525342067
6.87573860557
26.6136989155
36.4243336022
15.759295842
36.5185392846
10.1719353403
0.180787494101
0.0776974095577
0.103367072863
16.6904309084
9.79662206489
0.0562367413947
13.3170007451
6.33639313907
8.90070410491
15.7831960926
8.86949527393
9.93632080926
19.2615864139
34.6057233688
0.0411213742641
0.0353510045615
0.0534205758306
0.128226957091
9.84355181957
22.2734419365
41.8110373285
7.58179880597
0.0632176061103
0.076237028003
6.48220581405
0.157981213817
28.6827649322
15.0145693411
0.220818440365
28.2844644469
31.781995358
0.20406724598
6.25683928862
49.2686688744
0.186940434851
58.1458583782
7.62062476969
56.9466887874
35.674694842
28.314988678
19.7636215848
99.5723095324
20.8911423243
7.46111047236
43.6688913814
17.6065570369
36.6579966358
0.176423588656
41.4991096189
16.4793655027
145.453524657
149.484758327
153.756854814
15.4161512817
42.1387000674
6.55773488983
197.843081872
0.0152866006168
6.76293149336
0.0119899029419
0.0313959820061
0.0585405601257
32.9740218492
30.9774713811
0.0755173386275
0.0387160031945
1020.60835053
6.79507252451
6.8873443488
0.110052612523
0.11313264582
0.112330968438
0.0665437972958
0.0687580145738
0.111650095861
15.5859829631
0.0194043315028
36.5189651673
55.1137722081
0.025005433877
49.0433095549
37.1480200678
0.170123203054
27.4045469201
8.50100530094
0.242078768484
10.7525909532
60.647040005
36.4579573694
12.153864673
15.582876553
6.70183689167
0.382325079329
0.224974584401
21.7043096239
0.263510118664
0.241765977688
0.284138148687
29.9084037627
49.2518614747
39.1730381829
7.21692571318
0.398039733412
0.130037517955
20.7137014954
32.8574736809
6.18933317389
7.58201780474
6.83015832094
0.287404143127
0.198230705616
11.903563078
56.4647303037
11.3079336199
38.6279243224
11.7310981544
15.6079723282
7.40073504769
32.2211198307
31.8001327692
34.3823145211
29.9931663938
40.3704275551
8.42706725897
34.3082131301
26.0155428817
9.17067543884
0.061248724517
25.2103840276
32.2935669146
0.121027518653
6.10093094149
51.1678155286
7.35563837824
67.7839202188
6.65230495624
6.58652024422
33.6495520931
18.204112647
9.88124307303
35.1979344192
0.0228317713826
6.46354769681
0.0172038745441
0.0221869173443
6.32436267452
0.0314651253557
0.0308722531012
13.1662118589
20.3864359791
23.0173547103
0.0307161097771
0.0127897971422
73.8069260235
0.0108483997152
7.57758287229
55.690674523
19.1277117805
83.5680119161
44.2685963242
0.0280342933014
16.7597558935
0.0291122761459
7.7591744545
0.0395809333504
8.32147606067
35.2752419281
34.7527227707
0.0820272429931
22.264592149
6.57226308089
23.1443808259
14.5111777551
0.059772754771
0.0168296448385
0.017223483904
0.0212300772781
21.3296975297
11.4777781501
20.2911906377
0.0533835830003
28.6402193617
0.0321196172699
26.8615925944
7.03130929116
21.9497690076
0.0598787252159
0.0344667180114
0.036868275421
34.4951855084
30.5040026156
31.3031384111
0.021619108412
8.22848758843
0.0215048368417
0.0322606321484
0.0229597960308
31.4268239871
0.0230094154576
0.0269258213008
8.87482718415
10.1353553788
0.0903779827987
0.0830633618271
30.5725965107
0.0688625114469
0.0823598034269
0.0901952195779
0.0590261882767
42.0875498452
13.1421670302
0.0973948351362
16.20334393
0.11102097263
16.8009363683
25.595209695
35.0402158647
0.0411548386125
6.24515574368
17.6053969098
0.0157975631076
6.28639435731
65.1014890711
56.771173251
89.7765374543
54.6282719292
63.1629012496
6.2645987691
0.0671039841351
29.8412962665
54.6902115956
21.4320879437
14.7797470522
69.8303566492
27.3333141918
11.7940462659
0.049184155414
0.0422562947593
8.56822840166
57.677701984
8.45202388882
16.7542139763
38.6156420942
0.056058439535
22.3500467159
13.8985047587
6.39121959935
23.8338499539
15.927165792
6.29911158794
0.0890792453312
24.3753020022
38.0807469676
0.0824053529365
0.0916870447534
0.0791042517741
38.9863449689
7.1900707982
8.70586480768
0.10106416152
7.52607838247
6.76703853972
0.103757028427
0.0677149073651
0.0664493065653
6.48514145194
0.0522085990399
64.4601412939
8.06095689451
17.35047026
7.44987349877
39.3373435478
13.3853416703
0.0267536134533
29.898601257
47.580982137
38.8458963355
0.0590560733872
29.2899781249
809.117000371
0.0306887814101
37.3203593038
14.1560100784
21.7088600854
66.5442471565
34.9088405538
49.0401125765
59.6576904095
20.2330897995
43.0777185168
0.0912993951221
50.6776566698
7.50252239514
0.0782911817206
20.7392865712
42.3699405525
17.3223850264
9.90816646785
16.793774572
21.0382768715
52.6983388526
12.6162048338
50.256834777
0.0536378335207
21.1213908337
7.94843913364
0.0597855324675
15.8994028562
42.0445695499
28.7244841216
0.0793325529662
8.25509110578
0.121508591517
0.0561994006987
0.0553291840285
8.45958807822
7.161824241
23.1262222861
32.3361722789
55.3874822625
12.0306935678
0.075328721427
50.1903044179
0.0741906265241
35.524619708
25.8134946816
30.4673527054
24.2974523646
24.2243468882
42.8271798979
0.0647770182525
33.7430412571
0.0789234005052
0.0694435691711
19.0449208018
7.19930468863
17.322229374
44.0972928527
31.1731937001
6.99131290142
10.3774344836
17.516075523
8.3983527646
7.54063587539
6.91891241962
20.8728400366
9.06310830432
25.3055574205
0.107273108627
10.6419901748
15.2080366088
26.084373872
25.4800043496
27.1383296161
8.17098986199
26.7029160533
44.7013386878
6.99607228225
50.8706036605
0.237970393694
11.5208871997
28.8693763851
26.521441873
0.0623384997658
0.0601492264909
15.9589485312
24.0411626366
34.0241002614
7.70045028272
71.6107845821
32.2065980194
0.211425182616
25.8101830446
11.0157110239
7.23690803824
19.445240527
24.0014551167
12.3982835645
18.0143888526
38.7370998026
12.8819456106
17.1533999015
28.5265375454
17.7604638849
0.182777639404
10.5948689076
0.244178962589
28.8655975753
8.93549609043
25.1903142546
23.7561297236
312.418051133
253.832215942
32.7416135463
56.9714664854
0.00434688999008
23.4726631743
31.9087854653
0.0111570292108
0.0123182634889
7.92817726903
9.15343729408
11.8492129554
18.4437414665
36.350175694
0.0586674574717
57.3087525812
83.5150354816
57.2027185338
26.345171154
6.61325402904
15.3845733284
6.836757589
0.0531730218083
0.052170241041
133.550705052
77.7907346453
33.001452141
0.0217573155669
0.0287798832479
64.9243037631
38.2922274626
14.6927602626
36.9645585935
17.0463938773
22.7324712271
0.0419319081644
58.4265227441
34.4257405838
33.378299299
23.6781387653
6.42966191676
0.0404023619901
0.0476291476194
0.0559963019648
0.0428035860737
22.4548583754
7.37259153862
0.0624498689058
0.0583278523386
33.2083052916
49.7600270013
0.0524717845737
7.33516220232
0.0273735703401
0.0435643164118
0.0795553863291
34.8867889787
7.30213410102
19.0781803593
858.275150615
0.0435025866762
7.67061061456
6.51001414058
30.4465923115
35.5448536465
22.4341818659
8.5936042695
0.066009419927
0.0725003704446
39.6854682298
11.9619791827
10.4745870686
8.91933943305
0.05987624165
21.5166241831
29.0644132362
24.9008476955
23.0581570589
11.3541943609
8.79392644487
31.6293668509
11.0499320635
7.10238977269
0.0345728439495
16.0900029309
81.523995673
115.442685197
0.05602655027
38.4337517986
10.8007333027
21.1501444504
31.4386921606
14.9303941079
0.0410834488885
0.0398778006454
0.0328198321232
0.0297327780617
9.81947220122
27.8773834364
33.9811295018
7.43135302313
44.1912492398
7.6825648736
22.7049602505
7.74403727541
26.1058572415
25.8007229083
30.2151133616
26.7847409007
8.54530194936
0.018583688243
40.8514181144
10.8185665293
8.99017026254
0.0191003186719
22.603340374
30.1013298702
43.5645237467
18.490089202
12.0988410216
0.0742564213761
0.0703043540592
21.4764109624
21.629775796
25.0645287488
21.1155690868
7.09492118651
125.325867946
18.9329898321
0.0211610003174
23.4422896192
34.0563657351
49.8636429034
29.6075140283
0.0203560683287
0.0294491717342
0.0399106626503
0.0391704519085
0.0128700865873
0.0104818349446
18.7687748714
37.3121368539
21.9223975858
26.5365822578
0.0531172144428
6.32783531408
0.0494586682448
0.047569464875
55.8792549761
33.3655613066
30.3650885998
27.9761834041
28.5464064914
61.9888058548
31.7811710186
49.5377832847
33.761377009
0.0606106272367
52.1839316931
0.0490572390681
38.9185114669
24.9743143641
0.0476143716728
0.0438178712285
0.0669575648168
0.0427552497682
0.0345038698348
59.3023270374
0.0198155081087
0.00255604828746
0.0118737224957
0.00898817306986
23.2378788324
22.5750822352
12.1392877526
11.7394049799
14.4933979476
0.0547936255303
0.0415610583063
0.0596720585205
0.0511923533076
10.1769099023
0.0666670598374
22.2360508935
0.0880255361829
21.5900546075
16.9447935189
964.02153174
6.42198400129
6.99314405539
6.54846783115
187.462314397
0.0636260239305
0.0648387202104
0.0615401638782
91.0150893824
15.8343478609
45.3072796543
0.0229379981619
27.6726377668
51.5896453301
16.1844857197
9.4805847753
22.0468078346
8.50977572396
0.0741029734096
6.88008312824
33.5070363447
0.0394104279334
54.9097040652
15.7927047913
6.88063950633
12.7916620028
0.0386547851176
0.0557712780662
0.0424919022319
6.58925079634
7.76846130168
0.0434976866869
6.59499509301
34.5856202555
49.867236334
0.0637178992709
6.72130069574
0.0442496516296
0.0623579213435
23.3735139238
24.4943706876
7.43650459281
26.2041351497
983.052638735
0.0371543912041
0.0245006571316
0.00903720087704
6.5735932746
0.0213465334042
0.0167725319188
0.0169899082238
6.50680333435
17.607160814
6.45542081926
7.59156431914
0.0471025352963
14.0114549786
0.0433427838888
0.0440102632903
33.7576493379
22.9921299091
13.7517361189
22.6995666445
17.6935415313
19.5385346557
15.823961417
46.4547187935
0.0271652718231
23.0545928634
7.65762917211
0.0493271992927
39.9315847421
0.0384924251849
22.9136029716
17.7578467484
20.4533482337
221.729385439
0.0202240550404
6.24828524025
0.0225082285087
0.0348611116835
25.9340541729
31.3156404118
28.1734999488
30.2378867168
0.048274053047
65.1729350612
77.3983826295
0.0466582936268
7.27227786092
0.0507359978891
30.0983019593
6.33716063442
0.0459596614421
0.0435207082804
35.9754529992
0.0521508207387
0.0521274635492
0.0548602431432
0.0510387255111
42.9305600407
20.9584733476
0.0993786050746
0.103771341565
8.37542443313
29.4826720273
19.4442169934
13.3931924512
61.3265780418
17.1997979401
20.4380868243
0.0585996078404
0.0521690251337
14.6459171859
27.5207851293
28.5698037718
11.8360596959
26.2558100369
0.0651122384992
0.0702846393414
0.0484285307836
6.3008174396
0.0373783429826
7.23203720694
25.1797785147
31.625859176
23.6692914482
19.6911532198
0.0470527635419
562.139513447
0.164869097782
0.164982871951
6.95459407854
0.125722377772
0.0874333188867
0.0924880945578
0.104515700603
14.1284943928
37.7354417814
0.13514643885
19.7727983617
0.184155319757
0.169824248155
8.54115910764
22.1432476635
6.98630859895
0.218685347197
7.10317161658
0.143384693034
6.50906134355
6.79191731432
7.86675320116
0.0124974340666
16.5796306149
0.0258188025617
14.0585610308
8.19881459616
0.0443130592235
19.5740360806
17.4935053812
40.4688817376
34.0044239161
0.0154962623818
6.86968248654
0.0250295584642
6.74054275419
17.7534740446
24.2231039132
30.4829047364
8.97036372575
15.2542269264
982.690122078
6.59380201221
7.08562657
7.29152692717
0.0303813363772
0.0277343918646
7.00258770611
0.00832892799606
0.0129696213222
16.2511545942
0.0390260842708
0.0328516779329
0.0352640267136
51.1514093349
19.1705455498
10.7215620071
22.9473741895
6.99979058572
24.5550324342
0.0989402735342
43.6031721985
0.105853754936
52.7062078455
44.5743515017
0.0835472348337
0.0206576016568
0.0344793941082
15.8743200952
0.0558522043299
6.24657458198
0.0491348078528
0.0658130983053
0.0882557465618
198.713548719
40.0181571682
7.34547098235
0.0762602313334
0.0387001885308
10.6692542702
23.6501510673
23.9498134007
6.44422909379
22.5599327446
1017.7163162
7.47790932167
7.86819066499
0.00427514526118
0.00554759519512
0.0141225112863
0.00888799457803
0.01887354106
13.3593675737
6.61117706534
0.0391602402103
7.15980066747
39.9129650474
0.0472454779582
25.8111908871
26.350547105
31.7200081619
17.1281179927
0.0566382111234
27.6382726746
10.063983063
22.0971239401
6.30131782731
0.0197963713858
0.0214394811666
15.8727055921
0.0232905339932
6.23215161056
24.8380737345
0.023119292854
19.4717677326
7.2740439229
14.9180341928
48.1529780464
0.0164391295485
6.36199364442
0.0195750408492
9.15350988278
19.3958847059
30.8365852684
25.7068947243
25.2695072027
0.0
124.389352426
141.05980583
0.0134899187296
6.90794277193
864.499387709
65.1149926205
52.8545080862
52.9301101522
51.221200453
38.519873997
0.0254848984876
42.2067326551
52.5887122915
0.0419656962447
0.0555634530062
21.2496642955
8.20495992719
43.5548429661
0.0687185415287
42.8744843524
12.847185074
18.8873501445
58.9211098212
14.4204144024
7.17399219832
0.0165623051336
13.8651300139
17.123273534
27.6493709674
28.9262563832
6.96290437398
0.0143652171289
28.6902917851
0.0196512775078
0.0260437118613
6.38556970854
50.9605073571
0.0276807857854
24.0895898149
30.8822574298
19.9924795397
0.026921273662
0.022440700405
32.7761723794
11.0307776515
9.13960403681
56.36625296
35.8525713371
42.3319853988
54.41898597
13.2962613478
0.0516651292906
41.8351305759
57.1590015013
17.3946906608
27.8756923767
37.947583095
23.9340163282
30.1343030299
29.3543803233
11.3890310279
22.5995006138
42.3507133814
56.3236289635
61.106067656
22.6728425417
12.9977060092
41.3516997657
64.444839757
18.0467962551
14.7040078046
17.4714566309
16.6242344465
43.7576607303
17.4024097166
0.0
0.0
0.0
0.0
0.0
0.0
0.0
0.0
0.0
0.0
0.0
0.0
0.0
0.0
0.0
0.0
0.0
0.0
0.0
0.0
0.0
0.0
0.0
0.0
0.0
0.0
0.0
0.0
0.0
0.0
0.0
0.0
0.0
0.0
0.0
0.0
0.0
0.0
0.0
0.0
0.0
0.0
0.0
0.0
0.0
0.0
0.0
0.0
0.0
0.0
0.0
0.0
0.0
0.0
0.0
0.0
0.0
0.0
0.0
0.0
0.0
0.0
0.0
0.0
0.0
0.0
0.0
0.0
0.0
0.0
