0.0
0.0
603.345542111
521.880270593
463.850888077
149.349936909
61.2411747823
83.2416946209
0.0942268542329
623.785156303
0.0
0.0
0.00448918154614
0.025243596581
638.615256577
473.714513513
67.6323699785
0.0813213810674
0.101705933754
56.8065412085
0.197401548832
121.831119278
290.40544282
0.304187243214
63.1056750972
0.237081786709
408.53234801
0.263993365778
66.9858939648
64.2950798927
0.664469316306
149.572667229
127.183927158
0.479868487223
967.916635327
0.392553333336
75.7030797437
454.842670354
161.144550503
0.792833755708
1.11416157229
60.2208534779
1.0844876987
62.0818405894
1616.80131096
0.495611127439
137.121044901
74.6130289617
61.8625696089
173.269073567
1080.00759188
0.639399220725
162.555200539
0.9041348841
64.427726434
69.0143042785
0.515933000531
0.42933660365
60.1844056022
833.897949868
1596.02465334
65.0055348575
1404.33819652
142.654049568
72.2030291365
229.191440997
0.724935628961
130.781288194
0.544509677534
155.28363709
0.950342806688
1.05784491912
0.999188414464
73.7856711687
63.0585389113
0.573912894844
146.326790474
123.853590982
171.771105233
0.789827860214
116.031215453
0.630407401933
154.495904568
124.781921295
0.672241009295
0.83675844987
267.711521039
158.011686906
0.467200885713
0.372274029726
218.301472484
158.964243559
60.2150800116
58.6158139268
0.264907387124
116.445380262
195.932814499
0.0472483144621
153.830409885
171.956955294
0.34043869677
0.217600459996
0.202593601294
0.039281880243
0.0268911160318
0.0618252201834
0.0669338145465
64.278154094
494.037060381
207.582591417
61.7637993534
296.513306712
57.6987227122
0.191178924348
0.130388528582
320.712609471
975.802285526
0.210144663252
67.3675627319
0.0976569918436
217.340637112
0.284357410212
144.067486287
119.582528589
0.189215714635
0.14928392785
0.291783144425
0.256078376282
0.288777075993
69.8090963675
0.338154304781
241.850488163
0.408294849689
0.397337276743
77.6905645855
67.8630219897
137.776767859
89.1861209955
87.5358318027
0.577539058202
72.093069702
0.639585310728
61.7028590577
0.39296333333
0.447311094696
370.041686542
127.874325349
59.7779703387
81.2862353095
0.716416123499
0.483776732103
0.136525079747
0.435005376816
579.902785801
1039.66531984
0.25011042659
0.360852112716
0.276631753147
0.514184547348
0.969725198471
0.377535558597
260.888617677
83.2441014556
280.198200434
0.627990785192
491.882332443
0.720235556285
0.421643394127
0.928844430413
61.6420088761
1.1048680464
80.3856068082
1.1617687664
228.633164157
259.415505401
593.478488248
63.9979654386
365.110483993
352.613506431
307.660720633
0.970708075693
0.970692201681
56.7069370923
0.885522662666
68.196203728
0.489740012665
1305.79212441
514.36242188
190.27136249
72.1172544356
0.194031134191
0.420413084325
56.9111934827
0.449640275223
0.543749171071
73.531711605
73.4051098485
1111.06676735
4248.61410262
78.0280407946
0.367345556439
0.360150207979
0.494865732866
90.2814385449
57.1621841115
98.0769739611
694.043012478
700.082105687
0.539488658761
0.501303065185
81.1206722087
195.596887768
1003.78755327
0.589122418028
0.7630276397
0.986521208719
1.19192673245
722.065921885
185.699075491
582.016908397
1.65192786397
1.67523643174
125.872448775
0.737010329236
0.918724436105
190.270422948
1.33988970984
238.554413064
1.24244267873
74.2647982674
0.856828019811
61.7098751544
0.81704628395
1.00413956229
178.222867865
1.21104179273
67.3023843448
1.05619935035
1.0932861167
1.55052718718
151.210595799
193.075521037
663.990630266
67.6724791868
263.001373985
63.3615699927
637.047112252
681.917180306
1.37447148642
66.8904458692
73.1587459649
1.06908194181
1.03870919739
1.04743037652
57.8299448915
565.469720693
78.0690254137
191.344079355
123.500333466
174.060527879
99.8099064248
184.203329695
214.255902081
213.915633074
272.829512338
182.729337467
1.58421399901
1.72876279665
1.71171848108
208.676973659
186.026144884
365.604305517
1258.2542728
1.40152923903
58.9788183783
77.6108824338
141.797562489
1.01902790949
90.6445999788
207.01056286
268.920727406
231.590129694
0.242331815476
0.339354919231
584.75895972
0.411266567374
208.595542897
105.396988079
0.353275945204
0.378597394556
65.930913189
62.558273387
278.604694781
58.2711741461
0.376603726486
0.58451393387
0.780915056392
454.591496376
0.5753803582
0.420282446991
244.818969948
320.080149814
380.399504803
357.216027567
281.7830023
0.250701760567
72.2617875082
256.589402297
319.706432996
329.486452751
415.084244314
1.73119495294
0.828130142312
0.74470998566
1091.92309906
85.4117424367
103.447890208
0.908207474997
145.697077571
374.798167424
154.146590135
213.255500965
62.2936581453
100.370809325
567.11212328
776.424876225
215.552953798
88.2209020608
168.462571377
0.785146078135
175.858918102
505.942241048
318.115565197
195.699700269
1.88909066084
76.2981246369
337.220636517
671.831933024
460.725903178
552.87548324
166.741746364
132.651184061
0.794417803129
0.67090557371
0.694583449456
754.745532066
750.833039684
69.0807646602
1.31081502261
148.861665122
1.34215002106
1.05354335617
0.893471028513
1.28007794181
735.879659872
70.8045646125
1.11243959818
1.36276808889
313.984978707
195.469907497
1.22229600619
1.25629971561
57.1465517971
1.17262957534
67.8207713097
59.2270586308
1.16896816362
77.8803006716
1.40595101229
223.852962316
1.22456032791
1.12393504075
0.886445761659
204.703409132
61.4691617797
0.836255833923
107.717707312
165.852807863
0.574997824855
0.737724982394
1.23876441197
93.6776653376
66.4954498289
1.07584547006
0.970607801664
99.403426619
0.889163697292
0.672370891823
0.764986373227
0.78644817763
0.934795770175
479.43670206
1.14750536352
212.278766282
91.2856721962
101.739781352
1.30094925087
1.4427486663
218.640880973
212.792343742
1.25280390893
1.053457804
1.01803840388
2.38035235727
2.24197155288
2.01325556738
2.02517607722
160.258850447
1.7398894964
1.88452296236
1.97755124842
79.8176292296
2.53753775965
263.015323768
70.9577972976
205.039745044
0.827843662627
384.343463289
260.022340052
155.674334096
207.517254646
1.23202338195
1.21116325645
174.703303174
1.02990668831
586.310221885
222.189436677
88.1817324718
126.39375366
87.8837522975
75.4656375921
224.90128364
540.692885976
429.613646193
631.431447889
364.079989315
0.752122586174
1.09685409345
1.28752445571
1.65125979509
1.44394762546
1.29601524002
150.240749213
335.366378339
85.3154708452
117.292124713
110.72475027
66.6440876435
148.344218162
177.117635483
194.080102398
201.016322374
74.3575988688
95.3279214963
64.851184788
1140.56358391
2.19376850039
1.88602648061
56.927453359
83.2680763734
78.3319238186
58.1219415102
67.7583824363
1.84506117389
2.09867310947
1.96294478353
114.431203069
237.832539022
250.961306805
246.775932067
115.075190087
0.394094748474
543.889893253
102.158163382
189.647189477
0.416712191475
0.635794273584
73.3765428481
0.21948221831
0.511557109723
246.974655297
172.965096534
0.367836359237
0.422906394728
0.348199400688
58.5711928342
72.7418300402
109.985007504
0.801573502823
0.862786143274
369.237560014
354.614564769
298.32799093
175.982726229
0.828059727459
163.394059511
203.854819239
1.14718801892
1.55752404369
382.146685289
538.323557181
1.18916803393
635.805052143
94.3838133054
123.181215929
0.962478024656
213.045703745
161.119529987
222.671397798
147.146972753
341.302751934
63.6587228952
188.528846408
284.719857845
264.645962047
138.203685838
0.760296021073
0.636138083438
0.60609018221
0.353220596297
178.049123969
176.327590287
158.968592149
1.16354665306
1.07820196094
0.70608377588
87.0794063902
55.9956885212
0.693088437454
236.025528852
0.843881633491
0.836197971006
514.570655199
0.739108915319
144.150851451
60.3318741502
125.781394341
1.43296414968
189.233840529
1.0299673225
1.99417435187
1.00249141706
0.96607850368
114.506765713
1.44579847113
1.74443336113
169.621692751
76.7561890821
82.9036371916
71.1611437642
3.20014582612
2.8643787806
58.9794257589
66.2235681438
1.91614197983
63.4635276051
57.5273561833
2.06973681569
1.87433869323
1.95305056694
65.9216792278
202.491313806
66.1254689534
1.90482486874
112.249065683
107.619189397
1.15221800167
1.21978448696
1.48314009256
60.0498609439
1.27930044113
1.23388143246
1.50084063611
1.50842705637
182.431726901
204.043919699
213.165959
501.592935573
2.05872994199
173.081937688
465.289862827
2.06030390159
2.04870568633
2.38592748122
83.8687538188
107.318406648
2.66976485316
549.908339211
826.477702835
1.46071861656
328.410065908
139.304124476
59.069066402
3.06692612299
3.07639438264
3.24812176096
84.9973603911
3.90927377951
446.42871532
337.558276515
2.53136914787
3.23927219461
3.07208777119
73.7831213999
3.27460730987
3.96840186393
295.853894771
269.340906665
3.40724824684
96.9642205368
4.15825119183
1.74512108888
85.4143289442
357.844382438
330.292212592
328.017208307
147.981051353
1.39669767676
69.8431379323
2.12915372598
192.355342233
66.4291327798
371.64240879
387.806513527
274.19320222
1.05105918315
170.336546264
0.875313988733
69.4012703397
64.6221663764
1.93732617979
157.293607464
1238.51648653
375.955540217
1.51436794471
1.31420050046
405.465982668
395.831525224
475.073281532
0.458083373636
56.6036706008
83.6274435197
0.558051971277
73.4652937811
185.99102026
820.46562184
199.662700672
1126.48070533
305.662244711
0.680823377902
0.748874856845
0.6804001691
0.807346351328
0.89401330087
1.04622215559
67.8775609239
0.481616905512
0.411785247824
0.944295858975
0.936879657306
0.469539866305
0.643047186891
0.80821069348
162.721301712
0.853765156477
0.470464745203
0.50840026965
262.759607517
160.34393778
0.313430870518
0.6671049606
59.3097049906
0.893698558418
0.585637821079
104.84874728
447.624953383
291.324530814
384.845261854
296.262517739
260.999665008
0.5527822425
74.1654045108
235.885528908
274.413493358
296.215980852
0.266815533245
0.253337091566
359.364023283
0.575034883501
294.188040241
1.17501963444
98.564315109
0.63513971326
251.179242421
0.772217720316
355.030642751
1.19689526417
308.904660579
167.578639518
82.0958416786
254.039770339
263.098381263
208.981247936
1.04162429092
1.30108737964
1.19088237563
70.0621407505
0.866630880757
95.4537520174
70.2187582563
131.933428401
1.01940575982
1.20885391298
961.175900243
199.026858862
1.4218871142
1.17381058049
57.1789510559
1.36133716796
64.5467943599
80.6436375841
610.260354577
407.085500587
1.59800183321
1.43129347607
0.930608724171
188.389804674
0.651334965459
92.8628040949
1.2345813264
103.830913497
1.12836366547
1.21038596426
62.1677644406
178.499531842
2.09505702002
112.726031791
1.98842029594
1.69335982697
287.363916249
142.762540155
119.17353224
207.790787179
1.88553925995
70.7236824897
1.49381058059
70.304237348
58.5011425695
185.738911276
61.9450863994
1.2477155343
116.112634534
58.2515291574
0.733306290917
0.814331319942
97.5578819629
63.7181746952
166.610855903
0.90911178028
0.808580413061
0.919281026931
1.28077643691
0.768140960213
217.150241726
181.185971021
0.684015100505
0.838855259294
103.062123228
62.7093562418
1.15411335211
104.306042002
0.973697039306
94.2028619675
0.835223183967
606.64984696
332.090083565
1.05973834807
170.07075575
1.68524685234
2.18173033305
85.1102831157
950.783853066
155.724102495
229.029888157
2.71931527113
259.195301673
2.34036714824
383.072769937
557.453141851
105.914831758
2.38144251288
2.33527538943
2.12569114076
351.461732863
63.9524826778
1165.97102499
1.56473187462
385.361617708
161.029835911
1.71795004773
78.0752222414
1.69137525248
338.504675086
321.311012794
161.869348095
94.5014323785
1.13251003814
1.25990652106
72.4020261617
1.21962456265
1.63524669756
60.199126539
99.4309540328
1.58584789569
279.244634973
1.74792397943
128.185622176
240.489725197
1.17676617538
255.081353694
83.5289745881
2.01613509629
2.00180260845
224.497656643
249.31268403
1.93478958461
267.749022644
151.468183748
485.791989389
398.752184469
2.42042193552
79.1511689823
2.08053448165
76.8966432866
174.473336964
2.03030294316
1.8703200271
775.392698459
904.657312993
236.396244049
2.39984940976
63.1052019357
82.7274977339
2.19375363758
308.298417624
1.49099713623
861.728027214
1.24133321278
314.107193392
0.782754956345
0.84576269115
0.426294824882
145.407095752
59.0832396607
0.498649450661
257.374647417
0.386694103932
0.329934741351
80.2979587611
0.616581090672
590.51303805
0.705409645502
294.791119963
0.621463501035
314.79783042
389.620762286
340.682046256
272.840525424
0.486211314429
194.063229912
133.461886229
271.28798568
304.802238486
251.406573773
438.125405881
275.34660704
334.334265448
1.04769329812
1.46413327813
133.474271001
1.21206963005
280.654208296
588.691067844
159.621187346
356.473176697
270.156843999
699.13944095
373.847821061
293.861577666
254.245738489
63.3469799793
1.78323181856
1.97043038146
65.9156752199
1.75531076532
155.138869523
1.8227561717
403.992775811
1.24523316852
58.2695216231
71.9054789006
1.02563308631
56.4915137811
1.34884091065
1.12642485047
1.30417928979
57.6967402611
59.0106879293
1.45225442211
1.58743686609
0.98487481817
1.52785485484
95.7448766943
1.68269319155
1.36113659346
1.57390479458
1.72531462117
2.26289868959
2.09152690815
92.8113683848
178.603159302
58.4524694214
2.67153981002
2.94726570587
58.1676864287
2.14487833609
2.19523911443
2.01392484826
403.846041419
2.24756377917
902.527300909
159.73029891
2.18450554634
1.99480102086
767.197231107
183.177235166
119.896692596
1.86554477881
65.9125291536
66.5936188019
1.21794945307
83.1091193796
324.25381684
63.8480295821
60.3227962247
0.942791546479
0.775736982471
73.8914745003
0.536947653056
0.680967351756
188.015074581
71.5338081884
227.696228527
74.5748409611
0.788737791245
0.73807234516
449.829712155
0.536444490143
0.471161484696
0.563737400192
0.713453586241
0.802748818732
0.64339536446
0.283038949847
181.154836597
209.886978094
0.672423723528
64.8266167683
0.707103778789
0.724811317329
178.844292041
0.670794768751
194.576341668
194.635161038
95.9894237903
0.679439600698
0.303773359697
56.7343819953
0.456471829671
0.887276990139
0.937954267971
92.6698785625
93.1203155548
0.986813313568
0.96634897204
112.457536153
223.376505468
237.269761117
215.067401928
210.928537245
0.590951861735
0.502522888399
71.7551916877
0.278484604588
0.254381632867
0.237265738776
0.169066835078
0.110410614913
101.046377372
0.0114223807393
76.1105375321
82.3741854994
92.6965775554
96.4739694898
84.6735927932
72.6514644357
64.9775551442
98.845755995
90.1722668322
85.8774421199
0.0144606472472
80.4461437427
0.00460264863654
0.00434526355878
0.0046084023164
0.0
0.0
0.0
0.0
0.0
0.0
0.0
0.0
58.8647657524
248.512691148
0.0
0.0
0.0
0.0
0.0
0.0
0.0
0.0
0.0
0.0
0.0
0.0
0.0
63.4230922582
187.274367189
112.75251384
94.2354066982
0.0
0.0
0.0
0.0
88.0339141457
85.5791087768
83.5011850663
81.5699788843
79.8941505706
78.4098033932
76.0390825306
71.1666308841
206.035027222
75.6310374672
0.00492126293985
0.010039226899
0.0
0.0
0.0
0.0
0.0
0.0
0.0
0.0
0.0
0.0
0.0
0.0
0.0
72.7592129186
0.0
157.979668947
0.0
0.0
0.0
0.0
0.0
0.0
0.0
0.0
0.0
0.0
59.9874282065
167.475824325
202.76737193
56.1593517542
119.57323258
0.0
0.0
0.0
0.0
0.0
0.0
0.0
0.0
0.0
0.0
0.0
0.0
198.581524206
90.0907581416
0.00464062695679
0.0095831655552
67.3538429044
77.3307726821
0.0
0.0
0.0
0.0
0.0
0.0
0.0
0.0
79.5637734869
66.5893258058
64.0601226224
270.769383652
0.0
0.0
0.0
81.4326478299
70.4150365739
0.0
103.508413344
131.194818656
196.626762702
183.922354944
73.8171228727
83.1530034738
84.3211246017
167.150243307
0.0
0.0066029424273
103.823527912
0.00431258919401
62.6068330387
62.4117442737
58.6426797497
56.3576973368
56.9739575429
0.0
0.0
0.0
0.0
0.0
0.0
0.0
0.0
125.834730464
191.893065589
161.878061936
0.0
0.0
0.0
0.0
0.0
0.0
0.0
0.0
0.0
0.0
0.0
64.1717924986
0.0
0.0
0.0
69.9904144661
0.0
0.0
0.0
0.0
0.0
0.0
0.0
0.0
0.0
141.950214812
76.6679163319
68.2949122722
0.0115538012535
108.579495121
163.937178151
0.00557514129937
0.0069001129702
0.0139820461861
0.0154793874891
264.720430559
261.7484864
104.297948696
100.186229058
92.1591684505
82.559858806
71.8556289929
108.17338798
82.6832017434
0.019395760676
0.0210087667786
0.0164930807012
0.00511802018132
0.00440549824498
0.00456897850488
0.0
0.0
0.0
0.0
0.0
0.0
0.0
0.0
88.9684252336
267.224714716
0.0
0.0
0.0
0.0
0.0
0.0
0.0
0.0
0.0
0.0
0.0
0.0
0.0
66.2169448825
186.228122412
111.683493961
92.5783666604
0.0
0.0
0.0
0.0
87.8236893222
85.3901290303
83.3175236748
81.3969780555
79.7648906143
78.2839772083
75.786433196
70.6833568022
210.439011387
75.5445194354
0.00485481948873
0.00994618314229
0.0
0.0
0.0
0.0
0.0
0.0
0.0
0.0
0.0
0.0
0.0
0.0
0.0
72.5087120983
0.0
99.2734932908
0.0
0.0
0.0
0.0
0.0
0.0
0.0
0.0
0.0
0.0
64.8913835478
175.964890935
202.054313124
0.0
118.157282561
0.0
0.0
0.0
0.0
0.0
0.0
0.0
0.0
0.0
0.0
0.0
0.0
206.646773834
90.3258392644
0.00534502528809
0.00636450736554
0.0
0.0
0.0
0.0
0.0
0.0
0.0
0.0
0.0
0.0
0.0
0.0
0.0
0.0
0.0
0.0
0.0
0.0
0.0
0.0
0.0
0.0
0.0
0.0
0.0
0.0
100.853713624
93.2449755598
0.0
0.0
0.0
0.0
0.0
0.0
0.0
0.0
0.0
0.0
0.0
0.0
0.0
0.0
75.2667992664
0.0
0.0
0.0
0.0
0.0
0.0
0.0
0.0
0.0
0.0
0.0
0.0
0.0
0.0
0.0
0.0
0.0
0.0
0.0
0.0
0.0
0.0
0.0
0.0
0.0
0.0
0.0
0.0
0.0
0.0
0.0
0.0
0.0
0.0
0.0
0.0
0.0
0.0
0.0
0.0
0.0
0.0
0.0
0.0
0.0
0.0
85.4020701263
78.9840710021
0.0
0.0
0.0
0.0
0.0
0.0
0.0
0.0
0.0
0.0
0.0
0.0
0.0
0.0
0.0
0.0
0.0
0.0
0.0
0.0
0.0
0.0
0.0
0.0
0.0
0.0
0.0
0.0
0.0
0.0
0.0
0.0
0.0
0.0
0.0
0.0
0.0
0.0
0.0
0.0
0.0
0.0
0.0
0.0
0.0
0.0
0.0
0.0
0.0
0.0
0.0
0.0
0.0
0.0
0.0
0.0
0.0
0.0
0.0
0.0
0.0
0.0
0.0
0.0
0.0
0.0
0.0
0.0
0.0
0.0
0.0
0.0
0.0
0.0
420.541247769
1286.98917677
2074.33130827
2836.48962702
4780.09057042
451.948214346
486.639588508
134.711849677
71.7945288278
0.00858383803607
284.832570622
73.1807151709
296.548583792
83.477120946
1258.37279285
0.086871214307
0.22801525161
0.249768695691
0.211105701626
0.191614023924
154.955624193
0.0694053778419
0.071095596761
0.0588107904218
327.771383986
738.607570679
1198.95502913
0.192375028018
0.241755901068
0.127334933168
156.255440622
211.878405908
212.62686312
111.683867226
0.173290980075
0.256808437508
70.8349570272
76.2632137439
0.126771531361
0.219149192956
0.187441302513
496.41897841
0.110309288493
74.2953818451
0.094138907828
0.0639561435745
0.0735090608269
0.337642085356
0.386768426723
1379.89210124
0.270291408193
0.427793048415
0.439327747777
116.782590677
181.496532754
184.495669143
0.247372104201
0.259984549585
0.30053326809
0.152456852211
0.193020703376
0.19968086175
65.7605913006
75.8845364312
0.402385089648
0.396039039685
78.8740951777
96.2546969695
0.548688750229
77.5722714895
0.303980369681
152.757883693
0.155062012063
172.886581679
202.581604565
203.335963138
67.1628700217
82.156101669
87.103597109
67.8879615859
91.5781981618
93.9567073679
0.31794031482
0.34624530129
628.587008636
168.475128742
195.580171791
127.673220572
127.937555392
0.175049083645
0.254400376741
188.587356126
77.6310233327
0.220128655816
69.3083289277
0.199421570039
0.149457796476
176.267079733
194.628966863
0.203420339633
126.476086689
0.354932399618
0.344753862844
0.0868276578734
545.682590618
160.892638015
297.804891842
83.3500606987
1270.22237627
0.206732745119
0.265487252756
0.291147612167
0.218104144276
0.228807734884
152.730429939
0.13502447827
0.125443864835
0.0978571842165
331.432181154
743.281314257
1200.66302372
0.349410192669
0.155663358139
0.154077075619
157.476281295
212.461476496
210.472656681
110.995767988
0.173298472611
0.315629021602
71.2502112475
76.0372889911
0.196437043501
0.313661824894
0.197196477202
0.102039194066
0.0984884976533
150.184790605
0.0942392479796
0.0723084638141
0.182423079685
0.251070733361
0.251604513966
1372.78904915
0.266280828106
0.330699895775
0.363429763137
117.311455721
180.46254933
182.864486674
0.211727325522
0.209741900848
0.252662915686
0.151953750229
0.193670891945
0.199974863497
66.754990755
77.9453129992
0.360934869336
0.368730575314
78.3224996272
95.2015398942
0.507704328013
76.1252746681
0.275993786636
248.264003435
0.0396293143772
173.329739156
202.793397323
205.535676924
69.1596703996
82.2279619178
86.1357015424
66.767172945
91.8918593073
94.0038806226
0.353024498842
0.365004121066
627.622558218
165.417084602
190.869241047
0.13255298038
127.847000461
188.33760032
0.236346599884
180.990184305
0.231581300906
0.215876215854
108.676851253
164.575087084
95.3353175678
0.220766347169
99.4140996736
93.7298959981
146.216900862
70.185749494
0.519194540144
269.885140625
170.616211933
0.433592465716
71.9002748716
74.8597914606
638.891017502
918.701775982
704.040014826
79.7286427323
0.600053569702
413.651948377
485.260042476
102.9855201
231.858591559
299.092874141
253.895089343
0.435553145672
0.397818800312
408.859411523
239.254663226
0.48204196976
0.267965869224
168.308183879
255.46740809
461.459689197
144.998279499
407.148366559
408.170314717
804.018382668
100.285669776
77.5194563139
0.407248540719
0.34610909341
0.328568010171
327.148289508
741.719232637
547.021111656
244.754288233
416.253993196
0.433102057093
0.435399740525
654.177749991
325.254344027
0.547511800615
115.478821072
181.606714724
185.114559197
0.250264706327
0.184776177744
0.245887949043
0.250423386098
0.330440544175
0.148190566081
65.8031184999
78.8985358498
0.275312196968
0.306754196511
380.128899495
325.113622482
0.461946067571
0.413020004092
0.254539169512
0.240397619301
0.333578770562
709.5324672
334.457288443
0.459610256692
82.6897799591
0.292613632506
70.4375174882
164.945276956
126.178275872
0.556957576771
105.847125928
0.316563160497
152.764563812
0.387405975567
815.278945363
0.180923154077
69.6109548506
636.527108947
342.494287868
73.8792502362
109.534990903
129.116565505
115.118232385
0.607594920795
150.569753149
0.312877680872
112.619580489
0.477686506658
0.305901172837
186.051015149
93.0168066979
0.133512422745
0.14449267028
0.202597555883
0.162063625799
0.186211828075
1297.44620532
0.21889460746
0.44586255203
0.486825105746
0.382503090943
0.39719108222
146.683351662
78.3122952768
0.224373184373
286.101597382
294.292421237
263.004294299
2112.23555805
795.004611257
134.936936848
859.866703685
584.216057969
0.395917266915
613.063037911
0.302732501737
0.304697728776
0.533130332175
0.558433711573
671.56317217
1153.28690707
0.239086315354
401.369018601
804.91320433
118.025256407
0.156669773829
0.437606103534
66.8741702116
327.86188254
0.422772987397
74.817347199
0.526631308564
89.511839572
245.736036429
1236.04904929
1611.56953037
72.6731097177
678.339772283
0.22404779014
0.16777684287
992.902663346
986.032251263
88.7235150321
0.169647406894
0.224471232025
712.460221228
925.101408808
249.383995436
167.270326214
166.649635343
0.592388121232
0.488735974703
0.377653841498
0.331644581077
550.740522725
299.560710534
0.500075725379
0.408126223227
507.370088598
0.528995431856
106.642144684
85.3893273977
95.3184625612
0.457736454216
0.49594648639
0.478978467127
570.836025015
1562.88327705
643.829954897
619.899860465
726.622934708
0.466133761369
0.568460700418
86.7241471928
0.735467197912
454.876885739
69.8323725955
1015.94326267
157.991094809
217.615548542
0.382640565628
95.133977693
83.1020251643
106.316959907
101.579205232
76.5479450163
66.9246892334
0.209550533941
0.227274577206
100.857426564
1313.57737153
0.318562942224
0.680325445771
66.2478352875
0.519586108542
0.549015873655
69.7389301467
247.07225249
201.935915494
0.145016249336
0.606021024375
0.614606788543
295.240278213
67.1597665455
0.437490076788
103.576156759
229.800183518
86.6687114762
0.358267779875
65.269959649
0.171353870601
0.499859989707
74.5624370308
0.643422142982
0.304220938402
0.459382324297
0.374854048019
0.420950114698
74.994916083
840.700851711
592.862280426
82.3033230125
0.474623068006
410.960389115
895.150495963
235.961873418
1.23526356676
177.742795151
1.45457888301
255.25431404
220.18517907
0.611841267925
0.23577826552
73.1523413123
77.2653518928
96.7782530556
225.966112751
866.571276395
504.81653014
507.183565603
178.182404462
257.85120232
187.394182441
74.7589494338
0.933211527739
0.753491647918
0.569182230496
0.224630636816
139.502707409
871.470570549
323.238393515
0.757911344868
677.324821568
158.679167522
202.017142842
2.05640268199
0.448838268507
242.886082708
241.282390746
72.6065873578
0.661585807782
201.089715009
486.566047762
647.00056453
458.401394545
948.490300468
385.881247799
74.6377506573
0.322272138869
0.380842958257
1367.22744228
709.0999372
554.29726236
0.205555676303
124.942035218
148.554971573
118.938322583
112.014061083
0.0533902763015
1397.37830764
439.672115338
0.127734093972
0.16875249235
77.0873739453
1333.47246319
0.196059167217
0.333303140583
66.3980016419
0.344293711678
0.359762347225
0.105649952704
71.894989728
0.164455752242
0.128167330597
203.343061867
1515.85234697
2007.14058802
0.445352620528
907.528262993
71.4459803923
0.235619204359
317.120901874
825.863536018
213.593440877
235.843411217
703.496236476
200.105505305
90.4348519857
70.1361970654
0.379871625779
0.457779435768
0.472572173915
0.321035909681
508.623850208
0.252376400344
69.1510814611
264.204516895
571.825821777
0.411404131973
350.13310484
0.528102346689
298.361704767
532.718460695
1136.57970443
140.686732311
573.099049397
0.126419465717
0.209943295373
0.335099609534
0.191270181025
0.309049509606
758.256160442
349.819324447
371.751400451
141.844816945
0.485380969368
375.261700594
955.316909816
0.637759451038
0.560262841991
203.274012527
0.449070484981
473.913622399
1213.85774656
1620.79762195
0.285306013719
729.728708876
212.056759467
790.532438598
683.569501901
0.173590041785
712.125833195
0.437151469253
0.40657845376
286.340510657
599.768578988
0.427326842255
0.546538113567
434.801881491
739.437948006
630.494984419
506.089275935
575.242504801
1513.08554532
0.456603725579
1058.56173248
871.818923326
154.169042394
261.914685346
412.234352578
119.511283782
0.427485175637
505.64312387
619.33083895
263.07389826
0.102334758532
794.060636065
85.893635371
0.420319022835
92.4653144739
278.211908297
0.819161460412
484.905095927
387.787398123
0.246261375157
179.443748797
208.195163201
0.267132248974
120.869886857
0.580440807484
1203.33148394
0.634364056292
0.348084807198
0.224290773777
0.312838473067
73.9762331286
891.035465897
793.511664856
0.33684749734
0.410015285385
70.2863426974
69.0222483188
78.7857784147
0.281621382991
0.253256439126
0.225194675399
0.226714478345
156.855207362
281.392051755
112.973637893
277.348674442
356.025831061
72.2881855855
339.682275332
0.780614541621
208.995966026
0.936254991758
119.091442513
0.355168513715
0.360762337623
517.35696653
136.318952496
0.363983212505
90.0943742538
151.802128838
388.952627263
0.462041842274
144.857026073
223.746585862
1.03475041382
196.397451657
1.11989655802
1.15087917709
134.091059013
195.434235381
488.246703351
0.347971904565
171.20692067
0.36611700591
80.0907424224
0.201339354848
0.261033342566
0.431183559937
81.5892517939
100.562344806
0.611058996631
0.370603989005
582.365576039
705.866356122
0.518451102219
545.902785388
518.048227118
446.762039025
70.0947979055
383.95866863
0.881696208233
364.196947824
86.4884179913
956.4556267
473.998852883
77.4381152581
160.862074851
173.705735587
268.597584107
275.112381667
253.588965886
0.469950059727
497.897345108
0.187268532437
108.508789658
94.9921815069
0.237432393088
303.433541844
724.627444791
164.716003668
83.1901139271
899.984632117
113.417105199
98.6267192855
0.235008167731
0.385013026542
122.312722845
127.951393134
121.854392995
0.571807605757
0.697210800584
0.505812407584
0.520738120148
0.215204639436
0.24649987685
196.772682214
0.491106758347
1.32227838535
1.3461509501
399.587647149
163.647188796
104.961119199
68.1350615686
72.0258593886
256.692459267
85.0545928697
175.242173588
78.8255101769
424.131972058
320.468698726
1168.20065529
470.125757891
358.254530457
2.06430747104
2.11648577299
252.11382486
78.6242033203
261.856274565
785.280689041
0.126964546824
0.200447807233
68.2276456633
0.499423736321
0.383008527971
408.786928633
524.787951953
0.387639496214
573.902424649
0.827453257945
72.1179235938
254.864726529
179.539224729
416.464348369
921.895154822
0.383116367769
281.696847697
0.24929113102
104.722780007
117.438145476
83.5631375823
0.43706397144
69.6597097255
73.8716376809
0.452896083295
0.655815158458
229.213353941
215.484936325
0.319601871534
527.262541763
0.728428205197
717.684962281
1018.59741669
716.833365288
967.161832674
65.231265997
72.6707579836
0.230957130444
0.355945117519
1019.57746383
0.113742134211
117.714859293
92.9941598768
0.598281815811
0.465344990579
0.395556818962
891.136473883
429.541376647
107.152775074
0.0995389593105
92.1456374302
0.257998144116
1344.65506533
0.284530994378
0.636497446148
699.684960677
322.47618529
329.518726493
581.127449415
75.7904126505
0.409355857486
0.293780051912
344.269389421
740.295522596
213.805513923
1069.01487601
1113.2774656
1169.01606178
151.261567964
0.18524686
411.406703755
105.694837388
98.318748325
280.696836881
76.3487232056
0.574319658244
0.641005395278
245.095834806
189.041827306
357.958244334
207.322783313
296.591165269
0.141595294639
84.5503164774
74.3218393694
83.4762898951
414.163900552
154.459211187
154.174556185
174.368754897
0.733976915217
240.598459272
223.53073712
0.209563995083
193.471993209
114.520937037
610.241727575
272.783427308
206.978174493
0.191603798309
0.193301586842
347.745483657
763.931932665
512.475713918
270.92952275
373.803800334
98.8281097235
528.597511863
716.266443466
277.074119985
94.4567465055
0.364430719739
256.954599511
0.560484202076
482.186367042
0.235399959476
203.75032519
0.304917095108
121.714989139
0.55224442775
124.39275235
249.004284435
127.880534771
1.81999366697
253.178942246
1537.03929507
986.023041149
928.453289313
745.410777676
526.512300961
235.173522524
1076.9020618
873.306370744
495.528076975
813.227823825
631.483147854
635.163308094
654.261890675
1621.18849795
69.6535938013
0.247381245627
168.185492166
0.135339675744
0.246560959941
116.041032834
249.434880527
366.216191709
0.396764103855
1185.29953722
74.0487028029
696.294863149
0.243027982467
0.346390850638
195.069921225
498.03556487
101.737693159
135.820741224
205.187802531
485.430220791
392.111742024
76.1062249093
0.44252956476
0.377870707568
0.267164406751
0.422183262007
293.258852501
354.3330137
108.954405853
0.700783735696
70.6469752316
0.435096232862
0.439480006211
0.69865321989
613.842272318
270.867733532
951.246855855
1488.75383102
496.326277341
429.48214578
75.0125783627
96.793013109
95.5521372015
107.205767544
238.637418344
72.7182685041
0.238553383697
80.593916763
1337.11568122
727.450892341
938.814882079
221.282095815
0.188901705459
106.151211745
0.120940068109
607.186196786
306.013258111
161.699386512
0.126099904132
95.0293717937
91.678894708
1458.27378415
1245.30023358
500.644209482
69.4794206014
73.1381691342
0.215072230529
107.943424079
110.024107607
75.009529208
81.9089604111
0.20944367044
68.8589529418
304.240909773
96.356934497
622.000276501
0.921605299231
1.17189030986
1.23511972194
280.784489972
0.888271637476
75.9978171719
0.788940182934
191.425840157
83.73135972
254.059584619
388.968957285
0.738859866649
156.331235365
0.731932477583
170.265342408
159.109340212
0.862567734446
514.44552055
0.467833085244
183.921462502
351.134026099
94.2219278957
70.9047613205
98.1493263256
0.269801361817
297.643792327
339.844027301
345.639682421
1.24709724513
0.847001134926
0.357282228762
271.694431215
189.620631268
278.740649176
77.4287537343
116.129345323
271.202306837
132.38108435
68.0060142874
71.1002390213
205.179019836
94.6284755877
77.0990740379
0.349856179608
0.380310459143
223.303306084
276.837498206
0.626832733387
0.180100671517
0.464251271753
133.644983074
0.447670961456
0.389221356255
85.1558418841
231.016943639
79.3818273402
0.32941576594
101.577468158
0.357745718543
0.794066771827
414.5664028
79.751569564
665.088641615
393.04669311
255.420331541
882.970229029
0.285813421593
995.75567555
541.964606594
450.503238249
0.373362065755
276.875503931
83.2575908754
0.35067934131
0.504282139481
394.376772076
364.715184248
257.174909512
0.841943288834
1.03672667398
0.899433375598
545.997273256
766.476374763
365.94387648
87.4177586129
314.049863276
70.9611707071
87.0526369018
75.0634499588
174.599047694
114.979559607
414.362476525
327.124184605
240.824957817
1.48473660363
87.050342781
1.27301255985
72.1198029098
0.471151128222
0.539038492259
88.1372434907
0.471238501146
321.513040857
122.740676036
287.647143457
0.650067055625
83.9833894815
0.37408373195
83.8441034387
72.6060396074
92.6590564035
180.935047424
0.526123071013
67.7767369824
74.9248846871
0.247186859581
0.344682229687
263.080325919
165.989548568
0.835602855079
0.917747798367
427.199579821
1.24425395981
1.1051468518
433.532970915
553.607604643
0.697110205477
332.752168774
95.6192576141
208.562931234
226.645296172
1.02136591101
1.21597120565
92.2769556826
0.41947293607
0.23519616776
0.28447610739
318.172068527
316.547192664
272.961412271
288.951849238
307.460791894
144.371946285
0.372371749588
200.139419267
97.3198826878
70.8859366888
0.175808312195
0.189902977775
0.525819905961
0.372882500713
98.6789777754
0.598574172758
0.66645023002
598.370008357
1.43756707803
504.981348261
923.123127645
0.662730846045
136.989625842
510.530977539
389.432022665
301.815950158
99.104772538
113.637929247
93.9232813557
0.314334128339
196.398626095
96.7035263036
333.232378165
1.23067063814
251.007472707
97.0492298052
90.6587290119
114.043318313
660.256307663
104.829351713
234.540326027
246.337126409
333.593250816
190.052301032
72.2957147352
785.448849681
0.342801030957
0.431131398343
90.7226220977
76.4928064374
221.593445725
68.019862214
1458.64842936
0.400678958697
287.674325649
0.546368595286
0.343047361022
0.592648990196
0.659410421919
65.893949007
0.846254001558
174.780099002
88.8297993764
103.544520759
93.2328012913
115.370303066
729.174104284
123.702499787
263.830245658
96.157517286
384.632910244
86.1120769158
0.898909990698
833.70837989
349.594608262
310.125018623
0.583121709009
85.6658327202
88.5995150083
0.564793757864
1557.81039998
0.6635567705
318.188768098
0.773487686912
0.263429441641
0.371725968233
0.444260455109
0.355286371478
0.277674879937
0.43571978459
0.545254082596
0.143908191409
510.210649982
405.412862872
0.55714121049
0.68498786022
0.082114659119
0.144825894166
0.145874492674
0.131212549313
0.118387726367
148.925892356
126.267845714
116.764968485
155.396048817
0.444682823541
117.300200839
103.462188159
0.396508539981
400.957786915
257.564921867
642.175107108
381.952617084
456.007000206
380.374756587
447.341616757
340.352691088
126.383678992
0.447658753898
0.27367833732
0.393805348892
0.425810825827
261.195258466
99.8275064733
0.798604472777
186.857862066
154.954399855
244.744417923
0.775985133295
0.489739765531
167.1278584
0.182481386943
0.179412491837
196.94299511
0.139213300051
0.220613090349
0.382373836535
0.498206927432
0.440471886757
111.360921331
0.907996850444
236.641039449
0.744649290828
1.02988851367
103.380587317
0.274145963938
0.126838165692
0.46181797177
0.568390160953
0.676079875974
960.084150978
0.844975850571
176.47151506
163.025444201
124.236610983
545.964063726
416.854762741
1.61614947514
1.46339457559
1.23253266602
342.326927881
388.10493329
0.254841474122
0.255898459022
0.258048149346
422.090722198
0.480362527953
0.753986359802
135.565716788
0.832750922581
87.0779031412
102.882390256
322.743774262
301.679073897
2.22153226651
0.751750758185
136.472136182
292.03679943
194.360009861
125.391001905
0.310531771239
113.67862937
159.153843074
0.421622552683
270.641206774
0.598761053396
276.703864371
0.514198053205
171.484493335
315.897777377
347.665222135
0.323874593433
90.7791507894
0.110140388598
0.165262023369
0.278236856131
0.157244728241
92.1967049022
612.461607685
0.470506782005
804.170287427
0.879862145557
0.899978277087
86.3852772236
530.285941671
0.307079964299
264.313591429
87.6203834315
299.43013471
105.005926979
0.391581783454
89.3637036779
0.506669308546
0.158442628154
113.093865252
96.9004048659
87.3168896667
97.6107194039
0.405140386276
105.172178644
110.291606166
138.366163269
129.854269303
106.229834398
0.364971116185
0.161022800194
0.2660481547
0.284948613846
0.19045737125
290.727790981
94.8767181789
128.459369857
124.177376863
89.4659540357
102.800403076
391.370460428
115.36117033
199.431206548
237.450336962
94.4068446142
385.498663443
358.777329626
302.008072184
98.9653110135
96.0987620393
435.160082028
202.842177263
0.436189026139
100.626636382
92.3569537471
148.153112523
132.878655902
187.823745009
202.620960247
173.396040738
270.080498403
213.232502529
401.468198906
158.200560229
0.509125713721
119.689102654
88.6796559503
0.490622689595
137.190869259
0.363981126486
132.94866586
120.725962814
104.323242004
0.817815774037
188.697539244
353.866349129
354.288451794
0.533634308273
0.390720749967
0.498979957151
0.540181581721
0.596739450251
109.438027657
103.46044883
0.529649694407
332.179120547
0.600606912234
117.383149716
307.835735569
369.146120688
332.763529582
0.188202684462
0.215686053116
0.307179974653
392.107821137
172.429583173
303.660260766
116.083606592
113.556190038
372.387515146
87.5216036031
141.834506227
0.521195050943
113.802466175
0.379508026552
397.03924889
146.649153347
145.452440068
0.764103139957
130.184341618
185.535526788
248.107346558
189.495854242
196.364557728
97.6726905007
0.280117089353
0.264133835705
121.537289104
145.87554968
147.863766644
249.869980197
0.451618111655
0.730735393538
0.845670713554
3383.25890966
90.516679778
0.865960851641
108.886980367
160.007658538
107.553956191
170.029835357
156.630150304
96.3533741241
2.80763887741
109.357556347
227.095228596
102.563405193
0.670163307835
0.678746276147
0.388751194383
250.130807714
647.263236155
92.9530995312
585.110131011
223.572422682
97.7945689104
660.732726757
0.872400405809
0.837257227985
434.832942504
132.41132146
275.795592132
0.715643885695
0.176414173903
92.0392800274
434.880749467
0.281808673699
96.5649931831
0.763874309689
0.691757191137
0.931063979343
420.998498779
0.496665230109
0.518758984685
1.1074143916
0.421791774329
1.20985216443
248.586678155
101.550101103
258.529439131
239.719098653
145.643597743
217.776987585
0.499667445882
171.494147143
280.958964036
278.358797691
357.000359883
348.19043599
404.440988792
0.533939664736
931.402534718
1043.59943447
956.386719587
0.492299153463
89.9094444352
263.382096143
141.316709476
363.579107121
273.533137398
319.330230895
118.744131577
108.097542598
268.733300434
102.78052523
0.881943213232
0.204027784547
0.179072011919
254.43214443
0.295178165762
142.958926089
0.490909208042
0.417788384664
0.492691939789
0.703687336974
0.640578662133
195.704023539
201.756877983
110.925773681
95.7556766085
0.594142921762
0.846856526583
140.425167575
89.0671691792
99.1202333348
0.519783625064
0.62499775462
318.044118663
3436.53592541
268.323488351
92.5080700971
0.139232132892
162.36773248
118.71615828
173.370901066
253.319467838
93.9595628431
0.85497499588
0.777598676508
222.772032424
103.992689853
92.3102184345
0.485790973634
0.41014095885
285.158068016
873.761775094
100.065858095
599.761514853
230.703684886
91.1502044898
397.05945668
0.947573177046
1.15576496539
585.998151661
139.781458077
290.777390182
0.768273855034
0.603782034188
99.879294225
0.21661336385
0.273578550656
657.908794195
514.094370454
0.760587011979
113.90598045
357.955971627
0.395478929065
0.377362996075
319.040082412
0.301908193433
624.847989863
391.065751027
309.229319504
159.762575625
225.507097992
143.959356177
98.4553229557
116.452033154
180.424409755
281.147972882
467.350346562
367.539368715
363.195939914
426.016955066
198.960782582
940.710052899
1046.40691136
952.22053188
112.230234805
117.58272231
191.202780884
90.2213598117
413.275337581
287.381340274
326.887451944
122.948444226
102.760003541
338.633922319
0.89079330596
149.082334562
0.304438305115
0.340860410993
0.32909561042
269.131047743
137.86570893
0.696323570502
0.656353758086
109.487800046
156.148155364
0.446871015368
197.918526293
206.765079762
112.899832153
91.8045170315
0.354128931432
0.801320461856
141.576258691
89.6363284285
95.9209295009
0.489162187672
0.626372626754
319.703399909
0.334866399572
267.494787648
0.201776796077
100.667190067
151.932265424
141.268872206
163.449009129
255.218608184
0.700029000226
119.836985799
93.7803780041
190.632448423
325.801739873
0.69849125052
0.513294479841
385.521394562
907.167419101
313.890742802
108.082650604
746.04550532
298.725633954
351.772450883
432.604887036
0.876886290161
1.09092228467
101.778842646
95.146292441
0.913307242206
0.762499233516
0.607553243796
92.4707592599
93.6629552655
129.805050446
435.053478054
0.831095055139
365.00128955
1.3507118969
86.6480967254
0.5558219225
143.285743929
382.217323381
0.488193866619
541.089322961
93.7609448258
281.787374267
168.464483044
0.268810713902
144.540832035
212.498795671
0.240434281124
169.176333663
278.038161096
380.38324874
327.153861029
355.95079626
375.569361338
114.832384131
97.637424327
98.3513212882
0.485845318485
205.661120815
0.517216422191
951.434795834
0.46945934351
99.8027183836
0.496612341613
178.064659756
127.068819912
1.7128556542
93.0625799689
1.19787520294
283.564850163
0.383962938829
85.4935637487
148.971944638
0.555390279859
231.828376247
269.982960913
132.684582668
159.377749081
91.9821287643
216.300245279
225.696103635
866.278576957
0.411901344564
0.566215037592
0.297252869216
0.633267912042
131.259727526
0.978048085357
883.255934401
159.439906884
311.17200839
177.885858773
161.200712792
0.909332151933
0.918790544133
106.430008135
1.08312866204
93.0742990068
174.072858847
158.210219307
1.54098407715
104.043271794
3.26931425997
1.43636273329
139.999533959
0.720231523024
0.652582047446
0.33540423629
0.540689059402
141.485995949
97.6170551358
430.665366688
206.901921808
399.311153163
0.354658421217
0.40761795488
0.621381355539
0.585542135095
229.059539456
272.107620146
116.47522083
110.37130023
0.123011712366
0.183043740754
157.268362325
0.206808503628
86.4928298968
0.451808737706
1057.92103478
142.494657971
0.180541108563
0.258449400577
335.415997121
0.670651217934
813.673803126
709.029891518
87.0935430841
145.835482357
191.731293573
0.367671824641
191.469073677
119.321214861
0.30375401555
253.950158663
156.235045509
294.431107146
301.594364627
0.611914000816
0.518407568876
0.624053860867
0.535938464862
1453.58896484
1763.12614155
1698.49760885
193.427782279
574.210876908
468.744865326
155.14323472
112.381840246
1443.72280426
2290.14052972
2774.56602741
0.358260734494
0.418900208229
0.316509864036
0.152259269323
137.428951047
0.414625442632
0.595787205672
435.227332739
871.85513393
938.537504989
897.508508866
456.565717603
289.986779102
130.437654474
0.238596345799
0.250536238258
0.206868535104
0.683248470275
0.435841372301
1669.52186509
2002.24703731
1601.78679727
1040.77817005
1027.26800835
1654.96635906
2593.15716912
2916.1981299
2103.15640371
1807.01476937
1775.28254591
1429.65578235
1462.24990312
1203.46202777
821.04873092
367.428497351
0.124796771001
97.6271647856
0.159354406246
292.464441604
90.208453273
0.385737902449
0.329931059937
0.273654731085
0.387024953239
0.366684082749
0.505970403653
0.392721507751
0.132170818732
0.116183099967
0.185749291424
0.27115137187
0.33288526521
0.296350291208
0.261893988726
0.319291298526
0.329410438583
0.353988116393
0.372105851683
0.42087704562
0.422884099796
90.3713327317
86.0217062977
355.879234474
0.141821310003
0.26792070087
0.277402475713
471.601556922
0.99517925179
1.06786519918
1.06823981649
1.04866242167
1130.36807177
231.618523368
276.50054544
0.363638058851
0.0700962992436
0.0795741209506
0.392852882247
0.362412962704
0.0480369381717
0.133678196827
0.180990134855
0.217597234926
0.201738333651
87.2458222902
190.938065473
125.259668111
94.7767712098
595.993539176
993.188615768
0.118166135626
106.812171488
104.789441896
88.2513564032
89.7989600468
262.799926579
143.737695403
267.864245944
302.050233114
373.632678609
146.454787038
1710.89056698
901.773609206
1451.06891222
864.241884738
599.734806535
1191.12252246
302.719896362
187.064197318
560.526358939
432.118301446
0.20849989097
576.154488936
479.413847378
0.122402315459
540.21909281
204.647178624
650.923980592
317.124911658
560.803794723
296.185526439
215.415700939
494.437857636
787.157231203
0.366463361959
648.788724895
931.259720895
267.371564858
271.157231703
198.757167338
90.3575078694
208.715763696
0.234265741293
0.287033964674
103.017723395
546.06977156
293.555087334
0.941034651584
0.887444283242
117.105482544
0.368706295075
0.361704943467
0.472713303792
91.2654795626
0.708812380493
232.333664238
179.926515412
176.349836203
88.1212710299
88.8446554665
0.597009133454
0.590471099203
1196.93889011
974.937427376
89.0555077322
149.808163675
358.763787394
284.960108675
387.807253073
370.632164524
99.7310127007
585.738150269
511.510184354
350.078995897
508.605268349
1.35437822673
1.28523948199
144.640235685
545.670507481
182.854286442
190.292339756
103.235845342
130.517729436
317.849669096
0.731983461545
219.915265527
220.816888273
0.949061382074
116.216020716
171.376343533
389.430517713
589.398339584
440.897590805
95.0559019208
539.971197258
600.929653698
513.03868833
382.071110568
595.585829022
589.684855779
1.33324785512
128.988764838
381.011082296
116.034581541
1.28525789534
1.26239234555
89.8071187037
1.13963693755
1.16626266272
94.0004104526
441.978560934
0.438431708112
345.203958342
0.341375862558
120.864433998
117.393090763
0.472796427594
134.099533095
238.559290046
329.143359652
105.854002946
231.31899379
101.434973675
455.782094648
176.758861485
5158.14533203
5355.88130453
146.575372401
264.801168555
0.336532086239
0.330981629676
396.449751402
688.362407193
294.457421791
0.715013666864
0.606991643586
0.606805835471
409.769731854
749.044396666
376.585966984
593.59790525
955.741162676
429.089330258
0.768303061452
464.325337516
100.204349218
124.483160115
332.670768554
0.284458314554
90.0520908351
863.646730213
91.8012136683
646.186216192
618.918598217
1027.40629281
1311.83794436
0.367376402598
1093.68823112
1833.50950085
0.868822084585
381.54835238
100.900275236
123.103419513
436.416684675
135.093537066
2.87917969809
101.67186194
872.080197914
182.12276832
0.887986164145
0.791280650382
0.977500224925
0.817413747217
0.71075591098
186.620007147
1117.38859209
434.696004319
108.788027355
505.26293863
1.28633558944
1003.39390683
1433.92381774
214.313140943
685.258362673
1.05957924857
141.90168688
308.612613791
281.824373035
0.699487528732
0.639574980151
766.342650573
107.864095465
111.382965583
291.003685139
257.157676257
0.562510987653
328.171257414
88.0388348554
95.0761808145
87.2820533943
267.583465092
0.600605533402
109.761459378
892.625862315
0.660190564329
184.486645458
99.3132820695
0.300978932403
0.310809352164
120.482205521
0.297514504662
3367.83683255
0.152362832543
185.75091035
1680.85360314
1271.89458719
1126.19048984
1143.69340072
0.245092537018
146.361308185
0.286432840255
924.709223169
935.586742877
545.901783462
198.76842636
196.986470057
114.208024347
86.2946210524
0.363922979736
0.369674938784
111.987858522
0.426929971359
0.46753396165
104.07201304
97.7981791845
223.056382302
404.637510973
618.034891518
0.561309285348
131.14736612
162.155853053
313.461331897
436.885592364
145.99372328
90.1619118351
0.889697528085
0.688782305069
401.855452947
0.547419833556
595.335715553
900.042882952
1254.91727149
97.3483437696
0.594887638856
0.552030557576
0.399165138781
220.108307447
373.633548303
91.1325913966
383.30272676
584.492708665
843.24866363
503.282019517
209.669660981
1.58152395233
202.338912685
167.770036409
105.440234744
128.502021626
282.137895433
105.12656499
627.430392841
303.749410232
454.434617661
253.479352539
914.283585267
337.849798509
0.87050401354
0.803946360949
89.8420934782
597.464503986
221.979384816
85.6386773522
454.652881507
0.785133479693
131.608670854
92.5061442759
293.609707215
578.344229824
1.06150999082
1.33985410422
1.28088056919
273.441749186
784.343559049
259.007035561
634.729927626
0.891814356643
701.068964909
686.088773049
0.371911768308
890.270513626
0.334932495198
0.350549628693
91.3874073804
86.9042227465
127.928398215
173.967734022
301.018476316
457.780724979
345.523798132
341.885683038
270.166129976
142.76631408
151.02097177
0.190932230633
2580.74619637
2631.86199668
1686.20160476
0.435498428841
0.526859681171
0.623338050042
89.630646924
0.439632196793
99.7137855891
578.622623754
0.343337541242
518.057236025
0.56904922287
1280.25483063
93.8121560327
113.070617832
276.802645976
226.14833984
163.691450527
89.7732816395
91.3394378917
0.402542765265
241.683416193
89.2045572787
97.0336624938
117.186554921
529.196013125
0.339009680833
138.520677212
0.289264788932
92.3384261479
452.957784298
413.371877429
0.238214694271
407.532260026
0.165684925903
445.536385158
1124.77435917
0.0276328872203
512.452661985
252.663992013
0.0190333365874
329.71433571
234.231988352
96.2887816893
155.338908668
138.150067641
109.937107241
308.254628762
105.128937271
0.0
303.759511805
410.091618468
89.172604954
0.0363103004199
0.201496641444
616.504859399
0.302394281819
0.455190786465
0.405154291152
321.370525864
0.324536096789
99.9470420133
1.0637614631
372.875368582
0.552725059131
0.624289040864
0.622470608706
198.851685725
0.428911931364
0.365182728502
234.344583852
0.379673347532
0.379572084374
0.57296872962
374.382345263
0.749852818336
153.204667719
0.597198802085
103.298347323
0.449228065634
0.799915160488
0.569377848896
0.598849102487
0.83639634211
369.570970637
0.409568850672
0.530682876798
260.230510574
0.892514557173
110.402938373
108.689263999
646.660589601
851.257489449
89.9362345656
0.339076572743
90.895784531
0.350767241059
108.539173062
173.415779824
0.678462481986
0.768088960755
0.381121043513
0.360303359974
322.874736784
0.384601050748
723.717980804
432.933060926
131.52051886
158.668716457
100.393824824
214.39082144
320.096541532
0.677547900678
0.804058418266
107.812163958
190.45303198
362.572816766
120.451625965
95.0243029087
0.034516512806
377.871627856
455.650823201
102.383900034
293.376059863
0.818405937349
0.680657902644
345.576796544
359.639738276
108.249715111
149.757335403
1.10690566693
403.897056938
490.462093523
0.917038731857
402.094724158
422.543644363
397.402611075
92.9049652364
0.397439984362
0.256528904964
236.672239778
95.1852075884
156.695246633
733.840817904
467.134321642
110.472367465
0.453871112401
112.546843805
0.112263707036
301.535285801
0.147154843458
0.235987782536
102.733757064
0.259185164288
110.219950104
321.661970643
250.503948453
92.2664498854
253.343640314
418.629397993
111.520885436
124.761813074
0.333855243061
0.324983092819
172.416512114
0.304500876064
0.213484856213
0.264376885118
351.754828565
435.322191664
0.299414684447
350.568214996
254.31058585
0.391750645667
239.141181645
93.7593689854
86.6068458889
165.388612436
152.317664664
0.268884018569
0.321190843777
310.992704503
0.452430013484
0.289644768882
0.339697380647
510.988019653
110.367939225
0.468787264873
198.977984315
94.0611876534
85.8000805431
94.6458731416
128.382915475
0.666456698639
417.957559749
0.719280901086
0.642096378673
464.542459948
335.363416433
0.191650391723
0.171285370916
0.577501952413
93.6818917885
0.704036414091
347.744468001
618.321021651
134.769740652
1.02594818614
138.472489735
0.818411941787
99.1960403077
0.174091721795
314.524051894
0.155522697512
439.615457512
289.775917201
0.704144585205
95.9660907155
256.085318002
545.460929696
339.782337024
390.155708619
519.911419001
474.463405369
391.580418079
457.490120809
521.884608649
426.943139403
356.735561807
487.806491129
652.281307082
0.375640904513
0.446876024453
0.257564988996
0.577554611808
248.10774781
525.416326876
0.386114131051
468.031101667
111.629654559
1.04204065417
375.159340289
0.502572118309
476.767394824
748.682450561
843.63990651
460.948348567
0.190871281405
0.184842832798
0.447660965324
1.2329321873
436.059904391
629.745120589
855.676628172
124.631980901
0.150596194193
125.163733935
0.288020257255
400.712263515
0.268771417607
0.220306854461
420.198376154
397.617234141
0.210994223931
0.218981271286
145.140629517
0.259595231085
90.6556696022
0.370063267326
0.354137800345
0.390045904934
261.168680303
326.220868024
265.125491415
0.444281208523
0.470668374028
0.474579353959
0.419011174309
0.360827853754
0.227885274948
664.563407019
811.020865294
0.293679927825
0.362719530195
0.334549375244
0.39722454373
100.320647506
98.4950428064
125.863631539
0.389781755247
442.556385374
0.620943919041
0.615120590068
536.537298799
116.759111159
96.369376077
277.172103172
0.563789139888
0.792101965891
274.889955941
241.896731679
198.709081145
268.602079711
88.7466032061
0.964055327696
0.502419902723
116.548832489
254.311786427
120.530864558
155.051132572
0.612408774361
96.022856298
222.421996486
0.718029224001
1.05115972673
279.486399694
106.860049794
468.785507064
0.69138771009
0.85463094186
347.745333517
318.738026005
291.990230778
1.33650277207
636.678433979
541.059604666
322.854790015
404.108735097
324.598237364
108.897645339
1.06389505244
280.450433201
323.534194688
457.790469916
405.652579927
205.894547163
101.203853989
87.7072590798
91.4916826176
87.6459883588
241.58644311
0.482597016522
0.524763947173
0.507497145015
155.44490428
196.401278748
308.842069872
0.844583014011
799.533311072
236.322679981
286.028091929
929.49798152
830.030651634
340.139226072
373.536962901
0.246957944258
258.708233755
109.910503095
754.689040769
0.502375449178
144.944787188
0.480155373342
0.790065015466
0.680103306573
224.845689571
822.301668007
0.0422670594843
0.0648354757527
0.0624105766878
0.0707277563457
136.577186251
87.9795179534
0.305001339134
0.448675552912
417.304626274
486.875836019
0.490842075253
0.409669399859
0.427711888516
0.609187054673
217.949848463
1.05498827029
0.974697842046
109.729255021
919.430839197
490.638565922
113.665049236
98.5206697248
107.078744267
0.361577338921
0.453734117859
0.901739441403
0.813551333573
315.415937937
135.178749532
548.240461268
0.598457147673
102.29061514
0.419053053592
92.3308997227
103.270375162
0.575058024371
683.075869883
657.024284123
0.620268298712
296.880852757
576.79719509
0.60858312561
517.408119414
271.35727218
388.314739362
273.623910431
0.674075504891
311.546945256
0.316262705268
0.420282878757
129.513801545
93.0880446672
132.525001415
0.367818884594
0.840885996023
697.337250049
407.185240753
205.465314285
1.10501888263
487.713668876
222.095742781
0.538886546778
396.005501385
232.596044748
255.817832046
457.808948391
140.064348086
0.343970095306
90.5695823216
326.320807654
0.348547989024
1019.63875067
151.197644231
206.713127467
0.472854361347
100.265453513
909.088780255
0.685385985178
87.906740679
144.270198843
0.680549301462
0.594135778943
0.55885615737
0.531778931369
0.563665243417
302.041849512
209.507095152
213.385448539
237.217528011
0.311520581553
0.275717694764
144.650317851
322.65152516
0.0771372308087
0.114765042866
88.5706026041
118.539758893
91.8371486838
93.1435172217
0.0965324300246
0.163048007185
88.887264492
0.315846455273
0.293252296678
88.964743829
0.0797300614122
168.487776169
152.495924513
139.629022651
0.294013759256
977.060543008
1495.36918896
91.6483544133
291.31499562
143.053617891
412.263000855
90.4253048869
0.20369569671
0.175958953592
0.425314739847
0.353352960504
0.464627203437
0.723241683879
0.285814527848
719.882105077
1087.47160616
0.224295166538
107.524891404
831.797739572
255.1479679
308.09104116
731.834661433
0.392255354522
93.6771296113
131.057922736
365.840780247
367.721805807
308.533249407
135.271610417
325.452750992
0.557396964417
0.532991108746
106.776266258
0.573033827488
0.279760932354
88.9370789345
127.153338496
0.472787428914
0.292538370188
0.459431188764
178.175696625
105.005823254
328.085808044
87.9410671641
0.239788498691
0.161589923649
104.157092159
121.123256974
132.196101912
94.8420453328
0.444894998159
133.114286913
97.5862629639
347.479232736
0.459751035621
548.706040917
0.357723720238
0.327070888711
0.27640355377
390.696965459
0.343303021101
116.086075752
668.235809502
690.516219076
0.0658462094971
0.087169565766
1368.77826412
197.704735596
181.787234707
0.0
0.0
0.0
0.0
561.408579176
89.2218772495
1375.01918503
96.768190948
0.0
0.0452619013011
93.8801017199
0.122054663337
127.658705575
114.419031679
1813.44719869
0.128792702709
89.0049104736
0.256496178597
0.211714440429
0.0540132863586
96.0863143202
0.0616145156069
0.0948915363058
0.204471113624
0.262344894027
438.031021065
223.070163392
110.156098051
343.655456993
680.860446724
95.8094621872
0.196106615173
140.246677213
103.461884962
0.275984414471
0.491323302673
134.84043383
98.2741761421
0.328615986703
336.531905519
1126.3609044
0.189912081799
0.234959674163
0.206226730969
685.583310006
0.334714424953
380.819541974
122.826747124
94.5584087002
115.910481744
162.362487832
129.647661326
116.506435329
541.584781138
163.738053822
355.995283619
372.796349615
334.974694645
0.663326421681
0.396990540368
0.375317814418
385.15471564
0.352801791418
1009.54911051
0.828451633344
0.926925939601
111.268096123
216.24172335
0.97330107781
288.856490128
188.450828602
791.235752466
568.810903966
773.16488164
1.1789372644
0.532933272851
108.618762162
0.330670203691
381.497469136
372.593193091
96.7681232454
103.705761639
0.605910200748
256.665829248
108.525365496
146.843815935
968.089035406
1509.56587627
268.678796138
0.293258158222
271.194960336
0.326653247298
0.343208522442
514.819809463
0.277410544625
0.100113159028
99.061919042
0.197900274592
165.762480204
0.749212232661
0.616227099615
0.191929352504
87.3965098089
0.0922783790695
571.580598085
89.6215109172
183.735506643
1181.51816025
1832.36342887
0.0696382533899
0.168489354396
0.206590165941
0.174437517021
87.0485729417
101.740197162
0.127008893387
326.293042749
323.309653201
95.3338504604
0.2451587014
1491.16047359
0.191268451059
0.211540246782
2141.41412324
192.243857542
0.0349562637135
108.931641649
690.720747545
408.248854295
367.736730979
0.904405661004
626.78796228
1397.53665403
0.374520212256
0.679285889691
0.803679814771
0.393538029639
94.7909838657
562.017694345
259.307791223
0.551874567874
849.207654043
1142.97328067
159.409172999
125.338456617
790.850824391
432.751227112
650.928547716
275.948573479
117.523881334
0.778851525661
162.375394459
0.759755037758
445.583069612
0.819610786036
99.9210588039
145.766279244
204.500831632
1.30262300623
1.36999380619
780.683447598
956.891260754
1.22125871091
551.591663975
0.181994715277
0.0
94.9179922151
0.294694597752
129.395436639
155.187788091
0.434437088798
0.431092978321
0.490333141166
109.025704238
0.314021764882
296.087441965
292.310817468
0.428373174297
224.739171531
103.814675976
0.243454747101
309.998234933
0.235843876813
541.475049941
419.929576787
145.936741139
0.374625494823
852.396543702
635.003738209
380.067528354
242.233939267
101.149285172
0.3014823654
217.455448531
207.202192185
0.393671638437
105.401586018
850.907186658
116.119248714
403.714648455
0.138113515326
912.507341566
784.046996623
0.313743783725
407.476872501
0.707479303073
0.679177635016
0.0458655904606
105.530983656
202.699895037
815.223045797
1008.23922929
0.340641410614
442.228213543
1412.98572313
0.40082566428
487.928912299
381.983572315
0.447169700817
0.462057693337
435.798096184
0.222379521307
373.009230162
104.370206256
0.412367963491
732.18762292
982.475976386
0.611456630755
699.60020586
153.315170581
173.495152868
645.22414019
590.664764345
558.448021473
0.500630576273
109.152720763
117.518069831
1098.96023184
147.889434485
171.948379397
341.964220875
336.712391803
282.812131258
518.870130313
344.909314445
300.166075474
0.149989537652
0.108710641108
92.1783712111
294.249906874
0.0959200570042
526.859944471
398.947130045
94.1300601333
0.596179503633
685.872643178
88.5360538388
94.3047773429
0.0959731111598
0.0729278541974
261.083983159
309.395285933
727.396702708
0.449383383855
125.90141887
92.3284559992
0.341035036972
593.354384244
748.174560771
695.288743811
92.5259619616
0.17063168869
92.2511646206
0.205276738
0.183010141551
0.25431812291
0.329853383015
0.362666688017
0.432765904023
161.323543718
116.000658003
385.664421581
218.548915791
0.357309525491
166.603544035
478.685985114
0.622871074789
209.107674824
0.260309830581
253.7952933
0.356793043691
114.134190091
0.371596182048
1026.85329642
88.3870009593
567.395994396
282.379548249
114.189431991
103.856482854
0.247379169695
0.240521806594
0.273297260908
94.4716405403
112.575381508
0.168440756413
89.4497520112
303.746189511
225.063433039
114.328355235
465.712392815
95.52816487
0.194002298155
0.248589704371
0.185483727359
102.060181138
88.391729163
258.60185723
612.998253793
479.864440129
129.461991614
0.250264576232
575.956785349
847.885252705
1089.69930823
0.321566099584
254.807617329
107.986692956
0.297348523001
851.905911938
722.37449591
397.561173654
224.297330398
0.410894860471
0.539438074735
0.424471071733
0.517746702474
193.042277186
0.886056108978
93.9777044533
96.7730599879
0.818329580329
0.714343684061
316.560089234
209.586707991
501.144958719
0.438599109041
0.580493342169
115.074114589
247.300745022
1.44054023777
88.1535223944
120.839450801
113.033156639
229.328511319
273.806369498
97.6769194727
0.878509213298
0.961168858544
809.913187944
216.802979027
95.7360338982
271.518168289
471.157303361
128.888021314
599.37548347
426.39151021
2.03129286845
1072.70358624
2.25529714959
790.92578308
1.97254289554
2.11442204772
96.2921345987
829.35824974
96.7630419948
1.88116840924
136.087071524
97.02692312
138.505805072
181.800895944
311.420749801
1.51910095712
1.71856054408
112.726673864
2.3770015682
398.687196382
407.649982163
1.77734155035
193.947077935
179.051013908
161.967383741
0.694887427548
0.79580466748
1.04732406638
1.18983348418
137.523095431
204.203400537
103.642509166
1.30424654393
1.21494847349
111.417024069
227.204512841
210.419073804
0.763331270856
339.95026034
964.190648313
150.964345214
1.06217350737
933.395179069
971.427271428
194.133582969
1.18846579992
1.14455258827
1.01881904769
1.02403348942
0.955681915969
1.07952791837
135.087888451
1.02461081315
367.323299941
209.681064599
892.423318906
211.608881311
151.266541002
266.508128495
273.521517533
165.6542344
0.541062864644
0.52835136647
0.666242722099
281.838595519
0.774839643857
94.0600611134
1.03989123438
1.23129435196
126.186843637
102.115828949
113.116048704
89.0089503751
112.827492903
157.198353973
0.897673925367
1.00174180671
0.844902185155
1.08198643755
117.048900741
1.301532854
490.79657204
757.228090098
310.260605481
246.58649102
2.40232471542
2.46477584292
2.6504865864
279.40836491
2.60540045169
2.75741264493
213.57456399
389.931287807
114.620183702
2.47313634354
505.346462956
420.004468297
2.18295490823
222.476242731
931.236427801
99.207554026
360.783721406
184.344280482
2.19639454436
1.75572090463
2.42127145843
438.03357024
418.563383738
378.468004808
426.922215767
460.137397645
1.50552979166
2.17884681339
88.4268797123
2.38607284004
2.34669679965
91.0954565563
1.84386075853
1.82060794684
1.58441696058
1.75291367383
1.51595909237
259.794790237
180.477930707
1.34794815394
1.35487045538
188.875836769
712.64631705
96.5156325196
3.23732448027
3.82645872207
3.6063946188
2.01979470088
148.725957636
125.002240537
2.65155549861
2.73208739832
149.135915609
127.56981608
3.4436993575
461.493682929
2.59061211574
2.55469862448
98.1479083456
248.329689204
1.57902612584
1940.72175239
2.51571164809
976.886729052
686.268526146
2.66941180988
89.2307668904
925.171903915
2.42808585768
2.19772320174
117.256462112
151.729442832
0.76393635306
0.866040372441
0.680842009261
101.530439929
122.304996132
2.81079276633
2.77989809951
144.4183791
188.958266713
219.582943895
544.794543405
108.135545435
244.394106315
135.021426914
94.5794747612
117.459359229
135.489294669
99.0593613289
138.954874851
2.55668978313
2.39305483213
865.896685396
1105.52580722
2.22564937352
356.899690382
299.610608423
592.972784193
781.122119684
102.770050126
129.937325559
3.94601999489
374.052490587
366.369484313
213.118102517
333.419209944
3.18627383724
3.15058066993
3.29356328947
139.060130435
123.476339507
3.4524192245
281.252881147
127.690734251
96.3769001581
4.61621777636
354.077720769
1.28780851228
4.4810776156
354.988201807
88.8213786877
150.853635582
121.198839279
153.1658864
159.045258492
3.84007150148
90.46206464
3.20985652485
3.17252249087
113.07808297
205.86106179
4.95299736163
1.72530729002
288.574664068
326.274340532
0.934365583571
190.828567765
198.214089335
186.650989437
128.61284081
6.63838839665
3.28140508333
3.21128280466
359.229642163
256.672123281
187.506678826
1.32376376666
1.35580296363
115.285148201
134.105463841
282.402122506
199.862937701
134.355215759
158.118727729
340.533365612
107.919937672
102.035899585
89.8593029543
1.98588451247
1.92652239829
98.2903392439
176.621843999
120.990202374
1.34799992799
557.478385369
1.26251943298
1.63437333742
1.94890361305
158.11958528
1.7791564084
1.49383710218
1.24270149945
0.964381747155
1.0626767686
101.045668169
273.173979665
111.753763926
101.119344704
181.720948601
339.510108363
299.430235886
168.561953579
0.998233742153
1.4152682614
357.418238965
97.9607709895
377.431562702
660.381154756
115.84617423
370.013754664
4.80476155136
4.74735423855
618.914064439
1.07648411054
481.730341594
119.72868733
120.924641106
96.0617390828
508.942373126
1.27920739875
332.054030015
1.08875027767
125.327688429
1.6282560889
345.856087219
551.59605863
258.263285424
124.901541353
230.867531492
2.04063739673
2.2585820733
304.990167615
308.540945915
139.836629351
2.37482595247
2.33872051359
2.53527968689
2.24369747349
2.11594935228
1.40727681525
1.06216658137
3.05258093905
102.390422011
1.07291404401
1.24608553234
1.44244496089
1.62416995414
2.15953907368
2.1046674237
92.5505454962
198.730863881
3.11147163761
3.42480697455
389.996355816
1387.32125601
3.41768651917
164.771003289
92.1084770464
3.25016998886
214.45356364
1.80777702149
98.2873476342
2.08966467475
90.7879169285
199.767020508
313.634310264
131.98229351
0.776178669167
1.823920049
352.181790929
140.788129583
286.761219818
2.47492972474
3.01880884797
88.326346877
2.16570853427
290.835324383
2.32814497428
0.517297781915
2.2292195162
107.56966773
3.4583435768
115.601710564
4.08695741075
3.26197862375
3.88675371876
92.1393769085
3.42814947934
126.072873531
132.712051833
509.793687261
88.9615580366
3.92597383424
5.6005345177
4.81941590144
5.13522459843
5.52743847535
116.19187943
6.20219590087
5.57553246629
5.51649816853
4.81495625926
363.665455779
493.44362385
4.04831383711
3.79888184373
216.121161831
110.281984992
198.678481217
98.0853602607
2.94729759323
2.47192983521
1.8644457661
1.1479708317
1.13045004754
1.16344031183
1.07691145409
209.961682233
0.75160912731
0.571005328808
1.0054719712
0.936622487908
0.753269748485
0.799673748277
1.6478922909
1.49225985563
867.38114998
382.476919032
1.91859920201
1.91887019312
1277.38769672
249.824667882
186.046368388
385.761538501
136.32951627
1.09984207288
1.16481382328
1.15012950034
622.241087416
1.41671574001
97.9595905411
1.7907513603
0.374942998344
1109.90867478
721.403163691
446.183434236
251.854652599
101.677719333
135.731782848
104.761149206
100.723451445
712.589328939
114.133010715
193.863377
953.60302823
245.307910617
0.0730496916182
149.58723474
87.2974333388
0.0
0.0
0.0
422.633428881
0.0
706.631457365
1345.24424708
101.745525793
552.607384714
124.284243718
134.14034184
295.55626168
766.377300092
1089.41688217
99.5201955995
0.034315188998
0.0950096184774
0.119448643479
101.727492987
0.150622489443
132.583107893
111.570479912
557.197430712
129.144939816
514.337512837
0.649447506107
0.493039266164
163.295803348
120.212356866
715.262961886
390.961698638
386.499462519
268.050963477
372.075561185
106.178230145
239.721649328
0.18267813951
135.643285415
305.570565955
0.234736148858
0.257920189923
0.225998855743
148.034083526
97.4135765681
124.138795
0.207006492456
111.813979001
0.315620747702
116.047332594
0.280894977602
0.0955596709298
102.460720431
0.105202702133
151.435837967
0.394447598502
300.209516622
116.983276693
115.258561981
1273.52989428
995.853815121
1.02265462586
1.08909683097
192.714209573
692.263126163
872.283919309
534.189781495
0.24540829683
0.426018162362
445.554347898
91.8955482963
504.599011811
227.7213131
465.950316984
484.615783608
124.372335173
95.3461293288
0.696567092704
0.428717824376
906.40946895
754.328857398
351.450655481
0.770405091834
239.57867981
245.49590368
0.924349036679
107.295880291
111.179295267
121.598543076
90.680947779
133.447083451
119.499389792
156.286622983
90.3626105305
0.875013190814
0.418129688152
0.306027374388
0.46145415587
93.8657222414
342.846730739
324.868400278
148.13667585
0.86043304724
0.81253672427
260.55320838
0.934108972345
0.759103134575
158.269530791
161.760505273
192.180285572
94.5156050702
136.011471936
0.189145432998
0.263212135997
0.407989779597
429.2583169
850.475016455
0.569304075265
0.986535975899
1.34617604649
0.614367695514
559.302386469
111.708286729
134.947106393
119.769439358
0.479290278478
118.414184889
131.216324111
0.932649291336
345.662802818
0.600851444006
0.443051606384
0.351394203939
201.55923184
98.5250735979
239.237546863
123.177059552
100.190253388
158.832552653
245.923092487
0.176107090622
0.291460451893
0.386645049407
0.546192888262
88.0592780151
0.442940557393
99.5173011357
0.81420190807
354.271527336
258.324575704
652.840036128
885.64202632
286.256990294
93.7615988536
865.790532786
1112.72351821
355.810573513
634.273065686
0.982965894167
130.403344092
0.446491225755
0.674157345344
1.0643207038
153.065860145
155.870075911
0.600698329878
97.1874335686
486.991297942
179.455224808
112.202505299
88.1298267198
99.1288523916
0.690389990836
551.387728086
166.57328483
332.90541755
346.117842164
1.10331961532
100.755050452
1173.41542663
186.821198436
633.530797469
0.197168853958
647.353325615
0.284320083022
0.312833539799
0.322959659623
0.46217122393
0.688813719015
0.522285649417
0.405373894033
0.521104258618
0.506193272052
501.190091512
134.781308766
0.491242139645
0.794535813813
0.336866253572
182.832483639
0.431388936199
107.504177308
0.758621978811
141.566304987
115.334522459
106.536713536
281.639892504
129.424043933
176.57914646
345.031153498
113.452144845
297.147205279
321.13761199
291.89922612
125.003024557
0.680275559932
757.126448441
0.509057142899
253.453251057
587.194165767
0.754598715834
146.962951489
0.693348705144
0.742862446022
0.817287285841
0.519044057997
0.406162566453
0.401322014392
96.9571058122
0.436922681906
0.558215273032
0.541931939391
0.791978631061
0.833514549163
145.303790881
87.2823231532
1.2254230145
0.224848118211
509.960494278
143.127542126
127.607018848
296.955553853
127.239346414
189.971825548
641.622266551
1.41515405361
0.351022044478
413.681822351
249.123027246
141.965894145
317.588894581
0.976342850436
1.14355525565
593.280792316
1.95628982842
525.51686435
7.32898971024
2.82276272614
4.84261482372
7.86139604448
367.602115489
12.8923059829
7.32775968781
6.60948548765
168.971975686
8.52973863097
7.04831665067
136.695027569
8.69631649184
8.97580180763
178.558785358
6.91720027301
146.741482261
370.94775905
4.71621762432
209.282869005
474.238956266
35.2074931914
329.402904547
15.1443641971
176.970774126
523.219473023
259.707555439
858.469564132
118.322552577
767.403780987
7.17571698345
174.054753255
325.054403416
151.693164944
645.547618311
559.384810098
545.433202737
8.00312198397
8.48068068712
386.66325462
544.409977865
173.55803297
9.26268018597
154.03510952
26.8131766914
662.150001303
173.810587715
247.446874433
170.663538224
14.1045420887
49.0778695845
141.548605578
62.727556088
731.248014948
164.233185411
160.082926547
170.69841244
328.482794103
222.350277043
13.1526761866
10.3790098834
8.50440259601
151.438211459
149.197085138
181.452698492
307.395567789
9.18655648405
343.392933786
430.273531308
346.360375003
373.005927319
292.516311413
11.8122556807
9.75475982071
8.93610191378
164.747323318
11.076920966
10.068993374
392.205010657
462.656322303
828.469472367
110.675081833
170.528134835
284.209011071
19.8408941511
642.663391298
14.1658309027
471.620232071
538.047109475
411.823157704
264.40580578
282.37211305
352.684477024
10.3799745867
22.849456005
187.478352253
33.0583919995
23.286877969
23.0050427114
33.7680326364
33.6984575613
9.33102556175
20.3384970823
24.9561646438
14.7592526158
21.1274654398
149.231379677
20.4087273308
63.5365036198
151.553704194
14.520013078
16.8751794503
235.257282158
161.221150532
198.342637377
267.91265201
154.129868767
153.384992572
186.750027751
138.083187918
18.6709026787
12.8537130535
13.9221523388
13.9258542169
380.88181507
176.164132809
18.8773610585
19.4891410256
90.4786551969
183.576012564
147.412085551
153.087086185
311.239571056
22.2589488509
234.381891678
138.143465507
144.280779407
378.931802066
174.324121059
194.279638352
24.3096191054
517.552943446
156.638672025
12.5147438916
186.953833315
197.259432275
197.072666318
25.1814030577
203.368084656
363.842932147
428.485010561
322.407802659
52.0356419273
30.8053661479
46.0571144342
63.9956117462
48.9703866102
29.2544223937
25.6859732906
265.750894191
17.3298954483
433.090369511
34.0698705056
21.3265988268
249.082863699
99.0230297228
342.714515975
376.256873487
352.577731368
176.26278943
38.3091762067
177.056174942
495.022029066
310.936074066
373.989601641
322.949497891
62.1826209568
214.653795112
255.85984184
530.439237416
215.304121294
36.1818909862
179.172418077
161.162120384
142.472766863
831.192003577
61.6810208644
216.758604539
311.817342209
170.727585103
234.399826629
356.208935571
281.465958974
233.958794497
37.7739212611
29.5992991115
16.1585595154
164.139956252
49.2916865953
363.822913004
54.3260205813
32.3783190259
133.604715131
33.7857785358
38.4831098995
269.038577419
50.2595583764
114.797085797
543.246059452
468.534060061
153.549115365
206.193909021
438.168032054
433.794800997
547.928269345
431.225546546
164.087598714
24.4062808179
34.8592665756
39.917933234
278.262178866
176.411098856
337.723198483
357.855422892
153.464313405
42.3912301677
47.8045707082
51.9448947336
434.017851406
381.058470928
135.912367948
125.047370361
702.113754572
184.887267667
242.335157462
833.539430881
156.075108574
204.83788043
30.5984397334
224.297791341
196.2807713
135.327292791
61.5456907209
145.734236923
532.687934031
385.308357828
47.602074388
106.672258583
215.041143533
287.820668677
527.144863322
147.597369352
126.257686781
49.2469811234
24.4948073161
50.4031702025
346.589000212
50.6029528739
615.519188132
354.153674786
163.14090041
486.497662371
24.5252733293
71.7117150228
31.7124122369
31.4126583091
47.4049836679
452.071886955
414.429499273
387.244637349
675.355637731
635.73852168
71.7066125532
327.008818766
402.174424864
133.474388461
42.1897004682
387.092488041
42.6549159371
140.056050454
84.8416823573
95.5161098263
314.481944228
207.134259599
261.154291181
180.103566407
191.85468916
488.613039951
345.534954452
82.4667312774
26.0430654667
44.9435201876
146.759044215
301.896424946
154.601714891
100.308750348
269.996520819
67.672747479
223.870213974
55.6643992815
461.721574691
55.6721130175
52.8146507443
960.815058421
405.02110824
276.090231698
365.844713499
280.876170668
313.642290114
188.323907903
28.2790809595
179.479766441
196.360370344
51.6154765827
57.0874841861
72.3904112327
427.958289004
182.500707786
65.1869278283
183.504677374
212.49370447
484.954104721
823.71905642
108.235693206
133.465471585
41.4781023809
335.973379649
383.399546884
947.740209163
507.412643933
643.412494884
499.769546333
36.9972731775
28.4956558905
50.4796461381
61.6094463106
194.964192537
461.4794484
29.0023520184
78.6152034449
97.9492236795
224.166726337
755.000060659
159.727551991
63.9080290024
137.541651469
43.3773252797
37.1233894445
763.521237962
506.582044417
391.155256756
330.140008063
327.900194159
267.180113834
416.471747153
201.635466293
184.726463581
489.799512858
183.18746931
154.401052764
91.4044693449
215.244450447
206.266647574
328.42112147
753.535701463
62.8266537952
215.518647906
359.347259958
403.614016267
277.745201986
408.432837677
128.803210792
77.3316883765
498.49405238
722.535119565
152.731361086
128.674142355
107.176023045
236.140177073
79.5760709138
227.322663092
251.811582186
102.946706305
77.4836500721
30.0696547896
422.40805439
119.110771694
210.056154799
350.415419231
65.669410789
226.879696747
60.21057016
61.5065533242
315.657630511
345.031516311
186.057545819
356.509764536
355.524889645
382.097939191
224.420603536
510.138746215
346.065871758
105.281830669
62.2132433837
111.59263041
50.3974934967
589.733290472
170.831588876
151.091398535
293.861073142
384.635836828
489.448783382
88.5738283386
85.4456309418
64.696340005
326.903726673
371.96135166
126.463618956
256.330305282
61.3109763517
334.517532397
826.922159015
635.581848305
207.474246604
1067.44758097
241.415597332
563.842309571
231.754411782
184.767675673
535.070771257
85.286527315
516.711554329
162.759389515
230.579871715
294.209568478
529.038306476
780.243396367
209.103746857
244.497028155
137.82284087
131.509033342
84.7095288857
30.621863644
104.402668044
67.1850565255
127.102830251
1129.14632642
211.270851236
944.757974454
200.860662155
44.2638604744
181.49399602
247.906917628
57.4544621937
295.809037366
480.044433248
579.319095801
230.658837512
697.633214867
672.77357238
102.546967519
397.223273637
317.452309977
333.302153667
455.607249516
168.906864422
227.141867038
203.093018682
418.45520256
137.846042388
200.812629705
308.577868455
499.272736843
116.237491971
166.356525346
113.842480771
357.565970747
134.761498431
32.0302421011
106.639965999
178.65511318
65.6752104444
120.518499988
63.8961693582
271.250285682
121.93421494
69.7713066698
80.0917774499
146.571290236
134.686780719
68.400140505
260.344578219
450.092724657
248.662553398
208.300899854
69.7783011339
412.330496397
610.249218061
69.0933170767
90.1903355862
370.872940378
159.477519997
163.774726318
110.775740465
657.329888419
675.208442924
191.761238488
756.225706876
188.002968341
175.215412657
533.258125418
520.445802806
357.399045892
194.115020047
462.870787422
588.23752785
692.868606295
254.206416814
1203.45684
303.487326917
845.144859796
47.6140776743
195.524948903
185.32196309
157.700325338
269.808005576
276.737692552
175.641308741
1059.35210944
248.446825636
1090.11024147
1153.7251951
144.215842879
257.508238818
347.160209577
105.729233427
291.859508743
98.0941068054
138.638087717
529.037816805
1089.36839932
191.539700341
154.824159706
105.093728325
292.697938379
231.55014509
266.895385761
76.7108066238
199.988484559
100.071835282
165.252595847
640.730441927
727.544531568
508.326722623
176.138601885
266.336592107
197.528633654
91.7329708266
133.576150486
156.513500833
84.1515744329
961.799030473
84.2059414652
413.815235785
254.071283819
1490.74453482
399.761023331
125.249873731
191.671818082
235.536460103
303.644132396
542.062925317
46.090981442
47.0494393491
309.03111872
2184.98784111
176.843434698
79.8791997435
338.22661372
95.5194797958
175.722538985
181.165643252
349.698738255
83.0751995591
75.0457663661
193.554797464
749.136009256
294.795559863
179.974338176
83.6809034461
203.591522617
94.1177251404
283.631766098
114.935414399
320.198369281
195.86051357
312.22484904
307.998389839
257.493387077
330.607595123
175.927741537
181.715091164
200.715070034
108.095741828
544.258953344
212.684919553
153.31323524
129.702280177
145.262667931
366.811852349
350.573367238
166.645975933
466.283102082
216.724522343
150.41180772
82.6045724469
301.253906138
115.683374629
208.959327968
57.8142903177
1038.88259742
150.995344487
454.199670251
204.492948243
206.241573444
272.569346731
369.976849371
514.74314036
316.453740913
136.774548765
244.955128078
210.374456148
1415.02411375
790.335372311
703.377111132
145.588310987
252.305157418
310.560787704
386.111162632
210.893834857
818.752853271
103.417562719
179.693494736
288.772738209
201.605044595
983.485359699
585.862849039
104.637073206
158.301117813
341.99621925
162.704752216
130.589313581
152.152249544
143.584359711
192.521963144
1264.1198431
139.730805279
371.551946269
404.836196152
338.24177643
894.169389455
161.829160841
206.559735071
373.00163686
96.8620056477
111.021671331
85.1422324749
167.918968745
863.912688368
380.186171501
167.29524868
525.232841945
539.840561644
176.217722788
200.865637417
449.778200469
385.806623624
87.5175425545
156.162699903
321.345826551
197.309003013
219.873764981
1146.26397991
125.34382119
312.487865373
497.366693111
220.232338084
73.7174744876
806.303625876
345.670920123
388.936217719
280.326877614
782.889661883
341.096771832
277.646020816
192.401853089
773.130568147
142.036176127
621.182703385
256.181818438
195.550399421
152.688768798
343.030910042
116.826351526
1958.92574485
201.484193597
417.773774478
835.11542009
160.648772383
81.3097431525
1049.66367181
88.1012025693
227.191275237
186.683851492
1206.8102068
90.6546829369
209.759353396
411.092302117
194.468622862
287.07282145
204.335229499
426.690259959
473.573863507
123.783843843
230.248063624
167.354910639
986.595322914
700.662865233
1777.25797267
456.272626652
257.194385069
630.722176284
195.012268688
60.5674448578
237.8057049
103.964496453
208.361151579
200.203064841
187.434001948
1085.04525078
654.023271789
202.812613232
654.06432063
385.485314432
232.407342472
120.501181167
192.764411082
142.295877225
214.898191499
197.938414953
194.583156873
229.129493167
331.142564026
313.544146893
521.454939705
180.081324245
645.286677975
193.814090727
142.062096674
53.0022956324
71.9622193115
261.732691423
778.930712973
1419.61425585
463.922027985
131.733108155
485.459792611
278.111282092
174.098573939
186.261814044
281.522067421
187.343068342
251.210033509
232.832422511
836.3458986
265.860389588
228.182271932
111.236699015
256.715691836
134.550635883
90.9761218462
826.053607888
251.730690084
492.714053247
159.224654486
222.71134297
873.500681645
905.015458924
245.272870996
203.276459301
216.379506732
1259.09746521
1171.26167195
380.584569974
121.848394457
161.35136162
897.379515145
233.654912992
431.263193288
345.094530107
1166.06767251
801.450153987
175.168828835
145.243434684
958.341147045
220.498922747
329.877096104
159.331203028
1339.91881303
174.743248608
295.483382439
1859.48743894
367.604642989
224.008661132
171.755407588
235.599339598
1244.50215161
156.958049537
86.450372654
117.837083659
539.943530966
256.117156226
219.258813233
535.213955137
1670.88734245
187.802764972
1355.5953886
98.6711199249
1008.80115034
113.914766373
153.168554014
198.760718867
267.98055903
988.99059061
283.454209686
220.860177156
539.7568707
211.73481686
353.143482548
234.630792698
119.042645045
166.641279163
162.615521308
1358.98511061
346.311006313
325.780675875
262.444643588
275.02711905
216.807613804
205.703358383
159.095286146
222.549519669
389.215930111
242.86600934
147.815767217
116.689693959
745.617202532
1368.84024895
271.200444445
224.752565508
547.675331457
123.625785028
145.286477866
381.549645871
128.575544705
133.548429657
150.55482293
291.589104371
929.544227674
256.588004139
336.127355529
176.886183813
254.924475718
261.257830374
170.563238365
182.424616358
1019.08845138
240.322762321
138.469946176
340.420875783
198.800913314
209.587598873
181.006907044
863.668714209
240.044585026
304.327694961
0.0
0.0
0.0
0.0
0.0
0.0
0.0
0.0
0.0
0.0
0.0
0.0
0.0
