0.0
0.0
0.0
0.0
0.0
0.0
0.0
0.0
0.0
0.0
0.0
0.0
19.4384437073
15.976250662
29.2989395043
26.0645154613
23.1266334299
20.9580475857
14.2012492249
4.3186946114
0.0
35.9221564115
74.1174134699
130.468931935
139.230478919
135.055771209
113.265785392
44.3776889689
34.2998826398
19.8721242515
0.0
31.3030954534
38.7914297032
26.3328390048
23.104181184
21.0771552954
17.5092283147
6.1802493757
0.0
0.0
26.1778235168
60.5200338145
20.5887438427
22.0129750461
8.49558512362
0.0
77.8113856867
55.1652957757
37.2089217571
20.4004293256
22.3312531692
27.593289039
24.1893202194
21.6209930795
19.567839015
8.6420591687
0.0
13.1872271056
43.4483892049
16.0926017323
29.7872656602
28.0404123992
4.26117018673
0.0
91.6098651844
61.4433072288
32.5957188382
0.0
32.1623046552
39.8331445696
25.4729470351
22.5235870101
20.5580559157
16.5964125202
5.46963730097
0.0
11.8439271283
56.2152534061
97.5966826276
112.499517091
111.464079381
96.344032871
62.1554379541
27.3939075199
0.0
0.0
20.6472833797
35.8594049294
0.0
21.7186200295
18.6113233461
16.7589625999
0.0
4.44708768272
0.0
0.0
60.9164456316
4.23399395353
0.00100316871396
3.95810179306
13.2732335349
4.28192678974
0.00470081486345
0.00441818493347
0.00611996834827
0.00863889395714
4.74687348963
30.9544953231
23.5628670815
22.1243066457
20.1471775216
15.2441088848
0.0
0.0
15.3625639845
0.0
0.0
0.00102696974894
5.15796665025
5.49565856785
5.49027383848
0.00111951454281
4.10425921292
20.0689431044
8.83095687874
38.1932624031
16.9035491132
9.3495703645
23.1037151931
17.7589363923
8.03663672337
0.0
0.0
41.5388691789
0.0
0.0
0.0
0.0
0.0
6.65067168852
16.9418389249
29.2554939511
0.00443274259439
8.10880069041
26.0786468553
34.1146302372
25.480523277
18.1408990535
14.2031819834
0.0
0.0
0.0
36.4903559904
4.44732031486
5.70187555327
14.2345638152
8.10750092006
7.19391370376
4.1538832164
48.1857156378
13.6944060156
5.04781344217
22.8708709149
26.8086229963
23.8959103593
22.0115531504
19.2712818112
13.4885266354
6.31194383219
0.0
44.3044586453
4.55169482773
0.0
0.00266622726634
16.679033067
0.0105124162368
21.3773011852
13.7003491476
0.0114393090418
13.3587068382
16.2740081623
4.11320163567
24.795943235
20.7140141247
10.8969518157
9.45203591707
7.81754953042
6.49245994408
0.0
41.1164084088
4.48121725229
7.28642901465
0.0
0.0
50.1018496398
4.15447588257
6.9370967196
21.9836486192
20.287588893
12.1255410731
42.0195275548
16.6914578991
16.5038746235
17.1111454198
7.30115424616
0.0
0.0
0.0
46.9086464011
73.1106382304
0.0
0.0
0.0
5.06249985148
4.18687998387
19.2564271265
0.00505686987967
27.6839348692
28.3182184214
56.9954098552
4.0759712781
23.3179148537
0.00344455573416
5.93488734395
20.7539537994
0.00239145791706
7.49611737751
10.3713256464
4.72241359729
5.72084093469
5.38460343611
6.91756371604
14.5196814169
0.00743021631143
26.4738605601
50.7884704005
24.0331770486
20.4777813545
18.033876108
15.3618088607
5.79400758445
0.0
15.1212866829
69.2673329706
9.16995820236
21.321377114
0.0
0.0
0.00581446261645
4.05275108612
0.00574937215667
3.97530523628
6.77148572452
4.27824102251
37.5262731229
26.3673886664
24.1181891375
22.1816349982
18.7408638568
13.0481639401
0.0
13.8829979436
55.9607735357
13.6735625555
4.41131743276
0.00213860809672
5.06763470956
6.24408963907
0.00188191322396
0.00170027193335
18.0601264137
8.98310355361
38.0049443571
16.3163823368
9.35511846612
0.0139309417079
20.6533473256
14.834694472
6.36200484785
0.0
32.6405519105
0.0
4.0499491909
0.00256745769825
0.00281364191109
0.00254087132341
7.88809130846
15.6100812278
24.3445136073
3.99934064282
0.00931746628822
21.9661537212
35.8448203274
37.4224157758
5.56766961351
18.2888994552
11.9303374195
0.0
0.0
8.61163371259
32.2484591816
6.12329809953
5.84503655132
5.94553913948
8.85849611335
0.00403279905615
0.0042011184175
4.42430493534
9.15216751185
30.7117241768
27.0674353426
23.37367929
21.2826895279
20.133706889
10.0030305815
6.42134536353
0.0
34.1595734988
5.45105189402
0.000844989518473
14.2265095082
20.5378374287
4.29491332669
0.00720623853365
4.76877279965
13.0468222442
0.00897981987772
16.028580947
10.8954992364
14.4191891967
7.59886586994
5.34419578962
0.0
0.0
0.0
17.2416145164
0.0
4.51527553097
4.56741830337
0.00116239793886
5.39983808018
8.56995746606
0.000801593532357
8.07198672677
43.6568342419
11.6497111084
53.3846524605
19.211429573
8.70274490782
17.206122227
0.0014651129534
0.0
0.0
0.0
0.0
0.0
0.0
0.0
0.0
0.0
0.0
0.0
0.0
0.0
0.0
0.0
0.0
0.0
48.1782134549
70.3712244503
100.611044115
106.072077107
0.0
95.6580560135
5.10900820424
0.00191026139441
5.26957667713
0.00670974343627
87.5770965433
5.54935867758
0.00574674304379
0.00716515202749
0.00834077819109
4.49621446532
9.15463087008
4.46378556896
6.51167934504
0.0356819423701
16.0877055017
11.8091900167
0.00434171379611
9.03699802499
34.5401681198
0.00716042057883
9.40470813537
6.03565967716
3.94091899967
4.83090741566
5.2969049623
6.93772413688
29.0007277785
0.0296695381007
28.4196565526
21.083949574
21.6837847026
21.390990811
18.8153328201
7.16850248465
12.0858593721
4.82614313943
38.5334336974
0.0177666888381
63.1776472612
6.80499699104
4.48881904209
11.3682039838
27.7512154742
3.9745283116
36.7343996072
52.9372110771
61.288898924
98.1152483062
54.9761284125
22.2359645741
21.9640415173
0.0792018580209
5.5650393589
63.9765252333
0.0232321160597
4.20514680396
8.72912534932
21.270619423
7.24435434694
19.9021844153
14.7318479801
0.0082668584478
19.9427689512
33.610150964
33.3328170611
25.9005019547
22.9332807912
20.4378214974
18.6580157859
16.7894089084
0.0143849487685
0.0
0.0
23.2160607387
11.9142820014
12.6988794662
9.19584850058
6.7958237496
13.0860500491
5.9466198925
4.14982052717
71.3092454868
30.7610742611
24.3046611728
58.7970259238
25.6549333822
0.0061566037099
0.00686382996574
15.8058039193
0.00466068193468
4.49090514405
0.00544005860226
4.91107679704
0.00406721491533
24.3037063535
31.8058966963
32.8213908426
0.00200160367312
23.9972524286
8.63553950308
33.0945169773
31.5760333449
26.5752233129
26.5409006748
23.9304541097
21.1281028876
18.4407928253
8.80434050318
6.65478946945
62.2900448673
10.1275216857
13.7405859046
5.53119378955
5.26479110298
5.44925686675
17.2571867098
34.6278784595
29.4448545997
23.3765425483
32.4305058592
0.0512105234449
101.682894575
31.6740526355
7.75792841627
20.0554543761
15.489878915
15.5560008987
14.8299624582
7.80459196065
8.72719597873
7.23369934149
0.0460252444355
10.6717049126
46.3493354834
4.55199558337
0.00449485106372
9.31494600928
20.9978993719
35.5870072208
33.7806589668
25.6245265139
23.0284651862
20.7575769128
0.00162769901644
8.27089509546
6.61335598731
13.3826305029
0.0137069599404
4.57824660992
6.30704732011
5.15253592459
0.0342950321526
0.023579171431
0.0299475305772
18.7290232852
15.4821731767
26.5683142505
21.1750937362
18.5653736675
21.1286726308
21.2373928709
8.32887333686
0.00319044106249
324.299554378
225.666337885
33.1805652774
3.91849298232
61.9417050143
49.8093430957
46.5767815529
67.8909323091
6.01562743388
55.7399419407
23.9384076054
0.00525071661317
36.2751559548
24.1185634717
22.4199211331
21.3226512283
19.79420358
25.7582505726
28.4182656389
0.0110353821442
0.0128666107112
4.43245339923
17.1005954916
11.7329243515
35.1105047817
6.87667088398
0.00637338597326
16.4975651908
9.64024332816
4.22928424062
34.6278403443
36.540145459
24.9336517096
29.09919887
16.6032933152
0.0314810289068
7.44588254061
4.32203654786
93.9467606074
0.0271288497717
4.48096866521
14.3827548663
0.0291314529143
0.0135882294342
5.09894310781
15.3749267131
5.68924831494
21.5885322028
15.8625391095
28.5041065773
13.0128721489
18.1186811566
19.0401144594
17.9473073491
14.2963825612
0.0
13.3997904536
0.0
0.0
4.96648715058
14.6314453932
0.00717791903706
0.00920767569766
7.54338089766
0.00613087117498
16.8327468438
4.57532490224
19.2955111368
57.3948787384
66.8045465831
67.1963208753
47.0564116923
23.3306578816
29.6393528845
9.51484073843
0.0124515196581
0.018770961779
6.34408579349
6.86863807671
0.0120799211756
28.1836593941
35.6191117568
0.00786428433487
0.00783767715867
23.6062491379
10.9209305864
15.1216732146
16.6814302713
14.908250658
13.784030873
5.21508044389
5.16841782308
7.8700026833
5.32039458634
0.0085404831813
4.40325152476
7.1789087238
15.6117533965
59.8788926474
0.000714506927702
25.7066002131
4.25667669142
27.2529524825
28.6778295809
14.5085341425
19.3417103275
0.00750598517091
9.61811147596
5.83243170229
0.0402075931266
0.103456503095
0.089129060744
65.6597226968
0.0472682663839
63.5641799888
0.0225257749994
0.0234016172999
26.9091513108
4.62551247034
12.142752919
334.559188718
229.555379011
12.1344111542
0.00294326712803
3.93468707642
0.0
0.0
0.0
9.68964086672
5.91816098763
0.00577145802216
0.00880615345251
13.2479772564
11.7353599404
0.0072559182442
5.18668696187
111.2149074
12.9379463383
0.0086447874232
8.04778812678
5.16808761056
20.0835999234
16.1289921723
11.5567735099
4.26640647882
8.87728828862
0.0280426301028
0.035710192061
4.2868137873
19.4016071171
36.0574521864
17.4850475414
16.5411198514
8.26921154207
24.1517525291
7.67251264348
56.3381666268
15.6163393471
71.2137426986
35.4336791604
29.9977545528
29.1019725244
20.8808263042
16.4967036592
4.68392066726
5.19199116623
5.05130624289
20.5168232369
21.8383656768
0.0202451194776
0.0304037210686
4.35970786201
0.0803302057456
4.49234998007
0.0863804992838
3.94635382626
0.0597707506379
0.0488844726714
4.27651724493
10.0155564473
13.9886761197
8.45519638504
6.80048016473
7.06203326519
3.93204857304
22.8838931779
0.0444690105305
0.0478523690899
14.2711808179
22.587838143
0.0192802766505
0.0199615895741
9.06762329263
13.4122099657
4.10912792008
0.0294621528385
10.6182498563
13.0247022673
4.94283324308
14.4694609893
14.3025053123
13.6195612837
4.38866017265
0.0208925887953
32.2885524321
19.270074441
12.5064756818
4.03214096316
66.1385025305
0.0229626308196
19.4815202258
22.4865182592
23.7948676824
36.717833865
5.13278002947
0.0172396721403
7.52552740615
12.7414079592
12.1944889699
0.0345479109191
0.0307449649319
0.0321366830492
21.2042257663
19.8826579166
19.8314672562
17.8274794634
17.3727719361
16.1194767593
16.3758980435
0.0768499690979
48.1009004515
24.8067209714
0.0553280318642
14.3237123611
8.07826365402
13.0879538328
12.7408322641
12.5996942816
5.0998471682
3.89725251909
10.7631574955
23.3866174955
4.4654040477
0.0255413323137
0.0239801137162
0.0148539035669
0.0192921537551
0.0362385126768
0.0547391062793
0.0701349826344
0.0540755593456
79.5322225546
67.9500607655
0.0232838856113
0.0211821136252
0.0266587707988
24.2988476504
61.4754098063
23.660953749
48.3396226225
0.0785210162767
60.2166225524
49.6809865558
34.0760484107
21.5767119037
17.5903974673
15.0121781097
34.5856748215
5.97635129473
0.100573413756
64.1295556942
4.37221980597
6.97853308059
54.4405946945
7.27344610358
12.8454322144
26.3258593453
0.0280091361669
23.2542931726
9.02034518374
8.07917457532
6.78910978252
7.4434226307
6.58658467176
9.69067869384
16.1536814306
0.015126959225
0.0236767088158
4.17060294562
0.026412572701
0.0253360884633
15.3523442508
15.7757398994
16.4864594504
18.2948404926
20.0884308245
20.2470318677
19.349214504
19.6096971247
19.5526659336
18.7726741956
17.1769602426
9.20931554623
20.2147884225
20.9811356856
6.50492880273
12.7584327203
4.13210148202
5.68832090561
0.0382024801533
3.92905175323
4.74907938786
5.89939230595
5.10216711808
4.53007494034
9.70271658468
13.3665230359
13.836738878
7.77346351511
33.0646876759
10.1171349358
19.7004445868
10.6436246395
20.8642338848
30.4020967105
16.1682926372
5.82285633592
5.06466086333
6.21051068434
0.0259978200816
5.27934193088
31.2255379541
0.0411019109992
24.9293827273
0.0253467027606
0.0237300391954
7.17615581527
8.9788798582
7.84469970598
4.7402254611
11.2264241184
6.85740069632
8.69394829758
14.5673017431
15.0548254912
12.8033776151
15.1016000271
9.6070824832
0.0561033150694
0.0373765675012
0.0529608170774
0.0528961633352
0.0489347968858
16.4324448669
15.4110739233
14.8450013596
11.3144910765
24.8166970895
4.5512169046
23.4883428465
18.8276710012
16.8438236625
5.61717110197
9.29902629596
17.7592530278
16.4986953197
7.29666251757
0.0198001870235
20.8084661062
0.0175709361663
17.0694878688
10.1473796824
0.0263193267392
6.33760716192
17.5681347107
15.2475586471
17.3928927798
18.1703635014
4.86659004781
12.9814817014
10.2505538764
14.0044538737
13.7265123461
13.4609284191
12.6408504624
4.04857595069
0.00865557886996
0.0070118357132
0.0142307534256
4.01537861019
5.60452939285
19.2129591471
25.9051366721
17.271467516
4.60976009765
19.6468993351
20.5657319886
30.1437882603
32.336531712
21.0150742025
27.6811279439
23.1047997759
24.6052581749
14.3010713523
21.1268541746
19.9903837278
19.3430454545
7.29560753104
6.32656951317
18.3757816957
11.2679746989
23.0837826755
18.3487539769
23.5952584132
18.800060074
21.8568781446
26.2825479199
37.1355938536
23.8169108526
41.0341098195
26.7955486378
35.0517751382
0.0557425765006
69.3560988264
18.7078184573
6.57019125926
0.0310520114533
11.2965613977
4.36760115611
0.054681937426
6.12209674705
32.5892537927
42.609116494
26.8238403261
4.20779355308
31.1598204001
4.62092898363
0.0274125594071
6.24248350984
38.8507178677
0.028958324266
17.4098144263
12.7192130278
5.71301859796
12.6316529068
5.02496284696
15.7023463181
4.78003850908
6.66687554238
9.05663338974
17.4870817612
0.0236383944098
52.1304511521
47.3582545496
12.3674566634
0.0356096625986
53.4731047677
5.97107307797
84.5112678324
40.177830788
0.0147603090214
0.0142561952457
0.0223808525807
3.97649737961
0.0172462478836
3.90268253244
19.6591634592
17.8996283693
12.1635207076
14.2365202628
8.86484935497
17.3731090884
4.94075474208
26.263609839
21.4399854206
0.0307839514216
70.1374091507
0.0460118736506
15.5154825014
8.92699312528
13.3980192415
0.0987563287994
5.36436960568
6.66728620781
14.3571342078
15.0307952203
8.89982276024
7.16674778096
0.0599534272762
43.5387246788
46.4783471617
0.0356567869913
12.4139374338
0.0345896453238
3.90743433328
0.0442537257098
21.178141325
21.105335083
20.834061088
20.543623595
19.8210615217
19.3091058075
18.5522729802
54.9073179832
152.624937748
79.7358072678
0.029478677772
14.5888027417
4.36716471042
5.55607688244
15.621521647
47.0324495888
7.03929608417
6.82384436911
0.0291350851504
16.732209394
0.0444738621602
10.8923658738
13.1020431972
13.8269439173
4.43947264068
7.49118218318
11.9868595382
5.75369320131
0.016993884448
0.0163768534758
0.0191502818081
18.6443453555
6.31054129941
5.89886921404
5.40197711982
4.0392799487
0.00746872700402
0.0115506837462
4.77255115506
20.9396589439
0.0270661550002
8.44453255583
29.059979482
0.00478518639993
14.1241864891
0.0264617337868
21.8005670481
5.10332395501
15.7076096663
7.84261707095
19.2302057085
16.585616328
18.4665609615
17.2313383941
16.5718293199
0.0483446935615
15.028375622
13.7644226125
12.6403652226
0.0460883631187
31.1758938504
38.1569784491
0.0176076949374
47.7998410436
45.1288221342
31.4055224534
0.0154127894203
0.0141114586456
4.0160092047
0.0362705098533
0.0342295507224
0.0358602013351
0.0377973196713
14.360232685
13.931086837
14.3590937053
13.5677351625
10.333642564
11.7193120472
8.63499519088
12.3328067215
9.18890163508
7.05362004933
0.0218524998807
5.00265115689
0.0271041671474
12.35554133
0.0205622716148
15.8960559999
9.57800957437
4.73063442814
0.0216308989487
5.78508973788
10.536233819
14.1017261755
0.0165089431491
13.5650453394
17.0260312751
4.28994124777
5.14450909416
6.02045189453
0.00434589646776
0.0213546933057
42.2729460258
45.0905464737
56.9636204601
20.7571539821
23.3026349347
13.6951183426
13.0429086665
5.20062451434
11.7120814794
0.0171979811763
4.08354447997
5.47890830051
28.1635364214
0.0100988654516
11.7255643674
4.76592232095
0.00182292551894
11.1167255878
0.0184867017346
5.85236995989
15.364664855
15.3556000224
0.0332706771621
0.0260603734404
0.0320592148934
0.0458688270563
0.0576617208932
6.34588164907
0.107986847965
0.0651386521642
4.87402439773
4.54302758837
11.5592530817
0.0160098412214
4.14682954542
0.0176021731379
13.4417990216
44.7469580347
11.9578663243
41.2994177708
9.68136532067
9.93331833591
9.31254956173
4.04337501113
4.06214626893
21.1610861464
16.8401314465
57.8615945536
54.9685906899
71.5835438299
57.8584100789
17.2028057583
24.337037566
35.3694092167
5.52691972639
16.3467640711
0.0228357378945
7.59261506597
5.97704813886
0.0325009105335
5.00192570362
0.0557162388914
0.0524077831816
18.4460727389
17.8679513476
6.06980288007
16.0491938748
19.5266112045
4.25799376004
4.00062988492
4.13826094252
0.0573112340843
5.70169669033
8.66771836081
5.11830541108
5.41271317014
0.0443951002907
4.38720073645
0.0162791597445
7.41957006685
14.6408469651
46.4828950438
88.5406192535
0.00685745692028
4.14061585355
34.8274738459
32.0285935274
41.8976157707
29.8789196065
32.5090358786
53.8640264396
53.947120057
31.1879320803
14.0851459053
28.3306410689
23.1604130352
31.1121744123
7.50797243314
4.97732555762
29.10036099
4.34708125036
0.0635079788167
0.0869928241201
18.2062130322
0.0494997151245
3.92637836764
63.0990817746
44.8745171041
19.7371791002
13.1546311207
41.8293255915
4.24721267037
0.0227269567661
25.1185074127
33.6315190473
0.00384878540302
162.784443834
164.845171958
3.99048414047
43.3624586046
1277.36405009
3.87629397754
82.0362311591
16.125715294
1409.28153317
40.3150129778
151.65232077
175.712093232
93.6855256633
29.0048255264
10.4438969367
0.0211606167451
0.0207013076507
0.0159474779271
0.0145411534781
18.2856116511
12.4896261624
0.00742540716262
0.0152137108245
6.10390522775
0.0134208857865
0.00686491455647
4.18432489555
4.22652946153
101.965461498
0.00728453764827
39.3739322503
26.7024858603
9.36217348295
0.0
0.0
0.0
0.0
0.0
0.0
0.0
0.0
0.0627838822286
0.0578808879001
31.5258881774
58.1408472736
54.5164990153
0.0277954673706
0.0298309990509
0.0150287217057
54.9565139597
54.257101701
34.5026434181
134.061684491
159.908700981
157.061409702
114.599818484
92.7009427892
9.21181110887
0.0086749180006
1741.05767494
1816.04946212
49.3459988802
50.3305741357
40.3451049756
161.824071857
163.320185011
65.1831382713
19.9451655405
0.013948205017
0.0125412036497
0.013877139912
0.0140505022419
0.010152638913
16.458966502
0.00355170818044
0.00134170698426
9.70099215014
22.2200325504
9.71761030523
33.6571826764
31.7463835531
9.22350495276
44.0346963848
40.7321863682
22.2041372151
0.0
0.0
0.0
0.0
0.0
0.0
0.0
0.0
0.0
0.0
0.0
0.0
24.4524764714
30.3510398207
28.8443935373
12.6741394164
0.0
0.00136883758889
0.0
11.1870050599
10.5024337889
0.0
0.0
0.0
0.0
0.0
0.0
0.0
0.0
0.0
0.0
0.0
0.0
0.0
0.0
0.0
0.0
0.0
0.0
0.0
0.0
14.057578766
9.36650573982
9.52185606428
0.0
0.0
0.0
0.0
0.0
0.00255113655328
0.00625983318811
0.0313976523202
0.023615846879
0.0196894271064
0.0143017590515
0.0133077936998
0.0195749852988
0.0107534529916
9.64480695878
21.467445391
44.636398379
9.64580101362
1638.37061674
1331.7739605
9.44856357283
149.3089968
9.42493954669
9.19069290165
25.8764900843
10.1773369155
39.6164608519
9.94060257537
16.2955944815
18.0289742508
17.2799751527
10.9331885399
10.9441318929
12.196326628
14.4029268586
62.8382757724
18.8464742901
78.5851692952
50.0804726128
48.7322501359
42.468816814
0.0153019653382
14.2618621982
10.0494207666
0.0218635120949
0.0520303789609
9.82135845658
10.5855066167
31.4173072721
18.3852453939
27.1742509014
16.0531174451
85.1676018957
42.0833088561
47.1606588292
32.4000246199
0.180957065523
0.167062558677
0.192420832846
0.349617658595
9.67347761774
37.4885701262
0.225984991968
27.8004936336
0.171206815782
0.19569202588
14.1804831881
0.19208270705
9.11537923228
43.8214340263
54.8612459324
72.157642431
47.9692485222
50.7645730333
13.0468855539
0.083766079138
0.0566153607743
0.0456963572528
51.2547847764
24.5141626866
12.2281010174
12.2926516425
12.1870955146
14.018114677
51.2177606373
0.0541774669395
0.0614489226696
0.0569792212364
9.38226982447
11.5709867832
13.4600665161
0.0510875724259
0.0619925720731
25.1793904998
12.7470627388
0.0786680260718
0.0417764755728
25.7973186981
0.0857131796146
10.7455498085
12.5765825598
0.0931420583602
0.0898012273622
9.85387271216
13.7007908087
14.0694828581
0.042333344095
17.208798364
12.1254585616
0.0584139027758
0.0319182964217
0.074113483549
8.8709654979
0.014353258168
0.0141996635891
0.0207380073297
24.6763186858
0.0305811646414
0.0347007560532
0.0364174425299
12.9581874171
15.4395449804
12.9194270808
29.40897491
10.6482055943
30.88104254
72.5495279417
50.1319104376
45.1942205737
13.1021918019
0.0449981132705
11.4674982612
25.3572425993
11.5683233341
0.114072481685
10.9656053464
0.098616301936
12.4015610796
0.0895883701592
10.5482844579
35.8782876673
26.1894245527
0.0837617257543
0.0425943678612
70.6314116545
70.8441923534
48.3295685331
53.9347802114
9.09875105705
0.0737559773267
9.51947265921
8.87521261259
0.0450401075404
0.0717600887227
0.079229974167
64.7685599188
10.0472157553
9.87574440513
10.1334774549
27.8845456327
76.8058235699
11.309035007
0.146003318333
0.125502101666
0.0698705180138
17.1083259421
0.0598061145842
9.16691265596
0.0207321280908
9.80237344273
9.6699202239
10.0486117528
29.2911500685
15.1384613063
29.0163005948
0.0697681962245
8.97614674098
11.8533422569
0.0761205181182
0.0731418340169
0.122981441266
0.105168473343
24.2844676671
27.0098576027
0.0973066553688
0.0598780489776
14.006241233
0.0251418040642
0.0276733950649
11.1345567296
11.1441664041
78.2450623164
0.0867112558735
9.52291107413
14.0750803868
17.5099269399
13.9235033205
15.6094729168
24.0221080132
17.6442144805
54.8488068194
48.9545513705
40.5008998406
12.091386276
10.9659062018
0.127657488205
0.132696225832
0.171124595369
0.189852470931
0.184871692296
0.167463263398
17.9875822542
0.131051639906
13.3963147275
38.6620097892
24.4939009202
61.043868779
58.0113272802
55.4424994394
65.702315945
50.7755846293
32.1906807247
0.0289382852975
0.0232940712593
0.0272394607222
0.0381816947902
89.0925616007
0.0219013769862
0.0417173021445
0.0459319591484
10.3229596071
0.0543031375455
0.0392222080436
0.055289954506
0.0547413101731
10.1127049324
0.0261992235933
0.0236665943539
26.2154640621
90.0097829368
0.0135384477574
31.375643105
9.44592359221
13.4026231479
10.6930663496
25.811143949
0.0550647444667
10.5046055618
0.065143685094
0.0651172940316
0.0597577413406
0.0629691940618
10.769685437
11.1641178384
9.22140553638
14.4457083644
0.0852744687689
0.101782371228
0.0758569318222
54.2597507034
10.2605286628
0.00952722080881
0.00416700140919
9.36363494639
0.016132458864
0.024750668287
0.0165729613498
0.0306119219214
13.8599200123
16.1621378669
15.0219162296
17.7886413807
14.2085240184
33.1952951825
34.0885804481
48.0462590429
20.5732273308
0.085878849459
0.126209089151
14.1666822039
14.8973129682
0.1684544511
52.106681967
14.3047950829
13.2226882362
11.6664915603
0.100719780087
0.0820101165182
44.3562185975
51.1423737337
0.0359377045322
55.6353518889
49.8727128238
75.0546047154
84.1128853104
0.0542536776978
17.5925730311
0.039733378157
0.0896592060805
0.0414000901178
10.4192863279
10.7816659036
0.0873441448852
82.1271378395
0.0580396842834
13.1263012985
13.6374413954
46.9442331633
0.0821279386222
18.8987602718
0.0236349988447
0.015932294095
0.0134600259922
0.00998772569985
0.00919005322867
29.3445126975
11.8115568233
0.00614655978157
82.1827644465
10.7422144577
11.1816922558
0.0281030645622
0.0197102942179
172.954868429
21.108161187
0.0192764891388
52.9661494399
9.65434368596
0.027643767969
14.4045755721
0.0164987084229
25.8666925218
0.0
0.0
0.0
0.0
57.2023586531
0.00293784258996
76.9156757719
13.5101212169
0.035646991651
14.9821802968
0.0561604405319
10.3712298351
16.4948951223
34.5821681246
25.9242344685
61.4531923886
45.3516777789
51.7799870346
39.1416908104
0.126676498523
0.128216770314
0.111822165598
46.77194514
0.214749940548
0.148319730446
10.0021537906
0.106770244417
0.117226454222
0.137062887074
13.9040407603
18.5631274881
17.8566983728
47.8438903205
11.0874164452
53.1678354443
64.2209841027
50.9993708956
15.2088384246
0.0430189119386
0.0240730908731
30.7423221956
30.7724497777
0.0183310116486
0.0265321437936
9.46964932955
0.0307004327718
117.017217686
9.88063121817
0.042246859534
0.0204516689036
0.0281133708174
22.9411013964
0.0368918470467
8.88163799025
9.88103181048
152.282426356
161.412402293
152.632600362
151.12104405
0.00363956918148
12.7054488724
13.1301741817
0.0248471516372
11.796890592
16.4649271354
9.81805562694
0.0480620578991
0.0475173462002
14.0492692498
12.2363845887
0.0536881027396
13.4871732572
62.4412200573
32.3296251001
0.0543391746372
33.8959164456
13.2945589183
10.9399808396
0.0185618757382
0.0231100700601
0.0301124927762
0.0306822049012
0.0367823002093
0.0619975721726
12.2546745119
30.8514343757
39.6895200107
19.2568488123
37.4376679774
66.3753491182
30.4846096447
14.4482370055
32.169012595
0.100809651787
11.5409296075
26.5517666122
35.1099214413
11.4615443897
9.70789848495
0.135547907413
0.0789152645703
0.0882503729902
11.5992008823
32.4014729036
45.0799656371
72.5830701411
9.10222399771
47.7994635196
76.2142483837
0.12964431527
70.0492897241
19.0295915399
51.2513592599
0.0882779962237
0.131870101044
10.2390871813
19.6444435718
12.9933867901
0.106545575518
11.5976078518
0.167375026772
14.6689369175
9.64462617229
60.2339557009
12.2191520809
0.169948141178
8.98713812501
0.146958021224
0.104979904219
0.0510463308557
0.0343158735655
10.5078049665
0.0502635996969
28.9864936863
32.0171455758
0.0535063348031
59.9848583726
27.5414699397
23.7686266127
0.0398099619522
22.5519744639
0.0318716566141
0.0435912537637
0.0522080761038
0.0318122510653
13.2060396065
0.0422429858388
0.0121382489
0.011605986905
32.7746792664
0.0176025017141
0.0341849968656
10.4504161036
0.0104415660457
0.0593169617287
9.13360196996
0.0270619414221
10.5414480326
13.2141946385
0.0168652246575
0.0277641477696
28.008858924
0.0884986002954
59.6754762122
0.106528481319
40.7433193384
19.7206971209
0.117825426409
17.4128283723
17.679141487
35.6829759889
11.4537535758
0.124268228539
0.144583703421
15.2548697648
15.626570406
16.72305774
35.7289380483
49.1101643827
53.2291274503
54.1801377484
53.6812964206
41.2164236424
64.6835699922
32.5381052107
0.00664814418614
18.9622760983
0.00676572008302
0.00451828621132
10.771673719
20.5897123978
10.8843019112
31.2595030942
14.3926151973
0.0149712812636
0.0203483757336
0.0227123099345
10.1017774281
0.00339697878941
0.00395542449513
0.0
39.2671338764
0.0
1555.79411991
1265.17285041
1067.32650915
843.483922765
53.3514459938
127.381479383
9.08526072706
11.7409897094
11.0632973746
0.0
0.00394148510692
10.4753098038
11.4877767961
25.8189774597
0.0108114797583
9.5759032978
38.5053151505
0.0
0.0
881.847631369
0.0
9.71204039927
10.6294330492
8.98273195012
110.563197691
9.56164131181
0.00206636737684
13.5269909036
13.1028628257
32.7871813057
20.7836315008
43.3929874124
28.4793115363
95.2355134035
55.4851191806
50.2543048233
33.7403379818
31.7859966821
0.0643004520423
0.145788518578
0.1668344197
20.8777354629
9.78236025827
11.4408069555
0.0673380101505
0.0476975426251
191.748898426
0.054764371892
0.0493033092406
0.00665167406371
0.0111727494348
0.0155572373325
0.033331381446
0.0211225830027
0.0209922083049
597.28249098
0.00626027521671
0.0158556360812
0.0058340805047
41.1220360219
8.90257221207
0.0185594599772
0.0319517715214
22.6706804572
91.147861635
140.079141031
26.1332091924
17.9264151014
0.100388453604
0.0913018520181
19.9797905072
30.3867135374
31.5738830836
19.3525495928
17.5888627234
13.7617691522
506.482908012
348.629016963
28.0057285991
92.4099082018
0.0
0.0
0.0
0.0
34.3057140342
29.0549659369
11.8234242958
15.4228275823
9.5647895109
0.0
34.4526253961
29.5796147716
18.5568217792
16.7095056734
14.7398504177
1493.5961795
54.2473077664
60.1121170255
11.5415722445
8.86419995914
33.0652457813
23.7940193817
74.6643890134
37.5124614981
0.0156400572718
0.0175228695166
15.8199315659
37.3349837066
18.9021443107
0.0342058877547
14.7258959176
11.0543857594
0.0533920249624
0.120727750834
0.121984262747
0.0889448462923
1539.27561392
39.3551944139
1321.51007655
0.0561348436247
77.7186855402
537.687252626
346.354927341
10.0360676178
35.7005532792
0.0267215707793
8.93685137565
33.5658940845
9.64134492192
11.9850737893
9.9201103257
8.91893329209
9.97751173406
9.17659650923
11.6210180229
735.984577167
752.271904513
0.0
165.750550171
30.7594545801
0.00545111517943
0.00707661216622
30.2362861848
11.3485765403
14.8604318174
35.3318082105
27.3716556191
30.5164397701
18.8227624914
16.9726650618
0.00799811468831
0.00586506588086
18.37135535
99.921467906
10.4341233928
9.2946201216
18.4243696463
15.6653152754
10.0167494155
0.0
12.9827934616
0.0
0.0
37.0529992772
33.7832627149
31.2376408539
29.9376506115
18.498643314
27.0985218728
0.0
0.0
0.0
0.0
0.00133203582307
0.0053166301715
0.0
0.00334452779834
0.00625312409048
0.022346905584
0.0264781949416
0.043613390577
0.0365827104107
0.0443041987875
29.1538774969
22.1130025404
27.0709767926
15.2463391188
0.1041888559
0.100797232083
10.1740727709
1536.22578888
28.6811641393
0.0418813800717
1296.73612502
0.0211951678053
769.559227076
539.559998082
357.954890821
59.546441627
27.430465979
35.5594516227
28.8072763609
30.3502873608
18.8947015053
17.1922702184
0.00302976255114
0.0029950520587
1790.51493638
9.13035070519
22.5172883625
0.00526275732004
0.016450165352
0.0298598779137
0.0965392350424
79.1989591576
67.8800271741
75.4251419117
13.2801278656
24.7683297213
49.5955574238
37.6985793158
15.2598604736
15.8495036452
0.017840605379
0.0189772346173
12.8447215873
52.7942621562
0.00292045263907
35.1856579309
44.0186134652
0.0
26.7382619474
109.076117772
11.0144657775
0.0
51.6939520095
0.0
26.9243293248
30.4873322458
17.2042846398
39.4010245112
31.9350756946
0.00378989959139
73.4466280184
0.0123859846419
68.6963018561
22.6486245476
20.1255676252
54.2095333994
65.8498724201
0.0296771060271
28.8914636951
41.8686881203
11.6299029227
18.1711247987
9.95272561254
22.3716116887
90.4224320772
65.3631237268
0.0855204148745
15.2865313557
25.0270050576
33.4332902956
27.0872244792
0.085422985676
10.7824685675
19.5876042744
15.622741766
13.6894653383
16.1816342364
30.4752082913
11.8316204986
30.3186267088
0.0159465099472
29.5151918954
39.3522713051
18.0051981559
16.8465047965
0.00631760470967
0.00719559598882
79.6491288646
58.5723971925
60.973195122
0.0
0.0
29.8830755086
79.731916126
15.9080245084
10.8446347121
14.1953887377
9.64314804423
64.8288381959
0.0030482194881
31.5502844555
30.0816609335
0.012772271337
0.0161125707044
0.0121594347373
0.0146645784844
0.0217617751446
0.0224503206341
54.7170840376
87.7219457529
0.0211106336105
0.0199162349692
0.0183941283056
0.0179012502493
44.2599319621
36.1246419713
9.24133786087
27.6336026954
0.00848033405901
0.00772356707364
0.0
0.0200737579258
0.0
1373.35806385
1722.97056919
1926.23437693
1998.27294047
1920.34545442
1670.27577635
8.9222658081
79.9666981693
799.886682121
0.00311101864635
0.00592590869318
0.0061098090342
33.4530151212
31.7679672214
27.6666452506
16.8474568249
12.8921486403
1903.3294081
0.0290278309782
0.11093048404
0.0963935412189
67.6769073593
53.6898359104
0.0819253537122
10.8525985919
0.0448519753483
360.255540742
198.543006928
124.568923527
63.3037732128
20.7910749561
43.2765744683
23.1662460834
0.0221496787852
32.9598004819
9.43324327775
9.63705658421
318.557981254
295.599289447
0.00647655600242
0.00984389773302
0.00923599603966
8.9102777246
0.00568567536075
9.58390485257
0.00890611408234
35.0393131252
0.0243945717365
0.0187849912999
0.018507307853
12.8021777264
29.0258608049
0.0
0.00655282292125
0.0154673910665
17.0226303608
0.0042992978134
37.3650832533
9.27081836419
0.0222306570253
9.25584725489
9.58860352349
9.47741536853
27.8300926211
34.1518273025
32.8119030187
30.3698736564
0.0439426954382
0.0290184998562
36.3430536163
28.827439382
35.7045462946
12.1036792727
0.0232588013914
0.0221603283068
0.0185089398522
0.00899359556936
0.0080280405773
0.0142504592858
0.0164946220041
0.0135439607803
23.081491475
10.8733474697
28.6572220815
10.7318517246
10.2417072274
0.0479474939236
0.0469234979929
11.6245922904
0.0439922452585
47.0371296026
0.0678483943966
0.102281135182
0.126745559502
0.132614780181
11.1647093798
0.0779851642821
47.1961933157
9.24859944495
0.0540817528031
9.88727499321
22.5072037891
16.4301200858
0.0421584654926
0.0744570029671
0.0704183115886
9.64040220651
9.05909270074
11.1175841498
10.0108485054
52.5488424977
50.3532340428
51.5382221955
51.4414925129
48.0536858381
47.4755909136
45.4665448992
42.9314435493
110.077035585
44.6250016578
0.0198633118543
0.0181717213147
9.75787102606
19.5300584616
16.7784116816
0.0254503140237
0.0239707104962
0.0309069933125
0.0463407138489
0.0517022533397
0.0619857115965
43.9973381432
0.0293494853053
31.731901035
47.4338307419
0.0606651344276
0.059749342951
15.2939148711
0.0469219163846
30.8416149835
0.0592769803013
34.3774299192
0.0688867266806
12.2589804874
0.0763895267573
0.0713627513162
0.0592700284238
0.0231494980028
0.0393815365448
13.5697307687
0.0544968017102
12.1530627268
15.9111383742
21.9254690336
9.29665696042
0.0734576883841
22.80420143
29.0285496329
9.88650407263
8.75562567702
9.93875160449
9.86757568633
30.4550781731
0.0440064475452
10.497526533
12.2627751602
12.6090284313
9.16208302734
19.2337851995
14.5670184229
9.20754912142
0.0788247772146
9.69447338344
0.0763963319754
0.0716612581146
33.4116972577
17.190653803
0.0242811501777
0.0197717676459
9.90066918771
0.0167799993163
9.154138257
0.0112892617494
0.0216510808484
9.71400129107
0.028940337765
0.0348557434769
22.6983298222
0.030210130681
0.0383791036544
0.0386613593141
0.0704026479564
0.0850444819412
43.764983933
0.0449011601361
19.353240093
0.0386151156213
9.40243079896
0.0461413708999
10.0698201633
9.30808285346
9.93636008054
0.0677015633657
0.0490866530236
0.0767140656931
12.7658830621
0.0313052700256
0.0191372664342
8.92312615843
0.0214477751537
0.0199223341071
0.0199877276833
27.1746542476
12.3224907424
0.0148358705435
0.0134459952869
0.0172023513794
0.0193047542634
0.0213496818325
9.1806804293
0.0124295660086
0.00923649721476
0.0137584113389
0.012849399987
0.00271790463571
10.403297024
0.00202233215801
23.9731429716
15.5523136548
25.9003891038
15.4644877775
0.0330547055395
0.0581282483618
13.502505823
19.8149272694
16.5632826706
0.0394675724585
0.0420827507365
25.7940556362
0.0475636733151
0.170771299878
0.203920616938
9.56859747142
0.166160798492
0.0838946764732
0.0469330566023
0.0670630548691
0.0504324747449
0.0753777166191
0.0530306447793
0.0496223198267
12.0496959721
12.8609044283
0.0351322098214
128.333908868
96.6881470884
0.0260978567664
14.3770254535
60.0753092003
0.0322500596864
27.4123222552
9.57057470621
0.0214438975695
10.5025436834
14.3711987577
78.6827117956
0.01894016479
29.9672704233
22.7026662044
0.0186836413879
25.9240275861
0.00597318207218
0.00919362191015
12.638288089
20.4992879023
0.0105152201245
10.9128875194
0.0143612102852
0.0122124064808
0.00815750746086
0.0102881465998
0.00890503272847
11.528753079
0.00828531051268
0.00933299894071
0.0109992425097
0.0115821989436
0.011253886564
0.00831171163249
0.00534376471493
0.00758925124404
0.00602553381031
0.00826332536098
0.00408703224955
0.0027818908297
0.0
0.00146215986312
0.0027545048849
24.1243624487
0.0107092901106
24.2283964524
0.0107762191049
0.0
25.6493103764
10.8556409316
42.6605278107
66.0786530703
56.9789129373
37.10250006
9.4476516207
14.2093898782
16.0784955474
0.0427753075077
11.8693527708
15.867395079
0.202553448845
12.6664682818
9.5144278586
12.2894974871
11.6734525261
10.041624372
0.0475073646134
36.5448308288
31.9497497358
0.0112209788306
30.5565146335
9.58873425589
0.0103225456292
0.0120229845674
8.91346802265
0.0237111905783
0.0202055097588
9.45280602229
9.24946358846
14.2278990716
0.003319250987
538.789288243
0.0
0.00638477724926
0.0139849813703
10.199207136
32.6661872172
26.9330820029
9.42555454966
11.653898052
39.9051491698
0.0248243616271
43.0330961299
40.4282075418
0.0238502841445
0.0377519735384
0.0298801439041
0.0170493754773
11.141968768
0.0
0.0
0.0
10.3146424666
0.0037105957974
48.3438216665
0.0144207578461
40.5574940134
13.1061090632
10.6658314245
16.0306610828
17.5155419234
0.0315572997797
12.0472074758
27.7217295271
0.172405712004
10.7456055867
10.1441164266
13.7315771094
12.935928189
0.0370032832016
0.0396819456111
16.8610871449
55.1076846006
0.0279392573766
30.2271878985
10.3555315835
0.0129517853046
0.015473554446
0.0254378097937
0.0321447474884
0.0273383500616
10.2669131031
0.0388792134164
0.040710188597
615.89755381
31.2901619889
52.3297875931
71.6508678154
0.0340762909446
24.2093696554
38.1982381075
16.5402920407
0.0280528510435
0.0314523120937
46.6556193236
0.0390248822847
45.5395054904
38.9059529167
11.5907271299
0.0252306092573
17.2468984797
0.0152069480898
0.00951963907945
0.017398359432
11.4466170082
0.0288298662817
34.9055187838
0.0294206421153
10.231817831
35.1633798693
50.3854150369
0.04842934231
0.0526770957552
82.783618818
41.5501118927
31.8943280115
68.4968693861
27.4160019849
48.6920768747
54.3062259699
40.4835021521
0.00302249901264
0.0021226533943
0.00562264055906
11.8293207291
11.4466434658
11.3637117735
0.00681027682292
11.2036122827
0.0184535443795
19.7926848667
19.3578789515
13.5685663832
0.0431356212011
84.3783030622
13.7692735746
34.9515261496
11.2183981812
0.233636500094
14.742087704
0.0981234780055
0.0977806763564
0.103841211898
0.0228870258144
13.1420941138
0.0280601452355
12.2270823917
31.1122044366
13.6418178508
0.0482416325351
0.0464657991886
0.0532803349253
10.5778415655
10.1288845178
0.0961885342242
0.0826795826906
0.0902784270743
0.0860489883053
0.084497753833
0.0840426373287
0.0832791578923
0.0192648591956
168.134504998
0.0285614945764
33.3768527315
11.2302213442
10.8124751138
0.0351403369269
0.0178263622068
24.3336941997
0.00344029452759
0.00407736312818
28.553771964
0.0101865254759
0.0127436635011
0.0162051673317
0.0200158296873
0.0178493036423
0.0161830933693
49.1716106068
15.4352340212
46.369491421
14.3401130969
10.7980650258
13.8823174775
0.0202420991622
0.0210719406267
28.7177293289
0.0145173197374
15.8395897969
10.4270393176
38.3660645853
64.4785936113
26.5099354565
44.3042186476
41.4287234676
11.4765691449
14.3326404369
0.0033185357459
0.00403442346509
27.9496458697
0.0190417771798
0.0221245768248
0.0418836902174
0.0599736241671
0.0577184685116
0.0690630133125
0.0673571481998
0.0732222722416
0.0738913722358
0.190505783706
0.213727306677
20.8293966542
25.8984237673
17.6515620054
44.0809482154
32.7597007922
15.9752572411
50.9781238099
16.8058962186
0.00903761994058
0.0136163336845
9.89277213381
0.0103644583062
0.00981029610487
0.0145864304653
0.0210152868418
0.0140810816107
0.018563164239
0.0105092580343
0.0124112288583
10.0286971552
0.0231144088444
14.1431415584
37.2742218694
34.0906898329
19.2010571494
0.10603073422
76.821506591
0.0408957379241
0.0362933925356
14.6399458022
0.0454342490473
0.0449411026701
13.4463289576
0.0484246031743
11.7381099624
0.0123085430308
0.0121517826058
0.0127483755488
0.00972039718267
0.00767203389505
12.0876935576
11.2996711808
12.4066278427
11.9719447981
33.8135791134
37.7561646822
39.5877187825
37.4149530776
13.8511149957
15.1338019517
0.0050743057243
11.1768842824
10.1611424125
0.00321215121371
10.5108436982
0.00533458952839
13.4803008589
13.154604957
28.5058251501
0.00724547848858
13.6126573773
12.5901458536
0.0136202380892
10.309463299
40.6737175658
0.0385517190512
0.0323701405297
0.0273920983742
0.0385689360397
0.0499460048027
0.0306151346717
0.0709025355973
0.105839390266
0.114589304233
0.152718970911
0.123181684985
0.0483641791262
0.0526672240357
0.0222571406681
0.0525717039637
0.0581700286559
9.92466439288
40.3248030089
10.6572092931
10.7039495998
15.7816881888
14.7112656783
16.6459993817
0.0306755054516
0.11699290278
10.8050634857
14.1361108565
67.4222385964
42.0170269757
0.116237224632
0.125709224983
10.6213302787
0.0
37.4451191787
43.591382436
0.0
11.943114397
0.00988509056787
0.00778267523577
0.00917931917947
0.015425191379
11.0650178823
0.0162746109072
0.0141856751466
0.0103824930549
0.0080008964551
0.0237934230923
11.9711774005
0.0263179868751
0.0271684493015
0.0291924463442
0.0224305028166
0.0204523412343
0.0202959175071
0.0166602828643
0.0225048514456
0.0183518240113
0.0120844953143
0.0144621492514
0.00543437924959
0.00594940196582
10.3924762616
96.7169495815
78.7236321286
56.3026415582
38.143376025
29.8207418833
47.2804540269
23.4541155869
35.3116272097
45.8615586258
42.7970752282
13.579237434
15.2944880608
9.99346084135
11.5349693187
0.0528709249626
0.0624182374079
0.0598163660444
0.0669314294269
26.7159388701
0.138549604126
0.168107643015
16.1442306477
0.108834154774
23.0809999517
66.069398359
58.0300664915
0.0329044343252
16.6775626963
33.3980207149
20.5444774686
30.8740274496
10.877977708
0.0126536381871
0.0316239981752
0.0380664964154
0.0402138719382
0.0421893109582
0.0449239843495
0.0474155657872
0.0500119843647
25.8607267174
0.00886537095216
13.470119523
11.0405370141
14.1742089189
24.6614469142
12.6446255846
0.0135811920876
0.00997272464242
11.3507323089
0.00645335601906
0.00172486296208
0.00461471393748
17.873856068
15.6140151675
0.00139111642759
10.3770168594
10.7840098822
11.2714495358
33.5611622379
32.0722208548
79.4425374256
68.1903238298
48.1961791605
40.9065895077
10.6521866089
0.0
0.0
0.0
0.0
0.0
0.0
0.0
0.0
0.0
0.0
0.0
10.0023834213
31.8794112653
31.1690629628
15.2279788791
0.0
0.0
0.0
12.8755446564
11.6383863594
0.0
0.0
0.0
0.0
0.0
0.0
0.0
0.0
0.0
0.0
0.0
0.0
0.0
0.0
0.0
0.0
0.0
0.0
0.0
0.0
13.7948053212
0.0
10.0904514838
0.0
0.0
0.0
0.0
0.0
0.0017190627778
43.2559642993
0.00644418177859
0.0363206037476
0.0331755734975
0.0268208696861
0.0244499028979
0.0296805291614
0.0334729186875
81.3880383021
56.5086709395
22.45436713
11.7324081271
1790.82865368
1468.38676415
1248.28705794
126.916335205
283.936323649
12.9960822605
29.0599640989
0.00968584125261
40.064970453
40.1458459423
29.8193722328
19.4377138939
45.4403747839
0.0443349787285
10.0191097089
18.1829797036
13.2824247062
74.3275598489
35.5997155566
81.622979473
52.163861148
56.8746883301
59.2315987844
25.6542411244
0.0239601449781
13.1984584792
0.0283851324409
0.0234828481849
17.0742498234
0.0385864031209
32.6528876791
18.5390294803
28.6928054819
27.8867728996
74.2121054771
47.1909660855
16.6991975606
39.5314442441
42.5575647961
0.1032969538
0.12471157493
24.4005248335
0.103997638611
15.6940585173
0.0995360119275
0.0695755505606
0.0542434025681
0.0517909025959
18.0442972065
22.1421628264
0.047900224142
15.7831593785
51.0098678931
57.9666213811
60.1264379067
33.1879280896
30.5702316275
0.0551746056261
14.3291010561
0.0391343710313
0.0442278849527
23.6963382474
0.0309538911531
0.0614509992252
0.118322023214
12.4976050404
0.0255569292209
13.316542835
0.0519430171145
11.0211996915
0.0316053841846
14.2212083271
15.948453758
0.0458953640395
0.0490649615743
13.3143507097
11.2268371935
0.06950065228
0.0660314606716
11.8919267437
0.0757415632276
0.0383608425773
0.0681280758736
21.9585291233
0.0458610132331
0.0929687208008
0.0655915400623
13.5949202777
13.7885364632
16.6471920013
14.1074450387
0.087943688491
0.00785323271339
63.7465341107
0.011711790337
0.0
0.0
17.3639182098
0.00394853638993
11.7444081925
0.0137988693837
0.00966131038989
17.3259853696
18.0731354548
31.1993752984
34.378063936
14.8283859441
28.4612936926
74.358319347
27.9824867907
64.101126989
17.8235382798
10.8053975501
0.120108993332
0.159508684714
12.8696903688
0.150039433632
44.1514794649
0.134004479241
0.120725587683
0.114435421022
11.1549612995
37.3334117926
55.0553439388
70.9647238974
0.10255475892
58.894943644
87.6274130326
0.120070713852
69.4346441282
90.4109343633
0.10797368457
11.4477652127
10.5040753671
37.0266968818
0.0517470085016
10.328565533
64.5960657239
0.0774896161735
0.0865231185947
0.100560773534
13.6350192056
57.9871677542
0.107105063526
22.0883026514
22.4346431499
33.1502143528
0.0876260810425
0.0666942223735
0.0703882183663
0.0776728542898
0.0155039699787
0.0246028781363
10.9038137514
48.0354664961
12.8479411277
35.0167544961
32.1708513329
9.92193891698
0.051339254761
0.0469116115353
0.0547300957608
0.0960619456396
0.0996635016279
31.8268171851
19.5749434745
0.0445684492841
0.0370105112322
15.4778974816
0.0445835689011
0.0281606460933
0.0350911853107
0.0302515923472
0.0405043161744
0.032699100111
10.7801284483
12.1723776981
0.0123331133269
14.3459771895
18.0185909844
24.8985108869
19.8712697194
51.7389105863
50.1721018208
45.8486237544
19.6923994321
12.7632848606
17.8924656319
0.193262237867
25.8258245697
10.3100078926
0.151818365571
0.148809942593
0.124609302712
0.0693263666363
15.7086523389
38.1686747139
58.4397927218
66.7136345696
59.7380298518
60.8850897666
47.3363252152
54.3980908405
46.9790840599
56.9940585117
0.0234275549604
0.010503725415
0.0366679142428
59.445863675
0.0338531138947
0.0298456175416
0.0519373205377
11.549824932
0.0652288672216
0.0592510223031
0.0214080643826
0.036095691903
11.2985044217
10.4473189696
13.2231817243
26.7167960193
97.5033817725
120.465156886
29.3472331165
52.3306497292
46.449252112
20.1113775973
0.0377880294225
18.418761514
13.5183215624
10.3304821595
0.0514162449436
0.0558518302731
9.93359509662
0.03880669542
12.414551246
10.7105047464
14.4966842523
0.102679948553
0.0972574255598
0.0588101886348
0.0556771960566
14.8364925372
0.0211990822312
0.0315352846485
0.00789314662344
0.00377377665423
0.0252648889179
0.0318379757395
0.0276752023739
0.0283566129049
16.1560511143
13.1955557464
20.0866737565
26.5791988929
22.3538309056
78.0889508826
55.4957213416
26.5245674926
0.0272428753382
0.056583524041
0.0833893417585
30.0889766106
11.4885203973
18.5929890894
36.2631258636
13.1253751876
14.5384455568
0.0780501340577
13.8690858432
47.600969883
42.2729596599
0.0205085007582
10.5958083005
45.6265537461
93.5782167631
84.7753124009
29.0131867074
15.2669039955
16.7761534296
0.0689836440008
0.0988417028905
26.6591659527
14.0321782764
11.7301703536
84.640366616
10.6686620794
12.2855695079
10.1960664301
28.3079333175
45.1952030277
38.2484709064
0.0584568186703
0.0389106764384
0.0218443692042
0.00841902476662
0.00674580540082
14.5552195306
37.1585123099
12.0369070621
0.00692173057109
130.068312709
11.824221515
0.00982699846193
0.0
162.754871277
16.4018199668
14.7807668541
50.2684134228
10.4940755005
0.0102541962753
14.2362599684
0.00257763888437
53.5633258324
0.0
0.0
1117.74823264
90.9424992289
26.0042243708
0.00300105088367
94.5350324037
14.0998938008
0.0268161470096
12.1107456366
0.0263505244764
14.4473849142
38.105689577
32.965541336
47.3948154274
17.0881407928
65.1406350249
22.0922160825
40.1367383062
15.4097599766
0.136592079218
13.3631980143
27.5051865544
57.9038841798
0.198537139907
11.674462816
19.8652263281
20.888716569
0.115727730738
16.0431742539
24.0316571094
47.1100595409
23.3021662383
0.0439237159117
42.2855143387
63.4098029326
46.8287225884
36.3892934883
10.4592766314
0.0244301343582
18.0934550972
33.2233888267
0.0176457198734
0.0219521341196
0.0347811868471
0.0326860971462
11.6894868078
76.6714910262
0.0219074564238
0.0382663795807
0.0199819864826
0.0287980023082
0.0404793685685
0.0408395544037
25.441466253
142.623308817
12.2507315457
16.3179300572
10.1109420065
0.0157705401687
0.0156535746023
31.4254862883
0.0347734687366
11.5733009143
37.9296807516
0.0528410870734
0.0563447073783
0.0503656373555
12.530528594
14.9822166487
0.0571133160629
17.5765445125
85.4750838733
0.0283410396652
0.0256000112822
0.00676716612702
11.6963178411
0.00946487470085
21.3731365211
10.6320764164
18.8221607534
10.962157648
0.0348298082426
0.0563858032429
13.3234502936
16.7242324924
15.7090441665
21.0306932157
27.9821049441
49.5842536707
40.9935539403
53.4223352847
22.3781531504
10.1248546096
38.5334454753
0.0827377133096
0.136510594125
0.129191685694
72.2457903231
67.6174508256
0.0916589879246
0.0672601498647
11.9349285301
31.6114095445
48.3614801662
54.6400166178
10.1931652739
48.7279750954
82.3391667602
78.2746834168
77.4955582483
22.7380312102
41.3732653127
0.0677556708619
0.0689157190946
0.0577829744121
16.8313191376
0.173851964575
0.202062644432
0.0855274799118
29.7820572136
15.5897096095
0.0679370196818
47.7929747512
0.139217902324
10.9589292092
12.3870065353
0.0619132463298
0.0899028461348
0.0438526685957
0.0602955017984
11.1227143427
0.0268869089481
11.3580095699
34.389947768
0.0372615261492
34.4641099833
12.9935824298
27.9579749638
43.7166861955
24.5353884706
39.4526247075
10.76574706
0.0616636484333
0.0508283420721
13.1827959128
0.0839863600902
0.0215565164143
18.3607942277
20.8716880452
0.0281272813269
0.0322241853954
0.0402740860375
0.0520130603864
0.0491475233867
133.029846345
0.036927214912
12.2454071573
18.2158484027
12.1713499928
0.0767333268968
15.9778139288
0.126632638318
40.8190961856
46.943158524
53.6207816079
26.4684615691
10.1918117602
15.9099217122
0.120771429707
0.146993439565
0.108415538666
0.106657717293
0.113021960379
0.0953673607853
0.0649581722688
20.7921714378
43.0078799742
59.9192111331
74.241056729
69.5356341321
55.6878905894
49.272330042
79.5575973283
68.3371417224
0.0357349966267
0.0209977875726
0.0159579188864
0.0109976973882
0.00416278986025
0.00703316455053
0.0211370223926
10.6991947896
13.9228624843
0.0198640337299
44.2073182763
0.0121694939324
0.0300607439778
0.0046487895096
9.93864122199
48.0250314113
46.0386085698
0.0
1694.09441071
1371.50050616
1166.32446322
936.518174419
31.3688494011
183.085486095
0.00160057798334
34.2831685464
260.62434922
0.00995910204255
0.00831175656018
12.997532956
14.4858421849
31.1656457718
14.5468534118
10.8285037846
30.5123684861
0.00314064843238
569.588997247
814.223989117
1155.40886404
80.8776398765
0.00290521579927
0.0
11.9116728323
0.00783492561471
0.0265912278328
13.2830542704
16.2180327612
33.2033261138
34.8269275697
60.6562483371
36.8851638916
83.5746261384
56.6027150607
52.9134915278
52.4889050411
0.0510188339572
0.0529152689641
33.7847227499
0.192928271348
11.6206206252
0.124571953366
0.0491201396242
0.0543174437807
11.23428996
1643.78505502
1312.49954402
0.0199650597599
0.00336212634047
0.00515328520906
88.3782963229
0.0134164008781
0.0184890329769
11.1079545575
588.201854329
827.798376015
1194.31732746
52.9931162549
0.0
61.6469832262
11.4871071897
23.4380085133
14.5956590851
68.8092170981
143.32591737
11.1673926832
17.7599870753
0.0
590.081320047
421.748104022
250.181035344
131.994983677
0.0
0.0
0.0
0.0
0.0
0.0
0.0
0.0
0.0
0.0
0.0
0.0
0.0
0.0
0.0
0.0
0.0
0.0
0.0
0.0
0.0
0.0
0.0
0.0
51.9348592871
96.6577855072
126.687745513
161.295121791
30.9224425086
13.7807073847
0.00500316164442
11.882326728
0.00139789518244
14.7291836133
0.00743508226663
0.00262093908352
24.5395970773
36.2898048197
20.2087433306
11.9612754097
70.8819612305
9.95490166102
0.0550663587788
0.0643584201983
13.2058348298
14.0774425787
37.0808927681
0.0711677742515
0.0240516839554
0.0249396503195
0.0226045298037
0.0247840822452
0.0294222714131
15.6058204164
33.8214394366
11.7263517197
16.6855827683
12.5100407614
12.4637395071
12.15088996
11.3529967421
0.0896246407032
17.9783749434
11.7932610399
11.087258277
33.2685732509
0.0066221501439
48.0648999032
0.0409670767316
0.0111024484388
0.010561808854
0.00608238624617
42.0574302958
108.867789032
59.180577994
0.0130778268475
71.3647065267
119.505816667
0.15016637371
24.9803525579
47.295815467
43.861848721
0.073380106354
0.0344966227531
0.0291176341934
25.7533894528
57.8851517262
0.0860685526744
0.0754579555922
112.609362744
0.0115163667753
18.9039132067
40.7523656308
27.6759541239
0.0
45.8741019812
67.9854971533
90.2850592324
12.8107584282
27.4983875302
50.7900436019
26.4910964004
0.0305804106632
26.3056328201
16.2130651355
49.2323139957
11.222973622
62.0583976443
0.0156438860069
40.7747672544
45.7095925928
39.2000672242
10.0570756381
26.6029881529
98.8249987672
0.0374037725647
13.6095421009
0.0325637367592
0.0211484368455
62.8809877222
22.8947534259
22.4234751273
19.4427889328
18.2366585367
36.1541707498
25.7057524668
16.2444190255
27.7545957866
19.510154991
21.6624026782
0.0441414442139
11.4440085665
0.0670767479318
47.1180558255
0.0988161840042
10.8840137576
0.0879006821257
15.0319943087
30.7081633105
11.4214682754
0.0896488748624
38.8386973055
32.4772354555
0.301172765287
0.20800888048
55.662891195
83.2649922691
52.1165989741
56.0866246809
50.5723458122
0.0250811728015
10.9309416546
0.0733568395281
12.3613110237
12.5160126658
50.7723661039
0.0319184531104
0.0171352273727
36.1122104456
13.3096928227
0.0732494445855
0.063814349066
0.0590262687666
13.2398980053
0.0644363790963
21.9647681437
36.2696171445
0.0496619763707
0.0505578271915
12.9007425745
9.96472161936
29.200372474
0.0284407213892
25.6897824317
13.97863051
11.7346244509
13.1765214787
0.0522554473073
15.1048728602
15.598808896
0.161739555819
11.8422747841
43.8665099874
26.8349219404
61.6439671918
19.3513579019
42.2883378862
30.0272041913
51.0753491399
0.100220083424
0.0915395416689
60.1250950265
39.1945517034
37.5676874471
17.6166345266
0.020279153447
18.9837190345
0.011216902201
0.00765264039335
0.00739491990029
43.9192993135
43.2422091053
45.9548244332
11.7689519181
0.0207929651204
0.0192533100569
0.0642127256021
0.0397646959372
0.0317232232051
0.0365090709638
0.0322188987167
31.4017084203
55.2830594128
0.0274677731901
10.4095756502
0.0334805481719
0.0347865290878
18.5227941935
0.015712937824
70.4428403088
10.0817229863
14.2463055111
11.8515413501
10.029067872
0.0968017817902
10.8869223974
0.145856106431
0.0772735793677
83.1111725735
66.7277821071
0.0185231057942
350.293783419
11.3804153076
12.503023437
61.9475527617
21.8372060431
15.7070781896
11.5185037578
10.0764290146
0.0244461932072
12.7452952482
15.9226520585
10.1310568858
39.7969417436
33.2592771193
0.00917553255999
36.8235971483
53.9220937033
44.450577497
0.0154587269021
0.0140693993318
46.8531609366
0.0333591464146
12.1228452288
0.0241261290817
17.7946420566
0.00716587284729
0.0126447006898
0.043345643375
0.033605393468
0.0536726542703
0.055688517772
32.5248360144
18.7960544434
0.0815323928889
10.9537824649
37.9007765423
11.5721815559
0.0245147491684
10.2795140873
57.5679464428
11.1582137608
0.0375755357278
0.0121326014622
0.0166943815907
0.0189363100245
28.5210541084
0.0121335953133
33.655219789
72.5896082786
0.0253512405178
10.9361199708
0.0196973778476
0.063016668471
58.1063549641
0.0995489851558
0.0435040127918
37.1760861201
99.1222203858
0.0208393374237
39.7428173598
0.042588646983
7.50964400013
0.369573953627
0.33848009742
19.8361739068
39.8346703686
45.1294856293
92.666165266
0.661263832888
12.2517414622
0.183884620694
0.783958664383
0.765901908291
25.6158532625
20.6187192863
3.47903751532
44.467867958
3.04818668708
7.87290920617
0.138630864784
20.7246401539
2.31395507098
33.4599705732
79.4260986147
15.199830253
34.7726150038
29.6532184119
16.0445832778
51.4364714347
37.1131244423
13.173778235
23.3162446893
0.364101789645
2.64255959364
26.9675724912
15.7087781934
1.93259156811
4.35811057976
0.785214097515
6.17859684549
8.70180939092
51.3606423498
22.2845486346
21.6113352386
32.8473074676
14.6622040068
8.17691709787
18.0346319694
28.0327390374
11.5561287478
82.6027625114
55.1488306658
21.5837761987
7.38157198846
1.34799192091
6.46762708144
33.162857289
7.39171630088
60.176061433
27.0916328759
14.2511548574
52.3299573055
40.8115785421
18.527418177
23.533483434
22.7468802584
11.6005146656
30.2527773144
2.06488619221
38.2147192328
16.8826629864
8.44839867798
5.24602012162
16.8311003249
4.2430491129
65.0411005583
27.6384189242
27.3405796787
6.86662162958
33.4630190295
74.681274568
34.7335400192
6.57540726544
5.70419328005
8.88192191969
14.5442633782
5.06491496883
3.64257795787
32.1092021862
75.1569839943
36.4125884672
10.0786746597
23.2900194993
16.3135742488
10.2124628728
43.4269809549
34.0772021891
32.5362572026
8.44908137667
7.48562797657
16.4705554527
18.1429784035
60.5824851369
2.94662496561
4.41366654065
17.5849459545
18.3502247189
44.3858858414
10.2519781123
8.66604745644
7.04368093708
2.7013772186
4.22291992398
1.5734338422
21.2678801666
8.49598131577
34.4165799785
7.53306612662
19.516715638
4.62972424106
10.9641334033
5.03972454111
61.6502385198
15.2439527787
18.9492572378
24.3776331071
37.9420599192
8.2221293615
13.6776349052
1.70368540467
68.9253674276
74.9840431822
11.2596251569
64.9450053147
33.2275857749
7.0135889598
53.587810953
33.340648298
9.49563568216
5.97045015915
1.267965904
36.3479318281
52.5754089449
50.6009556187
7.40177124044
20.1765356329
29.185289844
5.02698073231
7.3916768755
6.65632918195
81.9215769527
27.2703445297
9.60834431976
4.08842325096
77.4355717303
1.23655017759
58.0286512625
20.3143743929
7.34049523444
2.53082875971
19.29696928
2.95024204535
33.0361670081
84.7136550515
13.6217235271
89.1691551395
43.4932398919
61.8555535388
49.5243798978
42.9659616653
58.3993759252
2.53048871127
15.9599595114
4.69408497697
10.7689954165
11.3160288507
9.83299992681
6.93779440949
13.6628582709
14.9640452318
6.10832041909
17.4594722256
68.7827450705
62.8151008439
10.1678915983
4.4566205123
4.99199914743
91.1541467635
10.4925533955
55.8285886616
42.8875493032
36.9138304636
34.6220458526
73.450183625
51.9870517671
31.6601704336
10.5083333263
39.5089745995
24.6555472538
40.1540949657
27.8033501418
25.9733974978
2.58804936277
12.5090599505
87.6457804518
16.0605609985
29.3041946764
28.3757900123
19.8891434889
54.3339366301
85.0607806724
30.5483304432
7.51883222377
116.880548452
16.4660216562
100.392374978
21.0176435081
52.6578367173
8.6143196574
7.42242458156
40.0224776714
8.80794382867
23.6955952556
101.803478404
32.3043598499
99.8402628965
39.590252569
69.7289431834
42.7483452242
49.2432841235
13.0339410512
29.7803824984
2.64363251321
148.786587933
19.1430489214
98.500804782
77.5878872349
196.503324602
74.8789026228
192.475791981
28.1025218445
32.7839536677
153.499365822
22.3002975019
119.541902742
23.0931105871
34.19012577
50.8860554075
18.5567782986
125.20673497
33.2418239537
64.3972104395
146.990281153
21.3747397774
28.9712175536
26.0328682006
17.5476143859
28.0588365385
13.7439768599
10.3704570342
40.8629595849
21.4052150234
104.152789105
12.6888314305
8.03083544295
27.8679456769
21.4878873852
5.44541025602
13.3482787852
22.1015375275
26.6106241628
19.3666038736
18.0022705373
10.591813437
12.0704887011
3.26401699617
11.4448539166
45.3009435382
30.0773034015
21.4501830765
112.20845281
20.8208530441
116.249172728
46.4455888619
68.9960849961
80.4118449694
26.187847856
19.1905031642
103.553269376
5.44960092889
6.34127863475
18.240225289
59.7750896692
47.1472893574
35.6000895506
39.4219987886
21.3081712634
10.2530632474
25.4383620783
34.2983072382
3.56169393432
28.048332158
36.2224202029
24.5978757286
106.108880073
18.4195068568
13.047866344
140.299418197
24.2116036203
51.7154184592
12.7036685565
137.528263579
15.8314408946
152.340109425
25.7749325809
109.4626089
41.0015443
16.3040507599
26.4222454924
30.7238204719
84.3132621418
30.0800482597
49.9710203246
127.408193148
30.6152939883
186.857388829
30.4028615739
13.9606813756
168.303569686
29.1742621987
13.4406388651
36.2727590826
11.4031508184
24.8370754531
56.2978166201
31.098890487
30.0360091843
44.481348833
10.6751903117
67.0614663425
18.4358051145
25.9298625865
13.5510693457
133.78568433
211.515737149
17.473499467
129.974438355
19.5360299384
27.7633963548
2.64918437008
3.56499912671
4.08324546298
32.2569792176
60.5009397837
48.1582418718
186.476089403
123.904505287
82.5280111058
38.8387225027
39.3601798889
275.214541183
22.6005897665
20.2491223099
186.6801001
177.257179387
20.5022417174
28.5767692678
18.9738152932
7.20535740649
12.2657494059
5.60410976976
24.4967461118
3.15245901666
38.1081617031
40.8401238878
43.4769770235
10.8151060068
75.4622757485
42.5787772304
14.2437486356
9.77756832231
18.554549254
7.6768832014
4.87837902672
78.2078700883
18.5585753269
6.23564838914
6.65861139705
4.21627560975
4.45292421258
3.69287292789
5.4231616731
7.54468568324
17.6728265658
12.6158700464
10.445369852
4.64665339764
4.90360315467
7.52551745333
2.11722586045
2.45870244899
6.83239454945
19.8353759497
14.7467775123
6.06736384411
6.74411344912
9.54132457647
10.4811311386
17.090463485
1.85316943492
7.62092068659
7.8812084486
12.2061278431
6.35950945121
5.59993194907
2.34239470489
3.39489552232
14.5792023445
11.6095044314
4.135903682
7.47797820322
13.7185715558
15.6760325254
1.75253892833
15.6365136437
7.76674114101
38.1323866116
30.3350568501
13.6124854583
23.9412730719
18.6994456949
19.7440917909
8.49725797196
3.66027693342
25.66388953
16.3208048025
13.9770320401
2.93395668736
9.80969058952
9.5367509401
5.99621508468
15.2979533283
4.68325298684
5.24548442881
8.4492215125
9.03901241812
4.96062896672
2.3730804237
3.33584734956
18.200660808
1.63363565966
13.2623763175
14.3437444398
6.98808470228
14.8205911736
5.94632682478
4.60074312568
15.6941395314
15.0615169765
2.91299783801
2.88435800256
3.4074167491
58.7075101779
41.4546536482
13.9489160767
6.7171295105
18.3429087237
10.2623044293
14.3608706385
2.0715605597
13.7881252413
11.8513821761
30.2844542487
19.301228937
2.99324917628
19.0903308832
17.214497695
13.4524189884
8.45896705388
5.31750248273
6.57867314377
20.5767970696
14.2199202045
1.67076579767
2.80195091883
12.0523039773
13.4199007251
8.59172902836
7.96970811319
14.0099687179
10.5350541823
6.66525691369
4.18789460423
8.21097524075
6.82015079322
13.5640656937
11.5802514787
4.62333818777
2.96107937403
29.7212898151
42.161032666
9.02919126133
4.03397322983
9.54154806587
34.4758876512
29.5195354241
5.26192498771
3.22267082592
33.1604855402
12.3524937595
11.9926156541
3.53252860448
10.6580822878
17.7000786228
8.2221094083
8.9751096542
9.57466671085
10.2052715243
5.12276093886
3.3134383363
3.30577171116
1.70351701552
10.0679892455
18.5186024585
2.30863701682
1.29669999822
6.73715386559
27.760966378
21.2476068112
1.85786336256
14.0640569246
3.4707363909
28.3719585024
14.3189886433
4.2830123647
3.73239197775
19.0922019087
3.07795020927
2.19184492704
6.81202469612
6.07117852955
25.359528426
31.1661604083
11.2948132823
4.00392754526
29.0936395129
5.6726520503
8.25702419853
6.68209983815
9.04462806038
17.3894549794
9.19527849123
12.3930253064
7.50869223258
1.71071286242
5.69481628272
9.03972656091
6.74595757467
9.87586243748
8.45313144761
8.50873820478
10.8127741643
6.13000919647
8.13566844948
5.49617799546
4.72696168473
2.11455226516
3.0827492368
9.89338785189
8.29236218302
2.67728758148
2.2317107288
9.78166716189
25.1534306505
26.3408141283
14.3388926808
47.1853448741
5.67662143027
43.0947483604
31.4004767226
12.0593792851
18.3142277439
28.5364440126
12.6033863445
8.93872493689
2.39276349
6.32696721601
27.1542290826
39.4784748274
19.0048143606
6.10160541376
4.96485417284
13.5754459896
15.0025552054
0.0
0.0
13.798621025
14.0651455364
12.4589776887
5.54370939207
31.731366318
35.4713206407
10.6068935389
3.36433238871
10.6805125768
24.5054329183
7.40164831695
8.2532167813
8.62990518372
6.33456700469
18.2731003623
33.6176067234
16.4647980983
5.45886125166
19.3128242973
5.65025926842
7.94675595825
3.77396977151
3.5189755444
9.62814096044
30.1338658483
5.33108678657
10.5153309871
5.73381410999
21.1218459142
23.8478104662
15.7308002963
5.08097578364
7.59612200758
22.41459702
12.947276131
0.0
2.03163952164
17.506519238
24.1819584811
8.48498073969
3.89485031968
7.16484388351
21.2840430237
16.8913055674
5.37966039312
5.69862674926
6.71550401786
8.15517438761
6.82200162496
1.56812936418
0.0
23.5067205168
45.3453525327
20.0707801265
3.45247654388
10.6975832759
31.4976465652
21.0648486061
4.17183367873
8.36018916232
7.01654410977
13.7985102449
3.32049704193
0.0
4.39544016498
27.6425861137
16.8097412431
4.53313332794
1.32389493892
22.6165242081
30.9594564602
15.212068618
9.5385771124
6.23754274802
33.1540868532
16.7932327838
8.06070827897
14.3257500177
8.90967449558
17.8869498932
14.2167603582
22.3562795364
4.62469023572
12.7653417642
22.1298411838
8.06835080186
4.87302189382
5.36606323977
30.8712888643
27.4606355048
10.8206343558
26.2537018128
37.9298799518
14.6252564382
8.24926787002
4.46406828059
3.23154475822
7.15123332821
18.0795859439
1.68381576918
12.4024306569
5.9105909225
9.53637331691
4.83964330157
5.25265703123
5.98164462496
4.97559514932
20.8694106127
3.87090497113
6.02458783257
10.2984323075
6.59040019609
5.27542889382
3.49860599535
5.99951265742
13.9417590463
6.98372667891
7.02281448341
1.60898990957
10.7336013073
15.4494355897
14.7175746722
2.5487256777
30.566237923
10.7866677919
42.2801981021
8.93446319869
9.17384236272
55.3359837793
15.8404728458
18.2830050751
7.31051519205
5.28154221249
7.1675162317
47.4638799414
9.34204509123
4.03627779638
12.8065199278
8.14608246311
12.3884572031
5.33811464303
25.6066888793
10.9846269645
35.8477239437
7.78293667939
2.85795103185
2.10688589175
25.2657292277
39.3096527082
14.2073294288
0.809874501317
42.3021725743
10.303160483
45.2761331199
7.12562311656
5.97101050689
13.7783640021
10.6567850665
13.2127438276
9.28053431719
8.10344749418
26.3404803322
36.6689428259
28.1235940011
13.9918125988
9.14124393467
7.86502188529
17.426148117
6.19783185996
39.9423528608
5.44150746463
23.6889624704
20.867150266
7.85058638296
9.54370928757
14.930750533
12.0286411783
9.62341623405
8.4543502238
19.6500933364
10.5180338107
28.4974284033
2.81424084701
1.40491708689
4.62300002891
15.0619394774
10.9998194848
2.41067757759
3.3806933394
28.0444129562
10.7639895023
4.34420441489
4.98924126737
15.784639949
19.0353206412
19.1542557998
4.90826345115
4.89766419346
13.317976174
30.8817889694
14.613486565
8.33045552896
49.7514765252
37.0300354968
31.205933249
7.15503399178
2.90496010122
9.89052863821
16.1194274856
8.17002998314
40.8703894357
10.7279559617
60.6503691685
9.41544238422
8.69076963763
16.7904792701
7.60266356017
25.9423306139
1.34204975565
3.15736246061
4.55605568423
11.9905019849
15.3828907547
4.0756959875
2.76191703868
3.84699471003
24.6011625843
20.5382036245
11.8281985659
1.78546161374
8.92108360186
20.214872474
22.9286303447
10.0604319663
3.4974365355
6.97948716
11.1206451437
4.51608983511
5.27826206327
25.2963028633
17.4054648533
25.599126865
11.1741866775
21.0857157159
7.4072243903
10.5072361939
8.45470741318
9.61218607107
5.95316591382
13.2197126004
11.5385544036
7.04404749497
10.6609261731
7.82205963576
10.0748051063
11.2663956855
9.92850690808
7.34777983403
7.24397548048
11.0378179569
7.73599633222
4.15003352837
8.42009635596
4.72974425285
5.56144244936
3.59324349868
23.3630659606
3.69218398256
9.73079935563
7.14760993966
3.42817649812
5.50743394458
5.77853928332
14.1579203614
6.84559829411
23.4582276497
6.31709839605
19.5092799848
27.0366395275
7.76128660882
3.96805776713
15.9782251318
0.0
