0.0
0.0
0.0
0.0
0.0
1217.63704763
5882.21087152
13398.8654895
20980.3062919
620.078808946
264.964757025
176.538433944
0.1533529172
103.871717633
187.475273953
342.524113846
615.56070073
1.35741965542
166.552471496
121.611075073
2.42882097903
2.25279927721
2.14152039951
2.19970240732
139.987928828
1.935171854
1.75080788031
151.129114102
162.455517462
1.59046359668
1.44346552345
1.78528000026
217.722515448
317.437297229
190.847818314
278.146320659
164.463286931
124.652897517
135.314256823
1.4939650079
112.720168974
88.1520316579
93.0444839424
128.101475404
316.942017893
284.445032485
181.193306775
178.630636329
104.506310421
255.467328454
252.714988984
353.598292375
216.242784353
184.447375538
127.915743407
96.2817562027
134.768005339
1.45172771654
1.41403951524
1.45553168296
294.95660225
1.44728133949
1.2326547113
1.19196432136
1.0691495587
159.557879696
104.779457959
127.881748871
279.547969084
109.393464535
1.24424629545
545.556794165
519.086110468
1.6659232124
138.502418962
116.134545842
121.090650073
1.6388727371
128.37359308
109.513118907
107.71183622
1.84542779801
1.24079418992
0.606955769235
100.971354494
0.511614191736
182.848992294
114.529373705
111.856481289
0.80550142601
81.8671851911
1345.45226818
432.370323092
1.88832607488
109.457624459
0.500586024164
203.722782923
0.492665877073
285.292469173
107.157007384
0.748928751153
99.4434306296
1.30267578883
0.971289468038
139.672812171
155.734114445
240.220726729
1.7461662667
880.589705244
1.03003191041
392.070166498
222.349585951
405.07371845
2.40925608526
2.64245370698
1.38409477273
1.44025122424
741.549922632
98.6772407267
132.804409409
124.276566818
286.35133213
1.07673898343
275.383878457
171.189390028
1.10919369459
0.967705097458
97.7209177334
90.1004917024
2.17807810873
136.037522844
2.11965569569
2.80018202257
2.55422083038
1.42460804161
1.5768280302
1.71236193077
1.2464750875
108.050139998
137.607771665
1.23034159723
1.39723321984
1.43580032313
1.49209223302
1.52832203434
1.69431770098
1.29997079502
1.5009397929
1.85009170241
1.95059115379
101.019404702
0.778511970262
0.698180594568
78.2099109701
0.675616135553
89.5469925849
87.9565636857
0.611540519245
0.659495607557
0.57445655145
0.755926186606
0.937488706385
744.740460409
121.118681479
1.24948395009
104.655885784
112.332188166
1.852432497
1.09187542125
142.94757315
0.739081647945
119.473244642
130.186222242
557.274684105
2.61365780057
1.52799898669
76.4423112974
1.20633654549
426.519433131
1.46425523585
0.943350601297
102.565233616
1.13800439735
266.700252224
328.833504238
331.158015784
305.930954491
202.826042222
100.896772963
1.65916489717
1.82925008721
231.74789389
101.735851023
1.80225017162
1.71744092149
215.729484527
81.9337581088
1.22336292795
807.300063444
659.274436208
517.49308888
369.96384916
190.800859469
77.2729105608
147.251592414
123.193795178
140.479340988
256.017301718
115.312317257
137.154231645
161.637971952
98.9708154361
125.750926149
0.454453164595
87.9459011769
0.387260117534
242.109473917
145.323528377
126.043515416
0.3108891953
0.379330967207
0.481733003221
99.1362545917
153.137678097
132.326978842
146.288803477
275.610880475
128.864373911
143.134697465
239.512592752
110.18168747
128.546761369
128.99839494
104.057105263
0.493517027547
0.496763461399
0.442465233592
132.287914238
129.420295203
0.520212532522
0.717899473899
277.605975231
355.506364825
1.20618609052
92.3895134735
315.39833424
1.05078498009
1.20085003985
1.30672971039
1.30702079757
106.556997001
1.24950456804
1.24059759464
1.16364907187
111.371774061
112.124533026
1.29428118251
1.15962464546
0.844175003747
0.946753812132
83.6425754608
1.79450956208
1.43374521553
92.7942314162
1.2172615171
1.54164332688
110.099915052
120.730235453
117.439748063
116.588360783
121.620559305
113.120442943
107.624534557
1.987973796
1.63727761268
1.4276189738
1.20581530535
1.32676183971
1.49802370882
0.923095929985
1.28796695474
100.316698995
105.474617473
105.94155087
0.944964313352
2.24440902485
2.28779894829
103.373288022
105.584828399
1.92290701762
1.73674187791
1.58223763026
1.40244644559
1.26378453403
1.15158654534
1.09026394612
1.11823503686
1.16770817995
1.51405004718
253.401885423
1.503617689
1.45293343583
102.474618125
1.1595754761
112.25852087
115.971539202
110.830767002
115.821766734
2.20779892937
0.810876299306
0.611500011192
0.558935830793
0.851797079701
0.526080256849
0.763203007006
0.817152624508
0.786042021156
121.209404676
571.723771305
1135.73617211
1.86830277633
364.995632373
430.621155016
122.895270495
103.338304183
145.776978373
1.97692670465
1.29109465144
3.48343575596
3.18239591781
179.481827056
1.77342682202
322.254404296
2689.41293593
1.16992832392
1.50464014157
1.63048927219
227.259983999
399.131129428
326.997351495
174.158996038
166.189580312
120.582627489
136.797773826
119.784204454
116.31985902
2.04121326139
188.390882006
284.116457203
1.36336231052
108.263462737
2.26346720651
1106.75110614
139.141975881
184.324212591
407.646849743
326.873582715
2.68941682526
119.479178827
1.99508426919
256.507847296
167.461587451
1.81770738355
2.19015959585
2.04767140814
2.05981216264
2.93005917966
2.40455563784
2.55410343437
2.86614414163
140.95131306
2.90754846414
2.82650179837
3.39456570542
359.93531966
316.512575089
227.145971635
205.470269918
148.33011783
177.882752003
108.316482283
104.749190003
120.265433779
2.87276754193
201.738657441
2.09110888481
107.590903641
1.06336283223
2.31912790842
844.495307729
3.60649821563
2.42230511623
257.090607809
179.824282084
5.85367740744
5.570522467
289.13585628
2.85270896696
176.623534416
79.9473870571
2.3261054713
132.672846153
2.03241896337
6.12021965402
420.413700544
547.345825208
459.904913296
434.565285245
0.72464895138
0.51590233978
0.911513893179
196.112757034
212.971675248
195.684248557
189.787356911
176.465250065
150.239382705
139.527912749
86.8277204958
6.50421943316
6.42922995893
142.162024415
146.528907214
150.903897231
93.1045489867
4.79674712324
103.086681021
5.27534084151
5.21946064871
182.297016371
162.83797894
5.18175346588
2.72361896702
3.98232257326
250.022134396
141.591766462
104.221191002
3.90727536859
131.804922739
2.97312229229
2.40680171575
108.100478926
2.18838472815
1.88080040186
1.27240574859
1.18798146575
1.25292845034
1.96496049486
0.922410938887
3.86537395466
3.68468648096
103.998138909
2.69023413031
2.48537860544
85.3824065716
213.100935567
2.02429819492
85.8890336761
88.540059188
1.88769536988
111.578282238
1.23773774748
1.59225719185
0.656570105296
392.730086536
334.542210451
119.493361418
1.26020366373
0.771929283263
0.74754583558
174.593699161
171.715022794
1.23541821464
102.443420964
271.71230267
127.757294077
0.999548409363
1.39813488938
2.00963056474
2.26693378701
128.702351746
2.65855607699
2.63182734024
2.63069818486
263.30248917
2.32487393135
97.9229684251
293.668117495
227.903943351
282.204561612
160.85118485
203.552144132
271.150834297
129.607745855
311.388936299
247.949629407
109.497690107
115.410001603
0.698523829839
96.8207486407
0.53299116402
94.3409796408
105.704707599
0.80496341414
0.987319673223
0.529020406872
1.06871142522
201.875160728
284.16181
143.796976801
105.294374511
134.115379337
246.883394658
118.408498401
130.298630753
154.465695242
2.22178183763
2.14145447096
2.07752550027
2.02077798162
1.90060484309
113.531586803
1.68568743601
1.69897418522
1.6593408319
1.60188684939
1.00157458161
146.672639378
163.779106594
293.661750985
147.100324927
169.160234161
287.040003051
136.028568322
164.220735929
166.642462362
102.136987206
124.538354911
1.30712884834
1.21521015962
1.24965082465
0.995804186811
147.276564779
142.017229387
126.790468215
173.170351877
130.644148047
140.700722864
118.500715559
334.331915939
121.928876909
0.92423349052
1.62046264432
1.14903520226
0.965070331615
136.445803901
0.734929270977
122.238775109
127.912283398
0.811148824525
121.635034643
0.926045368571
116.584878559
118.136467112
77.501116341
245.239810925
177.323112896
169.208548978
140.794496224
123.894989602
1.3659014675
436.096649161
410.646436633
371.613321212
342.715912321
304.638911927
282.697253245
1.20615671072
1.13951592568
1.11485415191
1.0840597549
113.026251997
1.75791795544
1.98164554807
3.5099807847
126.509038866
1.14655503983
138.658066936
134.065641981
124.73562525
129.86822243
128.620950228
132.037801113
98.7174443332
109.690154457
2.08293384319
2.04811154117
1.91685845466
109.347248292
1.44372845472
0.512979168993
0.79450423951
476.431252442
521.508406362
625.769671908
470.373870897
131.164077816
162.231704622
0.894995700778
1.24243157553
1.92949198286
1.86461971183
1.28803027941
1.48786182672
1.76486913653
1.19647728489
1.27395143267
82.6685853143
1.08730273445
103.306416279
0.864140008933
309.509601322
495.887919449
186.580252211
3.00963004993
554.46995165
133.374433061
293.353167867
3.92987989392
387.438701098
283.317196907
2.86258519892
214.686753927
79.8814383491
2.6708497367
1.82745325181
1.35915668495
1.73299496276
1.09618309227
533.860716953
490.880256427
475.322841948
502.019010704
363.668327463
263.141692871
323.886992188
164.700182093
266.567747853
132.406123266
338.534057091
256.936553265
118.533158687
133.265073509
95.008500596
120.194123338
0.853099982169
178.505188372
280.576925864
1.01295364832
385.955547233
580.689850705
519.582239418
195.876384761
509.013208941
475.593467876
2.17733581116
174.583642737
139.026663595
202.649825462
140.329900731
172.922497972
158.377200691
118.776451238
157.131112516
1.44638115169
127.022085267
1.34020623751
1.46218596781
364.850018324
378.812094955
428.914946478
308.669756003
284.817292083
303.748836012
106.371064286
165.803375163
100.918069531
132.116765733
103.899929382
96.946204241
112.779207641
122.574163151
1.40701090947
243.496027527
141.245685833
107.819822258
114.141408973
680.167404809
1.61901553574
834.787831976
6.73219440627
1.70389803166
279.212874665
2.03038874029
299.936323643
115.257392161
91.2765978721
2.87342284239
100.296796419
2.67736879658
2.66608228572
133.924973433
2.4638219108
1.7458019047
1.82990662792
1.54239610834
603.780676614
476.224079355
4.03805420326
1.72518572256
255.58036477
1.46687402778
177.514799559
142.830692948
122.680933477
113.010231982
104.505709025
105.965717057
1.67229737704
1.55952806607
1.28203122432
133.807091556
128.111786756
127.038906185
126.989719036
1.90212155335
1.78572541396
2.07404849304
2.15675942932
2.13257086713
355.008127885
300.163293281
2.56620012806
2.31522511667
1.92968066893
1.55430616816
118.393213371
113.075681611
1.46540887144
1.4126349081
1.48368275151
87.8694179008
270.638170368
84.402531455
1.80945945421
427.185743747
1.12174535372
1.79991511388
1.71676711412
1.56848943583
257.002434301
1.3584656892
1.25862367854
1.05048942674
0.986289290903
0.955396608454
0.982520033075
1.01660602823
1.18987080332
768.631505741
1.75155569946
297.282877845
359.037781022
95.4854292599
145.433295491
1.67575851587
163.20574273
110.159052227
76.5962838166
125.156195518
1.9479989076
1.79436066337
1.77364648116
1.59101288142
106.172628683
1.28260146037
1.43540303458
2.21414092659
98.6516554983
1.71733444273
520.445892356
535.112192229
83.3403598521
81.572170871
89.2622239149
117.035623565
163.075667183
3.40046026091
450.937267864
106.441979761
273.363336306
3.30514511451
3.1290184397
277.838324868
116.564017303
107.864014518
119.784029851
3.29979206006
132.951723847
280.730053316
1.4738072168
2.86147758233
120.412169403
1.15313211381
0.932294057655
1.56284094586
127.279851311
594.143915048
155.129788092
99.3712057319
82.4454813353
193.787516505
235.104674637
4.26460879379
123.149407207
2.82316582946
86.8285804742
85.0865479905
126.403498855
142.664754319
3.27077847088
2.15451713243
453.29383715
472.960985701
543.977099618
449.831957534
422.928246337
354.134506603
403.562168414
381.366743924
98.8966284109
79.8139435911
81.599880461
125.469899797
108.034421884
105.480050609
93.8851089456
2.57955673208
228.210078588
260.484597413
682.237070019
87.9431816116
140.901442984
171.163163223
144.561035635
150.077692034
1.87222214072
2.21855021811
128.594922318
124.398194543
1.88683327458
1.67339015343
2.53493741012
2.43230350626
2.37149076604
2.26190095662
97.7136037504
84.241950434
117.495039103
138.185154683
136.378528148
165.845735994
158.442327417
118.945002738
129.480782815
141.464998486
106.969983121
131.622875409
0.597900476974
346.027390492
0.705415009088
128.469776956
99.6841388036
134.028694214
247.81309581
236.879658322
0.852016709036
100.970604365
76.5752432279
1.89027622853
108.217695442
1.23224377301
1.38887667487
481.189762893
438.47449537
413.425550344
330.641534842
203.356605101
187.409770037
283.484103531
1.77367665219
271.112793736
1.62502457776
1.70747317588
0.461501988657
0.403532126565
188.510181156
108.996273456
1.25057729784
309.361246393
187.206603884
151.799147235
1.52469915367
508.753790185
531.753501827
471.179738272
521.757096483
1.80868676224
1.96210215363
117.962199076
130.436933778
134.250050915
580.938712854
276.09583579
106.072061063
120.638044103
1.48315876845
248.089040648
263.294254318
92.6112497728
879.499814728
236.520516612
78.2726484534
250.275326307
0.856432707844
1.22122000832
1.27612395544
128.053118465
1.33625291821
1.26450265268
102.273602437
1.33351576227
1.38565127557
96.5313045485
1.34047443273
102.749749753
92.9508679847
2.45228343196
2.30847685028
1.58005962161
138.409323671
121.713600291
86.0630778888
89.3983275113
107.261765486
2.0052802785
98.5948816563
87.1636050463
1.75656316712
88.9089542566
84.2558081795
76.9011956702
1.74983155425
1.68556300581
2.11716023201
2.15931624608
122.696821499
2.06035100306
1.65731878606
297.151326239
1.44336531525
273.972353739
1.85226526963
1.75559367366
123.2118215
1.92120842435
86.6932631851
2.22102370271
2.2030082621
113.043279339
1.80294428896
117.831537214
119.802676121
3.6668056779
84.5712676296
85.8702417501
90.9014400067
94.9904948013
92.959386299
87.5817699863
88.8979513938
78.3989542549
117.291205897
425.648053892
1.20096889897
0.573225889
96.6992912699
1.21091178393
77.3775281017
1.12739498442
1.51336975387
1.3484787684
2.37026142201
135.165708351
2.25937777791
105.350067817
96.2289490775
76.1009816025
99.9322044018
2.02528579144
78.3426069092
1.74638532542
1.55541133035
77.6727682189
1.50390485841
1.15763615307
105.904567853
0.821215895872
0.737535729758
0.848284267256
89.974938602
112.599159352
118.526998841
114.623491254
109.025896844
109.852486412
94.8492766408
113.127115626
95.5991068212
94.1992715018
93.7445858586
2.29816870789
90.7080360324
84.8201726238
83.4252663593
77.5636450764
76.710327736
80.60841349
79.7061994443
229.412387983
114.268306678
127.089613074
272.772635543
3.29832593309
139.291428722
106.339498713
107.226230292
100.560921681
101.972361921
87.597799888
96.9414923282
90.438009551
101.092493035
86.8876914506
105.913930779
2.25709557694
84.3045355011
84.9864487585
3.35859644224
276.160491323
115.663453763
97.6012695011
99.1115137438
101.000481504
97.7660772881
97.3159322182
100.462373665
114.268903252
76.5949759043
231.434867007
97.6698514144
101.352982706
95.232114665
92.6895843161
81.7744120169
1.58849856181
883.301866795
89.6040918802
1.75155219592
121.575274838
632.931913257
136.447442493
114.986164008
1.65049087314
1.89974061023
286.485688089
172.20692292
102.41054787
146.855829465
91.8614655919
1.78604623737
157.914383527
1.34066615765
1.13219596019
109.423151603
0.953283578593
1.55931275421
1.57958479027
119.890237884
2.14811049796
85.8634257439
103.982964563
1.73246679633
86.5611920088
75.0325872616
1.45420321436
83.7193377527
1.32730450041
1.4125740025
1.52250591325
1.55219874724
1.49561450783
1.33416357081
1.28596663434
0.929137908965
81.4078764242
119.840799206
114.35671372
111.112332787
113.282569097
117.400581601
106.753290544
99.8042874911
96.5840854005
96.3303190268
98.4932705881
94.8127855809
90.1522143474
81.6290043279
85.5883730383
88.4877569511
77.8923201021
1.91628801395
1.97602812776
85.2383709749
162.555100347
147.251727945
137.533893084
133.162322032
123.717958454
3.28401961849
3.05513828466
116.29792558
2.71640820309
3.07251610801
426.722893356
429.16445369
429.782505381
414.131837088
407.491792815
165.611767584
164.318372555
389.294464688
187.111658308
1.27086642611
145.609099148
1.73407685059
1.37286739477
1.82262162547
245.532701142
2.13047824808
180.171413965
2.2354944961
2.08675237774
2.12755929234
1.46620912359
1.910773824
136.048103972
1.97994485378
1.74645215781
1.66232641405
75.1549269003
1.32077849339
1.11600513941
1.04654439778
0.966165924228
0.953681181064
1.2875704658
1.37040612035
1.36373600762
1.2111523076
1.10563863446
206.719431976
0.961368291368
0.750533355188
0.645145579062
277.708721401
714.55043302
1.45319536707
381.153269771
158.933848738
182.332998956
1.07197350603
92.7068590232
1820.71353305
1907.5279537
1703.51891681
902.275955713
2.13722762962
518.77818313
1.32009594722
81.0654982232
149.771467291
1198.89917313
245.436847608
3.23486823238
106.356770753
1.21019487685
1.00358552895
405.665311549
1.38950230498
109.790264771
1131.24172792
1517.85041991
1346.53063252
1476.09537817
1683.30594164
368.291251258
0.395237333758
0.357688568447
228.098853738
0.147945735655
2024.51869534
3413.59726981
3092.64146893
859.739129718
0.0565400016044
251.698196219
3313.54345671
4878.86790666
0.775963439399
5462.7028572
7805.86549533
6390.08985602
6284.26488251
6117.69620205
5761.17331344
5354.48927648
5092.27894575
3965.51131731
561.376563653
498.258636664
264.345247013
867.256073176
623.902608577
393.764665951
111.502713746
164.733051576
948.53950498
968.089901731
666.32372619
721.57120367
403.922750211
624.645989607
573.49575811
393.125483758
354.41584711
332.936985183
280.837152948
388.625784041
294.05224578
335.736742217
414.46680841
97.3141618492
124.559930248
143.250948501
2.78792951202
656.340563892
4.31965870789
1932.41321117
3.22771064494
1271.67952256
1175.44695044
172.210356636
5.15855710293
4.64819284499
344.254374658
304.320934537
175.458502104
310.96852252
174.247284785
380.477853318
326.553062777
177.418087263
405.014627146
323.586202331
1092.40722919
1.508192074
1698.41302898
751.566995904
544.525813484
622.724712642
424.288405635
888.679485314
773.089461954
295.205818943
318.446110492
2.49728344152
4.2608547721
325.276249754
788.513916927
5.13202332376
244.830708694
403.082322741
340.317182681
326.282616887
5.24396174493
596.941789107
3.57815292859
2032.26589717
631.451970455
3078.64365658
3213.68976854
2772.86122568
2245.01423959
4171.42295251
4289.14111877
3263.25986399
5195.62455449
3694.25911491
4127.7791651
3811.20713976
3211.61449054
2129.75043336
999.593372293
13.4568831597
14.4838310601
4679.05980551
2415.63895705
3743.574013
18.6472029658
1419.69355702
775.480828468
1632.80925638
474.185100877
567.936519699
820.989891884
242.47328467
205.098446977
18.8017667808
249.681335598
19.4033908179
16.6399858839
1303.49752799
16.4083198476
17.7574655497
1066.48122763
15.7973933801
16.0462498512
12.69705907
390.657044727
207.404071829
254.689363957
14.3109379527
459.779188217
1091.82281294
18.4685443132
702.432708006
14.8577823541
337.606280173
358.017996679
17.6306429881
16.0419675979
15.1337198998
14.4283152186
16.0592630314
16.1633861794
3341.27162256
10.9512819589
11.8322562282
6.28863212181
2.41136305754
4.59535954335
3793.57838848
3649.01730338
5.81126350562
417.110175991
1601.08460777
232.646802196
310.464041979
301.416013833
249.764857177
2.25536188062
1047.96383162
2034.56048792
3873.76744058
3390.25180243
2672.82322387
3856.55838212
3740.32988334
2602.28016955
4208.78931608
3278.12175116
2908.52140172
3305.28993206
2215.41849281
2244.22559749
6.21516263348
661.700429683
12.0314581684
2469.94423901
2840.55042805
2941.05153832
2817.50220473
2708.44042784
2809.51390729
312.593782666
12.7702860882
1936.21720909
1980.967897
12.3079761978
12.5965819591
13.7397938305
2532.55126618
13.0341108818
182.519837591
14.7069239726
2992.9440816
3247.70131285
3156.16200001
1864.54077999
14.623675774
13.9523045534
13.8265440243
14.3940280488
15.0387489149
12.6877157632
274.014081044
209.889702473
12.8893189848
1365.35120672
14.1424452765
301.413379714
559.165146728
13.3782272576
1253.70749171
241.663838473
329.029488975
313.905313848
12.8742683493
191.277402003
13.1253705971
189.060441247
470.358850559
277.11968782
1446.29232477
744.135564534
9.04331421052
318.545952762
12.7880390185
5.09622640948
7.8600097786
895.885342665
1001.67133473
8.0559706388
7.28401474734
8.54659578061
616.655226807
913.348846453
197.932035259
212.256832595
1362.02005817
3.21963630377
3333.48923722
254.781153093
6.70601072489
7.5952165257
8.64438268414
7.92026513817
10.8934345153
2632.69841789
10.6119314906
2258.98866245
193.855064475
219.285839006
1741.51019967
8.03744009991
1303.79862759
1512.70610838
1453.05095897
1584.53194252
8.64895778471
7.17561280873
268.838670564
11.1144397744
10.2596375473
350.754739842
8.6153765729
292.105644519
322.551556652
7.96440541738
5.66088218646
295.195099726
2578.48242494
6.68196258546
2866.63654288
2926.28281685
1495.92404528
1616.81791367
1609.68606057
1514.74963054
3.89382855309
1064.60797545
263.605953036
282.253159216
3.8361320191
1214.64376429
1237.19384779
1475.50232368
1313.5949631
3.27088591156
3.27874067563
314.286395164
375.42219755
361.914141969
1113.70447892
439.171900686
1536.81194708
233.262154846
231.754196735
264.167175268
1276.80620822
8.21413239859
8.0766133064
186.303555541
316.309918523
881.687010386
301.461025832
6.14344326005
6.42085152398
3582.35095008
3676.98796064
3670.81713522
6.01499706969
6.05997957777
3.34679046015
4921.30872555
2475.41424151
2566.51582255
172.58834437
576.616648105
1812.626422
436.837264278
865.638911422
474.996241811
219.081867511
489.188365229
14.7735991658
14.9180367425
2058.42681264
1897.5457483
14.8837863967
2425.99814878
1404.93279837
564.774959213
454.451818865
778.476925935
669.275537974
1076.68016021
1485.43591787
1054.87869782
1367.38931696
1340.04785012
1499.8585235
806.339309731
16.2253589646
14.5903079778
14.4043422173
15.1983752038
15.5650649317
14.2460767179
13.3059630602
1375.30652574
12.6394601464
3323.54734316
207.679165617
4749.91423115
3586.29814351
240.929189129
234.194073207
12.2932375709
192.37365766
301.469193312
625.850327714
582.103619539
344.815259184
610.229411624
472.101590379
763.668007298
7719.59446085
11.1095504455
202.81785445
10.7023427584
574.76173248
2607.19491188
2709.64730208
10.0206424558
1737.89145961
765.874613267
226.446429918
11.6222456949
11.2105363592
207.226050074
230.401572711
228.454235563
214.540914706
10.744365713
11.0923198715
11.0165861826
6.85549446225
4.8081952272
2828.93750621
3734.74703644
285.835873817
399.076632015
229.08300615
5017.74336268
1797.10384561
2351.89558523
1390.47851747
5.92501488311
7.20211812901
3.28404495061
3.20229133064
1424.24897327
595.437344439
2349.70531562
2168.00695273
2603.93023794
1544.14756833
755.136397291
609.616432209
361.307042027
840.411254685
363.660433623
1873.24166579
7.55396796734
914.215218974
1525.65107787
210.860415864
180.706851764
186.854495249
194.111789564
7.30337940629
6.86399808587
178.431993742
184.327683905
7.06351167687
174.38441582
5.46370700222
4.87870165578
268.593943027
6.5808659391
9.04338199938
8.08959443275
11.4304807013
6.84767517402
13.8309717452
13.20142255
1427.97612967
12.0307246998
789.056418185
9.17040018003
9.02956970715
260.461983533
8.62076944551
263.518668742
3198.87492262
697.246168054
1760.0903677
8.40804566457
1725.47760211
236.284019103
242.556669804
240.590119807
231.416096146
226.166698822
217.28814744
208.151369793
212.468847727
215.365045572
241.138928355
9.22327301628
2717.52769364
2163.34254473
1547.51361172
1309.44123003
1.74372908886
1.92425326327
2.36426262888
2.37094963853
378.879909696
238.699432247
267.728561239
2.50246594366
628.505653673
2.96657661443
275.17430526
4.58526665827
4.66844826929
209.617383314
210.162721755
3.7928071222
4.09724246427
4.75615144452
4.96638724885
193.518113587
4.90985816797
4.61454004942
2422.86083009
338.906468874
370.638059112
347.500828905
273.820978516
8.55121570692
7.78098677199
7.25887663775
7.14432864293
7.0249981442
6.82942817663
6.66800334767
6.54820414241
6.17586029096
5.68924984544
5.5038132426
5.21580744343
5.13489720597
4.61947432268
2375.33376165
203.976482108
192.373299145
192.491683912
190.694216176
190.606588999
6.82443845134
6.64205833717
7.78624985097
7.76052075301
8.32664957892
6.17368664372
5.99420330782
5.71369294441
5.38786105943
5.21426263541
231.539609887
374.412644505
261.210802796
238.06953589
580.549692688
7.75257428792
255.536619141
8.42948703829
7.69314299542
248.744358389
227.082746794
250.461173567
254.130410315
297.464345227
301.741105017
774.801569818
9.04806093627
326.057217316
287.708432248
255.836789786
260.713679114
282.370527764
315.972080299
2.59529196624
1.41796558309
1.12013420272
2.70210350606
10.5323941557
6.75898011157
260.848129476
254.057371979
2.4755979888
209.090495458
2.31672176482
175.16825489
2.30459535993
2.25539963537
2.39616423037
2.26585371863
2.46730209574
1142.19486933
1216.2006558
1191.72829308
2.9635852716
2.87594326374
1228.85873131
878.184236767
200.43510089
256.810274714
3.75760203978
3.79211423093
3.79503456315
286.813015962
354.419449061
645.120854119
557.297622286
2.63738887012
2.87567560329
606.800841876
789.145610873
780.150669516
576.899295845
2.5092416685
2.2644729639
2.24230939721
199.827491257
183.41616483
2.74762028103
2867.34354013
2777.67033543
2.38843343191
2.1232079911
2.04379047893
190.64332982
209.36564122
209.891470665
189.659722287
172.050576366
2.13288166301
2.09385707856
2.02543437239
2.04418225395
2.02868570269
2.05850103089
520.934443357
626.252900673
697.610218904
684.967429818
1.33540682635
270.677332133
1.1715331714
2054.72208823
2205.63132418
2344.76512312
0.0740254146762
219.027897244
173.725803782
0.117744421779
1082.26385136
179.825259316
304.946882674
1.36884592742
1.49197738107
2.28986662932
3.08144623613
4.7343551594
726.625985926
636.950647043
339.471856397
3.38347853027
3.13384174979
3.74269716645
5.92542587487
18.456274521
19.9817212127
20.3442236649
203.023956066
912.624925046
189.769531708
308.826880015
13.9494863376
36.3599614656
30.3720499349
283.416798943
682.759364442
866.404110802
810.657540791
736.634562541
459.079208632
519.476355529
552.032537427
37.821643999
37.5881405498
37.3709348128
593.652450964
31.3860810514
30.9883476702
336.026144901
429.442261551
412.492322418
242.672424964
35.9008603166
1372.29743532
301.472609813
292.443219326
294.081045263
278.290759818
30.1530550434
289.558058041
287.362731836
28.826319278
27.9856457417
27.9060915009
27.1135144636
22.3691705651
364.957201777
249.341053861
281.48909857
329.585695995
719.991516728
5.44236214168
1155.12947017
605.136386063
406.747432765
2.03242801181
645.365238804
1.84020891886
3.4067863611
651.869026873
326.080388143
0.981108624844
1.07731364358
1.09555846814
673.925883757
0.348654292976
0.425729688673
753.862097983
581.346731996
0.488928835937
1030.04522901
1.4495384799
1.65653088477
301.597324971
3.65057644183
2.14876745043
2.05175689422
2.00071805734
179.217559906
277.048441678
256.313527663
2.09212079484
202.055826252
1.98494887473
188.533038665
202.752599335
2.2872972656
2.66824903701
3.20622391553
4.10841375315
351.352600949
546.442324848
353.148255693
323.715256893
189.47019564
1.81087943185
2.10780834403
273.577847013
2.17644924199
2.03083840697
2.04152956917
210.591823383
281.779780769
2.51877822254
220.047009054
206.786018201
2.22809425359
3.16615094644
2.72410490372
1.73290358157
2.76543436681
421.899097974
397.236532211
375.861515109
348.918077407
317.576848764
280.650875959
2.61484427386
2.16206255666
2.51567592129
171.274095699
177.241723801
1063.75320839
188.809977004
274.313826523
893.701829724
671.700103952
192.193389718
180.137932952
318.788651969
323.05039297
282.709654067
1.14671670508
0.978331764209
780.895527232
665.961459762
690.948698497
711.626691372
695.334525138
690.698395894
537.894731661
472.957565592
258.946727226
1.45541836317
266.890447892
188.949484791
0.745409727086
542.272972814
1.42092404575
1.48534037336
547.650524824
361.688135303
1412.89766823
563.187609165
437.351433219
311.985567564
298.461236411
224.396367724
2.90500001186
422.801824043
642.409678497
476.056399442
538.256223197
2.5180334195
2.97592517789
526.457192215
297.50670788
2.79548760385
2.1964651788
1.97771681556
2.31915563119
2.13424832034
328.613666229
312.421459309
1.59044199038
1.43737246956
1.42884356394
1.36057234131
1.47920614456
243.230850748
2.18622899931
2.23330307555
589.031871715
1.94876423572
1.8528808588
1.79809437932
1.75156280848
1.68453201843
1.64960657206
1.54062902667
1.40703513179
1.27824608751
1.21123989652
1.12112537514
1.04400037386
1.00874989615
0.695253726578
1.00177746364
1195.54444404
173.966140254
214.113871424
1.54179869563
625.29135822
1.44819526656
1.44800143338
580.812445949
1.45458834543
2.12709744818
352.742292448
347.327952966
343.951858207
339.422666854
315.3985094
301.799559473
1.01237327876
1.07324367762
1.486475852
0.0
328.960830822
321.1560301
0.486727954027
0.287224369964
1.56589518349
1.312826822
292.26897342
0.672726262809
0.66485427013
0.643312745465
0.574218060617
0.524021715885
0.465610195747
0.763766112535
0.652221026044
1.621989627
1.60332395232
1.67599862608
857.328751416
199.034205838
2.7173630013
582.118411289
2.66184232559
1.82988973753
1.78161110637
1.70108893939
1.67044931208
1.61028594301
1.58296259551
1.5513859828
1.48301754796
1.43077099122
1.40443376136
1.37381207204
1.33625063752
1.29279314212
1.26772288569
1.27012380343
1.61200221756
1.67824432043
1.36299153981
1.70565592095
379.112816226
373.011666698
341.119443118
318.488620434
304.818145985
293.98386316
1.49272970622
1.40988256104
1.37482628752
1.34172411338
1.31683296136
1.29712527882
0.976140422403
1.09466915546
2435.5580887
184.012751836
404.907326659
611.663839675
389.814254977
368.740722165
385.123690509
606.123806694
619.89684346
606.025532865
398.325712734
572.999015939
575.332679929
374.134361377
331.471608417
318.161465755
0.974827647887
0.46987186355
0.806555853608
0.315279805125
239.965212271
0.675339694985
272.116650506
298.477178816
1.62787800354
1.13240483975
2.01089456482
222.834883807
3.62395939292
454.184167252
2.16783024414
606.861310917
403.315495342
407.2288966
607.651776893
609.398163978
4.62742178623
375.141037432
343.730521448
3.51881117691
263.255394794
266.109664781
221.725417351
6.84634250303
319.300959613
4.36021860092
3.77837654671
4.24625155546
4.64108492036
5.16797524596
4.63055345839
3.99486549793
3.97836941399
3.8827004717
3.24484057512
3.31528299228
3.18538106279
3.79638124624
287.378113395
335.519953748
235.577540911
4.35163649101
282.091635346
3.37898537355
3.71219395567
4.14935702849
4.28691502347
3.6262449575
4.62475567312
3.69646648947
3.766491355
3.69052101359
1006.11765166
3.38567527201
3.01264358696
3.3252932403
1851.20849853
355.29890588
349.73899646
308.81944566
294.53509196
211.354651784
2.52695363605
350.142970469
321.37919101
1.62342996709
281.317747084
1.27664627833
1.2854423883
2.01404550457
1.63202755731
3.86031414095
1.70923286896
1.12583031981
0.957729786756
203.518941794
205.935128654
1001.74761247
1044.60736074
939.86337265
0.668995467948
943.763930028
0.480503126615
885.156213824
693.068062423
335.892894587
306.005224416
1.51688209763
2.29587902867
1.90468502251
374.057646949
296.034444409
323.920434903
344.664613992
750.76420046
3.74001073993
183.505435498
4.09337481419
203.762474999
576.231260819
632.865545023
5.86557301476
6.15924800518
6.49395902725
6.58772043802
6.56963802415
716.352503051
670.912755292
642.163707773
628.737518673
3.96835590911
498.841310843
189.703602505
361.166598748
956.572264581
1024.70117867
967.247143084
799.518397854
696.146435757
668.114662128
597.211825603
387.726122292
365.55532847
361.664491783
581.668930833
619.12263126
798.170684499
206.960766926
5.09966559175
5.05485742653
179.560398532
269.744875811
319.79164262
6.46213276306
370.423013317
2.78562476319
3.10121191479
203.334138233
586.409908369
2.78839052895
2.70484685853
335.019016417
4.54924024489
1.04111905968
0.853530498119
363.272310078
547.693719459
554.241474606
631.836370909
2.56804228895
1.74795212087
181.476574429
1.42171585169
232.668314428
1.93851972197
2.3562253333
231.489150012
2.64779281484
2.12183260599
3.70411987021
360.808184599
538.263842619
432.786854109
296.393615958
594.39231661
314.373093364
4.08623296104
3.90497030373
3.87007816557
3.72528747112
2.4586800252
2.82347245979
215.42906746
4.11036468974
751.78773517
5.55386317946
5.05902116835
220.694060696
4.04868223958
3.9732978856
318.193936255
3.65212456257
3.61407214542
3.44086635074
3.14416024695
2.80617533098
2.57176210281
2.42949246139
2.57696078842
291.873481545
3.19720775633
3.65769496112
3.58049887164
676.622041991
3.15905880253
640.238392222
651.351819862
605.654519034
563.126258712
370.984724596
358.638694149
347.761766779
330.201128981
1.69485140599
1.66967422071
1.6487581097
1.62124263955
2.00488082454
1001.6370136
2.37316476355
2.43765653778
2.36062469509
2.5179171727
2.45993311302
689.044517844
2.37549889024
653.527443975
616.612610782
2.84155136828
573.925597184
558.38778701
359.323798202
322.728819759
1.34034036272
0.82111898707
0.628644210006
0.795243148373
0.989561704277
280.058636673
0.722590080784
259.386161218
247.574430835
1.50205355243
247.047169029
1.32172138303
2.45949470921
7.5567689231
8.19019891751
291.454135167
8.35212516613
8.37471191654
10.4828132771
2.92186550929
2.83774023117
2.87368014227
2.71544501621
855.856737011
194.475483638
3.27969931305
3.42950588612
3.2326394841
2.89545859414
2.85494905882
2.80628870372
2.73853685177
2.70905711258
2.64106764783
2.60921283626
2.56945060371
2.5289863165
2.45767571529
2.33820299287
2.33697648406
2.28336079505
2.23195321852
326.306074544
2.70022024574
2.73207893158
2.46959580317
2.73080396642
2.4088989159
729.684170455
743.543655402
760.340205392
716.383050508
676.044655619
638.964256976
624.66922012
406.812857866
360.265565301
316.796590333
2.10084947266
1.81164530652
1.73561571691
1741.21226128
204.5707069
2.21364947705
2.29406551762
2.58380515443
2.77119606487
408.536299076
586.867874918
392.962979648
363.11965382
346.948021131
331.860248016
1.84175219828
2.03435788973
242.544392575
2142.01772182
2160.07290668
0.791688296159
0.6050874809
0.325881483501
820.507617338
721.794079788
546.797648898
842.126800293
590.400554567
922.048444128
815.845327
740.802251561
472.836224981
402.12095772
332.391408504
306.060565523
302.293271521
209.073246737
2.55389130118
444.689276004
897.646221902
1054.30528625
4.81184286748
677.028895355
490.513243363
503.206688681
420.337529534
326.582515864
289.625277623
5.00301740198
8.42064629652
483.227149338
8.12123169415
1263.89010507
303.988020705
1040.0591605
4.70857643187
5.0523799464
257.127065315
344.477940387
252.369551859
220.146366407
769.353908489
382.110534314
340.292721691
327.622212571
704.415955721
675.849972265
196.22310583
274.118490937
638.082752206
9.20732773362
858.911392752
557.326195286
812.92833624
12.6932676158
282.532027365
12.6170401651
255.087539324
8.72249276563
7.72717856604
305.832093662
8.8452458765
229.273671161
6.88774595629
2.90158511094
2.92797763496
299.363064477
577.247327917
2.68512429738
2.41586124005
180.251400561
322.462577074
236.206587318
284.128377921
787.986854848
2.17232100952
878.873087019
531.442470394
3.28361796648
4.30338851197
4.06291565521
191.571362968
194.186288541
3.35498713369
3.51473021016
213.614558119
178.728570002
4.8415509142
7.11452027325
7.63196898913
7.4109447455
8.44756625627
5.99088376654
968.820639922
1242.90314203
561.919095113
665.177823708
2994.334505
328.487163282
363.752033847
347.189318437
299.604697597
274.84837099
249.541054037
10.4052848558
10.7034459507
10.8375645827
10.997795581
11.284230444
10.9642852589
10.6322662189
10.3929784488
9.65349334075
8.81494007391
8.68550205989
8.91822508845
9.05334913563
341.004548558
7.79878574112
7.85241419383
232.317412727
8.72976992047
1384.80935032
8.56170604057
306.416641743
193.051077119
9.50632347886
589.337066333
386.248777819
1194.23162624
1232.15362874
332.07068481
778.337350947
314.617711205
413.224113747
235.510474327
2.22703419079
1779.23562448
1.1509930662
652.58613128
891.612470032
2378.30176117
769.485806136
2.72041995794
478.100621077
628.833571054
757.928462658
872.28011525
792.254023608
1028.7830597
589.672755447
1089.99157795
877.388886545
2.03148213314
484.613757638
0.960443579116
767.719412786
763.757602378
2.77443243001
601.144639066
709.460569497
854.351056176
2.61852177172
740.05437324
781.80025572
945.403944948
790.533709738
580.106355207
6.93311299399
6.40649604099
566.486754996
6.12049321304
760.9466413
1338.89086489
1083.2585931
1325.28732102
806.369423858
5.34045160348
541.218025836
1132.13085851
4.40289089337
733.145669404
688.895519622
1957.89793983
1347.5819265
797.957036781
5.09847080996
1873.30767895
2394.08589772
2234.92649178
611.828447
6.50207259615
5.65055952389
2640.01974323
2100.80738569
966.25876204
6.25920726782
1025.47605825
2553.54368968
5.46586036421
5.41506977909
630.806236707
2282.32522877
2125.60268624
1013.44436069
4.78280444171
4.62916765763
845.408141761
917.16450062
981.950189251
844.08000521
5.44304019251
807.011295132
889.081466061
638.586476124
526.444004858
4.73077470297
553.727271067
863.578033102
946.202065629
788.763351948
3.3279405862
3.30473757347
3.25812987098
3.0614479212
2426.69935964
2193.92407851
1126.43067709
813.114737057
4.09397466568
606.410270137
0.0538963559143
0.313171861146
0.760376526487
1.83436148393
0.747612527765
656.630404498
792.116667969
695.55350398
584.27536706
3.92501821318
7.80439355349
914.366296171
1156.72956876
3.86154975785
3.33593105968
2.99656612377
3.22633100915
3.37957485363
3.17315971243
1020.2277645
2.51639615601
2.25910579447
2.19778822364
778.951152477
735.149230918
727.342503882
710.812910421
2.38515296357
556.832851937
818.513183666
2007.42607875
2361.43536071
2275.57979659
1.2919967211
1.27790802858
1.25954307651
1.27070855286
1.2339592435
1.18550433809
1.06474521263
1.03526116135
788.831680472
805.498374453
824.027401445
1.16457551925
1.05736623146
518.092108277
2334.39526937
2697.42678628
2495.12778343
0.911453606524
0.897978011228
0.970740960083
1.05097975557
1.04266620231
1274.31434548
0.781923510149
1053.7808295
2318.71494449
2291.24554979
1236.27083862
848.804077313
2396.0599439
0.988405065007
1.00757969256
0.88656083327
1.01912414443
2719.75328262
2760.88461215
3541.14759822
2328.4974551
1.08529373639
1632.84445477
1.32255774808
536.882607662
844.118141193
1.39325365077
505.275233197
1.95026246704
910.560952446
1767.21881909
1629.02419593
2.50528520167
612.516162387
713.700852094
588.9431753
667.664469023
660.501453188
730.564549092
578.000919807
568.930388963
3.05367372163
2.8264279312
650.289759753
3.47146738394
3.18987676777
2.67725081214
2.16052163197
2.13754731109
1.82437071577
1337.57757433
1833.28071239
1898.18167078
4.75213522166
5.7922454258
4.99492465841
5.38656588026
1006.29538525
900.531534886
4.35566947857
5.21443569133
5.48681567303
1251.19216759
907.050952712
1894.3314525
4.46774186196
4.1911614329
3.40668284948
3.71372275791
1491.3529469
1183.94172739
855.571094748
3.76564719822
1437.53904501
874.814699533
2.40159717209
2.29726297041
2.32506067005
2.60088575222
2.2802319232
2.28462551689
2.33927780603
3.90975110019
2035.65560877
2092.56491206
6.65418021683
7.22275406229
1828.9293554
611.785144351
1703.90244045
7.86419447653
7.55021974053
7.33442995386
6.52488000673
760.549801393
2.2935675564
818.32491194
946.445700495
6.91104824363
3.96000691205
3.57319487271
3.96860108188
1527.84409189
520.747211216
1.7487944929
3.20914988072
1.15344666156
996.353089029
1094.98163652
793.043300355
4.18154762367
742.763057408
6.11252815178
819.017562977
796.464868514
755.467037492
705.332281723
6.69970796206
7.06423065208
6.9021258496
6.87893735695
6.74853407837
722.619989601
6.42900527913
6.36264768145
6.7278411819
1368.11900578
1639.72196209
811.564446843
7.34106306211
802.717698286
7.06617166977
7.17700035262
7.20418838404
7.20115254613
7.00659024589
6.9111082606
835.188668942
798.481179376
4.60597306362
3.43418205567
940.042916384
3.20667348091
2.95996949983
2.49850724568
3.74065913064
6.87589300773
3.8364448438
1493.4168857
3.6614846303
3.77390976255
2.67023104789
2.6650509438
2.61110994794
1572.03947271
1533.6338477
897.54971479
3.38868916388
6.1749434742
2661.23166865
2644.93834109
2579.07790625
2382.04967238
2562.80708895
700.635339557
1774.68493075
1644.47780926
913.844985734
9.11943661325
8.71785942893
8.04303635586
7.12097183723
6.13242998684
5.45911811344
6.35916530089
7.13110617234
877.312223373
621.635696859
1995.36597742
800.233313315
639.559087138
2.02074430724
1796.46828236
638.928467049
2197.98635781
2092.06045795
1756.59579863
1026.03014125
9.08556587352
5.44225866216
9.12334328739
8.921234954
9.10639793126
8.41941475393
9.18124166457
9.00915743385
9.65537717574
783.365282226
9.7488335023
993.543021351
828.413301883
9.46776103799
9.83522266212
1619.30405418
772.721398994
1012.16097913
1045.61942928
1003.85086438
919.084202662
823.323109735
8.88331626535
8.57322686426
718.938876607
751.032645736
725.017310378
688.32020419
642.421102632
561.888584959
585.327864104
584.77394696
575.058302797
533.387357347
1.84768053535
1.93948095058
2.45505149169
864.699428745
862.221551611
919.196415029
867.034696394
684.895212337
620.887749209
3.30882312698
1961.77325705
1342.25171362
1.75232031126
2.12812709429
2062.99341096
2.24889978557
2401.07867381
4.10330151186
597.588621371
610.575935604
3.2023670125
925.951227952
2.67003755682
726.442200505
724.537749056
4.2788992652
4.8050283307
1550.04189835
637.118328722
755.744183628
703.833804206
662.279914932
708.625651139
666.965676267
6.35288421476
518.142105955
5771.69267294
2.95446156513
3.13577042838
3.22218501017
1206.38592034
956.243916769
581.8262018
771.301069182
4.0091300891
1912.85074061
1726.97802157
2.67009385072
671.083360979
987.829387509
1890.67772805
1824.57207699
804.776573981
612.109278144
2146.391134
622.112987709
4.12191522827
4.38266581374
990.345554649
635.248648976
631.857115555
704.138574608
991.581051241
1212.51229885
1378.99393394
1948.73670717
1363.19638473
1291.66765895
1301.63950353
1242.30567834
1106.85270447
988.544091292
898.085166429
824.00247925
826.085596716
812.154648709
3.10283262522
828.19861616
2.54648119956
1180.64188286
838.871257282
2.30689443875
1.97072837386
1.75945040944
2.00441477506
2420.01357122
832.55691342
1683.97422184
999.781902769
766.323109603
2694.45122848
1650.14557894
2939.32918269
2850.86316927
3052.08237239
1.54847015699
4564.31038246
2646.57850836
611.846975364
3.58866083661
1989.53793522
1915.49653207
1339.43213694
1987.78408375
628.537678539
1145.35286769
2077.07900196
759.243545223
1824.04903209
6184.65602005
2603.58454
1.15591473008
1566.34899558
984.379618762
2131.12287475
3310.70553972
2973.49389702
1609.26889017
3617.90319567
1327.32109491
3597.20699118
2889.64899587
2117.95845229
2448.48579386
1793.88044332
3514.13228829
3950.34593907
3739.89039732
3519.69919738
4168.14116911
4559.36446167
3751.26565225
5714.63060548
3968.23442768
12.6141012042
11.0052436869
10.5838945697
9.77832432931
9.55771571077
838.084893602
8.96442688328
842.769215527
489.696411534
10.699929893
11.1766112112
9.09433633123
10.7907515669
486.161001546
5.0027274171
3.23073141265
3.51516947917
2318.49145323
2375.60701667
1845.29482
6.39148923411
1129.5680627
489.308917345
1932.13997438
2219.9277695
2742.53662902
1869.05853923
4378.18241973
3637.09311919
2783.6496619
3490.02933343
2863.74709038
4143.10156031
7.56870714838
1634.76484401
1606.22125717
561.916552612
730.128398197
721.769606883
5.17220505851
5.33975192696
599.0681789
541.125181832
3.69140349613
4.99451878948
5.18517356636
3640.93276389
4430.01001231
4829.8808788
1524.71422703
8.42817874151
7.48576793422
5.44924167128
2876.09330108
4514.4072106
4225.265545
3664.90326806
4541.36540273
5573.94734151
4655.52342741
6346.03982411
6419.01408972
4991.14517391
5359.6243318
3033.86973974
1105.75863814
7.43353106403
7.70047772122
3426.37055497
7.73869483701
682.087482566
1031.32119887
2104.09011581
1994.31894467
902.629578657
485.879620512
714.577071783
815.982847122
2123.83339412
1520.99786505
1883.01250272
2140.89510336
2474.42530885
2562.05343571
2222.28010252
2117.34131118
1969.67274262
1181.12672564
913.589316362
610.827094579
10.2245692517
4.00826312809
2460.42296971
502.308495298
681.74811345
742.509208925
821.65607443
10.532275438
8.75934659918
867.364894632
597.776020326
863.204672825
6.7210547242
6.54657065629
7.85915152078
6.0966740936
5.68275194465
19.9646207408
3992.15324888
5573.91834915
7542.63838915
8226.26940333
7721.907844
8305.87258668
8997.47550829
8438.05473842
6576.0444858
3881.34307538
2271.25195503
653.05555628
1155.58566382
3.3411359087
947.458739077
2394.5936217
1132.91954212
1100.72592631
1044.07704757
3923.27805769
1279.04477486
2337.56547147
2610.94637241
1992.59804029
1276.42313978
2310.87593096
2789.74658902
3090.96012845
3542.79882434
3394.63671271
2221.06313342
3102.58218822
2080.07463477
940.191119937
4.37403914734
4.37039807707
802.654842209
760.462159655
893.066036936
1519.86611176
4.6950104751
1037.73204076
2445.30013224
1612.72415904
2058.43681365
2490.15442997
541.623178222
5.23469262507
1454.83087952
2061.07693385
2448.99940758
2129.28169089
1164.54043248
1157.58773678
2194.55609738
2293.52450239
1688.90750325
751.837023458
3.9898695778
1.65229386125
876.20301488
1150.39815684
997.743924567
1788.26839587
2058.54719454
1836.57699439
1041.83745466
6.07949499055
873.741134406
5.05980951796
1088.03879776
839.826530939
4.50847640995
5.57404664339
531.132033281
1380.68341119
3847.83768783
8.67742393568
586.686054671
5.361458656
1.56898326648
697.31101919
6879.61269882
6153.48372315
4250.36398065
3146.24980022
2156.09845971
1778.85828378
5.6216355448
1034.78588017
2537.85460361
4012.19499995
3983.53716678
1784.24080975
3.04237958624
2.71945410278
3.09721618643
2922.52061308
4271.63359567
6184.15023122
4211.37754822
8074.01843876
7509.13836611
4359.18037058
8146.10733472
5328.74261413
6013.79667988
6049.06570719
6.0272318188
3112.11411455
5.39020732121
2416.09318029
1677.58988281
924.613936263
4.68335687043
4.53795903371
4.39984124661
4.00531330028
495.108391539
6.72578321227
537.231337796
1781.46710495
3.79845681947
489.928824681
2.84823055908
2.57670129424
2.56659883887
2.45422532677
558.65166177
528.593935619
1715.43689053
1652.86998308
1043.5938671
2.81985727866
2.68189492838
1754.91413134
739.352771265
478.765716513
5561.89041136
6131.96798208
3444.77545731
1759.72822498
2251.34784642
889.965857471
9.60273028096
6.78919557993
6.82795910855
8.09646341544
567.470231446
1044.4766011
1003.9031459
1813.99667931
2141.95027169
564.440170189
2650.61010878
2509.40460726
3076.58246075
6.39266151644
2584.5180148
2571.8618056
2405.34880865
2263.91148053
1663.97498119
5.40835283062
836.775333018
558.926301852
1319.42937134
2975.93027454
2877.22790418
2102.29695844
2086.07552638
3.31261264659
3311.3525267
2905.87666453
2679.11359901
1311.53131649
1572.64848129
2157.94786342
1386.89829602
776.932820244
4.49071152302
3215.0908499
3.47873803478
3.96197970404
4.742004939
703.216106449
615.965540912
1612.72340171
856.447196086
1164.84596909
2311.96293107
2532.50622117
2607.19400889
2676.95508088
2520.83266781
2054.64138187
1950.98609286
2589.51328648
539.6911079
2217.13158508
3449.80411841
3985.73828483
4084.71806414
4665.77368966
2330.81808332
5.32590322838
5.27661373305
2816.1513472
1617.86239899
1927.27652014
7.21285256555
1798.71276594
671.380703397
582.900760368
1666.56644416
555.334911499
10.3902412002
709.57473869
8.76399393109
12.0005589544
841.385897041
13.4524109554
11.4642937366
10.2658581953
11.9204990446
809.442663272
2983.83765322
1077.82968179
493.390827099
5325.05989063
1248.21953006
886.573501417
626.486427575
6013.17904954
9.71804610502
847.907564633
11.3652441911
1042.5044416
997.4645091
878.245772682
794.055479808
9.88468389477
573.495812794
1251.85700515
10.0827063631
811.480704307
626.072487417
1810.2016756
3917.78686593
4727.72974009
4.05549267197
3.74590187574
6.36985296067
3180.13577035
2436.62581912
1606.09487341
828.294186452
7.92023699052
8.20818992268
10.8530239076
8.57757833189
8.66241833379
650.813681902
1935.80319616
1850.526819
1923.08226735
1367.57480449
6.29364277278
3348.66310334
7454.87380729
541.35430546
7.03207612179
547.421137075
743.562448035
8.0817269978
816.293908181
1942.44074588
2030.08897698
2004.12971256
2234.09941656
1334.91203327
1981.84226685
2474.61745314
2581.25992774
2447.21204703
2.97556838918
2909.99828739
906.590701656
625.340739164
1829.29619735
811.824251615
625.679520641
7555.98806165
5.54752656976
5.75478147734
7.74052984606
5.41392897425
6524.23008061
4.03657549758
3026.49691531
4.19558605423
4.87362191303
862.571486865
644.896857863
9.11802596655
4.81085007164
2689.090417
5.48967540625
3837.31281482
938.56931948
986.197167488
642.589018354
7.12301819564
7872.24858297
5922.40420116
4584.65494078
2457.19903714
5.4171415745
6.7253155849
586.064464484
7.06368563434
6.31637477355
4948.36005959
6.22740734226
1926.7749276
1382.99814135
1152.43373898
3740.9357338
2424.15587078
2159.0747231
1957.1516035
2594.18513252
1756.38924427
2535.58936556
2688.69833187
2234.72170337
3887.91677423
2889.04496651
2528.18100038
2594.7497124
2547.99562208
3422.71522622
2628.50131439
3475.14804335
2893.29785553
1378.19609189
2431.29659457
4.27155409372
3212.55514428
2312.98787561
3689.78000074
3296.55000582
3358.11516143
4228.8997622
3541.42138563
2671.19566431
4009.65703882
2839.92238678
2626.91999201
2367.04105154
2571.48707364
2769.0149689
1080.17287427
1123.63163639
1136.57144681
829.594394598
2135.92410189
1610.96142679
1086.97480641
1539.76142184
947.474269888
9.3700781581
884.146202664
9.58796915021
762.47309443
5.50190971702
4.17267622697
4.45421303889
5.32672069909
5.46213555688
4.20655702279
6.54826083049
4.46194845583
5.54153302602
5.50740639864
526.159818669
481.098445201
4.1248854708
3.29469959073
3.83595321954
3.67846528246
2.87298178225
2.88490317981
2.55316017156
2.27511456094
3.36419531315
3.61749890984
4.71400133172
6581.53703663
2.22555951773
3793.10136625
3934.14140116
3967.0801114
1518.09142375
2.05887987289
2.49454543207
3.27503919112
806.044204476
3.47400919657
845.581277076
885.434267357
881.178665036
906.817922117
943.654480716
3.05487285929
3.02897749407
2.97696037444
698.24089147
2.87902903436
2.86560335705
2.89644868342
1.49143583333
1753.63417672
1923.86400454
3.1650089916
3.48210551915
3.6579958874
3.62356722263
3.42665321091
3.2987151506
3.29964665927
547.393519052
831.445487291
3.71743241875
3.97927378952
4.24737844157
547.901842956
662.041988421
494.537740778
6.95572513868
5.17106795121
2528.88880161
5.71653826721
6086.12192939
4546.38541931
650.263352557
1367.3716408
2143.70735204
2244.55390314
1522.93572313
1290.12328804
1974.46558689
1042.18520138
2138.89814891
1679.68368025
627.736452847
3437.13523848
9589.96185499
12699.2145975
12312.19486
12584.6421907
5.28952080222
9585.24617509
10659.819572
4571.46648401
3624.02426711
505.911610023
7.48615351317
7.85115601998
643.132112994
1279.36214546
2786.82946641
949.421015141
1641.00351159
1011.17609271
906.226054539
5.17081470976
7756.51797637
718.363884768
714.025965176
2624.2758328
4654.5452684
4113.95536075
4273.4338826
5013.03577565
2683.9916296
3264.34897047
3036.2245542
2245.11141626
3388.71853075
1009.54386866
2718.40602921
2400.70435375
2138.28514189
2387.2410471
2619.89958931
1739.46635506
805.286317175
2796.80464328
784.554117802
11.3341628921
10.181082731
8.95869984845
8.63297706392
8.42663523157
2219.39285238
2089.74805409
7.94685369888
774.284095528
814.511242054
8.92738560679
9.5952290078
646.60109752
5.83127554452
846.957354091
855.153937967
7.85122319692
1638.59494034
9.55761075129
592.799312083
5999.01613017
10.3697241538
2243.2330542
1321.53427655
794.153321648
8.54457110229
7.33997479357
10.2300680983
10.7690745308
825.959220635
828.455837905
9.69007380332
11.6150851831
13.8299093625
1534.39003383
2.22631713684
2477.98718339
860.764182193
1691.73398972
4.17681772922
3.82663674179
3.61256942757
3.33326686674
3.58706266675
3.88201570783
3.3198048502
2138.80502316
2375.12461129
2223.93540372
5.07784112637
833.212260823
5.3742253982
2794.77774609
6.22538252746
538.735930884
1565.57917143
4.70791087197
4.50998383738
1549.73157001
1642.11909674
1935.71498159
2510.25134302
987.929734527
1787.19334883
2188.89951284
951.127163459
1743.71658126
2850.86545695
1523.61378911
753.447267799
776.508758315
5.16862156448
1150.27639677
2281.80800858
4283.53008878
634.852931761
7.67552779802
2534.33324986
833.953727306
922.942067571
6.51586838996
1224.6342374
1795.52654587
1933.68194662
2220.12139123
7.73181416453
872.812354522
909.214476118
4.36424500678
4.19628436749
919.826830075
1127.23570195
7.89917405396
3210.41122578
9.45706264155
9.14570072111
2536.43614633
4086.10164728
4515.82669294
2902.22398249
4033.32959541
3356.30311453
3073.41243892
3510.74130934
645.714147962
743.918110071
744.240249852
3.71968970125
4.61828982987
7.53945004414
856.471307276
489.860766414
8.3963131373
7.86174500094
6.51720159437
8204.22381786
2948.4404554
2295.44991383
3468.37918271
8.0214769432
725.281136356
7.44622607862
7870.70291854
7691.11193253
6675.32659592
8626.52593067
5060.46792053
3750.14091675
1012.94953936
1795.58269943
1104.23104655
2287.46343406
3633.4491856
1187.93466134
1665.11958692
2143.15978527
1036.46439425
1591.66542759
933.955104041
594.538615317
1447.17849578
941.018502689
584.242034695
3739.02798256
689.095359895
993.221293791
1091.5029241
1748.679168
1881.52600073
2052.52910725
542.042089412
8.31894516384
2063.24760751
1998.00727325
561.420553828
1447.82356522
912.353392172
8.36648655042
8.10340368675
528.048917257
1876.84498278
2069.68176369
2129.55561853
2283.94938771
2567.56120023
1574.30628995
479.818852068
1.94906719148
840.577087998
710.05336124
4.23882912302
523.178641242
5.407397747
5.34753257334
1556.04217878
681.603079174
1539.32151096
824.843958488
6.07461284613
5.63955228582
5.89253306413
4.9594415888
601.542549113
679.962293778
2018.35771459
2339.65544623
1.89783234143
652.140249388
764.197988837
2.56898962678
2.12182039723
8210.21170103
11853.5785821
9127.05933846
3.31776265806
10724.6435021
7.11076723199
4.71889332157
4.50477122781
1737.53376455
4.66355391191
1652.74133308
1846.4168284
2559.74632813
4.78220334688
5280.49926822
1646.06376653
3.2858150115
1711.79868121
2003.25150948
692.45484878
2.29902413021
1098.47561155
2280.29486653
1001.66124399
5658.87645402
2982.50526377
507.018285918
6850.93764064
6595.8343661
4.60549719711
4776.05871487
2848.58925345
6.1145109734
2610.69378548
7879.52684267
5016.97637493
1231.41673321
5.24919648777
4.64364555342
3.29449361019
803.14519578
6.48759663452
7.88093839724
7.36869134871
502.564788695
935.535146312
721.18835927
5.57847740377
5.99466421314
1552.7334964
3.58570078266
994.62512965
1760.0200957
2170.84002457
2113.49555256
1598.68356345
7.97035477079
1398.46272559
616.624775678
7.49472905082
1200.30197933
2971.84875327
1619.60624256
4459.35678813
2920.68306677
717.976106117
3.55995709079
3.03905223026
2.98772125331
4.34995053793
4808.34307006
3997.7318581
2884.37876865
9.41984555751
646.801625475
3891.07794932
5.99468455948
5.49456148768
9104.47003405
9337.38194505
6257.52565309
6424.86357079
3662.00224887
3039.86107894
1095.36352841
513.450718442
1684.65858904
503.822720047
1648.04875503
11064.8451816
6885.88501971
9465.92158044
2033.43311837
2372.88975212
2892.75271058
2035.84946813
4720.10617592
5712.70085331
4444.2468125
7564.67593167
7138.63514336
6367.69196718
8012.19732359
5997.10978072
7455.15522764
5.34782749961
4.91402108634
494.342683604
13340.8382858
5.99416469679
6.53516643751
7932.84507413
4.58133345415
4311.66427571
13209.7969588
3.22059946105
3057.86171375
6.64358229801
9.0484635282
3230.82789627
11.1601531905
725.558359584
2984.48540326
6.35768703397
671.998288061
4.59652574094
11915.3972247
1960.59903752
5.8519473195
5095.35842496
3832.31548312
3243.48920914
2051.13067545
11.5400779266
3346.17252156
2299.07478047
2701.73840019
3255.15144986
688.926938151
960.548661795
892.324466641
888.881797481
888.668018609
926.126208057
881.542654996
2643.66151983
1395.30803352
2371.24810935
2476.09614287
835.264819048
1473.49342534
525.842679144
3045.10004891
5599.0927345
4538.32642454
6594.82828692
2.74256093735
2927.13324823
4.33558335218
4.52113544901
2517.49230037
3.61727002441
3.58029816716
3.82407561996
1137.96208201
2468.69268267
4217.84474912
4763.52166382
5.45285284443
4130.3146849
5.93373312911
6.36944327862
3961.92938203
2974.15175921
3007.36110316
1661.81966192
2377.41727183
4570.03518783
5191.99217757
1946.62778033
3913.1983605
5408.50147177
7.00013640317
4160.16870491
5517.84143608
4097.96175333
3124.48486185
3449.06365195
3790.44601588
5.85494338684
4042.09666597
4399.48366731
5.85534294811
2.94117639599
6.15971601725
7.33980843808
9.52510783139
11.2359231114
10.8382211616
2391.17889616
2375.69210603
2606.08146942
2451.03742198
0.283991160152
0.13796141579
3.25843638999
5.28224016338
856.387047368
1372.13348309
1519.7396772
4.92792877398
7.01846914801
762.673015108
897.778724235
7.27271654581
10.6461937749
493.300713239
8.50234391334
829.725371294
9.78928742029
1046.81980602
6229.71489612
2495.81061684
6709.99413259
5594.95394573
5566.84214348
2128.20611094
6500.91101581
2915.97243822
1121.93353631
2748.53631767
3597.93666015
2305.00209229
3255.17309127
3392.74348829
3492.67889317
2632.407557
588.048680355
3430.27538662
935.131780281
7.70919032264
615.883663167
543.042882435
9.1184234042
1.87447011045
2.6323308517
802.153106857
662.51572247
8.67002294962
7.49459446588
12.7352691504
12958.5065925
9972.05745853
8537.30135708
16.1129386103
894.447349758
12.0343561085
20.1594267385
13.515249458
9933.695419
11.6452086861
10501.2651715
10255.054358
10.3843300039
544.438061542
11.2485092116
9.11427624983
614.893584946
9921.24604754
7406.36099904
16.9691824629
8135.87166781
13.3830271558
10548.0492114
20.3156722182
10379.4395903
7701.13309627
10998.86582
6224.58588977
8398.310269
7005.45454796
11.6461016922
10152.6043613
10216.2643122
11481.5015435
12207.2652198
14803.195826
11861.3317152
13044.0286905
10708.7525571
12984.9548484
14268.6249996
10343.027876
13734.6123595
10292.7750197
8260.50184268
7715.98411711
8657.12869477
9864.69199042
16.6253822073
16.8000327884
14469.976294
8562.42997353
9167.80122689
18594.2131156
13757.905914
8150.55095892
9153.55224473
7492.97384651
4679.23559492
3555.33969675
7589.77303419
6400.69944244
7341.65402016
7721.66230221
9372.43537323
562.999646024
8439.32050687
11506.8930781
11832.6382081
13831.1410077
10.8421714363
8213.99703724
11.4747980595
9742.4784366
5555.29867464
4302.49959374
7072.80383539
3453.22752146
618.683547113
5367.8117494
1476.21193131
17.5108578615
1509.01739813
5049.67645693
2412.67166117
1528.6428722
604.815497132
1457.22808432
1505.22348159
2024.44493479
1684.08127697
722.478284064
737.300046773
599.694971467
766.219670797
772.918274384
708.814070906
745.08582492
814.293712146
2202.27303756
821.089948784
804.335323809
700.535016393
6.12430583037
4.97022592015
5.59169637602
6.18984686537
658.408863214
7.81326679092
487.590641073
8.50277034887
1157.11928272
6.91880279461
6.70933956081
4.7102589695
593.996932052
608.404069204
600.59985969
1545.4053106
1346.01293263
525.58032078
1172.08801528
643.250083851
705.346098693
1952.00000699
16.3803647892
1151.43581125
3576.74129741
1801.98777422
647.043093564
3.89277076935
562.057890753
4.70121274928
683.19455561
548.494202095
2.57277103057
803.756717698
3.29960659306
3.8613256773
623.260909852
1414.45388671
558.555086647
6.77838542746
3091.12900937
10.5796390627
12.6706588797
10.161917444
865.008376684
782.814626924
802.879012115
5.09058259104
5.7702520188
4.97762640955
557.890736275
747.966336246
548.105007875
665.993433603
9.75520496027
10.6200809736
11.4297339918
1493.60516949
18.1576859423
7.85320183305
715.325490975
14.6181613801
510.629904335
606.01312967
1459.19475471
11.6223093107
13.2245277972
11.7380837235
905.825649149
9.78635922025
601.094104901
7.83821874539
11.9861568419
616.980910737
1031.45285395
1119.68677665
536.162944195
9.51422736425
12.3188354744
10.6238287342
1019.34647055
5.01186060401
10.701130392
8.88735978119
10.6666631715
12.8134483322
13.3980506194
16.1923126274
730.906298221
11.2481458224
11.3010966268
13.5715210978
1721.53367812
849.838305669
967.32189285
924.581648999
527.845978618
1135.0190426
968.805033586
18.8903113233
18.3811152946
797.829834184
800.588927336
9.5756637844
714.242891636
15.0897180665
530.9195404
923.121216939
17.2667274563
829.747529084
8.92497530006
2195.12033753
2455.24528192
2255.09078246
1650.74972574
733.988605397
993.07017033
1302.11930635
756.703096925
7.42767888598
961.44362029
549.234849026
493.506313768
4.98363008428
6.32722626876
827.500283077
620.600044784
598.182762222
17.5452744818
1066.95905291
4.94393621535
5.81495898249
875.610548748
905.557276884
896.680066202
720.865510098
27.5401383005
26.8346520146
3275.0903444
25.5549854937
24.7082360478
605.263718163
24.506690511
6.26566457086
976.971146279
527.949235722
27.5396567805
1838.66877605
2465.67192518
3690.00245361
3324.24089817
4379.83259634
3427.8273938
35.5957627469
4328.39672212
4418.57263436
5337.73113582
4724.86796508
5534.06239411
4759.84805339
5347.74680965
5142.57274235
5430.47076651
38.4864903232
37.8357478321
37.8991415639
37.1933904179
4756.10423417
4730.63918744
5343.72924528
5005.79909177
5377.59034605
1279.22861082
2409.77155785
2852.53077302
2820.93377917
1360.60324844
1241.31494405
4865.14012178
4709.67023763
3675.01109051
3533.14232768
1008.34511113
602.728842217
5555.98576779
5559.81977458
5425.2008238
5166.6676833
4617.0512139
4280.88428239
3640.71700127
2119.06651331
2422.04376942
776.901657406
825.307402636
676.916540732
645.103966494
1193.64636034
3210.66327247
2856.92357062
3075.25562596
5165.41869868
4369.74991641
3015.62276754
2112.60059571
1.09237467103
0.811454462051
0.634793592103
0.51001233237
0.469095740161
0.233857663779
0.228672280829
0.223138286787
0.217302752379
0.211404696082
0.205700173322
0.200299051413
0.195226507225
0.19042297104
0.1857432571
0.181116068087
0.176511725744
0.171865650645
0.167154314798
0.162375358849
0.157522800512
0.152634002195
0.147774583113
1197.8322167
877.594283129
0.133687888811
0.0
0.0
0.0
0.0
0.0
0.0
2855.74097188
490.525816766
2495.75920608
1796.72861674
549.558844988
11316.1094481
8256.16166757
6280.00278429
4979.71289107
567.058806717
0.0
4169.82459161
704.45950638
992.133857648
770.457488528
0.0
9663.73323865
1623.57782088
2606.88730529
1020.22287055
1038.14226852
3379.57695457
1108.93000584
8722.100227
3325.89443596
2273.86130585
0.0
0.0
0.0
547.482624753
1963.50541837
1072.92864264
1680.87688115
0.379423665976
1434.75056904
1724.37593355
3616.81275936
0.283400272014
4098.22750425
1013.85799467
2192.0343682
2984.06737595
1163.81660615
1801.74147032
729.105258684
0.136677469852
0.100220832985
0.0
0.0
0.0
0.0
0.0
0.0
0.0
0.0
0.0
0.0
0.0
0.0
0.0
0.0
0.0
0.0
0.0
0.0
0.0
0.0
0.0
0.0
0.0
5117.76315495
8979.69357963
0.0
10748.5926114
12315.9905998
17526.1604306
1205.03859095
2441.03080309
1910.67455782
988.952923833
0.0
0.0
0.0
0.44755126937
0.0
13016.5067147
1672.08127158
2682.0472169
1781.06226812
0.0
506.155891021
12834.4243077
3003.44472102
5552.85881985
4641.96428439
4227.75389736
4866.30212998
2940.18842334
785.162085858
9458.51876398
9845.78555482
7281.62311186
3673.646098
540.110771524
0.0
0.0
3804.77068538
0.0
0.0
2442.81553551
0.0
4599.71697502
1485.15626852
2872.79686443
3611.78282164
3434.92896128
3786.69373763
1779.01884244
3169.85915861
3140.52991767
2285.48162704
3316.00725715
0.0756800537284
0.0
0.0
0.0
0.0
0.0
0.0
0.0
0.0
0.0
0.0
0.0
0.0
0.0
0.0
0.0
0.0
0.0
0.0
0.0
0.0
628.799268567
799.330986319
0.0
0.0
0.0
0.0
11487.2222196
8912.89840399
4923.26987992
0.0
0.0
5404.08244315
667.722509647
1004.34680849
841.923155651
10032.2026569
501.759327947
569.840341001
595.198170459
1497.84656516
2038.94922235
2258.02030913
2360.89179222
1161.47024613
641.335921392
892.862495253
0.41813056308
0.385403132783
1939.07158226
2408.63856529
2223.0992981
1906.05559264
9334.70631748
8619.64103396
6358.2389989
3807.73361266
1639.87253901
1607.67645856
0.0
1021.16731029
2900.0859381
1168.47456014
679.094441233
2355.58957462
2123.89249076
1855.76589463
1169.48350892
2055.48792433
2893.39000172
3859.43244259
3106.96281652
2789.24942269
3742.46022614
2576.68989822
0.1720168126
0.0698259574479
0.149686932024
0.0656303136536
0.0499492177051
0.0
0.0
0.0
0.0
0.0
0.0
0.0
0.0
0.0604182733495
0.0771644512697
0.0862558405386
0.0902019907058
0.0923343759622
0.0935748528965
0.0949049427688
0.0956078590303
0.11662632956
563.40289768
0.0849441292406
3787.42965213
3096.47182978
2467.10053415
2086.99232886
693.686765488
1061.09137391
0.909888598555
0.455044027833
853.968415149
2521.30839585
1313.48921028
1238.66003604
1264.5497586
1079.56657205
596.815271328
0.366023669688
0.0
0.520506789982
2947.95623534
1776.97540788
1770.464384
951.803646185
3878.53470109
6190.96933396
0.359085272251
0.0
0.0
4642.58609811
7537.04501126
0.243736318525
0.318226191151
2185.72468256
1417.60458098
0.280956894198
10154.1054975
624.733991357
2291.60074145
4084.69401156
5448.44099892
3072.68273007
767.22395861
0.399612092707
2100.7688584
3699.61763725
3361.40001081
2622.66066591
2074.56998987
2910.0268252
974.430706844
810.537351485
879.154180631
855.869337632
705.806506018
7811.4091692
0.552833330241
1.50697809454
630.793176453
844.970570868
834.775350535
1795.73613751
1.8240764046
1338.19930192
2112.24511404
3941.7164912
4144.18933477
3024.12369619
5083.79605146
3011.84688807
2656.83582011
2302.43069808
647.927473858
0.329067943118
0.274699366013
0.288629060361
4254.71236191
3742.24254471
2342.46333191
2101.72316798
1918.9852689
0.722014134872
3253.02307043
0.511013152569
1096.57822873
0.90005967516
1.10789840355
545.174598223
8736.60103957
6275.28019675
6144.10234153
5431.9569764
2075.53765399
672.615107216
12239.2661418
13703.5919915
1.60716110093
2499.54450823
3068.30120836
2313.21123084
2384.63217453
3868.45200081
7849.77221383
1236.54640243
1398.57390165
1823.83763744
2712.44349117
542.049966283
0.287152053812
0.0
0.0
0.0
0.0
510.878723402
640.064128482
0.0486599721867
0.106942168433
703.696772598
0.311262910174
718.569093197
2292.12487526
2729.15283935
1.22062333607
4410.63370699
1.92615746794
547.839960299
541.429879841
1739.70602704
676.855258217
11461.2060498
636.348622423
575.946396512
2.97458035161
2.81684080728
2.91548841998
816.749393498
856.202153165
6519.71166192
2141.78448119
2.82609989453
3.05796810338
2.88524096816
2.64088246833
3297.93085439
2.78428462135
2.61464237256
2206.04294263
1803.63959682
2.65262048637
1132.70306372
2.37377559999
1.6881816676
488.382637037
4.07074530546
4.61102607114
4.28542219005
4.37523759976
3.42469788038
2.98977411268
573.890955215
564.725056372
943.077890672
620.414939415
3.5108283652
2603.10950734
3.05191072758
1355.50861824
755.592414297
1024.94207542
889.987448698
4.36765487796
5.80261443527
6.39348872907
569.173694334
701.947224858
5.74964236423
846.050380028
1190.79712699
5.87695873039
4.70794610015
1294.50151233
501.888389673
2051.69312656
1636.47888109
562.444917114
1635.0476099
2443.67445142
1975.64239719
1.86930753712
1.60566108762
518.702132908
2579.28541063
5112.58016617
3.60499143392
1964.98989627
1575.85239506
4.24136051549
1439.23980281
2695.97803809
2606.67047854
3173.68194993
3802.80186455
5291.14397851
5180.55226887
3396.33738678
5293.43490328
2936.1981529
4848.28059678
1480.010731
4419.35429634
3444.67250836
2854.71330341
3719.79278636
4567.91000311
3863.06761093
3819.58082815
4256.86012558
3809.69424575
3556.5576529
3184.72866052
4190.33777253
3818.95062851
4954.10522601
766.56160213
3222.03294192
4617.00280695
5383.10681378
4053.40936668
2708.92776364
4179.61556324
3227.90486974
2522.54084604
5445.9293857
4966.02757665
2835.88331932
3643.64077013
3170.30921862
3981.29353767
1661.15145001
620.380992449
3.86263237
3379.41946285
749.564765287
2.00960894428
880.955498334
557.795819863
553.998822671
1.54722388363
1.45652562512
1.54698908489
1.47191653725
1887.45794191
1.24422575033
1177.85617837
1392.70071998
2370.97158466
1.98410178446
3.26901720557
4.07418824584
4.10342389224
3.91897947885
3.480434948
2.74554857645
2.06672720569
1.57202840236
1.72249340784
1.71067407537
1.69223770252
3.38869781144
3017.25080157
2.41023049956
4.22004527755
2125.94963288
3426.69411852
1.3604178886
3.06648029047
3.18892009023
3.38585366372
3.4080039615
3.33761358934
2.62151241563
2.44492786672
3.38595285542
3.73043144575
2.41895302803
1.95233175661
2.5839653151
795.905464393
2.85523541659
4524.74553842
4563.94150906
3.04880763991
649.839487776
1985.67054984
3.51591463521
3.48158446273
3496.82935712
2855.15849155
3.50186967157
647.654240905
3181.22001924
3381.90638334
3056.98415758
3.00601453493
3.23364332762
2.65967997976
3.18388081861
3.80501240778
2061.2339087
6.47276065548
2.91393669123
2123.31755075
5.96253842753
695.661768257
4.7298598748
4255.05713044
5381.11188165
8.10988448448
2901.24137225
2158.40749466
2258.27570427
2720.93461836
2503.32712879
3.23686501377
653.451273359
4.14069095786
2784.74154513
3.34031699639
770.653957493
3138.05152195
10430.4832741
641.328763473
11172.3466924
513.83268898
12172.5509722
13362.8772589
7296.48260985
13.0107000497
4822.44718834
2000.32929709
6.96937724814
7.76188661265
8.28831345442
5953.74505237
3652.17310981
2859.32030374
5272.98215187
2903.37201861
6605.635425
9566.85650426
2.83673137371
954.661036644
1394.53923987
2519.63324097
4.72692582677
4.19833727676
3.36280875667
1278.91151012
14385.1108104
5.28239331803
1480.73069429
766.112020785
891.40372912
566.650913123
1549.02634605
1537.6880216
4.86797693369
4.95172998359
4675.7145863
4434.88027373
5122.3555065
673.268089895
646.512089454
8.57268222639
1640.15358981
497.366855373
1466.6626469
11.2112022109
833.907244385
1322.89405761
9.34231024603
9.33195811319
2462.46385096
8.430355723
714.784281933
1521.53573248
4.88763336618
2.87306766469
5.59040776828
614.33344423
611.906438456
786.398173449
2614.58122638
752.311212544
3129.60864461
3833.92464015
2750.48742092
4149.19270176
2593.59562637
5.78110469752
524.189065602
4.91855393772
4.46513923843
4.64758755377
7.53453599321
6.03671317876
12.67584586
5.56880886762
10832.3981182
9205.06851271
566.877804904
10998.9339833
7423.51341508
7857.53162705
10290.3334021
5008.94500142
4335.54857341
1923.36110449
6560.20910353
4.74213816999
7587.96418553
2534.0737605
2624.58759413
7.77766929732
3718.16150588
5.75850878613
903.907242447
2435.27824024
6.88413337111
5.96884130281
9.03213339862
637.662137421
5.26227971475
2825.14994088
731.280969445
7.78164904277
3019.92194763
562.439188298
850.863263546
1522.88068008
1744.74401486
7.16939745508
634.728323168
857.399773068
521.717233161
8.38759614153
1100.9573974
7.47222474015
665.932144089
6.61551220054
8.80224779136
5.90155552749
4792.06351949
2620.11450038
5.13561851306
5.30133145844
4.32529632809
598.729444032
2651.66460049
3593.41004431
3988.15850548
3298.37168342
3.52382583094
879.072613639
1503.09156528
4.38718237034
5.23001011628
6.03744395897
5.90872740046
7.34880122464
5214.45679
3902.30446495
3491.07257188
3365.85586525
2593.775977
555.613875816
615.096454838
2791.67771396
3.70366932824
297.570922836
154.456000702
199.322023367
337.751790505
102.490323015
1.20650659634
100.106039137
1.64460637079
156.74156941
876.196117549
1548.95861651
664.833562274
2210.85637428
2371.56474781
355.972206558
1719.38684496
852.284200138
2.87311154921
5.87444340642
7.59709827473
3.33209843676
245.855330209
2.76670226448
139.349617326
155.244344935
4.43991209651
2.81906068501
5765.95693133
222.764777363
131.826458998
661.253310216
2.93333695265
2.55460655096
2.86889765964
141.375396666
227.074292184
178.372077127
188.153276614
181.803336896
207.256916318
188.550195897
106.568219537
144.176299421
97.30998294
2250.23276667
10.4235507281
496.328606586
808.011799732
364.877178601
96.9312345214
1.93236631175
82.7232363279
4.76810391948
4.12850643382
5.38853636357
740.254535946
1.91335263074
653.964414985
220.962743673
3.22658860632
3.47303395886
7.01084572619
1.49000742869
1.44802001178
1.2791305168
1.12571454209
1.01533550808
0.600265179261
0.617272754289
85.9531223899
81.864033708
287.365266062
876.939254433
4.91469873776
137.526999594
390.615643
769.000612378
1.0015140364
1.12796121797
2.00397822766
2.07787886349
3.60371957567
135.627710699
5.6012237851
355.681744439
376.332996718
2706.57297387
294.730460223
95.6016679306
249.012656819
87.4730293336
3.12418827145
116.574206991
113.283552938
130.453095978
5.69227633845
154.537553669
2.19856330182
397.557567865
1.84480650478
300.49188308
95.7449680093
2.99447788447
87.2568589418
359.983154134
491.664235704
863.348913631
93.1381720044
1163.1916886
949.774446847
3.13121611378
670.807006238
468.139711739
441.058302977
570.067042658
700.138046348
391.877877869
91.6564333778
8.29384441789
107.763626761
134.988695045
495.918833499
99.8996619869
105.0182373
530.644876933
101.910437081
3.24513309281
3.34421683583
3.49821643708
258.932763324
4.47686300093
268.05472568
323.067053641
117.748483342
311.833388917
241.410585714
3.89036376584
142.888033884
3.8585969263
131.740592891
399.652162373
413.077809231
160.448026692
1.14813502977
123.172768872
84.3255394802
81.2430476986
233.27541583
2.58459295582
414.047237273
611.217708087
590.234558103
216.627100641
301.368914703
114.926263828
2.41709449475
376.527348688
491.583847373
340.827331882
3.08480645591
201.078731652
2199.03205674
1124.95349056
1741.20942559
1857.72206596
454.129153045
792.525891864
232.957348078
8.03238498128
629.612280174
685.075323217
596.38010959
456.457982251
89.0633604614
103.063952443
104.940917646
4348.2815551
6825.68819189
4418.49663298
6520.31762982
5093.03276105
4331.42378651
220.911575448
3.36986064925
2.54186982825
6.34102689603
5.96848634141
196.218198502
94.3036561546
90.4187721842
8.1788641736
159.435992076
752.967311106
608.220040655
1906.05170217
106.410167254
96.7234500091
4.49107563055
4.9546969997
396.255868049
510.694652561
99.1976585793
303.364354622
358.412988016
3.06793529109
246.225152693
204.813131715
4.62918128104
309.466070934
88.1319515556
790.014883312
3.53215502714
1914.0045165
1398.87366579
1252.46030016
3.5125528539
2.44349733945
1632.13953519
1673.97241384
1706.05301435
885.426907197
295.049443756
264.018236001
223.458265284
93.4146048214
4.53651595903
3.00916796463
3.82251058021
1.12143654862
1.66919403593
1004.58199196
691.207131183
534.848257891
416.244452141
108.424498051
1062.60771567
2112.35720542
120.814235911
2810.03695813
218.554668395
6.14336155756
2656.71127738
156.964746143
13.7139182928
16.1449586362
154.484850303
10.1591958672
11.2522785435
96.9781599435
6.79267723544
148.336434361
158.486652959
98.151371795
101.723208838
5.75619403614
101.610977707
130.609680133
1.91405053039
123.472171114
291.514826862
109.118625848
93.5219443724
96.5197639035
3.85787445417
869.494594737
335.393015941
385.804680094
266.324179047
4.03380163803
3.25964250917
5.6017212564
113.259888114
3.70865526249
98.2770749862
3.53645467672
92.7728386022
4.48528065755
5.15852621565
149.936975278
4.83735868669
5.70645562527
172.193079273
5.41859705006
175.293810377
5.82780069331
5.73071965894
286.278429328
5.48569924287
185.361090134
167.253678466
159.584977055
157.305977215
143.151225324
4.78286706238
4.51105370712
4.35846527712
4.43120450214
90.1356785348
5.14785227803
5.16505158968
245.159463687
5.35048196891
5.33758762146
5.269360214
5.12429710832
4.93452232287
4.11876233401
355.264506828
162.810905834
4.29889407115
4.29649536516
4.23744798272
101.705462793
334.453148272
344.56352795
301.817296439
94.5363529798
3.55561165012
262.337852284
3.20083875732
94.3413596659
93.4427432204
2.91771584684
2.76516247055
2.0981327167
1538.05344506
907.28756405
738.242428087
577.283534122
1059.33390268
360.780371479
354.794580632
395.904574689
403.653401243
1057.78388381
700.868357938
250.274579529
358.818228087
320.453403344
297.934591641
173.944933646
0.539931774815
0.376996660568
345.796155337
362.592605328
323.191778625
172.286115701
0.0640512171674
0.0581297304979
330.441960558
294.686060584
183.501651006
163.110670133
146.63239019
136.594068653
133.92070048
134.977958655
0.0
0.0
0.0
0.0
0.0
392.823355729
0.0
0.0
0.0
0.0
0.0
0.0
0.0
0.0
433.872035988
0.0
650.34597106
586.250058189
435.768538262
329.836746857
183.470613121
139.460939534
0.0302177687909
0.0
0.0
0.0
0.0
0.0
0.0
0.0
0.0
0.0
0.0
0.0
0.0
0.0
0.0
0.0
0.0
0.0
0.0
0.0
0.0
3488.67760207
3675.49512743
1901.38454669
1521.19970867
1212.38319702
5492.69498617
2860.96213103
1529.74386464
1186.12277687
937.02606121
2966.4830417
0.0245934081099
0.0467415818825
0.0681938403544
810.120317668
575.366406615
362.652040057
365.786645225
324.281472421
182.334079084
292.312127755
138.435842867
131.761116892
131.245487433
139.474787185
0.212738788404
0.198628091218
512.833423753
382.469960117
868.421662547
0.217220349343
760.519515721
544.995523032
0.0214004364228
0.0
0.0
0.0
0.0
0.0
0.0
2145.01526836
1424.09931757
0.0
812.786461095
569.924642751
377.614979759
141.59436871
135.566916627
133.089650564
118.746569925
0.436391613314
0.503184844068
0.39826436112
0.343461868817
0.338130894504
0.302184509122
0.286438261066
0.268781341543
0.228559804776
0.229803462073
4656.17077685
0.477353212505
1586.28998329
1254.1322524
0.265123987495
0.235585703388
0.226560380146
0.205503773881
545.807509994
507.890555938
680.821247349
429.173673422
127.266745766
114.879993625
192.891248884
327.090987437
300.117715246
169.602354837
0.553924325819
0.485530560326
0.543493723162
0.588626431199
0.451119152684
0.386697846125
0.417122207822
0.380404518806
0.321442732144
0.293860134381
0.182520426274
0.172979685888
0.301696536116
0.437064492944
0.749643288969
449.839455091
323.260497375
299.296329013
173.913806855
157.963683852
138.12124806
0.463969158737
134.273478133
137.397559839
134.030599455
129.498251774
123.519418626
1.44572834019
127.400103585
128.27042353
130.213048308
1.12137334763
1.04630931884
0.97985088843
0.923955059831
0.922484414412
112.309946012
127.329371628
0.967522180496
0.922046205547
0.884802823242
0.953449556258
640.728182887
606.853716858
580.064920557
564.119194891
551.660792468
268.728906488
0.540334966047
0.636988835234
0.59209336954
0.527176961023
0.491228268014
0.455767513976
0.384704936076
0.357176153285
0.330975952856
0.303191208059
294.559532458
289.704277227
281.709727672
467.876168253
1.06368320966
1.66212423414
1.68663003595
1.72484254115
1.58918443814
1.57692086011
1.41632844336
1.28775855948
163.351055955
167.526065029
168.950682095
167.640645607
162.664265141
154.999774351
147.559680187
138.372109697
128.617415059
0.638866493863
0.773985870103
0.772957240401
0.812017846311
0.81395381539
0.813982127555
0.811785490866
0.811730467533
158.351807816
93.0595358146
0.874369116964
0.80698792263
0.79555572173
0.762327099605
0.750428596497
261.019095997
271.70356384
277.395503112
279.025421105
272.8063855
257.378209123
165.144000281
153.155174703
141.341486324
131.878073975
0.206550782193
0.200370317581
0.189484951789
0.178203668941
0.153664302256
0.144122066935
0.13151533064
114.616838928
0.0598085446435
158.23000183
0.058918456241
0.0585322965973
0.0307666148701
0.0315274842502
0.0317208995142
0.0311712408729
0.0300011168746
0.0
0.0
0.0
0.0
0.0
0.0
0.0
0.0
0.0
0.0
93.4799937159
244.844688762
0.208231370844
0.22421176046
0.226619354448
0.187798351608
0.163515383287
0.159890003766
0.157526221578
0.131389503051
0.131777885032
0.130867765308
0.131634407489
0.133846082978
0.133886082833
0.133301548398
0.13188098567
0.128654753458
0.123475207999
0.116226204392
176.007128499
172.532446985
167.803324757
162.892237281
159.107697074
156.658876918
155.420730495
154.498976402
152.85854225
150.36767861
147.668992175
145.537630365
144.035201193
143.413250572
142.743985239
140.683990889
0.0
0.0
0.0
0.0
0.0
0.0
0.0
0.0
0.0
0.0
0.0
0.0
0.0
0.0
0.0
0.0
0.0
0.0
0.0
0.0
0.0
0.0
0.0
0.0
0.0
0.0
0.0
0.0
0.0
0.0
0.0
0.0
0.0
0.0
0.0
0.0
0.0
0.0
0.0
0.0
0.0
0.0
0.0
0.0
0.0
0.0
0.0
0.0
0.0
0.0
0.0
0.0
0.0
0.0
0.0
0.0
0.0
0.0
0.0
0.0
0.0
0.0
0.0
0.0
0.0
0.0
0.0
0.0
0.0
0.0
0.0
0.0
0.0
0.0
0.0
0.0
0.0
0.0
0.0
0.0
0.0
0.0
0.0
0.0
0.0
0.0
0.0
