0.0
23.8216802295
29.6380753675
0.00268379092194
0.00289655349682
23.7284053718
0.00287170095905
0.002836550437
0.00277243496506
21.5854862979
20.1704567281
18.6471126699
12.4528819457
14.851406869
14.9485799489
14.61384693
0.0
0.0
0.0
0.0
0.0
0.0
64.0269331183
70.7642314249
63.3323212615
62.799001691
27.4718332517
15.5100858071
16.658109434
14.9168012194
15.8404923184
12.5577672013
0.0
0.0
0.0
0.0
0.0
0.0
0.0
0.0
0.0
0.0
0.0
0.0
0.0
11.7997262959
16.9782255132
19.9679613935
20.2754370947
20.2111252395
18.5196545215
17.4015100171
17.2999462304
16.4032715198
15.9412768919
16.9036646754
17.3189034972
0.0
0.0
0.0
0.0
0.00157679657316
0.00163947128677
0.00154703572961
0.0015947161642
0.00165902114666
12.4589666502
0.0
34.3710968475
12.3638862938
0.0
0.0
0.0
30.4407934876
12.8116608113
0.0
0.0
0.0
0.0
14.3301819689
34.2558518705
38.6567514608
29.3447320407
29.978588303
30.5975400548
43.7011343246
46.7368305538
47.9068406404
46.6102370635
0.0
0.0
0.0
0.0
0.0
0.0
0.0
21.4288448931
20.8476604964
20.1922180772
19.4858653733
17.2704963835
12.4876572841
25.2272143126
0.0
23.3511326638
26.5134899717
26.0459095061
21.2206393478
0.0
0.0
0.0
0.0
0.0
0.0
0.0
0.0
0.0
0.0
56.3574791472
63.7724171037
57.1204956918
57.1433154335
0.0
34.2239523962
35.9846984469
24.18704003
22.7986446082
21.7115031376
21.6173502041
21.7944405311
21.7565956186
21.0990201116
20.2759844234
19.9184949111
19.3944699425
0.0
0.0
14.1051756384
13.0225269125
0.00183945113419
0.00163154684672
0.00153297108739
0.00140220496592
0.0
59.1945674406
55.9680141079
52.5546610001
37.5071403356
45.1366905896
45.5159471061
46.2943656962
28.3673776122
0.0
0.0
0.0
0.0
0.0
0.0
0.0
0.0
0.0
0.0
0.0
0.0
0.0
0.0
0.00173267670194
0.00248070341266
0.00271861851906
23.2311793547
22.979708223
21.2552548721
0.0
0.0
18.9062848406
20.0755865851
19.9830476052
17.8772086927
12.8495626721
11.5141501586
11.5171547566
11.7162794312
15.9935271404
16.3362767396
13.5433242633
14.8039087815
11.3357337574
0.0
0.0
0.0
0.0
0.0
0.0
0.0
0.0
0.0
0.0
17.1131162567
17.9663277853
0.0
15.7598703944
19.3501457577
19.4160659007
18.8563349954
17.2666239366
16.4691694642
16.1549980986
15.4341007511
15.6456905441
16.5667053321
17.3411353521
0.0
18.9279844747
18.8477575009
18.4931526787
17.6226344047
16.3607534117
15.6481511178
15.2791754423
14.5073918588
13.443948905
0.0
98.7543592895
90.7815881606
13.0789609364
12.3991557972
13.4560966295
0.0
13.8591740764
0.0
0.0
0.0
0.0
32.6952113131
70.0831096567
50.9339748066
49.7408859178
37.2065898905
37.2893525353
50.5189818579
54.7408048875
56.6172614638
54.9497233953
32.20177856
38.1568323284
41.2586993619
40.6863769802
37.0189483246
23.1601543317
21.831570402
21.6930694504
21.9624866622
33.040969457
21.3885959467
19.5343231814
14.5972272985
0.0
13.2600329415
20.2373388207
22.4952302684
21.1961823885
15.9289442793
0.0
0.0
0.0
0.0
41.3595116601
11.0132072888
33.7715557919
24.6624252607
24.6612659699
23.972792592
23.6058513448
23.7323848401
23.6227492977
22.9909026524
21.6478262639
19.9522639677
18.0348020217
15.946944024
0.0
0.0
0.0
0.0
16.1040615076
16.9982040642
17.3487947175
16.8544325592
15.7331611746
0.0053599473737
39.7301430489
0.017121597157
0.0197724187112
0.0303482523523
0.0223543338835
62.0767344993
0.0454251507405
78.3300913748
38.2489564762
20.9999448793
32.1486943572
27.4199370473
11.8909874247
15.7503437405
13.666488381
0.132550505322
17.0276418081
0.0819508813142
28.0634434672
0.0961376819175
41.9986117831
0.116104551883
37.7695600989
30.1462254034
16.6704966248
28.7553665041
19.0312643107
52.8805523687
19.958776367
36.2476391672
0.0414599340482
0.0483400874092
16.1479636546
13.2626108218
62.770753705
54.4000906999
42.1320658518
11.8936809701
13.3570145906
13.3481672517
0.171594027634
0.161918195801
0.111281583021
0.0496081144375
0.0720955938232
0.0939307598243
0.113212125475
45.9266757145
50.1884344219
41.2711611318
14.4368166434
11.3226156999
0.21961995824
12.262991349
0.184555845358
0.210386313315
0.225335415189
0.0639740587199
0.0470197282522
0.0980930287032
57.564403443
57.8216763007
44.9845306256
90.7553569771
30.0921910927
36.7251011042
0.317269812644
0.340305019068
11.2195583581
40.2796896206
18.5591445716
15.8814574557
12.0525501711
55.260006823
0.126782608368
12.7229644054
14.0444026113
0.0529699621817
0.0498848633817
23.3925814484
24.2563346593
27.3016322662
20.0471871717
0.0349632226358
0.0289633065922
15.3960814611
12.2708341215
0.074683651667
0.0771372363529
47.4861018255
38.731893388
35.1082387616
58.3205497494
35.7950315468
14.562821289
65.5125751247
0.0912840648518
11.0820727206
0.0600422965687
35.4361031308
48.0720923035
13.681825579
13.0804787279
94.3732513994
71.8388101988
52.3723335045
10.7324596068
48.0697714439
0.0172039729854
0.0317581789747
16.9220989495
0.0810733763856
19.4692984649
15.2356133259
0.111044877233
20.4840761745
16.5952875127
85.3380596766
52.8528636571
12.1225345668
34.7620648696
15.075544336
11.7854949383
0.072678792113
48.4064366883
46.1624230648
42.8721522078
0.0327266103994
0.0163675553045
15.0108735601
16.2838236302
17.4016191403
0.0585712132394
19.6389487576
20.9619132486
24.5368962794
225.015771262
44.1738590445
14.1735756833
13.2253972237
17.2977326492
0.106745000278
11.8834737944
11.3701259168
13.8933397649
158.855968743
63.6985345371
0.122208767555
58.9501800845
61.1206414555
53.5527623121
0.0763752954393
29.0540583382
19.5945206305
18.9353352913
17.7176007156
20.1600753896
0.0673558043529
0.0735417037419
0.0603149263572
0.11917806288
0.155582403094
0.11699731916
0.163431283802
0.14053366147
29.432475254
62.9006745735
84.7261596167
33.5434613177
67.0774519973
10.6522932504
0.136493255575
18.8251499544
12.4934032654
0.0629271752819
0.0682100497775
0.0694097746634
43.5145890357
0.112131295884
13.0494110245
14.513009728
80.0550154929
0.0090801900055
0.0411291958009
0.0428265254355
25.0484297626
0.0754353439024
36.5353354892
45.3770911217
17.9601564194
11.069568496
0.121342092737
11.1784956928
54.2096256035
48.9829382757
29.272563471
36.3896302911
28.480457419
25.2240584051
26.8302147043
24.5610161899
28.2110391187
40.4921145323
18.9731916752
10.9933074333
60.8235338047
0.41986696576
0.0844273400079
0.076003032141
12.715970285
0.0714248968251
31.041732174
19.5889482894
12.2481708933
36.7290369869
0.15172146671
48.5574062599
22.385781475
20.6451722475
12.3155474592
0.312900414174
0.378863046273
47.0893473456
43.7574559999
29.6973903795
28.0955819363
29.4286584491
38.1606663116
0.0492276456177
14.7873566108
0.109442696408
0.106576910887
0.106000947204
0.117153468016
23.9719137375
12.6292140768
11.4218768865
16.2130989665
21.2243477129
0.0830155594647
0.162535312805
24.1290658233
78.2389581921
0.180233649444
14.2030295743
11.6967280707
15.4255448784
28.3749655682
30.6858457013
50.3730948876
57.9534499383
53.100292037
38.6606947729
26.3227685329
28.0489554652
27.8378182473
0.042650623403
26.2078511503
13.9917114648
0.0748489658065
13.7870943873
51.6251397848
11.8661206225
11.0648249901
54.376398027
31.8073062714
37.5426074942
34.8632511087
13.654962361
0.13604592631
0.0876002394781
0.180497737122
0.200615024394
0.320818054687
17.4041653361
0.272782503824
40.5055880465
17.3362017224
18.8710931708
18.1812419827
0.00822247809857
48.6291811443
13.5983579438
14.5761971591
0.0288187732967
94.8167288825
62.388474571
84.0010236326
19.9641508596
22.1647999579
13.5922274644
136.700684743
104.591227723
96.2629742417
0.0361817602721
65.6680452898
49.8144100872
90.1795094428
167.044458663
188.687224739
30.7358364742
0.522069347224
0.0795614761562
52.9568556898
49.640123101
13.3874842018
13.5788897529
0.133726565759
0.145538070633
0.0950710118763
15.8927907904
12.2286507991
12.5117784885
12.908758667
37.604263989
11.2633941801
0.137958723236
15.7197070907
0.136662438107
0.147063184405
0.190243600122
14.9751620351
0.119315792099
119.263349414
47.2446560179
11.6467752592
15.5280358469
14.7072398967
0.187851916982
70.9615060108
0.0819432066668
0.0863374801367
11.3684556586
12.8438950267
18.1578165292
12.5475421451
16.8157886533
11.0946239868
11.4877095533
14.2389669129
13.692601534
14.0386410278
0.146427962591
0.0418041516423
14.9820383558
15.3450733794
0.0784336247852
0.0530838901045
12.4254075662
44.9436916023
41.338004449
34.436931184
14.5856307105
32.736529241
48.0088945991
37.0440749862
52.15145364
94.8008454255
114.257339666
26.0961795689
0.306326014
0.176640260493
11.7391252024
45.2141749785
28.5925413278
41.3506935907
26.4801795621
30.2640212793
55.37521109
47.5323128142
14.7781407412
18.952232898
0.106655792861
0.108466895016
13.335266793
34.5665219853
48.7543269369
0.185404425434
30.791050689
28.1281845349
27.0616371604
27.7556331395
28.7334972447
0.0997397502951
0.0898782361977
15.3279797323
16.280381312
0.0603341541735
0.0517974750813
24.1022861355
23.8546368593
22.3641311724
101.870619663
47.4857037336
63.5238798633
17.0183016202
0.0932589024949
0.0791613002676
66.8880555128
0.0849945840563
20.0711359561
0.179498914679
63.1364215568
20.5344794032
0.0925692370266
15.276250246
0.131120773553
12.0731802631
0.0980208064487
12.273911974
15.3090202693
11.4830930291
11.5203752031
0.0510966406834
14.6132984545
28.1701388263
13.2417387525
15.578773084
12.9826430342
33.5437146707
20.4079164646
0.326701162161
13.2760399882
14.9783313613
0.28016943079
0.0784317777722
11.2279278824
17.2757863334
13.0956614835
20.1584990589
0.153784650765
26.8801268693
0.0667764647412
0.0193650747194
0.0929556754616
55.9637993481
10.8370972534
12.0229154209
14.566556636
14.9499312649
53.5648448501
0.0624388010674
21.0614012487
29.4892552484
46.123684017
47.2160869998
15.2806252994
17.0906206404
23.4167736465
21.8235627481
0.0283090377225
0.0621121862679
40.4682105951
43.8714371845
39.049195747
39.1011986731
40.1481016916
42.5680329624
43.2502948449
42.4234333627
13.4998050538
48.1458027032
22.6547643165
34.8741163608
14.4753216073
15.5946954683
33.3851434817
38.1352566782
86.9885405344
0.128575369652
13.2062590031
0.366158444043
11.2430573654
0.354711997287
0.161522015327
38.2969380468
14.3298421369
0.0527996475506
96.6892182738
44.9951009396
0.101065301963
0.120124713412
0.0962737311761
0.158261816206
0.149259799233
19.5810780666
18.7049852493
25.392053661
38.9805926314
21.9088659191
17.3952076342
14.01912205
0.0700944367322
22.8261108676
20.1331836081
12.9831844242
31.135338791
19.4291519628
16.1313662887
15.2585434864
0.178777399697
49.9997812294
44.7242727787
47.7887588261
45.4506690672
40.9135859658
28.2452483818
0.0982549306405
16.1069206034
22.1995322124
22.758467275
12.980228768
61.576480911
45.7995887773
0.591615269443
0.0497598385971
0.0386985781191
32.0568224124
50.5203332568
27.2384296716
55.7020197392
57.8951344104
56.1780978594
51.3848003815
51.0049536541
36.8070801978
23.0313802681
13.985976728
0.271154718625
28.8676623528
32.3976533692
0.355210787102
0.179318801683
26.9757479304
26.0717792949
26.6527106706
40.8050619689
0.0611872175155
0.0653918105824
0.0639628590266
0.0518003379705
0.0591435272882
22.761328697
20.696313593
19.6503534182
19.1262980834
18.9648867373
18.1057481604
14.0373335296
0.0602992187096
49.1683897381
0.0711517159987
11.939072476
68.4742723141
100.514870875
53.1155819107
23.4326758778
28.5615240646
47.2836956322
148.448499373
0.0456899331015
30.965831944
20.2147680881
0.0412136928754
12.003387815
16.4566570289
11.702916776
18.653586241
14.6281970303
0.0518154025321
11.7380211212
16.3420870321
11.3287400725
30.8342089332
42.5582455269
0.214847601267
13.4197422902
0.256266561923
0.233145752059
0.0594578180754
54.629637887
42.1198761511
39.4114739364
19.7170296825
13.0540048264
0.0392048418909
16.5677013765
18.1746897447
0.00467221495296
11.010346694
56.4871838802
0.0254419885661
17.2813194229
19.497694223
0.083041125541
47.9687700507
17.2272937445
12.9977335149
0.0714719434705
0.0511171866689
0.0855222953438
0.0693089491587
0.0429483120019
0.0808456591256
0.108005986432
12.9020562157
13.6432641615
0.192529985383
0.147814787077
31.7999176657
0.241687383122
13.2880248086
14.9985669814
16.0911129929
0.0426249683193
0.0777999589628
0.0946315328395
0.0670802210457
0.0762071495299
11.4002706864
0.0315308600482
0.0674362111268
0.0850874471441
16.7045125115
14.8465412495
0.123889102818
0.0984887490612
36.5721437291
28.3543788915
42.3494036737
0.0934167837692
23.6096098446
49.5143178352
14.2422828502
0.145883110327
54.9559468097
45.7000778759
63.0407421985
0.0647721014929
20.4465807267
22.4274155371
21.9794771367
18.1271408813
16.8498294861
14.1983758629
16.3347661593
0.082296964169
56.7920137901
57.2920857024
49.3542271763
0.0655836311983
14.9169564431
84.4088821523
15.5377501167
34.208794668
16.9268935606
11.583341312
0.0292281942118
64.3406292774
65.162947933
111.554814778
108.053204473
29.4458437878
13.6330977187
13.5790243225
150.181661516
35.8481947164
19.0746691755
34.1252308505
21.297630247
0.0372517526932
0.119129887632
0.132817620581
0.149707105726
11.4257459109
56.2333920546
0.0851708978165
47.9486525913
75.2108366747
20.8641508927
19.2576619007
49.3698950367
14.6619746548
0.233556377136
25.6499834291
0.197817430043
0.180182922047
59.8626727204
17.6983034242
22.1157385654
71.4459157254
44.5393813496
0.0388767225982
18.4742005605
93.3760813871
39.5083483224
0.0848920914387
28.0505042515
15.052080495
39.4855612699
35.5875515037
0.0362594659969
15.2601438588
0.0607422207802
15.7354534017
12.2340751805
24.744605495
32.2260040279
16.0597926328
14.4818083884
28.0628576069
37.5999253045
31.4999033292
26.1078429944
0.1089956196
19.4105765123
13.5826139267
0.0426206540572
28.757109679
45.8672259885
46.2565967328
14.4007744362
32.2572537009
0.0725934528665
33.2198090564
26.9891234409
49.507186352
25.2877516239
23.3320954666
0.122166522106
39.7295783265
79.6561062281
44.734941244
0.252486432325
15.6046312935
0.313141779094
117.858910599
64.4737169892
24.7556387561
0.266878118905
14.4541074578
15.1675366637
0.204078785731
0.211301588531
0.184655167681
59.9818621083
12.6267849795
12.0318867893
0.11842167957
32.3133777424
18.9776258396
11.2970138672
35.9370236125
0.0543167199879
26.8654719422
0.0559384110804
11.6255230262
12.0329570828
12.8788179604
0.113270137525
0.116845767562
107.205031011
0.144746786773
11.135833573
42.698753419
33.8965670589
11.9168031646
71.0391957154
27.9177668166
21.85688066
22.3453315936
32.082997584
0.0543792977586
0.0723897134766
72.779831626
59.1747646532
45.3569675735
55.46520163
46.3147057229
42.0011861086
13.3623492409
12.8647539176
0.0745953639768
12.9345150062
14.3997187809
0.163707502029
0.210116544558
55.1046897137
34.2166309927
52.2332055792
11.6878037958
0.275866630057
0.288256865958
0.218722649315
20.1237830586
0.222570265463
18.7527814361
18.9932617407
14.7975069795
0.2262946188
34.9619238465
13.1849946759
38.8689267327
11.4926144935
53.2249598171
0.324783217471
12.5737043437
12.2593908638
0.37856163884
52.4080175566
42.8739754498
30.4388303324
21.9428769935
27.649593855
24.1171948391
18.2358215523
60.6750011175
0.118387863261
42.3868316669
23.7984568587
26.2788750565
18.1921346892
0.0951624371681
0.121351939547
18.8286245761
0.105734519687
36.2442427493
11.0661044447
0.145331156132
15.913421038
14.3288245216
11.649622932
27.1098487233
0.00819161305222
2402.56213743
12.0413494729
16.3987505275
25.2927306582
12.2530400548
83.5977964612
67.2527197559
154.836968042
115.335273382
0.178419772857
0.144739914737
78.7668501948
11.9299120565
50.2081505134
0.0249510572327
0.0195752259688
0.0280446260176
73.0443187799
49.0947253799
50.6436921819
16.8908011507
11.3410586552
12.2297198061
13.6222308808
130.845629767
0.0903442783332
14.3138684503
0.0728138415369
18.8164842732
12.3011243067
69.5030251976
16.9338540564
14.1344735175
0.148907464591
0.0713601521975
13.3548940554
65.0257129732
23.8182989454
10.7495341962
11.8616749494
16.7108448592
56.7914606946
0.0907289446554
0.145082294192
82.8006218096
0.0373575911757
67.0392559555
30.3180433423
0.0517944844422
11.6677570291
61.9842193591
48.5086914056
0.446307200593
13.0845706998
31.404779108
12.2467400832
104.376283178
112.430720941
62.6926613059
12.5661619224
864.018996475
10.9640655902
10.7087058755
56.4409692029
41.2262560885
14.0702835415
11.3117247665
13.0121754758
0.12993724068
13.5297692442
40.9542356631
31.5044353322
0.0493417256636
0.0465072009153
0.0367633371615
64.4116713406
40.0692834008
0.122826170265
0.135138745112
76.4756745868
0.181930740986
0.225775051416
0.198205799147
0.204318615832
36.806626765
0.19646804785
60.1711486566
118.985113767
63.1255853861
0.049928470472
14.845364939
30.8184754603
47.0600281889
0.0137546838288
72.9627899041
0.0166971242723
0.0117452923707
36.834278969
0.0236802724561
0.0341916947824
14.0875427928
13.0317041448
18.1090843833
36.5796383774
0.0300528565273
0.0468420481819
59.2998920966
28.0228332141
0.0186208409747
59.9523554856
52.6069558462
0.0107303803132
42.1616980366
0.0335572126098
20.5351422078
20.3265902722
21.1792193228
16.4964693103
16.2736514428
14.4471701859
0.05870121697
0.0509059066692
0.0414145087645
37.6442402274
27.8967263978
14.9597510297
12.449503535
11.346901343
15.1959216801
14.1343331913
0.0320822771341
50.6729630244
19.5014946604
16.5486664501
66.7977299378
97.5701633523
32.1760863786
66.8729255429
55.688351276
10.8988471596
10.7682783044
37.2184548207
46.1174106761
52.019651661
53.6236813074
10.7628361618
0.0588745835795
0.125663193286
0.151400827599
65.500564401
0.0715424286279
66.570703776
73.885538597
62.8748912279
37.5080191746
98.3543117666
0.163180673299
71.8056131292
17.6880455434
59.9098043859
12.9768830484
0.164657634102
0.160354723628
14.9995842583
10.7053623501
0.0555122574064
0.044350239509
11.4135760127
0.0319949993311
0.140126687285
61.1346859501
0.0632348723479
0.0487543151676
13.8009769539
0.0619519177107
37.8482917782
13.079231064
14.320573578
30.7483539631
46.7086456886
0.0273601014203
47.8977408522
32.6611009375
16.7411350488
13.2103110996
13.9130540944
21.7796723636
22.4976216769
49.06604434
35.6231873765
95.5349412606
50.8704985411
13.6584192533
60.6103635373
33.6820385868
50.9725572368
67.3296390517
57.5587462335
38.4616722724
62.3842441445
0.163841795794
16.4855183873
0.375462867558
57.8729595065
0.305414126047
14.9585900794
18.7358735339
15.6127629069
62.0063384964
20.6388204138
0.0351400308597
0.0353196915513
0.0141743491368
0.0295716508697
13.915648721
0.0378488174139
0.0412641112631
75.1881347155
35.7709498716
68.3898797404
69.3684022174
49.6849055408
23.7133632072
82.0691656161
14.9605957461
15.7164968325
15.2072486545
0.0368460373823
0.0391367543085
0.0539593808531
0.0414482300118
0.0464599386126
13.660921295
13.1666173516
14.0059463642
0.0510593058844
95.0955215931
0.0678657943418
18.6588599955
136.811904363
13.3113895499
24.7275344217
0.0566139804316
37.2325879649
0.0987529294746
72.1857808577
36.3133776668
67.437884235
0.259002823176
14.4282697674
0.241100285585
44.5616035445
0.207248182644
0.182743910895
62.7824834217
40.7355008498
0.106425909978
13.0751231041
33.8148435495
0.09843394577
17.0546041224
13.9984033029
19.0241359945
19.854369424
0.0701525703413
14.3523367121
15.4405772766
0.0791541508982
0.0469702961581
0.0523916431323
18.0527105697
16.0743556137
16.9981543052
12.8888158599
0.00858798184193
16.7709645509
14.3087988737
15.7803160495
13.0160283958
34.6552781664
53.3101754374
12.8354905581
15.3683565768
27.5243103254
34.4362600753
47.7889439802
0.170673584249
0.145820270009
15.6735580139
66.2039627849
0.0525893795221
48.9229347257
28.7747881299
47.1921363279
22.2050276814
20.1369158306
19.1902809249
0.0695342075014
0.0638648258516
19.5358397069
13.0054219651
40.9207843503
32.4528823753
48.0404198616
65.4895342764
28.9857452227
0.0351521185689
25.2497849594
42.7584715284
31.3833152034
26.5114270684
22.0258586483
0.0796177603061
0.0664556918543
0.0720243823538
0.104217050155
0.103980273229
0.0776950061758
85.3706899198
42.7391763741
0.0744319923699
19.7011274896
35.5500924103
18.7092725108
14.698255632
0.0719787077031
29.3534003483
36.3567474093
35.2422813615
14.9935670072
0.0594571760589
19.0793209059
0.034019027984
0.0308689038713
43.9610939526
0.0409578514298
14.5306338443
13.7588209927
29.2404967811
13.1921409284
55.3969164402
56.9124833441
58.3172275696
0.184459424057
13.6105525833
91.6195270668
22.6289126996
18.2933481004
44.1745301867
78.4642049062
0.0355678147096
20.591883353
21.3985816029
0.0903954710497
74.6084097157
47.2848144867
23.8177771339
21.3144218011
35.915775035
33.1129787473
17.9662707228
19.8700345802
16.9830835023
47.563686962
34.5002657178
18.1471223034
21.3816585756
46.7034640657
41.3971382635
14.2744353889
19.4780660498
18.9581764199
31.0189512902
52.1484741331
72.360531747
21.0029511131
16.3939272187
44.570286136
39.860868284
28.016976559
20.8496574428
39.1103420106
0.0508447935533
17.9943107417
0.0479473702351
37.332610365
34.6892671172
0.208886206537
54.3717316432
41.4071079222
19.8252981692
42.9664488709
0.0641755202571
0.0581375314744
20.0384358005
0.0823985085643
52.159183149
15.5842505506
66.2128475766
60.7901464394
18.5305421107
0.191789324416
41.6764558664
0.0489268615026
0.0841416060446
0.112657568849
22.3264953325
0.162453130542
15.1962885725
61.3051202114
29.5522864649
37.2544733361
14.3329038097
0.248597616128
0.21838345093
0.22465623249
0.22200446734
0.223105511912
0.213752388047
21.803025578
0.164603754401
13.3754760596
59.4405412689
70.9446669368
20.6490176488
0.190375687121
0.212778717244
14.5019764213
24.4913848569
16.2946599662
0.120082213146
26.8395548737
58.4621161408
63.8967235501
37.6911523577
12.8843805349
0.127410944134
12.8526427164
0.0937470694719
1159.72123601
901.327180697
47.4489682955
0.0315918086493
133.912335031
0.0121143912362
62.1557484091
48.1821004696
54.8498256691
0.0213587883607
0.0222130712498
16.7282960166
0.0460632858702
14.8473307186
0.0437718940824
0.0524449499491
14.7403502929
18.6922205365
13.0728010748
30.2648734668
0.0309163174454
41.6498243333
22.7269361287
0.0224194751386
16.7262496263
18.6001419438
33.9130572548
63.8444768733
19.0423553627
18.1183750679
0.027862954318
0.071238566556
27.9337133393
0.0247750294874
0.0245312446885
76.6221055091
0.0143235058253
38.6959617071
0.0234700275562
16.1683000028
17.3196089264
19.2718187176
16.8855533308
0.0318957704247
40.0976884045
12.8798871693
125.272777333
80.2492699835
0.031912033497
13.57793482
14.6120792112
48.2889073045
64.3182664336
60.7011330898
64.7801304214
14.2941805623
0.0737100441891
0.0744456169883
18.0057232062
17.3292075828
30.0712276905
105.637083692
0.0560070498389
15.675534061
0.0589999262081
31.0614033647
0.0583928805664
43.7326159876
40.5982989684
45.7802769238
0.115660638047
0.198041063142
0.239198731162
125.193790534
0.153427440691
34.4238630306
19.5885105254
0.143519674498
745.389748357
181.601467203
82.9240019534
0.101767198702
27.0766912477
27.9082621593
52.1392888028
31.5161982939
26.2206606375
22.8322802157
0.25894113787
0.282501857027
15.5652527092
15.4274498821
25.2103884205
14.6066745406
24.9379195579
33.5182849913
36.2183799494
77.1468825161
15.4059138456
18.7153165355
0.0792078642915
392.712402642
30.2153871237
13.5277372365
112.274879266
129.62132916
18.5313306212
0.220364055396
57.0960503742
22.2201484129
103.186259533
132.617825775
127.147136066
78.7629800278
26.5644571323
13.2633961407
0.0482448062447
13.5250499687
14.097494215
17.0285413886
32.2731611439
134.365544194
0.0465706646491
17.8796501608
0.0472679244398
49.3125576743
53.4917292637
13.545758198
0.18069947085
0.1098839996
80.4431029011
128.972470525
58.5254323265
29.9956538351
0.0389451475132
0.0726013003499
0.051088005349
39.2125384388
0.0773027329937
0.0444757006364
14.2266086451
19.199521029
79.2198342456
0.0646186641531
0.0581838367654
41.5124111655
0.0932579210094
0.0694712284324
0.0931693359448
15.4267193735
0.29373449485
0.10719389873
29.9220990323
13.0067251588
68.0228320486
85.6200143144
16.1730291431
0.144812087141
55.7741481401
0.141862750961
0.139347957318
14.7465850324
28.0158253959
54.6993269423
53.2403896155
36.4597686363
0.292205371152
33.1290492451
0.0136780339978
0.0123835536945
0.0664474126208
28.3715871278
14.7261046183
0.242359193886
27.7321361393
33.1907954477
323.378918106
106.372139737
0.419255754777
0.457429784564
14.6323142942
38.0171641603
0.39754273951
0.407031783671
0.407292401213
0.421045173128
64.8737336803
14.3284582635
17.9522335855
48.0092231356
34.9177409423
63.009452174
15.4953663279
14.4260207635
85.1811930391
0.558855105305
53.0217806958
48.9288638823
0.415966134595
0.38951858076
86.1669017425
0.36781523928
31.7475275547
0.284729840076
154.408568706
361.308589685
131.614876335
31.716951008
0.676748657619
0.750115700515
13.6460370203
19.7023407574
50.7796199919
1.0767774022
58.9632212944
0.29521301611
38.2696229978
13.9222196637
0.179285221457
14.7003643862
18.8148885557
36.5812404201
30.113010372
37.7279434305
60.2978074376
15.0353497117
47.0109742038
48.9182789416
0.645523336881
27.7647456925
28.9777248905
0.491399868014
0.451974526661
30.6630686025
49.6454171188
12.987307332
33.6944649882
82.6317296833
32.6667469163
20.6753372643
0.216216794755
21.2720652618
28.439138467
0.176065606494
0.175808249964
0.176492158205
20.6423431156
35.0198297069
25.8750715278
21.8248770542
17.4030217212
0.0588385391717
0.0472975716063
486.305725553
0.0356250526196
15.366656578
17.5185915538
0.0778462322013
0.0379792924522
26.1032382108
12.8019787461
15.044273077
53.9324149283
0.0639166377747
0.079358590103
57.155767959
24.5451244011
0.0862167703199
14.0437536487
0.0872511871942
50.0178940562
14.9352033675
0.222254953391
15.8940583374
13.3078812883
60.1915851463
16.0918437075
17.812193539
0.131025513935
19.1768629934
72.8054884366
0.018632690224
58.8504737141
60.5053187032
0.0290571689125
150.007542111
0.00604644518619
0.0333666505882
33.5128543952
28.5343154095
104.475769102
0.0639869233819
14.8189110551
14.8872593073
19.4393147286
17.5185778484
76.0898573326
16.3474212807
37.39778245
12.9808178756
14.0246921069
16.2349604943
15.2918727038
29.5910760298
37.7219149052
14.0939477863
13.1114447108
32.0332891152
0.108501978883
0.094244767934
0.0861701236391
62.6482732547
41.7350888314
64.4323849198
0.00715336813741
16.1994051452
15.768544478
27.1712999887
15.6300662504
0.0485205418825
0.0535513581499
14.3401669908
71.0696726019
51.2648897039
33.4430213076
48.2394534052
19.9737433052
15.5257541243
18.504874363
20.670418872
0.051066980061
16.6272180771
0.0175685079225
18.6516131753
19.7295590458
14.1728815321
0.0372283314127
18.2420180835
13.6389158326
0.0532698937568
28.5467181836
0.0374988241122
0.0340599466677
0.0121607607014
0.0350926649402
0.00393502966371
0.0049329541372
320.478494704
0.0
0.0140007802133
16.8166892757
32.0114133654
0.0207879831579
14.7918589294
94.0127228151
0.0329588117222
53.5429791337
14.4434420942
41.4647193904
0.0637294951388
13.3409525038
13.3992918325
19.0881672123
45.2755205055
0.180544497405
40.6055570374
42.9878814474
44.0229664162
64.0625294856
66.8217943082
56.7039598689
33.4197373019
13.6515381188
41.3661070651
35.4489068535
21.1043612285
0.143696351263
16.6012510047
0.132722578604
13.8631784618
42.7149935224
48.8543106858
27.7680377502
13.1707306782
0.220445533367
55.3404372186
0.194412721155
51.4217119389
14.4846171224
18.4382805799
16.6921765429
33.8713431177
34.8729880895
0.0473379070427
0.0530018821016
0.0424218993604
55.9594966298
32.1801270902
0.0493645041923
0.0512629818795
56.0626069797
23.3702477213
93.3392865255
52.3142113377
41.0578533328
17.9796728619
0.065581700737
0.0721574112129
0.061646047332
0.058037437357
0.0580367116209
13.2795004955
16.1861165489
15.9495346739
0.0665713672745
52.2418343589
14.9556303786
15.1014523266
14.1489378306
13.6753337035
0.0245766746173
0.0339329782285
52.994343186
93.4089727358
87.2184750645
13.7534256161
0.267142866127
31.9299054846
21.0320230274
15.5224752845
0.189442354342
0.20658300791
100.021657832
35.8471821615
0.191893857493
14.4362542004
16.176433544
30.1785430679
0.124844857416
13.674585133
14.0553497898
14.3132459657
51.2697689281
72.484208336
64.4753813982
55.7075877079
49.5789173015
51.8552836159
14.1699538709
0.0356643319214
44.6355485453
45.0986390047
32.5222498644
26.1012984234
23.3676751561
18.7759129412
0.0854525459035
60.8289236413
20.4950560723
31.4900561313
0.12122870758
0.117532667782
18.5200474875
14.4333584207
0.0823116352468
0.075908135719
0.0457702850904
0.0573033450026
0.0604220444649
12.8287335512
43.4964181254
23.6482342764
18.5595131926
0.0274622207543
0.0325431725673
0.0313714078365
21.1311285694
19.238690306
0.0213443184067
0.0378065157871
14.303756002
0.0225237303383
0.0243590289322
0.0302125945911
0.0364602929289
0.0434769067953
1260.87209256
26.9356175212
0.0292295123207
18.7017802543
34.2720790822
0.0459152482906
0.0538594813676
0.0718787241808
0.0739852872518
21.3970949623
0.0598467886072
0.0485534733137
0.047887203915
0.0309158988155
0.0283196691514
0.0408005052375
13.9369251461
35.452948929
16.1521146868
57.0472812106
39.9039027618
20.5817551219
0.037741854945
0.0428213298977
0.033690103543
0.0230975609271
0.0253727349307
0.0352296650137
0.0465087403596
0.0653557795237
0.0754883282592
0.111258538352
120.168261087
0.129250417947
0.157669016745
16.3482127618
12.7700540813
0.111183182432
96.6712304287
69.410506886
60.711525099
50.4608878161
14.6500975519
0.0879447264904
14.0833533281
0.100443527584
0.0878262129651
55.3696021429
14.7426535187
20.0371247766
85.1522987969
29.3671175871
0.147237487714
75.3781823721
16.6814766102
14.1085305519
62.7922582076
0.0408024067701
45.668824456
0.00469977538461
0.0280375264246
37.4095801055
65.1518133456
84.2512174258
41.2195244731
14.2473502563
12.7196699313
74.0413923574
56.5146016578
63.4558996145
0.0838026331474
19.6701955054
18.6390122469
0.0417666938931
0.0375434288894
17.6675188382
44.2940673349
14.1623526289
18.5179091508
20.5520768568
16.1234827601
14.6089885007
0.0286095635105
92.643516228
0.0496055130054
0.0538550123195
16.1692341296
0.0564667290168
0.037784597149
0.0542619357907
0.0709112575841
53.6568918075
53.3718789727
36.6899272184
14.6033435656
0.228212657604
0.143072280262
0.0574759158755
13.0622979772
0.0941575467241
0.0986848176343
0.0969987800238
18.1220895067
12.7825306686
70.2791406
13.1810059057
80.4787574024
0.138874954465
0.118955512748
16.5219498973
20.9539600071
0.09942046652
0.0954979429294
52.056555201
13.9708082371
0.0576460833924
17.7342218071
0.0593761019456
0.0516487892063
50.5034902878
0.0318949641489
0.0567865565563
18.9867400931
0.0663173342622
46.6588246627
0.0971729856424
0.132789911854
68.3970565888
12.9215170335
0.0764649751066
0.0753139799834
1173.8394583
806.812099908
534.239593112
276.18506321
13.9022543976
88.6196884217
0.0336970322798
0.0361966298187
0.0444300026867
0.0153228868327
12.7914856144
82.3890521873
47.0603894807
50.4068826813
16.6870321939
21.9535906539
0.0864650521248
0.077839949078
13.8105473182
17.2747080168
57.5717627721
0.0564615393139
0.0405279438392
19.8754446721
0.0309518596032
0.0185177683517
18.3340480164
31.0193214591
36.8960605585
20.4499099078
59.8537461293
49.026094644
28.3253610498
28.6392862528
22.9321881164
127.354159517
0.030151081483
15.4611357937
15.3545154393
75.6186902935
33.8775104614
27.5390730077
16.1174833404
20.9935132387
0.0937932804696
0.0990337705311
14.6481254258
23.6963910522
12.8744282807
0.0486763295473
0.0523938766451
13.1483183201
0.115031226706
43.545453993
42.0344273369
17.6013104536
13.9471154883
71.7587676074
978.486070115
0.182785008982
0.185383913415
0.175071559105
0.165339901236
0.383954603405
0.369515754025
14.053247852
33.6266654807
60.4742022415
57.3054863679
16.8424714039
0.0866113023802
18.562793475
17.0222710976
19.4260215779
0.140565567001
0.163269220866
20.8374335472
26.5062073526
21.4242114762
34.4764464008
0.0818406443687
0.127687188505
41.0072013482
42.7697489297
16.8092025762
14.2205370136
14.3653688231
18.4436674291
18.0159107822
17.909318601
15.9793054833
16.0778643525
18.280458996
17.1466439833
0.309329744515
64.4138848654
41.433305911
52.8996699315
16.2172327248
22.1690584963
18.5453268483
33.8067577253
20.9363639525
12.9607323324
38.0335440066
29.9670207471
22.9369681018
14.7537375716
16.2977978775
33.3765236487
32.5616978178
59.2499438504
84.3474403253
14.0376669165
0.0643448865875
0.0285079896497
13.3941382043
50.1975867614
0.0862919998666
18.646041649
0.156626503763
0.190823062655
36.9277649458
32.0612920544
0.121674585458
0.178891149895
13.5160876352
16.4429032565
12.8701034164
0.0397638771348
29.1428141782
40.45433342
0.0349330435019
32.3563202346
0.0491915832471
13.9197127522
0.0457492901435
0.0612746824948
0.0742420801973
18.1783719836
19.5892772296
14.3074120479
13.5975839338
0.0521450954678
0.0554109813674
0.0510724386425
0.09126004837
38.5076202577
48.0757854174
0.146039845045
29.4963035355
0.190467493287
31.2221102822
36.1353298001
55.086054988
54.3359082906
26.4377674044
30.0940795172
19.4903517562
0.252192005486
0.151743066799
0.203702698559
0.190814173955
0.0877248386439
16.1142902591
0.0314798649742
0.0406847400756
0.0287811818672
0.0241180686449
16.992126838
17.1580207574
39.3412108849
35.9272304904
38.1987868937
62.8773675902
49.5594718165
13.4125515105
14.1413863059
0.105404884819
79.4095375375
17.4164461942
0.0790263605298
17.1144266971
16.6808123969
0.0413320148107
0.0466762543619
32.2652065178
0.0499646374825
0.0522180284187
0.0626979394258
15.7061152148
0.0484368989611
0.0814793270857
30.7881762262
14.533126713
31.8601592018
29.8564467748
30.0042231735
45.6137563826
46.3533831495
27.9722668249
24.2888364302
19.3975913286
23.5473716719
21.6312904084
17.9157561171
24.2451443986
25.3392184144
35.7376428942
0.120976946148
34.9206891562
63.8642246008
50.6081742523
0.129315413
0.127083279961
39.1548482186
0.0940747731974
0.101284970617
0.189521929395
0.195812437637
0.1482644688
0.111652610565
17.4748158696
22.5145553298
0.196647254071
0.204928021782
0.215068804026
31.1487483738
29.859623189
27.4480665728
25.4972805054
25.3365153911
29.9093346824
13.613804554
20.2351591544
54.9337560033
0.0998488433963
0.0896730263527
0.157408014798
0.076018419058
15.8739329662
0.177477318061
16.7732898512
22.2475762913
12.9543853459
0.113906774092
0.0865098986316
44.2170035228
15.4411587984
0.127367209016
0.178692996441
44.1855899869
91.3664878157
15.9936121824
34.6699210512
40.1603134938
34.7895699692
13.9997809152
19.6576509733
47.2709692012
23.6806258305
0.0559795519005
49.451797618
52.1012449167
19.2081455074
18.5717694589
0.027871971472
0.0789439951461
0.0343230427804
16.2718496348
0.0385291188724
12.9232079693
20.9676497184
16.9324773306
20.0956356936
26.0130194495
23.9148251655
0.075840127378
0.116687947065
0.105280419861
0.0818461511484
0.119264024382
0.0609123478305
0.0205580832409
0.0222380252875
0.00956073338991
14.9542008792
0.00521063645854
27.4344905562
0.0300597208473
32.8431858647
13.772645971
66.0664253963
17.1764989062
18.7195597789
20.464781661
74.4826533451
87.0620689928
54.25284024
14.2304499305
29.4677353135
43.1708948517
16.8605514014
131.595017485
169.960087891
161.604982307
14.6205019856
0.113585481577
46.802432543
33.4547754347
31.5789387608
32.9469522463
88.2825658721
68.4906133938
34.355879893
30.816988147
15.5576595403
0.109479799355
0.0801976175482
0.100947188303
14.9143977484
16.7732010537
21.1319996635
0.145347447871
0.177827733649
21.1709648237
14.9082291222
0.184523673019
70.0572480035
90.4643007019
18.6949975991
0.119535913034
0.0813016803092
43.3350761711
21.4003991628
19.2628921399
0.11478941913
0.0894633368653
0.0848869244864
0.0742179647647
0.0933873502792
0.0653088524787
0.0520019547541
45.1263512684
0.0650204501264
0.0600558834111
0.110567250159
14.0568809668
13.3367309519
0.0589503147723
0.0957303111617
0.11902925785
43.7928751526
27.7506866808
26.702169506
26.5193194193
22.9564375099
0.0598475573632
14.5862940831
40.1509294025
32.4658428895
33.9790753279
48.4797267274
116.077518112
13.2638998307
0.101950236251
0.131121335194
15.5003762616
0.136352815029
63.6465586635
17.7155659922
26.6303476239
22.6093283182
17.4266241744
46.7415891372
43.0763482446
0.196910907734
19.9817959558
19.8992999611
0.34299210911
30.6136357028
32.3158638394
31.8828129914
28.3305459717
25.4087500001
23.8986830993
23.9223802418
25.2365337387
25.6259285981
0.105031051804
0.11106981277
0.135540315116
0.13743521999
0.127330088585
20.9566445782
20.4132133042
19.7644484141
18.9370292099
102.775204554
51.3818659058
22.3959979757
15.4227347234
58.4156981049
20.042982418
14.5699139653
0.340604208911
22.9483918678
23.4063133196
132.173842782
25.4131649521
0.0436636274802
11.7616900341
14.223732006
57.3192009725
0.0344674718223
52.6314370688
43.4494242454
21.7305576664
18.1868120985
48.1215331186
41.678366194
20.4564633292
18.9264090058
18.6591550845
17.4517850323
31.0303856472
32.7788478849
31.5229179219
27.7090678702
25.1691521652
23.8778266394
24.2720448467
25.5845319974
25.9936944769
0.08274467912
0.0802063182716
14.5597478697
0.0729861518616
0.0674711960562
21.0978070148
20.536276812
19.7403110005
26.5444799187
0.102293901217
54.1227083819
19.1966302408
12.511516846
13.4078112754
56.8726191082
0.255494472158
20.3991844622
0.193171674163
49.9550498783
20.7975111161
32.7709583915
15.5491667196
0.0705225562637
0.116353960152
0.126470999205
26.1418251556
0.0995784033403
15.3766858173
11.4902979353
0.0460291839399
0.0439351684246
13.3899963909
0.0513797557322
0.0340579563119
0.0287124400649
26.6124356252
13.1506196849
0.0502553323244
12.5263670457
0.141251939865
0.0751206432419
12.9673760534
11.3301532756
0.095693916131
12.7574604721
18.369697769
18.0979859076
0.0611568230505
18.9255889427
34.1567183226
0.089242058498
28.533121642
0.0192676446298
0.0175419270738
12.7770461928
10.7653392934
60.0057045998
95.4584228589
17.4517254344
21.5038960194
39.0488124789
41.5041434984
17.1390639168
19.9930826546
17.9065298911
18.347687437
0.0633236912852
17.2076464469
24.8610851453
39.8379010458
36.7320686963
24.7229329571
25.0249067568
36.7821336634
37.9355790309
37.601474178
11.5886401167
41.2746773977
18.5859441516
14.187136769
14.2832492055
16.9460270234
0.0824310279396
27.9694551045
54.0563721994
28.1371457293
0.141591716657
13.1411196541
15.9619823544
0.196947024558
13.8760645473
19.0589752762
13.2351805279
69.7011381726
49.012283987
35.6480560938
0.169979798362
0.170396505162
37.552933094
0.105845430571
0.125845552256
0.136867279999
20.7302798941
22.6379061246
21.0087256388
18.6709817581
20.2505333019
15.2845536535
0.090717008126
16.7482254386
0.0906524601466
14.6148731725
16.1368832329
14.5009680872
0.0539008684512
0.0564396369955
0.0869547932643
48.2026913978
30.7649605841
42.3554565387
41.3510217138
38.0405037869
30.0098225771
0.134029658253
13.3234679503
20.6608492758
21.7620372061
19.4443274205
55.555388805
28.4637249024
0.452828570715
92.6331366452
0.226514412615
50.6014156516
12.9006648176
43.8122515736
25.1879656174
51.5320013367
48.658684598
18.6846021754
14.68329623
13.7031183877
20.3012767381
0.21537596712
0.274506863266
26.0902924168
28.9634845414
0.400574014072
27.3675344349
23.9860021302
22.854779511
23.0330236855
24.480214165
37.482348779
0.123889450467
0.123354066957
0.102382099048
0.109661217017
20.8775843462
18.9083978966
17.7729193901
17.086505527
17.0592218884
17.0865305275
14.4276080652
0.0627651807543
0.454763367632
70.8533643862
11.6637279773
57.3128001219
93.832821159
58.4131088806
31.3376354078
24.9626595795
28.3218739683
0.158158309645
0.0325296514248
15.8450894665
10.8791112879
13.450081091
0.0211185154525
12.616221009
0.0471327254663
17.3540362695
0.0452254963443
11.7474402518
32.2626929155
11.3865232012
11.7229369757
27.0129357204
20.9090757729
49.7229434062
0.11189393773
43.9804315288
45.7287326348
0.0479196538552
52.9347505746
42.5989819807
36.3844331886
19.3128607295
12.6693025785
0.148677619651
0.0215500345825
16.9646098617
0.0350223211539
0.0199331956205
34.2083813955
0.0243456792048
14.9283288197
17.0610824054
18.0496061073
30.7281541411
56.5923873428
0.137384971896
0.113822829569
0.0688272052224
0.0625162755977
0.0616947632301
0.0247028444375
0.0932654101795
0.0721896390555
0.0532282186765
0.0448811129644
0.138337979612
0.142914061851
14.8612332012
11.6457656704
0.0373882215472
13.2015878112
14.1695018047
14.1106894951
13.9663026052
0.0618503667502
14.754453561
14.6737855054
0.104183454371
0.135440879275
0.158420831962
0.071813290556
14.5975446268
14.4814604265
0.0817385192792
0.161121777549
26.125924893
111.383909517
84.7663528405
50.8311821159
11.18944342
49.1762472568
48.6649447991
46.9899368461
48.8117049738
47.0911948824
13.1217610045
0.0433461003625
12.9711265739
14.4189457571
14.3530161085
0.0154742349804
127.563373572
58.7808979704
10.805707729
33.3773151027
10.744482757
0.0325205297029
11.362144399
11.0747711578
10.8325653356
13.7412844943
0.0305853360325
0.0291428920577
11.5587851282
0.058222392208
86.5414267987
0.0662746872293
0.0377804904812
0.0245964125987
10.7973760591
14.09232985
14.3828842037
17.6227854243
14.6791817918
0.0131745377101
0.0129714420543
22.9026427877
0.0182685606692
1419.00032435
1015.08988552
55.3666073694
39.0953667057
27.9024189378
12.8871168673
113.633471351
67.7281177122
121.276044156
12.4015744365
0.0893660974678
0.0932598198098
11.0182613783
11.6439902468
12.9396272208
11.4836721908
0.167362925475
24.8442583534
48.2805058631
23.5561591717
12.9182301687
0.0819911021104
31.0369108069
27.0615942456
55.4442316621
0.0147588448856
0.0176328597743
0.0291257686196
38.7657158303
15.1311882366
0.0192372609316
10.8078108442
21.4975998466
42.4555707843
13.6766377376
33.6662035802
14.3846945878
0.00503944823831
74.7052616353
13.8779539091
26.6825354186
45.6449839561
0.0104755760831
0.0264927272891
0.0
0.00419884832399
15.9808571022
94.8962155753
50.8127814779
76.9964695642
67.4606317711
0.0155053495178
0.0135820368267
12.3760252507
11.6182690317
0.0245897207746
19.8965994774
27.3882373469
16.3672508197
16.3191316977
0.0234795913038
15.2152668973
0.0222848150361
17.8673084853
26.5896684381
0.0265479687246
30.9711777499
0.0187642773023
0.0171927637394
0.0340108487663
13.0593186215
0.0315399508186
135.123682675
136.464204049
59.5122106964
0.0151850426368
22.9614317228
10.8183979266
0.0
123.930813785
187.45407821
76.1588048181
20.6175525129
19.0011795352
18.1101851895
17.8795896664
87.4095743438
97.9984106689
0.0883656616038
14.0637548462
12.4580392982
14.2644571226
17.1910803349
13.356408416
0.12375984753
0.129288843835
18.5686881513
0.10058426921
0.0866568093265
0.0770204691542
55.63771059
58.8108218175
0.0081787731789
36.9160220691
17.024136948
0.0287790520774
0.027765641854
0.0234899796715
19.1593382096
20.5959312347
19.7575753001
0.0165586005251
14.361242335
53.6254488314
73.7126606331
23.9037526162
48.2816152138
52.3264960024
11.7832913697
48.2244113832
11.365130439
14.7239652655
0.00323576829753
16.7061755715
14.4875198308
44.0096570504
0.0215436075682
0.0240444556543
50.8493994013
70.0841054286
19.4463275441
53.8580723618
10.7183223828
21.4287165085
17.5781559888
16.5048297544
14.0574359419
11.8656260361
0.0275313221149
46.8483721927
30.7420552094
12.8832706715
33.3227557981
0.0275367000831
0.0275065343881
0.013820422024
11.9663079382
0.0382907456791
41.9073369018
12.0411592877
34.849585703
48.7899301831
18.9604533989
39.7484320747
16.9247362349
15.0616494827
70.2294938545
49.6852500904
31.1542042401
31.6752820266
0.0104325095525
21.986549541
68.5159000282
49.5013093779
38.527045112
78.0301401685
14.2327422668
0.172393571152
15.0067504949
0.327192142971
13.9836321327
14.6827584165
17.6595918024
15.9132564376
27.7713399194
11.481869711
29.2048930241
38.7394119869
41.1881004041
0.0109020334146
12.0450713168
25.3586266239
17.3806295712
56.1636340757
0.0238166953525
73.5833851644
0.0152387251014
47.1356555057
0.01196961291
30.1123566524
24.9593963095
35.9028999778
43.1376709358
60.4850557685
0.00537521035486
75.9912222901
80.717024719
16.1982635762
48.496388093
12.2719219748
18.2501748937
18.4403543088
19.4168823994
0.0171393177162
146.781218314
152.4093666
0.0203884505011
13.8713338628
26.5385090059
48.2178501591
0.0299896000323
12.3496220557
44.2693774413
27.6866441457
18.6626090728
50.9047937553
24.2988842642
0.024128192735
28.3694909603
118.099541116
14.5049397581
50.7511433367
35.3976435727
11.3893949916
0.0233178654464
0.0242219222794
0.0397391491242
0.0355083934631
59.0989626422
0.0413751500478
0.0254539130419
37.0863834916
11.7733832865
130.091684089
0.0104614305493
25.5649454097
19.4802316844
21.1413961319
0.037587815554
0.0335396580704
0.0318214564854
0.0518539846199
11.6018687372
0.10380005549
39.7366793336
26.7712323971
0.192702102531
0.144963217747
13.608267499
12.6223603469
0.132754442019
53.2662630805
12.2449058492
0.088472224667
0.0824615767405
0.0639384574312
0.0138935858582
0.0225150858902
46.5040035618
44.597170674
11.8414337202
11.004824328
32.9629925685
15.0830169602
13.272554956
12.9510310841
16.6417040978
30.4101052182
64.5053389295
39.4553288489
11.3381266054
14.1054189529
38.6031976602
0.0138762393749
0.003565791796
139.984035802
0.00471073021998
12.497945774
45.9324849987
0.0143171316686
52.9227581021
14.3190859377
16.6552223189
15.2493258315
35.1952492692
0.0139143651808
30.5156363825
53.7084468358
43.4965410285
46.7994323798
43.0062861737
25.0074990246
11.4481116771
0.013001912602
29.8466056176
0.0359120841139
39.3471849006
38.8983729541
15.51693548
14.2079905446
11.628687187
0.0905660947235
40.3164999747
16.3768739616
108.487258836
30.8357577431
12.9249146
30.0094716639
58.3752022144
0.0040110124758
32.2502425394
15.3980464602
0.0140856236503
0.00536986725095
44.2221148962
30.4248229038
0.0108356401335
0.0249056214213
0.0493507439413
14.9538307139
36.4018330608
0.126076252873
13.1632957922
19.4806112974
14.9037026741
30.722723957
28.3116807718
26.2255660176
25.7331884301
26.2446277886
26.1367330728
0.0659105090368
0.0507539558565
14.4415137391
0.0148807906364
74.3610859899
11.3846193994
70.6954585751
22.7993463675
0.014422290317
0.026467442559
65.9965545919
57.0329087887
0.0109402510496
42.6725037705
119.394432986
0.0124446141629
0.0129160048191
0.00700602607901
30.1036696456
0.0111103040809
0.0303204147972
62.7026163822
0.0
40.2812053738
0.0053930981114
14.4387094239
0.00949503539956
29.3781084997
0.00506380152741
16.9987095061
11.0604766813
61.6882607754
25.4544512623
0.0142014850068
12.0640656767
13.2276964339
0.0290406309521
11.1514311019
0.0124835524805
13.8836835144
12.2492743413
57.8783416011
11.3351036444
17.2081861383
36.1992999215
120.742993826
0.0217706141583
53.0039978584
51.4105907764
15.6532089627
11.3997049664
18.0677616326
59.8621215234
85.5168905026
55.0607566156
12.8426498237
62.9588327879
50.4058393052
0.0166371622209
49.5564375844
13.318413424
0.0174450857001
53.2796639011
14.3196169243
0.0516582973014
0.0680132607505
0.0773031132016
55.3701669258
0.172608959164
0.217340604252
35.7228683872
27.1026819533
37.9387421976
38.7579819463
40.126100538
40.1504827869
0.0805752316611
0.0689701309003
0.0166835128386
0.0152143526803
0.010366408309
51.1527698656
80.9722804671
0.0189446442569
0.0187543970679
0.0169170220889
19.0035656885
17.5511940059
0.00812433660707
12.6117292327
53.1653545806
69.0520580263
71.4286967517
75.0522169241
68.9583848543
0.0
44.5814589921
43.5882653286
121.95244252
149.264686863
0.00426747752115
53.2917821946
69.7159677846
59.7571824922
15.3761101601
0.0042333684927
29.5127428669
12.2368896788
62.3596430547
42.2387427331
91.4935467938
126.41103595
20.4221993168
67.2853682708
11.007332595
41.7880702601
54.5812010391
42.9458654421
28.9283555157
12.0527960188
63.5789350724
26.9202127517
28.0645443801
0.0772846955299
26.6821059416
23.2204169956
0.049266778919
17.4236236156
46.449687809
18.6457936015
56.0308509334
11.6799090015
31.2138956887
0.00949253232467
17.5077500045
21.3565595819
23.4899508062
42.5302135632
41.738344211
116.858186934
0.0295082614805
21.1818003721
0.0682580303804
0.0834623528571
11.5977711805
0.169417059907
39.8701292477
31.1164359383
16.2059592535
24.3449736203
0.0966624812345
13.0739548703
11.7571956965
13.6362764235
0.0552126005479
0.0450325850125
12.85297629
16.2490231935
12.751593686
14.7084060262
17.0967700214
15.6647492612
24.3915604273
68.5833561594
14.8876840059
13.9272268487
0.00712227822061
0.0131415594463
45.8818190292
14.2768388776
0.0106948897374
14.6599202112
10.9202316461
0.00332293091624
11.1427182314
76.3899283066
0.00519787089619
0.00820872191863
130.196747226
0.0234725399619
12.129023208
12.1732770743
14.9617130799
26.3326165216
25.1590030808
14.283027505
101.919422596
18.6189531911
31.9306481272
42.0131270579
0.0181231333043
38.9268503119
52.0615158601
44.3246461352
28.0569209742
15.002242635
47.3136433251
12.1305148978
31.6696168603
12.3732247136
22.815350425
0.0297198074672
0.0198162460001
0.0215557743266
0.0200698307444
19.8836634811
0.0227146975669
0.0126328615767
0.0121257219342
0.00394478884593
62.6862878109
0.00399699622618
12.1168372701
0.0154714309625
14.5513598973
15.3995266529
16.5435134645
16.5745972848
0.050495955214
0.0673014798586
0.0851348375964
0.0911804645532
14.4517442106
14.8370277953
0.243319066258
13.8260140588
11.9606682859
11.8116831395
0.129402524863
0.103719637373
13.0826778444
11.5218497281
0.073643647154
0.0415377657627
0.0138392623189
0.0260403539452
0.0256854456188
0.0288115928647
0.0288903784472
0.0269320857883
12.2446891151
0.0178836557182
0.0228463996526
0.022659100706
0.0219853528659
13.7464710157
0.0362201411433
10.8475100032
52.1469276384
48.6313273216
26.5318101034
82.3469482002
27.6061334502
0.0320853266536
59.2866683379
37.4925999815
17.2552587728
16.7802108008
16.6148477972
14.6287406883
0.0748630834678
0.0545691387546
0.0308709797808
0.0247595983826
71.7348336292
81.9596266363
12.0932632391
19.224159978
0.0219434688051
45.7810627637
0.00819130099966
0.00328770252906
0.018179453971
12.2093923213
48.0784265632
16.5132912707
51.6385632448
115.429373771
0.00878738943407
39.9564955005
77.4706175542
0.0252073751726
20.1004590933
12.6990508828
130.627671501
0.0672388590599
0.0757513292209
15.861581829
25.4433770837
15.7126684976
16.1325574093
18.3481781059
0.278974504267
86.3056653816
54.4690858145
145.06762754
0.178927934726
75.1017638248
32.1540107586
47.2732940362
17.3494160991
0.0874638195311
0.0717706447241
0.0680103660421
0.0456230382208
0.0409329848866
127.421783863
42.6618568813
78.7175171569
36.2790832693
12.7307156312
0.0759404576032
11.8643713035
16.4141268174
61.2826520109
60.941190953
29.3598252971
13.3857780987
18.1634391542
0.158917541146
37.2379350248
0.24332512292
0.330469629542
21.1183415882
39.9293838776
59.2601700755
11.5470100137
0.0992459861834
122.74597237
31.0238386564
0.0556002626699
12.6624102944
37.0134950271
24.1175050635
0.0660289308896
14.672676161
15.6801265345
0.0624794290918
94.3942009015
41.1677432495
0.0723280964244
0.0701023685897
37.3988381369
120.049052657
14.6483671035
79.1512026306
11.5901295749
16.980258034
0.04294236198
15.907089818
30.8905563122
26.1274651377
56.3062013784
0.0396414008781
10.9437401224
12.6404706565
49.9618749381
86.3277665403
56.1894632234
13.3485993053
15.7338395702
0.146454940815
131.334275223
52.2388161578
130.735505215
13.1697129153
69.0701125167
49.9629651912
38.0901978326
17.7105929751
0.0975259482097
0.101475663682
10.9125600921
173.54655369
73.19052989
69.2858539089
34.7770145433
53.5476907232
30.0552999102
0.0400888276111
35.3956962419
41.5169792635
54.4968560222
0.0233466783768
115.062946421
0.011328093005
0.0153682464336
0.0233218074824
0.0247628037622
19.6940522378
0.0418428854331
0.0472430594024
0.0424111870561
0.0381111762167
0.0334952890863
12.800374863
15.0246558986
0.029400721884
0.0221972875022
0.0216030542671
0.0240321145791
0.00525625552329
38.6670680817
0.0145857021875
0.0139054402533
0.0177238396784
13.7056238484
10.9449017317
14.3402039776
0.0308249158062
17.5716539704
19.1643590431
0.0461702570348
16.3779984268
0.0869546611164
0.11431623302
138.81703299
156.275693838
124.369182356
0.0192831276262
18.9165345553
12.0880041654
157.817788249
14.9175881595
107.292699173
11.4564710914
0.0154377872262
14.6963871538
11.8099640522
147.523928188
39.5937488408
50.5646905697
21.6008694126
16.1584645626
13.5261225231
18.8121574266
0.0806767601086
10.9040758635
0.0853675963728
42.2626002662
37.8000375944
0.0530010160295
76.4428264999
130.642922164
0.147638663724
54.3806251056
0.214727516688
69.0780954909
46.2761409312
80.7468401416
49.1252974761
73.2624666897
44.1186444109
60.5410706122
0.0758352869012
225.313894385
145.866542074
57.8406998821
70.0567986624
24.8472902103
17.6565630238
26.4463441315
25.2833643293
23.2945687018
40.8659002452
13.9026469405
36.7899474938
135.506169668
0.0065666893312
0.00897403781021
0.0131502304044
0.0194440800335
74.3798944321
133.261914473
60.8660695833
0.0401702291867
155.575911059
210.50981654
193.483920179
230.312848756
0.0520753707223
49.7312334536
31.3026084798
77.143815007
61.3727028241
53.9725061323
0.0653865584222
262.744312161
153.723893151
57.2868339629
12.8306646548
66.5822230442
0.0685763988418
0.0659342400722
30.7958072249
37.0911528046
121.159125532
64.8369102779
58.0889501309
45.4536447755
95.4539380097
18.7715256984
35.7657159558
0.0511572754217
0.0404212152629
111.854130912
0.0318792071257
50.0880859222
75.3164034168
24.0004633281
254.111294862
13.8778463394
132.151876876
0.0354163103787
40.6389732147
31.5054891878
134.716962426
0.0478643173982
67.83414962
56.9171329461
90.4862501158
11.0896835576
34.7968726065
37.2642295569
11.2302631557
11.9067981042
54.5415443666
0.0504395077493
10.9164081925
11.9439255785
0.141375820507
11.1627104543
13.5281692702
0.165562115761
0.153980665695
16.1391693348
41.5279237374
18.7885036218
35.8684922291
19.1975905764
15.9596298947
62.2709124937
34.5436274161
0.0677499074581
12.5066081364
16.4726436783
44.8518902059
15.5043925692
12.7520128618
16.6491024571
0.105305576448
62.4078817319
17.2622079811
14.0276363816
13.1001033971
0.0435343253867
0.0398716920034
26.6169618317
21.4621418906
21.1623327236
0.0577986619992
17.8438727049
36.3142136601
13.7958887504
17.6847407279
19.1407543186
18.4660575528
15.5731963444
0.0669239049399
15.3997045097
0.0263874562951
0.0434254624486
38.9329344373
162.025747
383.668389192
34.5473883387
113.336389307
36.7373966264
0.0489424187736
12.9082079277
67.0579825472
0.0356071292988
0.0282937047998
0.0470361889337
25.2127710705
112.874868589
40.5483291294
45.0924808051
45.5891845855
0.0613171861595
52.4523010334
13.4513521797
0.0648187137867
11.8240610452
111.715516582
0.0792548730452
44.157547934
11.1865431881
12.1132235659
17.8575241615
0.0592329575732
27.1877117146
29.4874547034
0.104330993804
136.701950317
57.0662147162
31.6518598598
18.1454511022
14.7341617762
0.250488208497
10.9147195346
11.1584891658
0.231783275961
98.2667726297
1221.12925491
861.758531416
61.5457823408
54.8732745482
0.0369760755853
12.7056757004
12.7580353038
11.3228700994
0.0593440837609
103.688838939
22.9051510719
0.0480281652181
0.0471394650479
0.0581733141399
0.060495468873
0.0802487955426
0.0747242030003
22.4605350812
18.5148370302
14.8187876523
0.164488768351
0.0832744982173
49.0930187382
0.0442700614657
36.2346392036
0.0336213150947
33.2363966433
15.1547559043
36.221892374
75.8748904801
69.7725562404
15.2728440306
11.0583099666
0.0901735640651
49.8517325437
59.0293286524
46.0338459394
21.039541864
47.998321471
0.096866719638
31.9071781392
56.8675087933
21.1549292918
37.3018962249
53.8567001909
0.0320123625141
63.6410968369
152.725514025
11.4418110611
0.0536753181374
0.0652332103166
0.0419837239398
9.53746194154
11.849105738
23.2537835227
10.4713176741
0.0442880646233
0.0454762878717
16.7780645958
15.1807093005
0.0621794392624
0.0580397074977
0.055267671723
18.2258688672
11.1808467217
41.1691017019
47.2393130531
34.848939967
48.3491794307
11.6397162408
12.1018322201
14.4068759276
72.8443143513
0.0438890448122
12.7259265071
136.993698944
53.2614167151
9.68929612488
0.0435616272597
0.0592014105847
73.1076593384
9.79347935498
125.280439032
16.6878760476
0.0450564564039
77.5968758531
87.884529747
53.2278356585
0.0640627947068
16.570917818
0.0869270048412
9.50934241987
12.7047476514
14.9500380363
15.6212594492
0.150718795614
80.4380811171
9.22093739691
46.7066884943
13.7594860638
117.430371075
264.227180331
29.3291908849
0.0741858712149
48.3008542688
93.1592533513
0.0781267337583
31.878240519
0.0820675394891
11.2260267622
145.515167819
115.478079271
15.9810553494
46.6093472312
0.189128865103
35.9948356624
23.9166445065
0.218633766809
32.441005929
137.440502851
29.1467175663
18.234268113
38.7585977571
0.144986197013
14.0561286304
57.3260343986
60.078743195
11.7541446728
0.14512395975
0.142491645265
0.0955788772506
31.7192397625
68.4174095104
60.825826456
96.4838249568
132.412655829
98.6686039474
61.3664033194
80.1144886647
0.0576655379097
0.0458563451234
11.1361628063
34.3076439232
65.6098857548
32.0356370212
0.00538990695245
62.3087541309
50.0612286738
25.7129965864
10.9887741727
0.0
0.0
0.0
0.0
0.0
9.23150264397
51.5779250841
111.50420843
146.916606354
0.0
20.1935101238
37.2071595785
39.6684119818
19.8634800574
147.444519744
0.016322212219
0.0145836270975
0.0293482222349
30.2951342801
76.1887946895
88.1841855733
60.0413772793
16.4009706965
13.3532972025
0.0811318026352
0.0512115222041
0.0264071051173
13.065806706
37.5260427412
33.7478226169
9.58956970253
0.0281231033732
14.3746416708
46.958299449
0.106450997871
11.3754031944
0.0453927936929
76.8551613978
118.024048344
47.1340087307
77.3432308067
155.451746018
54.0204866245
65.3436697824
57.4828477293
50.4172784972
38.8774913279
36.1800018388
143.441966159
17.7303065729
0.0462193010565
0.0955642870233
35.7062069599
24.3163487496
0.0727174706609
15.2936275746
34.5013272387
10.5113692184
12.4693587327
0.114169272604
0.121772553927
75.2983237808
14.7085115403
0.164910145242
9.71401296898
86.9627330414
97.8775077105
55.6457820077
73.101185523
1105.57771892
790.912866122
95.7103520811
42.6585615253
115.926937431
0.0303366875266
0.0166327647789
123.550549881
97.0345408294
100.853515949
74.9188008519
75.9652529914
91.2979065219
68.9489247983
55.0992473724
0.0729539652051
0.0588740030263
0.0629795696104
0.0987918880121
0.0734159486998
14.3020090538
0.0210442993345
24.3638840349
52.0758721948
0.0260160555143
0.0259035261809
0.0287205751274
10.2881861841
12.2556767192
18.2167626934
35.3843161143
143.088029337
33.8972007706
116.955423844
99.5523370522
12.6715045138
0.0472123989609
29.0114189901
40.6470998316
44.4877680551
0.0531821474811
70.4563073749
23.1766077596
88.1566032726
24.4368260923
42.2038726979
29.2436730865
0.0539345111144
0.185346931331
0.100175594998
58.7910895795
10.2935520956
10.4678638769
0.0751734333749
118.000075287
91.9819425561
89.293396495
0.0351498302417
135.501418054
43.6712416701
24.4131941041
21.4849680293
13.8132730527
13.2266421292
0.0419554615904
11.739408146
12.339879386
0.0339539124708
63.2963218848
0.0285945649084
10.8754231554
0.0271665575467
37.4681335651
13.2153801052
0.0111076810014
132.359581324
245.900938044
0.00657623276193
9.5265918039
0.00914501056314
10.1997530183
9.49253379446
26.7323455711
11.1725463716
85.4039514581
63.6343881205
123.768655388
17.3935117393
12.9695948148
87.8844717915
12.4904889391
12.7816363227
10.57105269
12.9306397946
0.111566934417
14.9206346795
10.6641219768
0.135587795477
0.12907687778
44.3353925207
30.7072058467
61.2585567996
24.1944340124
140.286254163
77.4545319069
46.9879343932
26.6729717556
19.2136122795
59.5952921127
55.9341239127
37.9546496032
43.8485015178
22.1807752309
13.8801366556
27.9594656127
75.8585141115
44.9649587513
42.0614264332
35.3116569546
14.1477480208
0.198840263769
0.206687808875
14.6161197174
0.175707981726
0.0841366389053
11.8911122815
9.37916715529
0.124272105766
10.4664396441
289.908251908
0.537710420224
77.140194827
140.091938158
10.8697014171
0.0198796857696
222.197853924
71.1829704514
40.3927050894
38.2176252347
9.84825757773
0.077899907693
33.2856080299
31.2250206547
77.1458295783
0.144174101466
47.7523285428
61.5627573538
0.207579525448
0.249080451264
62.3289959955
31.4322310752
35.3459805327
0.141254294148
0.148598740137
29.3595320885
17.9454375747
0.134046632961
14.2512446104
9.3147311864
47.4950786899
0.136524296843
61.051562575
31.4530857093
0.100213167766
0.0731098704183
0.0692699276295
0.0989081072372
0.0876761163432
10.9327458331
0.0652661376683
0.071355196984
67.7177930146
34.4153166138
0.122093538063
65.2096858179
14.3481244206
73.2098065513
26.0275009818
0.0668767403805
10.3222912293
54.4979970603
47.7804954353
41.1441918471
0.149807148152
99.8499869924
66.0006910221
57.4921234546
14.2011082715
50.1097527871
11.5062191763
0.0264925018111
34.416385021
0.0457794410817
0.037998613386
0.0559540315729
37.1520395294
236.286961345
0.0919257427344
10.0005035605
0.0816540655253
10.087514633
30.9015568724
13.2991488329
13.4578599015
0.0906745480627
0.108994103233
177.493882099
125.697497214
109.432888683
109.75523578
136.859520984
22.639132323
34.1647004804
140.193684693
0.0884469784404
258.379655905
216.460684853
143.588655106
36.5771519864
33.9010579805
0.115626409924
25.4720966051
10.7937580332
21.6026277591
11.0137419636
10.2834802502
109.411632087
154.031171916
189.101510992
72.684477683
93.7397150589
121.969246216
10.951003777
24.9361571265
17.803371699
27.6023804318
18.7932194726
20.7496066039
16.521426247
0.0978579067267
0.0992346644548
13.0738005838
0.107238352858
12.5888648498
10.2114657171
0.164250019498
9.74984063935
0.259274233532
85.3181464687
29.7350725416
94.1621164951
12.1754362968
23.5024143299
0.237914505403
11.4806136731
0.213198698511
12.558786853
75.7797324882
69.4202838624
25.1326592684
13.942787057
15.8266242032
78.2239473458
0.0852034660935
9.57640606917
10.4236887519
73.923672415
21.3302735446
0.103091431375
47.6221058991
0.0735250128752
10.885495239
14.0104643125
10.855466326
55.5931751217
0.0226806666005
30.3064678144
38.0879595268
29.8334899799
85.6045839532
132.720391878
50.1278652566
143.436124065
87.527514561
70.6184658882
0.122396147247
68.9308381535
14.3605939802
0.0848431957964
31.6062242101
10.1224087112
0.11190290727
9.23008047392
13.8061903667
12.1007503895
92.3066808188
0.175647752594
194.990241068
166.882321622
119.54820569
76.4343672876
110.677049828
0.316173825258
0.230905944568
114.064716098
113.000779429
71.9497041791
142.417868551
131.667695178
0.136691849523
18.6070383017
14.3217460286
0.123217648735
50.5639612385
39.3870964439
145.378999004
20.5933041371
9.93043677482
17.8731246407
13.9394512527
92.7438557299
104.540218377
93.4204722003
80.9793140899
9.66677261749
15.1315798378
35.1114300449
179.570144433
130.207276042
0.0840628700594
48.5669827552
0.0293718603268
21.9331231015
91.4834413276
27.1911711331
45.883903419
0.0129896675184
14.7040372651
56.4856666493
15.3364543704
10.4561284891
14.1666054996
0.0856432346512
26.5068742668
9.93547793677
0.0492545451327
0.062068298242
11.4313960039
36.2464224556
27.4215898004
0.0980521471769
0.06006649112
0.110708076655
10.0685278294
9.36715914834
27.2493587397
14.2753942288
9.7560845129
17.4062722846
18.6928666418
18.5472577427
9.81710737872
38.1142018662
20.4396630928
15.2053650745
20.4509701208
0.0366621612771
63.3901509275
98.5763765078
0.0599085963436
22.7214633723
33.8574426952
121.462876644
74.52849358
109.159133828
0.0744121652835
67.5410980501
0.144845149539
86.1187197559
0.153930047085
0.13851078118
32.1241471598
0.253045215097
23.2450193718
54.3721513238
52.0037062854
13.7918725854
14.274765371
13.716043396
12.9556691384
0.0639942621915
0.0644890734295
23.059593546
0.136403493468
0.0906900621039
0.269635839895
54.107278954
0.102906034385
52.3919470569
0.0958592799263
12.175552388
10.4527959415
0.178471391549
0.163855028582
0.184918830099
48.4046687707
12.309883447
0.126735501004
15.9701242713
0.101021961009
11.5402308053
0.0378337338804
9.32051997458
10.9201940796
13.4319515316
19.5792810574
12.7610981857
0.0547345980459
9.39918106529
0.0687809845559
12.9641660256
0.0751781897565
24.3108620012
10.8299201473
0.104968680173
15.4033353855
17.1048893431
0.15827523523
13.3085556436
0.116736836648
45.8744957862
42.3945920538
35.5971687182
14.9494246647
34.7007825317
51.3935660733
50.240404351
54.5703652113
92.8059442087
128.976649453
38.5926950255
0.139376477321
0.483392086982
30.7368240891
21.5203796529
27.065066269
43.2951604774
70.5345880858
45.8862400799
75.3103104323
59.055925915
16.0652913387
20.6534817378
33.6039192677
18.4595380319
36.2817904763
28.8348469553
0.132177927264
10.8192942004
0.116527473373
26.4191171344
26.7947958157
37.7280699942
38.8558750252
13.1987666711
15.4306286218
16.074032993
17.3512573494
0.0554831134501
0.0630249446192
25.032167818
24.3456783766
22.8280079518
112.9988684
45.9820686646
61.9517614577
9.61154524165
0.182582753747
0.0785754119878
0.0914097723914
0.0858666009855
0.0537792961428
0.0631539647339
81.1449162711
9.31078263651
0.0756352492193
15.5555120576
10.5356431476
0.0776265983793
18.9887937843
11.862788729
15.6878082045
0.0383612116817
14.4082946793
0.0487749997186
0.0868187144965
0.0827103410402
13.4877825417
0.0476752325836
9.61687041349
33.6112588977
0.0502260536029
14.1475576587
0.0386534391344
21.9533546015
11.2289215791
11.1824140793
11.1909416294
0.0669877285132
0.0907912863231
0.0770386389954
0.0492698554361
28.7570888239
0.0854770526397
10.2412334691
0.0852115883304
67.0264845296
9.48548451847
12.0294495329
14.8283309017
14.5451679792
0.0526142370232
14.0319375408
19.9810701805
20.1171507765
50.2123722299
60.0844166285
60.3379563208
0.0722826908217
22.835624891
17.9790093771
0.0789172348351
9.79032554701
0.0870835070569
0.0811089139756
39.2439027961
36.6891409492
39.235075011
0.0920162967415
0.101434616589
0.0834719806632
32.3778720883
70.088768648
13.6567243108
0.0959017888242
14.9422199748
10.2047447063
0.203078761879
30.8025684591
97.9727892659
0.105451709217
0.10959557691
0.148758491083
11.7590053411
12.4010553819
13.5877555143
33.7728111761
40.4804554837
45.3367158275
0.0623724882672
46.1130549609
0.102629696228
0.202526250081
0.197654989272
12.3493030074
0.169956435431
19.3100019528
14.9185517107
19.7737182581
32.8501823593
29.6857466691
17.0019543176
18.8124266492
0.155093833383
23.1631108383
18.7907665254
33.4006693509
41.7380504476
40.7983191091
18.2198853357
30.3658598549
0.0451051002434
53.5147011478
0.0645643110744
0.0480447316435
46.7506744089
42.8679902122
30.6310042101
0.044464748206
28.818423088
34.3906626724
24.6305602782
46.6933387779
68.4891755322
59.9591713378
20.3972336395
0.0447027811981
10.2031540538
30.31817295
33.7939009822
45.5596790792
44.6038928034
47.4278994165
50.1899925573
51.311534108
50.8390643418
40.0600283757
39.1680216822
12.976023001
0.206763761333
0.229474369217
0.231915490168
0.228246606332
0.191851476486
36.9473709579
0.196338588999
27.2185583822
41.6334906521
0.174265449858
0.189757329375
14.1869156426
13.7885607872
0.128464247137
0.112325539586
31.1467873662
20.3601459297
19.8218271913
19.9054113051
19.3764018387
15.1733720446
0.0423554573596
58.6589486796
11.5302575306
12.2110690592
114.246815495
0.0966709655202
65.0680602577
106.473048803
29.902239959
48.1374922434
154.890397932
10.868028366
10.4139054393
19.8044663729
9.34106577118
35.3949884704
17.0580376567
39.1741619219
23.4919198069
17.5689687218
12.3044836316
12.3256405514
14.2831941562
27.7285160249
31.5462870723
37.2317356793
0.0701048078948
11.1472768068
9.53826269876
11.938234942
12.3586281888
10.34649902
46.0842242724
41.8063817876
30.5507143692
14.0693047901
14.9596192393
0.0138044037763
0.0270294293875
9.80985702417
11.6486876926
59.1321571462
10.2326165804
18.202573679
0.0322347587126
22.9484702795
0.0709171801889
16.9201820375
10.6437282218
15.2589213804
0.0453146044529
0.119507217733
0.141048401121
0.0399503029492
0.0900140476818
20.4761105072
13.8421473768
14.6465147431
14.1993866048
0.112107505973
0.112111726961
0.0758073397964
13.7995460439
15.8059892036
16.8597629933
0.109115724772
0.117906181319
0.0949186680769
0.132625001587
0.128564465911
11.9559868542
0.0677556915585
0.0723205235806
0.0620613116009
17.7484746964
15.76207696
0.0635806454089
0.0534464694239
0.0411188509732
0.0466125622134
0.0732099133525
0.0840935664417
0.0863684783201
57.9284075058
54.9747881548
54.3193081714
58.1728535686
51.7217708848
24.9248647464
9.2741149833
12.2827634923
0.033890971308
0.037086353665
0.0249528853339
0.0475297688032
0.0485767542873
0.0485498471338
0.0477329880617
0.0468182665636
0.0460024492886
0.045194766749
0.0440647426173
0.0427126167681
0.0411590522796
0.0392319517336
0.0369500608423
0.0344489409891
0.0318252293266
13.3731366923
0.0264626622102
0.0114564207925
0.0105520627699
13.1143488495
29.6577038596
33.8826364936
34.1054627829
29.5510732662
0.0
0.0
9.35199247276
0.0
0.0
15.5198879435
15.8517686601
0.0
0.0
0.0
0.0
0.00116321870174
0.00110946201479
0.0
0.0
0.0
0.0
0.0
0.0
0.00192075477087
15.8232089612
0.00158135165323
9.88392918524
9.20905547993
0.0
0.0
0.0
0.0
0.0
0.0
0.0
0.0
0.0
0.0
23.4212270935
11.1508039
9.67251867469
0.0
0.0
0.0
0.00115676010833
9.98735594695
0.0
0.0
10.3497524037
0.0
0.0
10.416353846
27.0246289205
0.0
12.9311884158
13.691023493
13.3875375866
0.0
0.0
0.0
13.4935370943
13.8486543081
0.0
0.0
0.0
0.0
0.0
0.0
0.0
0.0
0.0
0.0
0.0
0.0
0.0
0.0
0.0
0.0
10.0216807733
0.0
0.0
0.0
0.0
0.0
0.0
0.0
0.0
9.47293687789
9.86208378989
0.0
0.0
0.0
0.0
14.9091086217
16.5128469507
17.3681508582
0.0
11.2176548543
10.0538827008
0.0
0.0
0.0
0.0
12.6107625319
0.0
0.0
9.39746974386
0.0
0.0
0.0
10.7442993566
12.1678690323
9.76605655529
0.0
0.0
0.0
0.0
0.0
0.0
10.4771350316
0.0
15.2761609849
0.0
27.5686940024
31.1509443328
41.5006162377
11.0058655439
0.00339952855313
21.8945943567
47.6328649617
68.1791660161
10.1345442199
12.1998973481
52.3251227092
49.5059107121
0.00250330938559
19.1260173795
38.4248077142
32.873424451
10.7380058701
9.7092140314
12.8653001376
0.00650407240672
0.00485151599999
15.2513456129
26.7223537954
0.00231429907856
0.0
0.0
0.00161549426215
25.2218693326
12.7676653037
12.3522914516
10.5762717586
0.00522282098028
0.00533161428438
9.70396732418
75.6583110079
0.00499993883228
0.00386212145085
25.0944865564
14.8137546842
0.0
11.0816242478
14.4478649777
16.4506728422
15.7875101101
0.0
12.3706236145
0.0
0.0
0.0
59.3870073546
80.6300079482
44.4878598231
50.3501757206
56.5175923322
61.0643704347
51.8485370844
57.5291884404
32.1981660435
65.6643166132
57.009523441
51.0174664575
52.6462810121
51.6007452361
49.2468026062
50.2778527499
0.0
17.2469777953
14.5440927348
0.0
14.9812498338
0.00164562310595
0.00107290518806
63.3725728042
66.2932734076
68.2732992372
67.6912789137
52.7698994155
17.2280779451
13.1826658061
29.4317608188
27.2471533973
24.4520548734
0.0
23.6974431954
27.7363250458
0.00109316307583
0.00118717329405
0.00123481237746
0.00126963156834
25.2070556921
19.2189740599
12.5956337676
11.2896855829
16.5744793022
17.59355123
28.9141382077
11.5915082995
12.183204728
31.406392265
33.2762780418
35.4682632878
37.3974771611
12.9350975884
16.1291006089
0.0
0.0
0.0
0.0
0.0
35.3074377991
9.41768292287
13.9336290236
0.00412425851416
0.00495526440149
0.00440987891516
64.0372157608
120.355737905
131.602729679
63.6171386213
0.00484536716451
0.0044454986994
0.00278238627663
0.00223417339668
0.00435794552475
122.931364261
0.00721967421471
24.8911545971
16.4983949913
0.0
0.0
0.0
0.0
0.0
0.0
0.0
0.0
0.0
0.0
0.0
0.0
0.0
10.0619904603
0.0
0.0
10.3169430998
75.6508028213
56.1643477836
46.0769933645
36.5296573302
11.4217935329
9.81392048186
10.7679492161
0.00211984636631
52.9973073077
32.3334019478
0.0
0.0
0.0
0.0
21.1553572558
11.8808908338
17.8711689821
10.3671551264
11.5914607544
11.0452528214
11.1468334027
0.00555379827758
0.00303929308992
0.00263749858926
17.4788945704
0.00159776741416
0.00126514545452
0.00263317332778
0.00374087116894
0.0030211568919
0.0032494063734
16.1749814479
14.0961090577
0.00223246430532
0.00206972971716
10.6084623514
0.00376981440198
32.4801356278
19.2487338222
10.2451619086
12.1512708132
28.3554389967
30.3523649588
34.8864735436
35.3821715316
18.0064861797
15.3649209095
0.0
30.5796849333
33.3360248621
18.6436770837
0.00180681126795
0.00181751278662
0.00193623757159
0.00218855361203
11.2551159233
19.5729764008
0.00484361183725
22.7596276574
19.0858236268
0.00643435263964
38.6248113852
33.1878399722
18.9412897923
0.00611600893865
0.00553270450185
11.1165150872
9.81637707163
0.00544862436463
16.4857493199
18.79669015
32.91009855
0.00126793631979
46.7840382804
11.9627806299
9.62896736946
9.68028342779
0.0
0.00131915343122
46.9863718941
29.9171328973
9.34551920373
0.00147521522448
10.4467887788
11.3580581309
0.00169183848273
0.00309283530339
23.8125694122
28.5341391502
0.0028597263325
0.00259488660424
0.00155952374367
9.37268610587
24.7264313028
28.8940667336
0.0
0.0
3.38141996362
1.50032432171
5.63545473389
2.60562368799
1.13091013229
0.020016843065
2.90799357889
2.659821547
1.86567725066
2.12576548556
1.71050080861
2.27861068912
2.36331527228
4.88881168236
4.40532905011
2.30367253226
2.57156123852
2.85879427778
2.73920063269
3.29399617853
3.35488093978
4.86222475883
5.83996500429
6.485604651
11.6681967066
7.28068950486
6.43625905055
5.80815063363
5.22412220616
3.52512251988
2.15143354181
0.772060018938
2.16657517517
2.65385311106
5.02783048474
2.94235696351
3.43847859929
3.52996957196
2.50011089136
2.07910194747
1.33057432377
1.89431519414
1.20706023235
1.88351253034
1.1983573508
2.19423176042
2.2262912718
2.06039513325
1.50268902414
0.0267813122534
1.17129844866
2.09068294884
1.06057492878
0.0207355892067
0.985466808068
1.07529520181
0.966468279686
2.6988014806
0.779201718246
0.023388898085
0.0241116588647
0.619431054785
1.7419928434
0.756396190373
2.32231521194
2.80148710245
0.0113736986168
1.18560678691
2.33303223748
2.58508758215
0.0111468319374
2.37183133985
0.0127390682928
2.8846129448
3.06433134869
2.54338369902
2.16594681212
2.27449474772
1.65809001873
0.0118020234045
0.0107639325041
1.17979866992
2.70924404417
3.05313093083
0.748330617122
0.938139070725
1.15593177873
1.38843934841
1.04862994877
0.0186356618271
0.015447661909
0.00518923519305
0.00593642682256
0.758186364177
0.963197104338
0.0174654305756
0.023408648654
0.021136985178
2.97552128068
4.3138524358
4.90011548078
4.64523132756
4.2711763459
4.36744684323
3.84580971279
3.30388025378
2.38889143698
2.45751545487
2.47291991921
0.602825567922
1.97164622783
0.728747101606
2.30820089722
2.51333436834
1.17890947008
2.80101593316
0.00876719369704
0.661941429235
0.00834488551304
26.5012710891
7.71173584597
3.16081755783
0.0282565249807
0.0239866631019
0.0216421985716
0.0415247876342
2.07535804551
7.0535617887
28.251046245
0.0135850730669
0.61095840518
23.5126255713
17.3501279065
12.7520852935
9.36217292159
11.8314115811
5.66861111034
5.27649902726
0.778105659568
0.0438120612507
0.0317972463304
3.49077452091
0.024183308218
0.619620886043
0.666108251745
0.703188027605
1.8074902975
0.727465641004
1.20876845536
1.92902078465
0.851372487865
0.670726944145
0.0264414339982
0.031334311073
0.952472080933
0.666181249344
0.0483710013576
0.0299811743839
3.40586571458
0.767574404142
0.958475234705
4.49665079793
0.753748211419
0.61908797264
0.71359505107
0.797284864064
1.33646147603
1.22569616126
0.704243433899
0.609315810242
2.0207538327
1.80314507796
0.0359444292906
0.752793107807
3.04229930674
9.09263075818
8.16217658633
7.54054103746
7.21803581898
5.73665409773
5.4119154725
4.46469989818
3.45008199569
3.08114404406
3.88446156233
5.11790122502
61.2289957951
63.8424640892
60.8324145373
4.20581298256
21.1262548979
4.5719923316
19.0466040554
11.5678690545
11.9162275859
0.0100754216212
18.1044179291
2.9499204066
4.7506967515
6.17759355152
8.54703681868
4.6271218176
7.42733470093
2.90791468788
1.2726805709
0.0648457753582
2.32880199313
0.0182004774388
1.09318268935
0.0327534548841
2.47779612013
0.0530398058104
2.26906032506
0.0482535848753
0.853882886572
2.32858959529
2.72912294952
2.09387243965
0.0291751630736
0.0331042781813
2.07304126516
1.98323673967
3.11409814613
1.04414239235
0.658756442772
0.619269297505
3.07280438761
0.0109395515952
2.5244616116
1.12236324896
0.614367320077
0.0123045268164
1.97063610148
0.0150640008857
0.0101382639956
0.0165270876288
2.56391404625
2.7630114574
1.44071685891
0.883825336565
0.693825569811
0.851369072752
0.0126412145831
0.0127437114529
0.008035554281
2.15709344025
1.94503065188
1.77794644455
0.780911821491
0.751415631247
0.943344229685
0.767717737317
0.625443910603
2.45429404687
3.36881505947
2.42544652152
0.763619665712
2.84611281362
2.83359958471
0.00674394894839
0.987026473798
1.14354580512
3.20267220964
1.83298348052
2.07794007917
0.00586431917174
0.00868518399149
1.82674771286
1.22949587506
6.18178175549
0.010245637137
0.00629209865209
0.00893700523465
0.0109550930266
0.0126795160557
0.0146592845313
0.0170141125149
2.08290381569
1.26457640015
1.14293602686
1.17349352821
3.14626004735
2.04349860114
0.953297247143
0.932563357474
5.18926443917
3.0912493672
0.777604302635
2.54139856696
2.25550248515
0.661881456062
3.17012442459
4.94581607101
2.49489433778
0.0302218741017
0.835223976162
3.07414555416
0.896176749584
2.74676554638
1.3566040616
2.01794724486
2.7110041174
6.48046368747
0.0532433277198
5.36545926452
0.929435211237
2.96661223235
0.663641554819
1.45350212933
0.697488409563
2.32274594892
2.08030020332
1.22068244896
0.0194300319021
0.0261995631838
1.9884187206
1.50494650799
1.74300059789
1.40063998704
0.021571160207
0.0214680162768
0.642249375925
4.46742303284
3.718413825
2.9475422627
2.51645796792
0.662330016609
0.010515612501
12.7393903674
7.12799735323
7.4782924459
5.72814668742
9.40740264595
7.13242811328
9.80725708899
0.0268586450396
22.1735164648
0.0112076819291
3.80945166446
5.30103092163
3.99730869118
22.4629045997
5.34571056013
4.54160833838
5.17246269404
2.97025154094
4.37946204372
3.07512754757
4.37945396405
1.06606577184
2.63794246446
3.45231013125
3.55280887317
4.02498641076
2.51437214091
2.07103507612
2.66354840336
2.09400033777
0.0452877441311
0.0173254515551
0.0205209754196
1.05856380064
0.706113522309
1.40934057255
2.00073536052
0.0111744810175
1.23175356191
2.43561964243
0.741097888709
3.39177694331
0.922355207948
0.767591724181
2.04506093462
13.4606596415
25.4141631315
8.28962917359
1.29915397837
1.416892386
2.5712837437
2.39258248334
8.33906471118
0.0214202291071
0.0126537052704
2.21222406028
4.47618413761
0.999894598022
0.0114401568362
0.00977400688
1.02968077361
9.70028126523
17.2943241172
21.3997387763
20.4799823414
8.62785828345
2.71756037727
0.0248358545563
0.0263463083949
1.44201663806
13.0393090717
18.5643203183
23.6713986701
18.6681085588
1.95307755707
0.0207445063391
1.6390348727
6.66132634133
6.07130857792
6.35630046898
7.9768384096
8.97228109059
0.0241670734935
3.86383503061
3.56043458175
3.60103601223
5.7946263812
2.72511176763
6.5440309179
22.9147034376
2.91193055006
35.0245874644
15.5259185681
14.1439050286
19.1747086724
13.316756854
10.8877356142
17.4946192141
10.5249515498
11.1058780309
6.73489074004
9.83045238434
9.73145258879
13.1573026897
7.64120975974
15.6653242356
0.0360008378854
1.24835096122
2.50938648016
2.14310806349
0.0422021431127
2.37291421009
0.728114925409
0.823097037397
2.19533757365
4.09245506003
1.52456404916
0.738380038231
3.86512203814
0.0245866570367
0.021462866156
1.54206471955
1.55394122528
1.077741779
0.0227330891374
0.0177775139261
0.882964023904
11.0930329345
0.0284446937631
9.25105018099
5.59984805587
0.0418927713729
0.0440311725429
0.042203763202
1.10959861243
0.0422023236329
2.86612313053
0.0141323111303
1.30743986603
0.807210607851
0.018390449441
0.981716844303
1.3703145843
0.0112841170914
2.02064967547
1.00419666176
11.6865097052
0.0429615664392
6.64512633067
5.71360482852
4.6722533581
3.43922346419
2.46907458333
1.09050184951
0.0145419701716
0.742447602944
3.74958849761
2.953915109
3.44298894279
3.3042626718
3.37395019317
3.49860146211
3.05427501621
2.75265816859
2.18942224318
1.00230309457
1.17342746099
2.9673926047
1.26525380051
2.96356175765
0.0135063165044
1.03897333607
2.52642775376
1.00766037804
2.19957086298
0.0181055960101
2.00387871833
0.0182339792492
0.0374300812194
1.06556365243
0.0561599676502
1.06856738878
0.0337417296972
0.0881957342617
0.0886599412321
0.018896538561
0.0192754644026
0.0105753727561
3.78365478911
5.70073539726
2.79588923127
4.00115171186
0.0161484410177
0.651461808367
0.0172915057313
0.776154128302
16.8233845547
14.8893683827
5.99947592646
0.0131524779799
0.0126275989029
4.45750278191
0.0105027637889
0.821204263973
0.643221713022
0.0113127050674
0.0142631848315
3.05844577743
0.999220303618
6.34578360053
1.01557047655
1.06092721597
0.00776186045798
0.00915223909409
1.30078197225
2.43927709393
1.36207045068
3.58946578769
0.978555677544
0.0404204015269
1.05906948706
0.0432131489059
0.0606497213877
52.0303502005
1.14002871692
1.50583885022
13.0280951921
7.34098193872
5.01147168253
9.7440725391
9.81132119025
0.680591134316
9.04472763535
1.8457800428
2.92440658509
2.923198831
3.06041472458
2.41715156683
2.36543274536
1.97531597863
1.01502448846
0.0214569337937
0.886265039997
3.43849383335
7.47223355965
14.6151606629
12.6573682869
4.67015295615
1.25546356504
2.86968180693
0.611242408072
3.49383098029
2.55156081204
0.92606885859
0.827169771256
15.9726347957
15.74718404
11.3157344248
2.91652347809
2.03140583583
2.79849800457
0.0932460934172
0.0124564918919
1.24417249265
0.0411867849104
0.0134088737716
1.63095380168
0.630150837846
0.035467861508
0.87571797502
0.603857885209
0.0451862878169
0.0407589782158
1.00786082681
6.97411376062
2.8631342541
1.1371356265
1.00123313371
0.0515541312633
0.743493513502
0.0699161709834
0.0588276740556
0.787337731364
0.0744554975221
1.61941996985
1.12365064053
10.5021816602
16.8708338147
7.37154384079
6.28639331773
8.87253309137
4.80201031912
1.04219048599
0.070751171687
3.04150120368
1.81045783489
3.36172875856
3.48342740672
2.1907571755
1.8409406826
0.112579709848
0.106638621839
18.6308152668
0.105906445883
5.87197864154
4.17808946409
0.117240643214
0.986497934177
0.0894360768219
0.0849101354203
4.34057876394
6.72831213703
5.90278735769
4.65505355661
5.70791254386
4.31692737416
5.28396229096
3.27239520359
3.07349586385
2.52851009575
0.076432335281
10.8334603668
31.5183755237
13.4612697978
4.00144136323
4.01925034311
14.4532981068
19.271490296
12.1235453684
7.00078398684
16.9021013939
4.65038476726
0.0203888406692
3.25891114924
2.24753586214
2.31848976778
1.56800021225
0.0492765499825
1.07335169109
6.52409689902
0.734783170876
0.807060085191
1.85441758165
0.665535778109
3.6924540768
2.68275889567
1.15641265731
0.940713692035
1.23935925276
1.1389709547
0.0138808806719
2.93291566961
0.0100313452158
0.00939707900821
0.00894319766501
0.00745241724986
0.739801477969
2.64044823157
0.0104782486098
10.9967685367
5.94116806963
5.52199963424
5.26503631692
3.5950136695
0.00899040791258
2.9629717927
2.90747130551
1.19341693878
0.00853738176818
0.880298233454
0.946568263254
1.03083225173
1.0024251171
1.17894005543
0.99176545095
0.852979149831
0.0213850078557
2.2146621727
3.31146742214
0.672850154827
1.06750720994
0.764988564442
1.42135054345
1.58057213845
1.67461125992
1.73075411273
1.32424467631
2.76670471841
2.4231657876
2.30753380698
2.19060154667
1.97195433306
1.12177413776
1.06528764227
0.0051365098046
0.0044373760534
0.00507290978821
1.18127113007
1.03334660922
0.00442475713687
0.00453871018846
0.00525477395484
0.00527728649469
0.00242672318498
0.00333269539997
0.0031467527152
0.00405622530146
0.00664115927203
0.00717133238577
0.72603396945
0.00550991261215
1.0248793708
0.00681756164514
1.17510596423
0.00575849911595
0.791072639413
5.70545237672
3.38606968769
0.68550113512
0.0131226031702
0.0121936430661
0.71689968372
0.00982793987305
0.763744456535
1.74182492777
14.6592669916
0.723008229846
0.0097953961098
1.42178582512
2.19253823621
2.53602131441
0.0076831418531
0.00648771726201
0.991054056488
0.00601796226909
0.823213260387
1.00759059853
0.821642564227
0.0104326260908
0.861026460477
0.820080243357
0.0113540299691
1.14381478728
0.0144586226208
0.00841480982913
0.0128783413515
0.794663391806
0.00939008426745
