0.0
0.0
0.0
0.0
0.0
0.0
0.0
0.0
0.0
0.0
0.0
0.0
0.0
0.0
0.0
0.0
0.0
0.0
0.0
0.0
0.0
28.5060872351
21.137413997
36.2652531155
32.5407235008
32.4801473792
20.8623075893
16.7462621093
13.1724857516
0.0
0.0
0.0
0.0
30.5271117171
10.1706037962
9.68189947953
8.58106172391
48.7470397094
41.7997439642
49.5301855262
41.3845441484
36.3652598974
20.8727938345
15.4785685965
11.2415089326
0.0
0.0
0.0
0.0
134.910405183
60.657862243
23.9056202362
42.5149206441
32.835997809
19.8749818111
20.4196100906
17.9490893714
15.3329398729
13.5649027741
0.0
0.0
39.6954554441
34.2197411644
28.9086142482
8.26589666479
0.0
0.0
0.0
0.0
0.0
0.0
0.0
0.0
0.0
0.0
0.0
0.0
0.0
0.0
0.0
0.0
0.0
0.0
0.0
50.405792266
47.6371121713
45.3521797752
36.1799983034
34.234108994
18.6838545548
15.7676085577
0.0
0.0
0.0
0.0
0.0
0.0
0.0
0.0
0.0
67.9827237151
53.5565274166
43.7483743291
19.9597289326
16.0922297012
0.0
0.0
0.0
0.0
0.0
0.0
0.0
0.0
0.0
0.0
95.8624914272
45.7729236687
29.1032055549
24.7378120087
0.0
0.0
48.0259589789
44.5679083512
41.0750025709
38.0611367984
34.7153632154
31.3464640693
27.8195548305
8.15242563127
0.0
0.0
0.0
0.0
0.0
0.0
0.0
0.0
0.0
0.0
0.0
0.0
0.0
0.0
0.0
0.0
0.0
0.0
38.3002410686
23.5559519647
36.3037563374
32.3566360914
30.3321311588
17.9534717605
14.2622524306
0.0
0.0
0.0
0.0
32.8091363248
29.4503683331
9.80897025509
9.2504509429
8.56627884278
50.2017671863
48.873048566
56.213178239
47.1893767349
45.8548593862
37.0132922286
20.3827138058
17.0493398057
0.0
0.0
0.0
0.0
0.0
0.0
0.0
107.392228244
25.0559572187
19.6966453107
29.9979194559
19.0361771366
17.0180587432
13.165643028
0.0
32.8231730459
28.1511784361
0.0
0.0
0.0
0.0
0.0
0.0
0.0
0.0
0.0
0.0
0.0
0.0
0.0
0.0
0.0
0.0
0.0
0.0
0.0
0.0
0.0
88.3019921186
21.7394554917
29.328595587
39.9891607459
31.2231123863
18.4504028169
16.7988778181
13.0680468177
52.1981896536
46.4269102763
38.8531718614
32.2437569168
26.5680943513
14.5759356752
0.0
0.0
0.0
0.0
0.0
0.0
0.0
0.0
0.0
0.0
0.0
0.0
0.0
0.0
0.0
0.0
0.0
0.0
0.0
0.0
0.0
0.0
0.0
0.0
0.0
0.0
0.0
0.0
0.0
0.0
0.0
0.0
0.0
0.0
0.0
0.0
0.0
0.0
38.8317837703
136.550903493
94.4285098959
89.7820733561
233.02787466
90.3966128147
90.0395661606
76.6933464546
50.4081682664
82.0600961676
68.7479591473
34.9092627673
0.0149531795733
0.0256446046274
48.6118095792
43.8974569147
0.0873156568948
0.0765242831013
29.6804863612
0.0979433228918
0.147204268477
0.115645268335
0.10915548341
57.5988212394
41.3614043446
28.3251749712
10.4053145993
15.6337926479
40.4594891719
0.0400561759524
47.9325280143
34.4116475583
8.89400718605
10.4982491848
0.0384491574066
12.536982336
131.153576069
90.990602615
71.0041041383
65.3079535541
40.4500533211
34.9500920372
28.8568044191
8.79775053831
0.0782109339751
0.0781459178531
0.121446802127
117.960934229
90.1090816944
70.3647472862
65.3488175442
58.322439756
59.5987923211
50.7582323893
37.2753066013
0.0727493041677
0.0865087550925
0.0995908971042
8.22711019742
47.2710702945
73.5777040362
71.2730100006
64.1369554742
45.9628196947
31.4079736197
0.0362236955649
0.030748518427
81.3231168816
91.3147599965
82.0715713741
84.2169896158
158.677798553
76.0627528542
68.7414465621
60.7780051461
128.977087327
61.2384552452
46.47763126
38.5471025689
33.7507013792
0.0484876473321
0.0403981975285
0.0544860248136
0.0548948617856
0.0514313133992
0.0457700317695
0.0434326797843
0.0481881967971
0.0427957375256
0.0321418992021
65.1129664161
186.156045941
150.712845388
140.411087217
0.0645276388211
104.680006647
90.3156362668
87.1501228697
0.0927332179468
134.010755341
81.7888038295
45.0591486532
0.0726709360651
46.8224946896
33.3546101594
0.105372293107
11.7603257387
56.1648449318
50.893963907
52.3000016473
43.9761072591
34.5128312163
30.1495771361
26.0888641082
0.169686912844
0.176556234029
0.136291370008
0.165725602675
36.8689688279
8.34737157164
35.7944303806
0.284280335403
33.0594648004
0.273241903875
56.3924773482
48.6621760605
33.3072659725
149.678223556
103.647920805
98.4798489869
87.0784159834
77.5088489718
76.6829532168
66.8947157862
31.826584389
87.066491822
69.9761626958
36.1533634579
47.3382872549
57.5200973503
50.0299473952
43.9372517832
38.010637457
31.4116861066
8.47098702636
16.0149819087
14.9033951469
0.219910731057
70.5740017085
62.7157024968
47.4914774664
13.0717761906
29.5389924735
30.6395373504
128.09335441
87.6813476612
0.0344091904522
8.3209978277
0.184903550977
13.6581370252
0.086506870615
0.0891486826334
113.406027606
82.2665339076
60.4797945752
53.2227984174
39.5009003983
31.95494165
0.0321078825914
0.0231790879847
0.0422482113251
109.180835963
97.7525067729
75.6424832188
54.5205595043
43.2506465997
35.1537224717
0.0402388028869
0.0365437253317
35.4214391549
40.8816132694
33.7232099157
0.160988744721
0.187368459322
0.190017566883
17.8490968081
44.4088474589
51.7540217715
41.7952809005
29.6404152646
0.213178493559
16.6318727676
11.5135494917
98.6538095162
131.935305672
88.8822186451
82.0741809138
175.773611994
83.6949490353
77.2162580183
59.1771973207
103.507927254
70.2223093455
0.00908648122821
0.0
34.8099133066
0.0183295963555
11.4663006611
0.0357152517642
0.076916638481
70.6350227214
74.3742521789
61.7804174496
46.3367157675
34.896273912
33.065796666
40.0791029121
0.0707435381389
0.071457970746
0.0688645484769
0.0663412368495
0.0652921098259
0.064381766686
55.1349921911
33.953832717
23.2579422022
48.9447549864
53.8024221848
46.6295101015
34.1232850217
30.0643026601
17.9849457325
0.026379827296
0.0414446933172
16.011295611
16.3833774192
15.9877127725
15.9366815965
13.9157394806
0.0363232281316
0.0245136316373
0.0323434489309
0.0854882070297
73.6321439087
57.73594725
40.5417909648
29.1222626557
11.8016797821
0.0312263764732
13.8274658552
0.071540331849
0.0548729126439
0.0451588827111
0.0373987508688
0.0452443663232
0.0356848766533
0.0483506749726
73.1894162943
72.3104461886
58.7048449431
42.1936363301
34.2497239534
28.9797815144
24.9845731244
30.2630512294
0.0454523499539
0.101407134862
0.0706186780542
0.0668389615513
0.0853718481243
0.0808673861404
0.0819257785011
79.4835634265
75.9577715413
67.6227374757
64.7921649157
57.5712359671
47.1653202683
0.0398772978139
39.4071377578
0.0192389818412
10.2468256879
8.37900030698
11.8247228182
10.2890539871
13.4550754544
9.56116468035
0.0459908757008
0.0675468111054
0.0982474327585
0.111866350095
0.10630729493
0.107170854952
0.0840248231896
0.0919063371589
0.0710714432317
12.1850801715
80.0115592601
0.0909756543101
0.0867754830709
0.091548814695
0.151911027004
0.117046859052
0.197678112982
0.120270393142
0.0747741165425
37.65534195
33.8027125877
25.7207008781
0.211042003888
9.29114798589
40.8383000787
31.1253325599
11.3203174601
13.3072008263
0.0559178262352
0.059813401381
0.080035108215
0.13846037866
159.2728137
127.269150834
211.119276841
215.475921703
109.415672233
8.47408491813
0.11388914787
12.3929732172
0.205786460452
17.4243987404
16.564743702
0.239583857457
0.13213584387
0.135155185179
0.119879091693
0.122515770146
50.5021389924
50.2301360361
42.0029001942
36.7699067232
38.94677314
36.2880552971
32.2197788566
12.4467673114
8.87265643786
27.7545844731
25.8520220247
9.56709751608
0.193560739694
11.7936235566
17.8808801977
12.7360639793
0.171080493204
18.7820527622
17.8379469313
16.1852897901
0.0251254082717
13.8254796001
0.107989874689
0.13903922528
0.142188213428
0.14190537783
10.9585036567
14.8271622831
8.85688895258
0.106268847587
0.093808534687
0.141995961886
0.189893457966
0.0859187715169
10.9087912581
0.123873964129
0.0888046213708
0.0980145487921
0.104905922133
18.6468995398
16.2955244935
9.13657880641
144.875781991
136.761249807
346.097960134
378.29137596
343.354241081
244.374648599
0.0459738156259
8.28395807705
0.064839232295
48.5548051087
85.7729529329
59.8610675296
75.9514541218
34.5156704846
9.97763281558
25.8278109992
15.4701779304
0.0402067457814
0.0470202041636
0.0634519700792
0.0625821944188
0.0568510710754
40.360129163
35.804520094
32.9199445669
30.1575637681
17.4074039118
0.0287417610951
8.845429903
0.0397918991371
12.3732210743
0.0596570254376
0.0943374923536
0.053778346913
0.0341425874059
0.0887421879849
31.9987511025
0.0503212752
30.018809675
9.2431504846
54.8831098041
12.9553512062
44.3622540533
77.1404161493
0.104873079852
36.2257900594
13.777415777
0.0588328822712
0.0523448160377
0.0508392135181
0.0574722907014
0.0841409335095
0.0560432344976
0.0576891059109
0.0507799440643
0.0657639231954
0.058927138732
0.162446373346
46.3569414313
33.8407146421
0.172757408238
0.181172694817
0.183486834709
23.7902552428
8.55594180148
8.9675106045
0.043445178059
33.2257632786
8.70954911337
15.6597639529
8.28246348153
0.0298301588019
378.284212404
393.631459123
18.2138984677
14.644070876
0.0
0.0309122690065
54.8901451555
42.7252800007
25.9087772237
0.0497548873221
58.975358189
58.6687269313
57.3543210765
53.1671785613
48.1248061688
43.2726256551
39.9601766091
37.9955237452
35.8239062241
35.3810999383
0.0404803802877
0.0285632043947
0.01838062778
0.0243895351379
0.0249445320782
0.014496835007
0.0137900083261
0.0121715848332
0.0176244812737
0.0223872959615
0.0423736078082
40.6538584275
0.099852431267
40.6497556479
39.728028307
0.00979502506344
0.0104439364459
0.0148776131748
0.0281019862626
0.0698064515692
0.0867349961674
39.9029573616
0.133386008274
0.116229739783
8.41947209686
0.11452308667
0.132966553005
0.138222081094
0.147946158427
35.1588353364
22.4922866137
21.1296684443
34.8354492015
35.1937855803
0.147214371442
139.070995791
56.3984505818
40.7035513239
37.9391157061
0.112124785288
40.4792300602
31.6202246631
31.7335156321
28.0539439159
0.0668074835093
0.107250409883
0.0167538470796
0.0448947946065
30.6879124613
29.356702857
28.7451208409
18.9316173048
17.1896290091
14.9191917994
0.0610549804807
0.0590797428977
0.0798065925389
0.0689099164745
0.0663969462635
0.0667903512389
0.089748561616
0.0900403755715
0.0838687738496
10.804350649
0.083180798382
33.3819725811
35.3245247189
12.9768492014
114.160750074
25.0149587711
14.898472191
32.9150643763
0.120255232914
32.5363998055
0.219796149093
30.2678687433
47.2144133899
45.0240781965
39.7488070172
29.98440149
14.8786526557
14.2220368388
0.0821242810387
0.0793672641026
55.2172322695
83.2052167846
63.410035653
18.3231270276
35.7037618439
77.2397085655
44.261272306
64.7080533577
11.5067769386
56.1073996
58.4741881736
63.5021096226
11.1600314721
0.0416090302041
0.0677805919697
287.951900965
130.686325324
36.0545593186
10.331938025
9.20164905136
11.5828122116
64.9779027788
47.2021871708
27.061852784
112.713434992
9.6231267409
15.5783483868
189.327346934
160.005554545
105.091662276
132.168663474
103.764630096
87.2317077984
51.1625359536
54.8418896553
43.8086964372
45.8109984418
41.7117424412
33.2949308517
32.0577479087
32.1254594825
13.2677192966
33.4599657762
22.2379826254
63.965414172
26.3385744802
44.9390627772
39.0343444219
12.4071529326
8.92186302384
25.320404608
24.8002850477
0.127260434665
13.9630815029
22.3663517876
0.104087557859
102.597200691
0.103786033851
12.1757288581
114.233272832
137.913059708
134.167039463
85.2052144415
71.2117553916
252.644796128
0.185237645847
26.6414885794
53.2874134153
47.5493315257
61.9850984692
0.255394416746
0.340358943739
106.665070602
0.394126009026
0.298016183115
63.7428657097
0.355619115535
0.36614074089
8.53547621741
0.36407075006
0.366095910528
0.136351169084
25.3441370467
16.3302899696
13.6440622802
12.2507505033
0.0533702685438
0.0485560613775
0.0748695832735
21.002425697
0.0642100687724
0.0388827336145
0.0814924180637
0.0484365835941
0.0869037600856
0.0367445212767
0.0593442887844
67.1782194565
39.8570517841
67.9740394539
62.294683281
55.6760478776
48.9642868908
44.8230185297
41.601115591
36.2504467747
8.23586411745
28.8552546548
27.7778801452
15.5268239242
0.0511297550869
0.0765532290376
8.5177132265
10.4847858339
65.6265535639
44.1327875325
371.915661314
363.00131922
195.933153673
48.316341192
0.0190852784601
53.7408981221
98.9696304126
102.118784105
92.2610068279
44.3350444085
28.5883167273
67.1099601476
0.0842457027415
30.0115955197
24.4727371075
41.5175119152
0.151907290277
62.2931947957
142.553932486
56.2949781089
8.67756167389
15.9127754207
0.169450093864
153.026761648
234.442707753
232.973193066
164.428960894
11.244190489
15.9337578121
11.1979440378
29.0058973445
19.9645232389
21.7291577269
36.9130660287
56.0146236505
48.9848596733
8.16434421479
79.1914526358
66.1199254156
80.4660944658
101.126431179
79.5242844951
108.348784084
123.210161039
104.259067328
94.516288235
80.3589602381
48.7686960982
24.1258288304
17.5469596074
32.6264013469
28.7574608328
12.0059170308
8.44630648181
8.19410610753
10.306654311
18.1942295226
19.0558048124
37.601643561
37.9486020704
47.0380968329
37.5946123851
47.1388646686
24.3920245356
29.6541922114
48.7784655607
55.4222454149
0.0996053920581
131.199736549
0.145829444191
42.1166125285
29.7433792259
61.6044576837
78.7056435103
54.5492327573
75.4188269854
75.2143494604
81.4440210814
104.763838249
102.717701373
182.156539372
121.091133585
0.130399210415
0.166183721887
9.82799804679
54.2891431594
41.9139723479
0.140545033144
133.599134787
50.3669715763
17.5801747016
52.2931473724
58.9044269017
0.128596426142
23.8824386916
0.0968639599532
0.0527789220088
0.0758674405512
0.0720835537647
136.095492652
13.1409779655
19.2200392336
16.4378640114
12.3575560584
0.130238811932
32.3243872407
29.3117997413
11.4706209822
14.6562460213
15.4601768059
13.7369754987
12.1079571746
0.127184673092
0.10117311511
8.44299348327
0.0625543913317
0.0585851945356
0.0683565802257
0.072283802261
0.0433101858519
0.0214306162737
15.2149368216
27.1259200045
11.7419032075
0.0328156743249
8.58479008279
110.128003789
27.4192674759
0.0386194896617
27.8280465481
0.0602629926592
32.9297948453
13.9006547896
36.501823219
0.089633308278
33.9202404399
17.0597044695
11.5410157364
10.322391673
11.2874563013
15.1841008075
15.0690394447
12.4445245274
10.7503242149
0.129750164559
0.0794385360962
0.085489022521
27.1821662654
0.191156999697
0.193485788178
0.156525236391
13.7576222922
73.0324355298
177.770717099
0.13190404704
66.0740476296
19.736252586
0.205902351231
15.5252201745
0.105675939805
0.0935257066033
12.0322884631
47.4565853383
35.4760845397
33.4150095007
106.692366925
70.5691703009
55.9750135615
31.811806781
11.064189612
62.8628976633
79.5552743927
45.4104656465
34.8810336976
9.31228758464
33.1125564033
42.5745449865
0.0808661729501
54.1365063541
64.007534163
13.3429279307
22.1579166228
22.8562188553
0.0728860862195
0.0706635705633
0.0723838412109
0.06769890287
12.9353679464
17.7397467395
16.1440088033
39.9862778419
0.0186959889273
20.1352393194
9.51997587478
42.4646889911
48.7085834606
52.1081852879
37.8558161975
16.8832985854
9.80845343699
12.984486554
13.5424439493
33.5618387575
12.0746552286
8.95836597421
0.0467324878708
25.3260202886
10.5407149867
18.0080398839
21.0975324542
0.0685170505935
47.9493836331
45.1814942094
24.0623246358
14.7838094181
10.0388300704
14.0949998893
15.0388954656
16.3398050291
79.5940547038
65.744896984
44.136347159
50.5630820163
46.4586833637
24.8953061807
32.7673135333
13.6894930673
15.3802240036
14.5519793898
0.0887635712254
68.0726073225
14.8411935905
14.7236726633
0.0591802501166
0.0531842285331
0.0973968938997
0.0964944965434
0.111076575197
35.8290547385
33.2391203159
21.0002068624
28.7432340446
0.0710417276459
17.2597909061
15.4739176006
0.0252987058996
31.4005821769
0.030797246028
18.4849409201
0.0387052225176
116.409618888
0.0434213146218
0.0341961082378
64.8799098254
14.2897829036
8.13024304527
58.9377759501
33.1409223332
0.0690881519441
10.222848031
37.3430287888
11.3506341508
13.7727570076
16.5894041745
29.5973571906
36.8994518475
39.8287898217
0.137174235513
0.0997757314812
20.6146497424
16.3121042104
14.5660314858
0.244628756628
0.20486067838
0.125214301927
0.235828676636
0.304803876735
31.4906318199
18.5788689507
138.869865403
10.3756693139
10.2500857508
74.5910926024
0.111407039129
0.239303827799
0.224523193685
0.383300540786
9.63788070737
29.2008464941
111.763204948
103.18102947
32.1637248007
26.1153643606
28.9865678388
51.1575665121
60.6882397127
43.2586752585
13.3925693874
72.3499963584
56.9454536018
12.4099169639
38.7997231245
39.884757495
44.3729402535
23.1130737075
13.8597000921
30.2743824627
42.2362603295
18.7526962592
0.0723657116138
12.4918978207
0.0669562432961
0.088519720169
12.3203833352
0.071270206926
0.10547755755
0.134565329066
0.121111847598
75.2323619186
0.0634650541365
0.0580139976837
0.0861147836332
0.0793674052221
0.0620908584402
27.3083095582
70.8082258361
72.6178869323
63.310015214
55.1547701567
44.1007814058
33.4023456857
20.9277266957
15.5126101886
0.0320182912574
0.0229539759511
32.7184320092
32.8740118059
0.0321958697255
0.0322735383718
15.3910849855
0.0216975264434
0.0191739068513
12.5831003064
61.1016356609
180.354169239
117.116988664
255.972824303
0.0131556350349
41.2722146152
86.5592519092
0.0388286089719
84.021843326
16.0185322077
0.0873784218774
243.014467674
12.3250716138
250.686068519
195.389119141
180.231034759
166.625154793
140.700189765
127.686691292
55.2475934511
0.0144664403786
34.5801756425
24.9481695695
18.8255710037
0.036554032308
0.0637172392665
38.1637036056
38.3587243751
24.7034101706
34.3762886645
18.5082731784
0.0918628955556
0.0837594045655
0.0755104879016
50.3654828865
203.112362978
140.131829467
266.981940283
35.2465147119
0.0679041422635
104.12650332
0.0612218066786
34.9326608613
15.5756779742
0.11717571826
54.7244983571
164.692048229
299.481536371
211.088030611
211.901878074
203.458555448
161.762456244
155.088850491
0.0579149378414
15.8087184355
22.2993771261
35.0931113061
27.6457010694
15.4257891362
170.283564721
137.230509367
53.5980081064
28.9818319829
0.0385131813451
75.4676006705
21.3165844848
96.2154983304
81.6352562699
138.939487687
93.9859237958
79.7500412585
105.375083876
45.6167027954
12.077299146
0.0196666744775
121.922564885
240.036477321
0.0744769282986
349.663103243
229.744202789
235.418043579
140.639372442
11.3599076533
185.123365056
108.572415617
173.629755846
0.147107356539
503.953741436
314.871245999
197.911808795
17.3936190556
81.3544925402
25.5022655379
21.6061342888
34.6438189617
11.8774019265
0.153047359451
40.2823612841
101.244291234
31.2946857698
62.1323916609
0.186878600403
83.344108029
14.1829091236
0.154304983004
47.5178414971
0.132017431494
0.078938975212
19.16505232
311.035657073
218.483671776
181.935810415
141.04308179
205.877293348
185.704527613
198.597806194
334.019808542
0.171133224508
15.5113052371
90.6894654548
76.9404356791
30.3935806774
85.3330743141
0.189902772516
15.4940120621
0.187802865246
0.177080798415
0.147713991197
22.459241379
19.1339646249
398.205366448
70.2018421779
89.5425937557
54.3587490137
42.7024528073
0.0632219029124
0.0611156404113
60.1246546051
18.5522391083
105.240847304
111.900454261
100.570525928
85.0760897158
50.8047569872
52.3643140824
0.073540886564
11.6199654713
46.3522604498
12.431824925
55.1397682628
409.622958262
11.2733545901
12.3477063399
0.135649131643
0.125720376606
173.345402576
195.831354096
49.8819095343
153.48387855
187.641200404
0.0577432217224
44.043402061
15.5500224973
0.0352912557512
0.0400257330796
92.7406042946
16.6939642341
0.0962696844155
17.4136007783
83.2573718235
191.312031113
213.67752408
200.331400005
227.1388959
233.379368889
185.972832067
225.036672235
211.915669389
201.158543511
182.191862535
0.0927544194944
0.103197529141
73.9747141882
36.5997170634
99.1709079312
140.529866185
129.304129676
91.4145671731
108.613506147
103.137601273
111.77028333
140.414237182
249.08977434
247.3578705
291.964021396
251.056077054
250.568499206
61.4355780975
50.270739438
38.3497462415
0.0892897451921
157.058973547
163.956369995
219.832624248
267.550480042
207.460959046
164.443571312
173.200884811
180.565188194
124.29082167
80.7135701039
16.7576208257
0.140520099131
18.7005399402
101.060303897
0.172977115531
0.178579939424
99.5008535488
118.648715997
131.274356275
171.688745693
146.767086257
17.4914878985
45.9032144885
0.212894331344
16.837580685
13.2652474974
0.0833484431616
12.2847643642
0.0641750192159
236.695239892
73.987329025
0.109993917312
51.4516324808
52.1148196743
53.8741876006
56.3789549673
78.9695105811
84.7639613813
95.9685392302
75.1671677486
68.222640135
70.194529913
82.9392306112
87.9969690776
87.7525223152
85.1483098109
96.5020322279
103.350215472
88.9847411784
88.3908123846
81.3691543381
83.3362331227
116.370254175
34.3126170784
12.1715747697
0.0530974064654
0.0416124271913
0.0373412295759
37.0537793861
0.0245461658557
0.013565914132
12.3721198976
12.7803710061
58.0162617451
100.337534991
28.633336705
126.809180768
103.408345102
136.710158055
139.941430969
124.882718683
154.403314036
143.829529934
136.692510491
131.885942861
12.373921556
0.190088595595
54.2767591929
125.534990865
289.618084224
281.154229183
226.907784228
259.441460704
286.769262109
181.34248068
115.425603057
154.331803203
105.48789419
56.1134436858
93.2746597324
104.804588423
88.7100846942
27.9107974657
15.5702776267
0.0224776931069
280.073746879
0.108410561087
374.349295017
268.122670951
217.293745828
174.724684326
214.368648617
203.125468067
215.780860411
215.771708585
113.520588955
26.7279615905
17.3978709629
0.175904973011
0.124641625404
0.103730692445
34.4447078025
0.172479569349
0.184790038164
19.7989069427
16.7135535952
16.274611963
0.14662454871
57.3636810274
117.511654218
149.316351202
150.005160102
142.207248783
114.147341032
76.0615247976
12.1366913496
86.3347847327
152.615254105
171.808798896
178.775624053
184.051960505
189.705256055
96.9485678865
13.0349761099
0.110666178441
16.4623433819
0.166113647391
0.167243209836
171.810817911
0.0979830129477
0.139348671983
0.16566264239
70.2372603291
11.9690448303
11.5731238033
0.17315632489
13.4707542541
84.9740713436
100.426506876
105.337796865
53.5590892595
0.177932727833
0.191468323024
0.223005195172
215.547778221
291.11442947
238.461481621
88.2084433253
159.765529515
0.126252124506
60.6388924922
83.4058512407
11.7038751117
18.848629993
19.5619079165
0.104651862771
0.138483070479
0.162124640001
0.147320020959
13.3184689281
15.1164041991
19.2959770868
0.129019451229
14.8765770283
15.7092524698
345.103427201
393.611598184
332.859914738
458.220645055
316.56368122
20.924946109
93.4812313085
206.010713042
211.534961332
201.976203026
0.213567082995
14.7714164052
0.238830333497
12.3681394378
0.0833856633416
0.100558055918
0.123480554408
192.473642458
229.45564553
212.207692369
94.9629913075
76.6049652633
0.196702170198
21.7723952497
0.117870979877
12.5164079648
139.03920089
0.170567836113
333.717911232
278.452279579
195.385688686
186.617519729
112.051475342
11.239687098
0.138580864691
99.6999761369
0.193810310286
44.0207271132
78.1396899938
11.5123027977
14.4484939428
14.0949923461
34.1152192339
0.0939777915273
12.1953405516
19.2131831149
261.745693752
388.656769252
115.387018449
123.760779759
142.358300304
17.3768438787
28.3298990179
21.4271879904
0.0987259004803
0.075940391134
12.5080450793
42.0687555878
41.2809262331
0.0836324844213
92.4295076739
273.172849265
121.060882685
197.626833126
73.6499656652
0.0900014566054
59.2392791781
18.7585329463
172.542399022
44.4514142085
150.420672311
189.488181049
156.004219065
212.744868738
185.058657211
123.0977062
0.13741540747
14.7977707356
0.154349826331
0.142541016154
109.352624176
0.141752425521
97.6622963554
0.105375115113
135.08425911
202.983119311
215.191482943
462.475454897
0.0396270289992
32.7335961875
33.5651317841
0.0896839613562
29.6560878133
105.626338883
36.9638853971
25.2008154898
0.194467958751
119.931046733
0.371970045356
49.5151150231
0.226950598793
0.262604619432
19.9824900677
12.7509087469
217.439456591
12.7600222784
0.222551174163
18.8004838109
26.1102699552
49.249453293
65.4547063675
85.8233162531
18.2031079131
0.116055641378
0.122534234239
0.125591935663
0.10088538708
0.107772152518
0.0971027231569
0.0871779968134
0.129300126908
0.138623745807
47.4525879487
46.6165478354
91.9262218005
48.9369924045
24.6364133329
55.6087552355
56.4377402992
117.229073095
84.7846296699
107.120704431
105.281948327
116.45067439
123.142283529
125.178679329
41.6576646116
38.5921501225
20.2891962533
0.126647088681
14.9793840494
0.189059082977
276.583161052
170.241522784
25.8676541468
0.155923901448
286.087061749
218.383260338
288.479842567
250.60149767
135.328898267
159.270507072
52.8012271937
50.5125207736
0.0795583266627
75.6032334062
189.553348023
0.229380233181
303.680014006
208.414395432
167.026951138
0.248752058346
16.5109325151
0.228256951423
0.247509505938
12.2576680437
98.6764756797
0.206297723292
17.0165741766
13.2620981941
0.159605057595
0.124408179139
15.0709860874
15.8333003915
0.0802725082212
49.455355041
0.0862888344573
11.5412384941
37.3184013768
31.2641121966
0.109182244364
0.061223648061
14.811555953
60.8615766372
0.0336822368714
12.182700209
0.0410115423342
0.0681343008085
13.5942345951
198.289247638
217.811272392
11.3008926433
113.432040844
15.0485562385
15.8735282937
71.0677459947
109.711970733
0.137881508373
88.0770248163
88.4140957429
0.118524255355
0.13457100386
14.995407368
147.268263619
230.726435149
168.384263994
124.911752555
80.4725104562
22.0939951225
13.339182836
0.334988532898
16.5005743179
36.9857225027
108.56266878
45.3796448111
135.909968652
336.743084343
234.802303092
254.943256687
12.9277197173
15.3613414258
0.136872871998
24.6319182073
24.7661197056
11.496073571
0.123976833831
15.9746544094
0.204965971565
13.6367054851
21.5929718238
99.9904336105
0.207006494569
0.246011438272
0.249690951745
87.4560357603
0.0841714750653
37.9063849594
29.7397403035
0.100523433883
17.6360303599
12.7449047264
0.093542775188
35.2482768562
0.0575110346222
92.3202048257
0.0886662334839
0.0622433330626
14.408064248
0.0590274990037
20.501301842
52.9567669616
30.4094781119
0.0566267700753
122.002040153
120.68663622
125.43437004
154.996002589
0.0633440745587
0.0823066267309
75.8227454599
0.182865880629
0.243307086513
813.864352134
256.750316912
0.169790634979
16.9984276494
21.5862534805
31.8426990191
17.6169912508
0.174604279536
0.121529748686
0.130957801882
134.707452369
0.209042203194
59.2253660399
153.699447006
64.3981574137
0.135765580645
38.8492591655
206.92324584
124.759176203
173.794496522
0.234808566122
241.255023494
19.3270958777
13.31622618
154.414553477
168.40419954
11.6226116172
0.104253445494
101.170203207
0.116679987971
0.148434330667
272.340239444
225.389735377
214.870566178
240.934856155
155.140704249
12.7198341515
0.198787436245
0.159301538021
0.386913126606
0.449859619881
224.256421001
228.295696476
14.7718548041
41.9337178832
16.9865086092
233.717694888
151.366987147
141.41857659
150.183943907
171.198907137
0.246374944995
191.144398037
112.01051925
0.378429350055
130.721814865
250.146158634
180.103923657
0.190588650614
41.3733783456
0.189548136344
145.395082349
71.7508613185
151.504405244
121.727106038
115.189439518
128.544098954
0.221822810748
94.5348961245
0.240078677703
146.293689561
148.315073327
114.904468566
92.6617247854
178.483032118
146.234251672
115.661219162
120.532061516
138.903872777
11.331675231
106.765433591
26.2287435329
56.6588647083
66.0993504795
53.6368021733
0.107753198804
0.0951340293114
223.565874306
351.446032163
229.897048956
44.101297532
50.1753033232
66.0056707845
13.8109755721
0.146474580606
41.1692606777
16.3179752514
42.7874750886
54.5111352017
100.576057177
117.256384799
145.036462354
129.471015085
74.2214138831
66.4481365475
117.339344344
89.1894514263
109.67743286
77.7492521733
103.096166124
78.6987414545
128.601094055
92.2524940927
130.533634629
144.158283073
152.596399592
113.799692434
131.641683786
141.717739889
169.707381536
180.24190854
12.3501954881
175.243340022
12.5379966425
0.119601515137
276.815728355
155.6434998
14.8067801451
0.108972996871
0.178412563445
123.928379049
368.696760098
318.358696364
217.07943094
344.118680924
266.926386224
225.848782077
157.960281836
221.561882096
180.771737406
86.8540830931
119.000163568
98.6144921598
0.121776293848
19.1587538833
0.239510501723
39.4664490938
0.150533892998
36.2735090767
0.0764300761939
20.2460385545
25.6564845002
0.0975959942374
0.0497216963436
0.0546273315168
0.0655358220395
0.0622933597498
0.0428042884787
0.0322705109219
17.6341480204
75.8668088072
114.318103054
60.312628358
59.7726701997
59.2050144458
54.2871103157
49.5154564511
27.7044480973
21.0724803846
0.0
0.0
0.0
0.0
0.0
0.0
0.0
135.353496167
92.6775134675
66.1505948304
70.0631998296
67.8530496532
60.6076323239
53.8662979941
40.7756754129
24.9382972124
18.3816907703
0.0
0.0
0.0
0.0
0.0
28.4623999186
87.6629887457
57.1665176127
46.1285766045
34.4531712515
0.0
32.3358112391
0.0
0.0
0.0
0.0
0.0
0.0
0.0
0.0
0.0
106.150529214
143.321795654
30.8183628633
22.0980211786
0.0
0.0
0.0
0.0
0.0
0.0
128.15602204
308.026626739
736.52271895
1193.42242395
2008.45973378
2779.35791238
140.991501581
63.1152138145
51.3649506357
58.0241056239
48.2990568208
46.7279614411
27.3880147611
22.0694151419
0.074896825851
0.103013757316
0.0984922601041
78.4063312565
62.2652348381
44.1237245571
22.5998442803
12.7663460035
18.180771088
50.3918618685
53.5519834269
50.7510042254
13.7576928853
0.0325706374127
0.0187713802246
0.018274491797
12.6969231742
134.608483016
100.020960451
78.9368582193
71.9494840753
32.0949777923
38.1034000578
0.0294403186197
0.0379267396225
196.696299972
150.956455566
150.670013006
127.934969089
95.4291645646
76.3147480357
71.3502254938
65.0137211179
65.515393057
54.6566070667
14.4678035012
0.153585954532
41.3172815959
0.183082229867
12.0346705006
56.504373124
84.23811744
78.8086694561
68.8056256072
48.6271585616
0.17780227205
0.106966522132
0.0848613254037
116.128590583
86.3578859087
91.8220880496
95.7941857234
187.016960614
84.3540871111
75.0257557019
66.8877851201
104.066502257
68.1638669847
49.1931559368
43.5024569469
36.8033827149
0.113665697845
0.11614821503
96.2909326575
114.839526561
0.11911389102
0.081465087861
88.7009663131
62.5994988155
43.7858879759
36.4083520225
108.744608931
211.708881613
168.525500968
152.566635274
127.484228516
114.78984757
99.0327596888
98.6433966119
0.0648484421799
101.991522384
87.0912131292
42.6091866836
0.0969264381747
49.4203970342
35.1918881319
108.483896472
15.3364273175
49.1825370335
56.6505723132
58.4611856679
46.0333885454
38.1001487685
22.0929400455
0.157542738017
0.163590444796
0.0543790953843
0.209089645694
59.3767198425
15.2386330477
42.7055162754
39.553847928
0.295285305163
38.7552298039
53.931444989
63.1994930341
51.4060577776
75.447065658
168.482351261
116.306340172
109.219763591
97.7841484077
86.1519228825
87.1000147475
73.3678611997
79.9517186196
97.696581415
58.2134258166
0.108445820561
65.699633148
69.3539754297
53.6112523431
49.5360443791
29.6126990658
23.4030999116
0.101354083681
0.0938778800904
0.0619309259562
76.5806409697
78.2701733109
67.3186767242
49.7912516139
13.6518078394
11.6532884495
16.2104139437
154.772581802
54.4593246919
0.033828325816
0.0317680567211
0.0205614928563
15.6072538911
35.9292053318
0.0634712663347
115.379224771
88.460662353
65.6117834867
57.8526773533
31.1113799095
22.4129557943
0.0240845342443
0.0328827060311
110.819634616
115.331708098
102.09294018
77.7072802068
55.3167354198
46.1584481035
34.1486138846
24.3384962739
0.0618636954952
42.0576207969
45.574466451
35.6257457172
0.096118076565
345.90553384
0.0899556333391
50.8783054356
50.226998192
57.3950097709
44.0986952484
0.117919039706
0.118782682789
0.1184452687
0.117008745403
143.180362804
127.194810526
98.0456983437
91.2731004764
94.3564358605
92.7181757279
83.7667852806
53.3109709339
139.489521921
77.2093590451
55.6657489016
31.2306937792
36.9359386757
0.0240268711716
0.037015138044
0.0429420014508
63.3932608319
80.2602990799
81.1754174241
65.0127468818
48.9386227044
37.2841764796
13.3285270677
42.4159645762
81.9382147348
0.0452512748617
0.043033853608
0.0412072317164
54.407928626
66.1462914427
57.3821266844
26.3779041907
27.7599155233
56.6307999831
59.3381815925
48.9916316226
26.049372832
22.5988510614
0.0165395063385
67.1875868032
0.0467049711106
18.2626628934
0.083040353951
0.0444872238134
0.0204025285228
0.0207982643179
0.0278689931001
0.033836878659
71.9403282069
85.1857546854
79.6412640577
61.8696183829
44.5670767095
0.0329936769513
13.4696140712
0.0506396996067
0.0628558781139
0.0791845104765
0.0673823523678
0.0803840540341
0.0634033159145
0.0604530865177
0.0573321815966
80.0553006562
81.7900581813
78.8334251206
61.5748494885
44.7248112648
25.1791956223
0.0378665596865
46.9003820094
14.3913816239
0.0515165119089
64.8027773884
68.3204898994
70.3851020798
66.2397575588
65.5494063416
64.3225878542
61.6741926738
53.4801682453
51.9200445352
50.6410722664
0.0
42.0669301023
17.8277360111
25.4499114317
12.3871625608
11.3407975437
19.5168601877
0.0117577238253
0.010789684655
137.994624563
30.5623209812
54.0527375103
14.8341296818
15.06755022
11.2925293737
78.8337550123
78.6933804643
74.2732831115
74.7165535526
91.6967670415
15.0859810655
12.4379887876
40.8511804352
14.6477981106
54.6922076896
49.9403297975
0.0186761972428
42.2987615011
39.5245838782
23.0287105385
0.00458348755052
0.00456475666927
0.00428533513591
0.00395891780923
0.00383155991241
0.00391134029235
0.00802247970701
66.4996672709
46.7545633552
20.5984576118
121.355343159
90.3776718898
30.0716976021
39.8502091204
12.6123137442
65.418211328
0.0313116740148
0.0190901908844
31.6201393108
63.7187597968
0.0371716236334
0.0245707030847
0.0350788551113
0.023989863796
0.0368127807586
0.0297516181807
0.0192721493395
0.00783018296215
0.0
11.3891861889
0.0
0.0
0.0
0.0
0.0
0.0
0.0
0.0
0.0
0.0
0.0
28.4631756576
186.695853426
15.5711672873
0.0143672129627
19.4948002407
0.0230388662731
0.0237565960524
0.0181490235633
0.0132933343135
15.3014723228
0.00928637919159
0.00902997658364
0.0186098108388
13.9833588254
15.052591917
0.0107223637851
0.0229207864172
0.0270666351856
0.019933990263
0.0248071951132
0.0193148703391
19.2922448654
0.0687619455039
0.0487239679329
0.045778289696
0.0151454954333
16.3788144684
0.0553502005454
0.0378775025168
0.00519530018279
0.00524743052897
32.312941587
0.00603680549486
74.1896408751
11.8557964743
97.1314262923
50.3000045827
12.1514047877
12.8319733585
13.0375466035
53.6789310312
37.5467361347
23.2734988149
0.0162622425599
0.0154093936503
0.0210624208466
49.0922220793
0.0185941469551
0.0173007927055
46.8126268866
47.2161495063
45.7931314579
42.1852230993
40.0810757854
38.422981742
23.5572191708
21.6356381995
0.0
0.0
0.0
0.0
0.0
0.0
0.0
0.0
0.0
14.18645321
0.00412958897527
0.00660454953825
0.00660925026971
14.0565014442
0.0083044973023
27.3498854495
47.9011426718
23.0209982906
0.0141564776832
0.0119175621314
0.0111014600313
0.00409256578407
0.00355485212023
0.00142690508464
0.00135185102952
0.00146313451537
0.00150085242721
0.0
0.0
0.00218284619114
0.00227594295687
0.00128314294475
0.00118763951654
0.0
0.0
0.00116513034096
0.0
0.00350240291297
0.00537888473705
11.3345598087
11.7053530218
41.0208437942
53.7689213961
39.4119556928
23.2002605776
18.9215797212
0.0151755991349
0.018605745944
13.2074272416
17.1752923517
65.2257502532
54.3151668689
41.647929118
0.00573234604105
0.0104444720177
12.4233387886
13.576990023
12.4186696565
21.8013105935
0.0
0.0
0.0
0.0
0.0
0.0
0.0
0.0
0.0
0.0
0.0
0.0
52.6785433641
0.0
0.0
0.0
59.1290113198
32.0144515159
0.0
0.0
0.0
0.0
0.0
0.00447561311513
54.8142720904
65.4948959052
50.9113379978
0.0
0.0
0.0
0.0
14.3478728225
14.2329152422
0.0
0.0
0.0
0.0
0.0
0.0
0.0
17.207650447
0.0
0.0
49.2360790882
48.263416174
44.8166276998
14.1102050415
14.3734468032
0.0
0.0
0.0
0.0
0.0
14.3025208521
14.4131117496
35.4795122391
0.0
0.0
57.657857326
46.3302563888
14.0060479745
0.0
0.0
0.0
0.0
0.0
0.0
0.0
0.0
0.0
0.0
0.0
0.0
0.0
98.6698265278
48.3851253256
58.1336466543
48.891020733
48.5247767409
46.6407675733
27.5500054442
0.012377457375
0.0793861521905
0.0173553026321
119.131813848
105.443265002
44.288726506
38.4594783934
28.8989508846
27.0522502849
26.2248245602
25.6929255376
0.0764720498796
0.0629390743956
0.0558953620024
70.5869631544
67.8991949709
0.068532863257
0.0380057677209
0.0346880694053
19.4287002324
18.1716422088
21.7887137245
19.9663391359
50.0535983336
51.0342860862
50.5503707847
14.6995599868
0.0404920371407
0.0480807219667
0.0546624724926
42.7814287618
20.1857237364
0.0598745615337
0.10099771048
53.8295566123
57.4517055389
51.34686026
29.0789271706
0.109637711125
15.124436573
0.0858862833913
0.114213098349
0.11867010354
0.0983021488697
0.113553071598
0.158400906204
0.138499671462
23.7158323951
51.6204847522
19.1956450228
392.647103946
37.0401378864
0.169179876505
14.1226991297
51.361990495
137.125541525
282.023687819
204.671506537
133.006498951
26.5231108878
19.2592352406
50.5913735901
59.8631443435
57.5461852338
60.4840903264
43.8829649259
23.2104648944
83.481457474
97.1485737033
122.235321173
123.931005274
110.373140177
114.265207564
93.2947449297
103.080577985
64.1469142675
18.7840972786
52.9788197514
53.8752831649
54.3299067471
14.7750018277
0.113694856153
13.9507433031
16.5492990474
0.282031970156
95.0797690107
16.4118624317
0.220145422301
0.238576295251
19.4267438008
23.8080043545
0.222799505858
0.254586320972
0.155903020443
0.146283397284
0.184154836491
0.203797832198
180.032398864
125.998522941
109.71461685
84.5616822318
93.936028665
92.5300816348
83.2892385669
116.787382627
105.074937405
100.348172447
78.8422697414
92.2940585434
125.468578539
165.83175269
125.038842815
45.4500323115
146.686536682
146.030931672
60.1450035197
61.6674299892
0.18954159412
102.034237101
0.284269227748
20.5425620039
99.627102764
17.3323986701
0.266424837405
14.7870706837
22.8175588471
57.5980627249
0.122488098482
14.9653072715
20.4755331377
104.408689263
90.4142841866
23.6019534516
110.052275804
17.4556582025
0.0832513042646
0.104926012883
109.851119262
87.2923147983
88.8872011556
66.0914860817
0.17470422337
77.4952204001
69.8837641318
61.3093629586
55.3117943059
51.5742422792
44.2317886256
26.9458985632
24.9804950935
0.0944342371025
0.078053090376
0.0569308985644
0.0582070166866
0.0673776818343
0.100359500905
80.8111700927
137.116930791
90.8632111761
65.1106842555
0.079998849562
119.299640807
38.0592309423
18.6589692657
54.662730747
0.0834190448439
41.4647281006
21.7761534862
61.8020020951
73.9409168217
23.6944021421
0.156048778139
300.334575146
18.6370001501
42.2640078967
203.393632488
130.519094548
0.164502864806
29.1078039807
21.3353337095
94.6942920457
32.3655234091
44.2671073179
25.9058381741
56.9087489558
21.4394994763
15.1710599004
29.2343386196
118.741705969
124.284116969
45.4064342954
19.0813083734
65.4238549429
0.170594313576
0.124430663599
108.185412675
27.6563885397
30.8964279385
0.0369904411248
206.996398165
154.304602667
164.021167952
138.182962271
160.853061318
149.142615279
135.253205868
79.5822915194
126.542872281
15.1855458015
0.0617646387159
22.2729258132
137.71016494
74.4747631226
0.0703670322432
23.0721476894
17.5695924354
22.9279452913
27.6415761173
18.683424291
21.0295793587
30.6934510666
30.254444493
46.5446681595
51.576823632
29.711356731
34.8636915498
79.6627269262
88.0766423806
198.264733297
0.0994937500505
46.3911737859
34.2593247149
39.2341741296
66.9090664355
67.4300829994
66.0531186858
78.1787602552
84.1481927747
83.011285714
29.6037110743
53.3083055625
65.3767321944
150.0582897
97.2134542903
82.5827264502
66.8683157333
0.122286974946
157.942655603
25.0756936906
0.0603642661401
60.5194201848
16.3721317857
0.0719429650447
0.0754098169173
0.104009025286
34.6437753385
166.124022415
0.323094450171
36.5447531218
22.3374173406
21.9593820518
0.0616616026982
28.8012539901
0.0700022899756
25.9536020733
0.0694516906546
0.0777631640866
0.0726385062927
0.0713046166892
0.0876461253225
0.107712011598
0.097067835958
0.0932424290437
0.0850047773631
17.8325811433
16.1509861475
18.2272372602
0.0556130743897
0.0515773124131
0.0227220955412
0.0305784386002
0.0382692141586
0.0417997095052
17.9391176327
51.1796117499
22.5672754116
0.115018973035
231.589961245
86.2682020271
0.118198628066
56.6316366777
69.6715374122
60.0235725219
33.3365664759
24.1940250955
0.398232045052
19.9960144383
0.157497732953
0.1289330096
0.122006637548
0.0707535325253
0.0384740585997
101.840793045
0.104509746147
0.0387509255236
0.0459931178463
0.0477749643098
31.8805846632
28.8574102657
0.0642050434218
191.650855822
138.10240916
66.3239188313
87.8615567208
0.0834148922334
14.2902948024
14.4461186522
0.15391305668
27.0228636263
16.0321228539
64.9755784035
75.9524349612
42.5521074154
75.8807276841
42.217644659
92.5887740028
83.7382450177
27.3601425235
90.4717260299
108.349968244
96.2722715521
65.5762742564
21.4233466572
59.8935622839
31.7935865924
21.5145638048
52.8496980838
36.0031597134
19.6783953525
21.0364769221
0.0641039558565
0.062351773404
0.0577823768649
0.0526348042364
0.0436319746509
0.0570904727384
28.159967806
39.8219536497
41.7047445894
16.2622853637
20.3843356239
0.015317280357
45.8850189683
63.5711477387
42.7632521795
60.6317435933
22.9712425893
0.0300527968218
15.3004250676
15.4075378583
16.9559681632
22.7211894191
0.0369278599189
0.0291377039249
14.4989053483
0.0472135594663
0.0513651480991
25.0838529353
19.4979735937
0.0870942312524
33.4605580233
48.6038256881
21.9595527263
22.5250021205
0.0385630319564
0.0391781250203
0.0363068474022
0.0632592766563
0.135533171489
20.1152042239
0.0755790526509
25.2090715607
31.411451533
31.5865436507
30.9384265953
47.2774366444
14.9158167712
17.6203694176
55.0960997746
51.3141846561
15.8960736869
0.177678646215
0.175721076114
0.218287701047
0.0374107675281
50.2256227691
32.5105640596
30.0839092368
27.3879868961
24.2275660134
0.0173733011281
0.030811399578
19.8443246565
0.0257686460376
16.5678664452
25.8208110232
0.0099594871109
99.6446149429
34.7237762174
32.8951714886
19.6339548369
18.7492708135
148.873360941
28.503405925
0.0714853887782
16.5140026324
23.7336728431
59.908264518
23.9388541874
31.8700685141
0.157489276787
0.156515209918
0.146760441507
30.2965422794
31.5156290141
0.13163039057
0.103560133078
24.801733772
18.6047300043
0.125283562787
0.115463255605
0.111590610764
0.107780346988
36.229723514
36.6361720576
29.9903323593
0.0760654645061
65.7997192289
85.1011267543
88.2434414743
40.7444127347
24.5672601641
50.668466629
0.111020316895
0.0599602929785
0.0942295286492
36.0163668414
41.6153552384
95.6088171258
0.204165460316
0.127400587824
46.952458914
70.8469012063
62.2661381449
16.2624864046
60.991847657
88.975546144
83.8275291165
22.9828544103
58.4772412633
58.8562580269
19.1196069849
62.9647199827
69.9374484497
77.670537275
35.2733175247
21.753282515
0.13755351113
16.0009811598
0.128501209748
0.129793600626
22.2329337335
0.0797423372759
0.116718768924
0.151736925146
94.7795091887
93.684249066
89.4217868641
87.1911172224
88.9139295279
65.2844387134
34.533188707
27.653513916
84.3863578117
90.7381372561
82.5081028407
70.6455330053
55.4833360408
31.5773901508
26.3576743865
0.030231222387
0.0227969625354
0.0411511207688
28.0736341216
0.0278580895618
25.2790556439
0.0694142658957
0.0755778394989
0.0684731690841
0.057852982112
0.0424906683643
254.119269005
52.9476544543
245.208164352
142.658731417
140.007647108
192.041949935
179.036191937
45.159562104
195.104917396
20.5756423378
51.127898944
0.0712706254405
15.1703441512
273.360882915
189.630104531
243.007647252
166.384031043
129.725942402
129.749079714
51.5007427488
15.4188254987
59.8757112852
16.5718831015
0.0874110473267
0.0840288787064
153.967634175
199.751195691
195.121280117
14.7062316062
20.375198817
0.0696828638833
17.9236739365
16.2023768218
175.262238766
274.914044273
146.101242084
125.946544197
65.5534511193
194.477672653
255.898514823
51.4435217057
86.289817822
353.497424033
193.077815011
292.761867509
169.166013001
208.472595749
16.0834265103
72.0112922179
153.939602851
161.278522375
37.558455187
42.4710077481
126.786432191
369.884855059
168.090994568
35.4290143204
91.2254468
46.2210468687
84.3686846638
0.233989431481
15.8365004464
15.4781053325
0.242559629359
17.6267378233
14.8018202893
70.9417611048
15.645627149
17.1558241399
14.7427793057
17.3814156252
0.216849283657
58.091296236
89.2456116356
137.93780887
34.0570036158
126.242563063
132.65099218
130.515808155
114.561763568
164.941055534
106.923202116
61.1326716927
0.0639368593388
0.0657941239023
132.73448157
72.3236900795
43.842019492
14.788659947
0.0869429318387
334.455898763
362.858847495
322.181887753
380.120765819
15.6542374483
15.8256228619
43.6619553157
27.8357914802
0.0924463350236
174.595168403
40.6599255159
45.0765159374
50.4441706022
0.0908868509419
26.7997244339
72.2376662234
20.0339282075
144.636067625
99.0711752308
106.491097239
14.4652546326
60.7064150859
0.135240988122
0.151708946543
24.6492364125
21.5801820813
17.1191766612
18.8299314816
16.8837259612
174.98469093
0.0976657110634
0.0725606507415
16.7687123396
0.0617687699358
0.018622689801
0.0197630450828
0.0201150045141
21.6143649621
119.754544192
165.760878719
49.2848705992
110.403525082
132.031122892
43.3773374721
19.0102803663
17.5326766866
103.130655662
129.453328391
182.396957374
239.598218573
214.147886843
177.748466759
133.901547117
120.716586717
108.512983598
22.4068865444
431.192235749
17.85872753
104.470943269
379.534997819
306.71440851
328.388452411
297.463256645
169.709215122
212.076858098
197.425688103
228.419389302
207.814468231
109.609486865
217.043511912
21.2668493476
78.9089750493
111.576638707
120.455850035
149.286171905
184.38373665
203.122698418
140.603648796
87.5937513105
34.1067891044
47.9973088299
92.6539834381
106.421527355
57.6080110833
102.190501704
86.8263699677
59.7251331938
96.2686169993
21.1546497206
0.184635081965
46.9319048853
244.5359969
220.807349596
133.99141146
156.826244485
132.964487058
143.01969846
159.553101413
38.9471011361
48.1660942679
0.217881063054
19.7141131209
59.8963341102
50.9115196994
48.4604483119
21.5728575176
17.7213465117
29.1137381367
0.0471573520426
45.3269206031
29.3566472391
239.919506987
239.490310613
227.401008115
120.74978424
116.58650828
188.461515031
157.912125606
149.60423409
165.91962299
137.054581566
129.431765504
140.662804929
182.645163513
199.505359542
218.709589623
352.3075927
102.759685428
88.5288981663
0.0468271979494
95.595600439
16.7636586423
83.1815724639
0.0152104775407
0.00768074969096
73.181732118
68.2887477787
59.5224272923
33.3367203867
0.0469826624542
111.362654875
15.3003128815
106.116033255
0.0564861707945
92.8714217898
116.719215456
197.81395627
140.700804024
157.511349287
168.550164788
147.130517719
165.630374422
38.6840760618
17.7359277516
14.5309373877
82.7053099408
242.247295628
309.076697299
226.135750923
267.477575032
278.630797859
207.602977637
133.234404034
191.241339274
118.856324266
70.0821900212
114.34757268
142.099906799
108.721624766
75.9379189362
0.149287819397
22.3704994543
231.476585827
0.139009162636
318.112778376
304.872780812
221.265968246
202.943047355
241.222004062
195.869253586
210.640788773
210.558627148
192.663668433
0.291773232639
16.4773451224
0.27794990255
0.261369867232
27.7538013678
15.4498441916
0.279291892708
19.8927002922
21.7859648607
33.5067932957
44.4768582804
0.0129205087532
69.3689406353
74.7748443922
195.990201012
138.838946509
179.619641031
35.8379859682
56.3524200969
25.4017879096
73.3258386515
135.197371473
170.818484788
182.467561384
207.419605934
187.847181145
172.086033158
85.2486233469
22.9961398495
25.6471085699
0.112356939291
0.110657531934
120.097823538
0.0719523781435
0.148289148434
62.7071246574
77.2001745511
37.5408555291
23.3043907761
0.245004895986
15.3554345306
79.8493580706
101.898073566
116.663133622
58.2815273472
0.22259037873
15.5065787403
0.237928280324
156.232150163
293.54006861
230.657153886
73.4893711527
134.898578952
123.579000121
27.680676225
34.8243094613
0.783944411031
0.162915647763
15.7624190372
0.12044679393
0.129403347822
68.4665432445
0.0906692764509
47.301944311
34.3106708736
29.5616129196
14.9433867038
283.970512881
0.0326399210045
0.0417995357897
22.0905696375
387.57630188
383.179817351
65.4317383275
0.0908290548816
18.8710510285
180.525845005
235.672390837
149.779675931
112.223158508
0.175096580255
0.222116489831
0.249618364825
41.0937749892
0.124708128322
269.488149108
211.885915934
251.440300365
195.266084137
73.5611836159
100.444054253
63.958353532
0.0829893297261
0.108913167129
0.116582477006
0.135188183668
221.963671477
272.180918055
314.660179212
219.244329546
225.279742635
191.150655313
94.9174022089
71.1248600895
46.4350267244
68.5325043546
0.0993499457105
62.7343865791
0.34441456631
0.121924900824
0.202181447372
19.3009172834
0.21262055274
0.238814946225
0.271715357411
208.328796874
348.700747958
182.432874505
114.397961128
117.986508152
19.1796284188
27.2615373583
53.5152123286
63.595615721
0.358358188272
0.396354469315
0.348778520671
16.8693348478
25.5434697477
22.9737060195
213.342980276
74.4675429954
211.737192187
156.235755152
85.0367589213
59.6363042116
0.147076602452
59.569173928
0.20216540157
174.57922882
120.281802331
153.998439012
142.56997051
263.789242322
189.683633734
17.7814856949
0.163906688521
0.0987387027118
115.723871803
115.736564128
88.4352625133
0.0612135595789
0.0903445807139
123.749420744
171.713097217
223.018264004
333.94411916
27.4402226217
0.0968746351542
0.101657133459
15.5581281304
17.9997379927
111.910363259
66.0349301368
20.6260932506
0.161728794773
121.613258869
0.180724672876
50.1769389812
100.751264189
0.102335220953
0.207219961875
0.198011009797
250.19697367
65.4799696433
17.7814441033
0.345399403872
0.373225233472
52.0260898632
57.9495694757
62.3574076008
49.3498426233
0.407016191295
0.351196781474
0.530530902485
0.517284853531
0.516257690217
0.469288116528
0.459136037639
0.41787167745
0.218845615836
17.247408598
48.1766513025
21.281179843
0.39114900326
32.3788516326
103.186306726
66.6025664544
113.326824727
88.3894223873
125.710230998
107.451038521
114.328353678
132.350808932
86.6365455391
164.411231538
0.203784749997
43.4446494801
14.8562944473
36.2789421659
0.237431833967
270.864242027
165.004936793
293.998951355
354.950414137
311.858200637
175.567278958
205.950103216
309.156260155
79.8102590118
171.74770608
146.416762843
69.9839509658
23.5584450346
0.0461483362046
75.9556020757
190.640597461
265.053991202
248.711850844
196.9672
0.0815411907821
0.079734627284
14.8261412658
279.45804844
265.263718567
152.970284325
0.0981724139394
16.8842111674
82.0827395805
20.9310347213
37.9954539221
21.686241962
51.0589002098
0.239477642432
0.216434872757
26.0232198063
15.8649601521
43.8430342668
0.208179444612
0.205774575932
0.192572456344
41.2508727498
0.128957163596
52.4588703081
24.8704970032
70.5076448816
0.0441948237534
0.0464515628665
52.4445961347
14.0347840954
17.8132247867
19.5753594408
0.164127963818
0.0892579038336
29.1319738172
84.4925383418
70.3044719063
78.4458371086
59.4490641691
19.0221285083
0.10326144885
15.1204018769
99.9174990311
284.718391708
200.874482299
130.787199686
137.212825664
46.8681143317
42.9125219478
0.0740049590803
19.8488893923
25.6819961417
102.947301529
27.9352977741
88.58717675
355.895573273
314.880662598
278.14869058
109.914420955
42.5666336556
0.133776474043
0.104360581408
0.0632477727132
19.5372997787
104.304562447
21.432692314
0.112499086017
0.154679925014
40.8411880984
46.9795934286
26.1889866336
17.228666557
0.288603443951
99.9227965819
0.156076187456
59.6961320516
69.4529773721
0.200993449019
17.7599141459
98.045175838
15.1778624377
0.256376606878
16.8869993882
0.220440873073
110.372182814
19.65093137
0.21458952076
36.7713029745
19.7059019509
0.119938057591
31.9442176022
21.5817017681
0.129594725523
117.685388385
129.876202398
145.818955538
125.426838036
67.1298921168
43.1698087036
22.8495291613
44.1101286935
940.693549104
335.102689017
0.0983601934522
345.072768738
0.165404475845
39.6071152522
0.205409243448
15.2726199578
0.37059237191
0.331855839093
130.715827594
208.366251022
39.9735201171
36.8069813773
66.4547274899
0.0896855198896
0.324737176713
165.356470145
129.955661193
184.089189203
207.110179015
285.599754063
0.275639663115
0.134433095043
139.340105795
160.005251593
0.0986669765815
57.4260867786
22.7254965165
20.2111940807
330.654420277
167.65967306
240.655810112
225.710657464
242.447147152
248.578358444
0.074970541215
0.0860497952495
0.0747898203812
0.195861016204
225.350917306
196.554395027
116.728755243
205.048054131
52.894286569
0.279372811888
226.831607371
219.92192247
61.754607794
110.655084291
162.220570347
123.410103832
161.187794152
147.490602292
0.318971344469
84.9974264992
222.291162889
209.949273647
0.253731284047
0.286684127332
186.635983222
135.968964983
48.4358026134
132.389336172
134.834975255
124.197303012
179.777341551
0.236272348776
102.443617319
186.747850635
160.124084859
137.644539154
136.388769896
91.7382062804
150.511173401
168.524724107
128.279088733
105.038411073
207.250201105
74.8942940301
47.6530355374
29.142156161
0.0726868043458
26.3818221086
64.5514425654
0.214820374161
106.351164127
0.0518066107195
358.493006427
265.500710515
58.9758677247
54.0821876893
62.0299519371
19.3640183458
17.8346130368
14.2906782244
0.172954829699
0.0889248882941
81.0605646324
110.129357106
102.774550414
83.4184480355
88.8654516463
98.3514654863
81.4037449236
143.868157017
113.293496011
0.0392505787732
21.5443347378
183.809936778
130.064567611
138.640449148
228.962563468
0.0442884639546
0.0604200001221
10.4201047047
0.0851128806384
59.3130735145
111.311905659
0.140868064807
14.2218979532
9.06373458693
0.109514241235
0.0735122045831
11.1151367877
83.6362317603
61.7786317536
55.431984731
0.153597212511
30.7668478263
10.6606384636
47.4699322739
112.811386023
140.104779434
139.899777972
0.10351271503
162.842644319
167.25257456
87.0818587004
135.029344218
102.706465797
125.039472702
75.5451668411
100.536117782
82.1181117419
145.101303383
96.2334216278
122.720381284
152.427853416
174.412907603
129.932986604
148.473094042
189.051302516
217.926487991
175.046535828
178.758870963
83.3071448935
44.6299117356
268.24076296
44.0828262385
0.1018600427
8.65910487946
10.1476908106
9.91598923885
9.67612659103
0.156947375649
398.947720809
12.7675389569
329.440131375
9.18954965921
274.450547272
151.711995583
232.895471912
254.531439088
95.6927770105
0.0748404831705
205.702826033
74.3847372515
0.0690637161502
0.0993969088601
11.8970533049
0.128729559471
35.7190523473
11.1506643192
0.162536880349
45.5105271079
19.0532241136
16.4769535288
12.6711367613
30.7326732861
0.0585135340757
0.0638622026369
137.268016455
69.8134402663
99.0737866511
47.8067412827
52.6100979915
25.2278105739
22.2761584722
80.3426762077
0.00837585940305
0.00671808414982
0.00455826431755
0.00331898991071
0.00302878932816
0.0
0.0
0.0
0.0
0.0
0.0
41.7296096126
57.9539645398
48.0891198192
38.5912345646
38.4552635693
12.3576720481
34.6601011303
32.6372622997
31.67839189
31.9509916885
36.6339174274
32.5700433568
33.0188423488
17.2579327861
12.6665166074
0.0
65.2277242346
32.9908396832
20.4814000685
10.3100277196
13.721324505
0.00149750108401
0.00085163291436
24.4534551017
0.0
0.0
0.0
0.0
0.0
0.0
0.0
0.0
0.0
0.0
0.0
0.0
0.0
0.0
0.0
38.7130371588
51.5972292062
47.8772903325
35.1593100099
32.5695916128
50.3901123326
39.0465152855
24.7840235677
43.500019332
52.4311562809
30.5507518877
53.0437469597
29.9806622642
29.3962349703
0.0
40.7580250704
39.2990695041
33.752578557
28.098535782
16.6992096073
14.3123834406
0.0
0.0
0.0
77.6474493452
70.5387174006
15.9283575676
11.4672198953
16.2390813646
0.00164599454188
34.5436885855
17.0923232116
0.0
61.8177881669
53.0029512879
45.0037947304
32.4322386732
19.0488184755
15.0459601594
13.6650809237
0.0
0.0
0.0
59.3156790955
43.9872247614
14.0141511759
14.5885140791
0.0
0.0
0.0
0.0
15.4463752051
16.6777451654
27.0028032151
25.835648227
0.0
0.0
0.0
0.0
0.0
0.0
0.0
0.0
0.0
0.0
0.0
0.0
0.0
0.0
0.0
0.0
0.0
0.0
0.0
0.0
0.0
0.0
0.0
0.0
0.0
0.0
0.0
17.6714493753
29.9415661041
13.7354247465
15.0790788831
0.0144224707485
0.022255744468
11.4002344627
0.0172191118785
13.1125986763
0.0164035550549
0.0134350413301
11.7334015625
58.4004082201
54.6181394055
51.481238952
51.3804418128
49.8431319789
44.0859982498
36.683720632
31.892623035
28.4876976519
33.3991158717
30.7391179535
21.2950502561
28.9566712368
17.8845320007
17.0603055925
13.7472899879
141.300416637
94.8078798387
92.4261683435
68.4398023492
0.0297309975307
0.0306108327883
43.1356879159
137.013733205
0.031439513585
125.093863709
101.961169767
82.1837008305
83.8120853603
0.0275167189446
71.9774075198
67.3221033429
12.1087645507
56.4353357317
49.2054861729
13.7960168149
24.6341436093
0.0402071678247
15.8682667588
9.27934450253
29.3360139093
16.3720982615
14.8145927636
17.4295924208
0.0430572674323
0.0418627342726
36.5197145041
10.3349553647
0.0418607023872
0.0359112550385
0.0344516511518
27.5664511441
0.0370789715012
0.0341572216721
9.60380636074
10.0801664445
0.0564072880986
0.0609685746678
24.7292739464
39.3777101264
0.0707115294627
0.0717191977027
0.078633929582
0.0801862450281
0.0800798543268
0.0898098742111
36.9903442158
0.0810278728402
0.0759728409724
12.9140736131
0.0810226117999
0.0703515947181
13.7983728492
0.0922963992148
14.5774468868
8.59907525188
32.5604472626
24.3792957233
0.0249264540724
0.0224031837857
0.0193957336254
45.4242232153
9.19355005853
0.0303518193469
36.0544953787
30.4049467
9.06662181038
0.0348856814551
11.6042716537
13.44755095
159.615778223
0.0918576934461
121.048956833
176.528897587
122.835138552
151.631270081
131.229621676
178.82524246
191.382098949
78.2556246455
11.2723713199
42.8932635726
0.0846942761235
239.393276351
338.241605484
301.049758181
331.773455553
300.319719677
312.695546546
24.1123738163
183.844289242
199.84023224
140.172822356
174.847883853
142.961030274
110.137262545
30.7173207002
23.9772635817
0.178190584409
0.102490783313
148.980814829
0.0810111626816
103.630713113
0.0543389614904
23.502976517
0.129805030979
0.188130701767
0.115170875119
14.9603235993
22.9600556231
36.5484046354
34.2549044884
36.4400673773
0.0863763049488
11.5917777689
136.325520684
0.12395301077
10.9164479004
14.585066124
23.560257482
0.148561320102
16.7120460971
107.36975155
215.368014767
250.721667004
103.599118923
14.0015634601
24.8088699978
53.6495039079
0.130665295108
0.084680358302
19.699255475
0.0868319296501
0.132242250107
0.195806834992
8.56719152497
0.0240305097259
10.1074118068
10.1886945192
8.80665627879
0.0807948623273
68.8299622282
71.8433803191
113.333660512
234.664234842
0.121521855552
296.590007434
307.011782365
304.190415342
130.346999994
31.751384192
43.0165573662
0.154114932162
0.141992947311
15.0247817234
258.410338574
33.595204451
14.2042531051
395.204674351
398.037038365
257.892185698
251.546571848
217.923520526
125.092672059
67.9146998495
86.8648302469
0.0965312883691
0.103122189369
33.6158942605
12.2649228956
83.7382375922
0.109225066005
0.14636472487
11.3755295395
0.245326173081
11.1446998177
0.137383582048
10.8243298627
39.3506495691
28.1807635412
0.198019352121
30.9524562992
19.9247881678
0.155321123508
25.1231328798
124.552195881
162.076253054
126.852240667
191.752334019
129.762897929
28.7841591058
10.7078394062
27.4022191156
34.6147435251
0.117615347977
176.061659789
0.144275211685
91.0106425128
84.2057145428
79.2345876788
0.114404462045
40.3395666048
0.164772300589
18.0597288547
35.3085122827
230.140204932
322.214009239
351.632806015
270.148712467
9.29484807037
28.6407282939
293.582947605
71.7648913227
229.148277018
126.474877416
0.277576299317
11.1553921168
176.010105098
0.349796919245
189.798960965
17.3762014834
0.286638557838
15.3021238848
0.119061354567
0.168539337155
356.008113093
8.53927060868
128.279907719
86.4791576651
0.0792887742584
0.0810771197703
0.109757337023
32.5168725881
0.0896198805212
11.6950010837
0.102591334621
11.7053936259
0.118868028249
9.62200490704
11.8246633598
31.504749732
21.0035205508
63.4489306427
19.7238133411
13.4238780416
20.4574409135
0.249597244653
0.198771440914
61.3137764238
12.4158527507
0.217981197188
0.144326502547
100.095149731
108.653669696
123.777038282
0.0931260069018
10.8131939688
9.95720432845
140.275524073
143.181870405
0.145125146738
10.0781952146
0.12768330871
11.7135257539
0.151068061416
10.3880083102
114.837038625
74.8440754171
0.107809735119
11.7069750246
295.587302546
234.866971961
12.5726581292
0.144165659631
0.192252762525
282.920639673
358.51174492
430.944372934
190.128072975
0.132134205856
43.6612564352
14.408431519
64.5663475875
43.6308366962
22.5192022794
53.1680915772
11.4184889421
28.775655682
75.4266280527
229.055756633
200.733404001
33.6229242363
0.113213087165
23.2505590753
17.1176111056
31.7041762056
9.07412245602
0.22845254553
0.242209288558
19.9650188762
0.217566001003
52.1910618384
12.8072594007
68.2443118179
160.801729126
299.59226959
335.061874359
75.2163410956
0.170295501759
0.178027576414
0.105671737212
0.160038002517
0.119079507806
0.114205505314
217.493688058
0.0984467531166
201.825247244
129.537055669
16.9559217718
43.5213028924
159.678599685
0.116980827712
257.833548378
232.683488927
206.919004158
229.54106993
195.609049852
129.091923814
157.443194405
49.9410654939
56.2575499621
47.0056227589
20.5590373249
24.5295798224
0.0945286401963
185.193110179
155.643056908
233.86755513
26.2800497104
12.1585682705
123.947700803
37.3562600071
0.189260125
31.3442607956
11.0793869981
14.5190330432
110.436133224
19.4246481773
0.101631866095
58.6989585632
18.1829471108
111.14733045
0.0605244526456
0.0973922565442
10.2811547368
30.1812928198
0.133837968491
36.4641917913
59.245812373
36.2400056084
25.4229704685
17.3341351724
52.800617516
0.0644673259021
0.0803143957247
14.4307900914
567.706602571
39.46470281
46.8912721618
11.4620397118
25.9414755379
338.836064901
184.84090055
12.141540237
0.0721552625583
65.2513845766
80.3798749469
56.7267840643
0.0686108765424
0.0851889320963
22.7168072852
0.0361092129994
98.7512798697
228.888485483
226.682125923
140.954438119
88.0208867076
0.117162930474
21.8864443641
16.4141839808
53.1794414689
21.323757099
10.8081977392
25.0081292103
9.10471023536
260.370991697
290.045277439
185.696237598
164.723048186
135.752032915
45.025790071
77.4370339089
14.1769184117
31.3470626696
19.5497089616
0.171378665406
28.8790420802
20.3143148474
19.7939998206
21.4276508653
24.519329956
9.04334429214
31.7397936905
29.613372719
16.4214281532
54.0495285435
71.9590044792
26.1521900839
0.179125888948
22.8047940407
0.140804276976
266.130829713
17.6696734052
10.2573226302
0.21337143899
54.9928409139
12.8112790563
11.6076609496
0.109281514738
0.0999041816009
14.0924129644
0.0762838956608
12.8871637575
0.121119296439
12.390580698
0.19083589262
0.196914021117
81.2759486812
228.392833716
22.5686181138
97.3735360692
0.203640961881
16.0261303138
0.170347822003
8.78489544852
57.3971982775
0.0703363336766
29.9547055128
0.0899390929415
0.110112761253
15.8045142773
9.25624282591
0.0930190041192
17.9371043847
23.4055568604
28.9071439799
0.133865415359
11.1153523778
218.684361216
283.912710848
279.045747631
0.184825974881
0.114190991416
12.3841700273
20.4655969974
439.04682733
20.037418515
10.3246718861
12.9681049331
60.5592615725
26.031583952
185.657607777
120.116176572
110.515379711
183.46400961
179.802675744
0.0380082563361
142.440929499
198.702579296
87.4827671501
36.7178349592
133.35228629
16.837225327
39.6559796626
8.89448853724
9.70274613926
44.5040451886
67.052095438
0.0999888011042
10.3695487016
226.963979532
181.214739855
170.258707105
129.176069055
56.8796009393
0.128289065363
0.160633917475
198.855018208
68.8250465549
137.484729923
13.7280609083
12.1006273634
112.513267321
167.289929703
0.115777225848
130.175815629
75.8457866558
111.129884015
83.9857559782
0.0742814814893
124.824514813
0.113576675569
11.9202514879
32.0130521074
41.289958445
30.8283451256
0.11910726312
61.612848511
56.5649912963
0.115111830385
0.13649253065
11.7360006793
12.4102675577
20.7914157389
32.9075410259
46.4434755232
0.14234930412
12.4054117727
27.1623071309
231.355077153
293.36919596
76.8310649771
77.682202814
125.035926411
9.18823146764
16.3920756041
26.0384142064
0.0470290395952
13.5075076652
13.8947967834
243.485929307
177.531656468
202.1394803
156.811425355
124.563287834
17.8783353293
0.16134633961
0.16143187624
0.174644695097
0.0996452648713
0.0934938569881
11.0506617538
8.451493215
0.108966812591
0.109792735959
0.0993151129431
0.102112569279
0.092165767661
0.0911211071028
0.103702335852
9.14230858437
10.5843793296
82.4366801738
0.0858697486693
220.086825072
238.297902253
279.050385475
200.919897414
53.3578016834
0.0553206118124
0.210832503535
29.649525763
351.448862679
323.235813621
408.02398195
253.603362245
392.857204494
402.873284381
159.492452126
203.75139969
253.277348404
217.955784317
153.56095135
242.807702774
160.997675902
80.5268284117
21.627267503
9.37672259911
37.9997390662
21.6660117996
56.8907766999
9.78257170319
36.9958974859
12.5374352388
0.0327952212559
0.0494304178488
25.4851911648
11.0381736986
10.5556968566
0.0213671957098
41.6126556205
153.825799797
147.306745368
0.0
0.00476587216672
159.700524635
0.0223114382095
0.0121824768543
0.00678524264843
0.00713740664931
0.00878373410074
0.0114645169528
0.0128194930756
0.0127031088483
0.0107741215802
56.141296946
0.00783066307104
0.00827981911267
0.008521791382
189.769423046
357.305673179
0.0176281012638
0.0137175245901
148.775368414
127.643569591
140.882188187
81.8123581008
45.2652767611
0.00197419895785
0.0
0.0
0.0
0.0
0.0
0.0
0.0
84.6736827904
81.6135490613
0.0
109.355558481
167.023783294
85.1989026121
15.5464338322
97.2563345518
81.9015916657
9.61353065014
12.5815778124
0.00415308353867
9.25781575353
0.0
0.0
0.0
0.0
0.0
0.0
0.0
0.0
0.0
0.0
0.0
0.0
0.0
0.0
0.0
0.0
0.0
51.7582237079
30.7913680091
0.0
38.4050385076
16.1756791205
0.0
0.0
0.0
29.0100967365
58.865024855
34.0180408013
25.7958383179
0.0
28.4717459776
14.6573825338
138.658657427
292.96302804
117.738662032
22.26086215
74.182616396
66.8365846789
0.0
0.0
10.762356399
0.0
0.0
0.0
46.2733312213
42.9263139381
37.2332893751
32.5924255159
33.0602604202
32.7465344498
31.1014883183
27.9447561341
8.60392537338
245.113871977
139.689665106
178.79453807
96.8789990119
83.1207647886
74.5294680417
59.8605087176
53.6514527585
40.6962190786
35.0411963733
31.6004715564
17.58318812
16.6249385987
13.4831339981
0.0
59.3115374376
56.1775745983
49.8325033929
43.6490901301
36.7449531733
30.9101815937
28.9421151648
28.5992150139
27.1576189228
0.000811336424293
0.0
0.0
0.0
0.0
0.0
149.292373966
177.127331141
105.786723108
102.168261908
102.782954582
97.2030301495
86.4817074343
78.5226297903
71.2466722905
60.306046383
0.0
24.5833363232
0.0
33.0835476251
29.4499760259
17.6076799446
16.122011868
0.0
0.0
0.0
0.0
0.0
0.0
0.0
17.0709253055
0.0
0.0
0.0
0.0
85.3015806428
9.52105960909
10.382681021
16.2963088021
0.0099474664565
0.00831924332225
0.00795861126406
0.00764044654284
0.00731381907735
0.00701521487728
0.00678508059701
0.00656402221015
0.0062543022322
0.00584762174812
50.4900741961
45.1132958323
40.494353394
36.8537710574
33.7983976584
30.8464201314
27.7066413767
8.69847062736
0.0
0.0
0.0
0.0
0.0
0.0
0.0
0.0
0.0
0.0
0.0
16.5548719053
16.4292481375
16.3467255688
39.2544671053
48.5923837387
63.9717481839
70.4871485803
69.3758034692
65.6197298997
60.7371789655
55.6001318252
50.1107716137
44.3693077049
38.5240151343
63.260714924
54.0120873154
48.6447852803
43.4540357381
42.9283650421
41.9028211085
39.5224430098
35.2621896514
31.0753572714
26.2447373018
0.00255648984533
0.00224824687436
0.0
0.0
0.0
0.0
0.0
0.0
0.0
0.0
0.0
0.0
0.0
0.0
0.0
0.0
0.0
0.0
0.0
0.0
0.0
0.0
0.0
0.0
0.0
0.0
0.0
0.0
0.0
0.0
0.0
0.0
0.0
0.0
0.0
0.0
0.0
0.0
0.0
0.0
0.0
0.0
0.0
0.0
0.0
8.48843413475
72.9955133349
0.0
30.1353539121
0.0104223886272
15.9104663814
0.0188327114339
0.0182628118466
0.0179172643971
0.0174663544426
0.0167997294002
0.0158947467981
0.0142835117398
0.0125450963365
42.9066415439
40.1144972819
35.6867704052
31.4361748247
28.0849556135
16.8272175947
0.00154241755683
0.00144842503563
0.00135203236367
0.00125249560656
8.44596317717
0.00104828201414
0.000950001857707
0.000857831523753
0.0
0.0
0.0
0.0
0.0
0.0
0.0
0.0
0.0
0.0
0.0
0.0
0.0
0.0
0.0
0.0
0.0
0.0
0.0
0.0
0.0
0.0
0.0
0.0
0.0
0.0
0.0
0.0
0.0
0.0
0.0
0.0
0.0
0.0
0.0
0.0
0.0
0.0
0.0
0.0
0.0
0.0
0.0
0.0
0.0
0.0
0.0
0.0
0.0
0.0
0.0
0.0
0.0
0.0
0.0
0.0
0.0
0.0
0.0
