0.0
0.0
0.0
0.0
0.0
0.0
0.0
0.0
0.0
95.5959256708
353.89480164
0.0
0.0
47.5485420997
53.1948880858
804.260155975
0.00323733522934
44.7558601938
61.3286240798
0.0194472302126
0.0541813923167
55.094166599
73.5938721861
75.8758863626
115.57170923
77.1261878068
276.447661147
156.195013667
358.290793627
0.166078096937
828.573653903
491.26938671
0.184884590122
0.137553266956
536.254163685
520.974299363
0.13770747061
0.0
104.356631404
0.150225974503
0.153359785144
83.0624279207
0.072604504945
0.0708419856815
295.09854001
297.316430716
0.0495538373503
45.652112546
0.0417992856074
170.971706798
288.897778885
247.805733419
280.431380885
384.063296304
683.316161038
0.0901288916632
54.7955286297
54.2155027624
0.137834866643
0.297561066595
0.350662612777
0.394867191414
0.27816212253
0.447762305011
0.25851717413
48.0867895444
0.281888166503
0.336071502248
0.322095789696
250.747914844
0.328961184215
0.31323817431
0.383424175294
0.313559764307
0.289640348554
0.26559613214
0.253182382071
0.229443599203
0.158956785606
77.5311255398
44.5984263237
0.284805873091
0.36970868816
41.4586554262
57.7024992716
0.134886554983
144.421560595
165.715164903
63.0469936415
118.792245513
0.164043912505
287.725550667
351.998060412
352.526747418
356.91825116
278.292277285
226.50811383
122.439908819
299.512708894
761.853100469
313.598509294
408.155931963
221.302879359
163.645197002
112.754164466
207.124036123
860.016804789
397.705746239
388.93170513
259.992857708
154.058703877
277.909846652
261.230622218
41.6518813057
156.948646203
167.034246929
210.595765178
68.2869759088
139.867160965
131.441921728
0.271688398739
0.268253262345
0.201146272654
135.535115777
60.1154539594
48.4113375502
63.7878485199
41.882652217
0.290977418619
58.1095160726
168.296053874
47.7706689594
147.419983232
96.60455215
0.359839709981
288.185716139
313.067781569
77.2545220536
573.603283992
46.3083134189
49.984006943
118.050243562
0.516353108411
158.432163691
0.992228770278
50.2047756915
83.5822535574
146.313571777
56.5614264964
1.06847604054
1.09686015301
107.688100556
365.839485985
333.729276459
257.195604922
0.566846593725
0.928455771983
0.665226299998
69.1543930597
0.551520615296
77.459470297
39.3488975522
1.02091340976
161.584302276
0.493869090956
46.6724314452
43.3753525455
129.522923046
1.54574447428
81.0008986188
1.66861041575
1.52926192004
0.987536317332
1.14927846744
168.911898862
1.3685187966
0.837200757994
185.393696597
47.7895824036
0.701746819904
0.811573068813
1.00469264807
1.18352658522
1.35276892272
1.41229395691
1.3592579225
144.608972987
189.703878889
127.03602951
42.3433520895
152.218159784
293.090972218
1.15169610294
1.16004856279
1.10924196868
0.953989206896
86.7706140647
89.0716801509
0.562656520892
58.6218206698
170.154761922
134.408308591
299.729793897
73.9411499644
40.3440305991
0.191086253517
94.3642103814
0.0591108074261
43.5470511633
66.9585873957
159.192917256
0.0348812691781
0.0118381818481
41.0723658124
41.7707096935
51.3531616507
61.2404667801
70.6667850099
188.756010495
362.194454014
1530.20768601
583.819928248
313.144199307
323.3338049
120.180652585
277.768460029
341.051941742
275.355425581
295.347398335
124.073655895
0.127794694225
0.0
0.0656547884185
0.0960690808247
375.142583461
0.158476860288
0.434032246639
283.082944614
533.078237983
251.401280211
234.480154055
132.818588646
74.7974869104
43.5929471616
45.4934500613
80.5961951195
167.204619408
0.12351464392
0.1244682981
238.72397634
0.127224352458
48.3320412551
0.128526180033
211.039401101
176.439159636
98.6326987626
3574.70551485
2449.75847281
1898.87787224
1369.77290226
967.33762108
468.701884713
427.607803429
404.47685489
340.033459382
507.305423613
41.1673991138
474.727178193
0.0595062302909
0.0596837753966
55.3994375142
58.7782146938
64.0684536477
0.0464799541303
57.9419628646
0.0340216877186
60.370398367
62.8533295479
80.9073287826
90.1608892379
74.9716079941
64.1470470068
57.5003926857
58.4644663158
62.2216944052
65.463578085
54.6986227885
82.4955341536
59.2634853062
62.356616094
71.2487318907
0.0487060068551
0.0468040718035
0.116536658518
143.538610268
76.4240776725
71.8559508639
207.044826227
0.3338815528
148.069136199
0.0771599288547
50.0760055247
0.0425906593367
127.444925256
253.96753862
290.013457851
233.03204685
534.721428863
397.454539118
481.263921655
396.304660772
469.05799039
365.037828955
475.16867101
372.602511222
533.622085323
832.456191573
876.605269638
618.342259105
398.097893674
107.153535186
209.961468906
238.44965091
240.105984225
248.298369084
290.284020683
196.133648
164.113350797
99.9538307337
106.839976135
160.004775237
56.7216320218
130.103213692
137.700339767
80.8776445444
76.5745923554
79.4137027151
81.3749782777
90.933526387
81.1718894715
153.585280567
53.7361876852
270.005569391
266.315932096
38.7026733716
61.4046454339
62.2798582032
61.8676234536
143.149119526
63.7358604354
123.882458049
55.5925959805
73.457417823
80.453457604
67.2889020893
59.5325440915
60.2365090971
59.9717849829
60.4747870282
0.0468961849759
0.0476993264504
0.00594582062079
0.0
0.0
0.0
0.0
58.8407881832
0.00660200935402
0.00885860336946
129.175998445
85.4979874192
79.0619601653
76.0902969766
75.4380263536
75.5569834368
71.7210163802
0.0173848427124
550.738632046
137.174558515
0.137209861176
438.262777027
175.870568677
0.459166743945
48.676497246
39.6353264862
216.983002554
38.0103045573
0.378159365802
423.831392951
92.0260498538
455.27593162
0.42215134572
135.44797341
0.289171867221
448.944999536
456.360423775
65.9545866406
61.2679774582
64.0944504743
0.483291732633
0.364284163139
41.7700943681
0.334979131826
0.396470369707
0.414109974397
0.462248296052
0.536033457721
0.458318849657
0.516064895667
477.227421915
114.736413757
896.050983427
51.1325849005
0.346681149347
42.4631731957
46.8552115598
152.592681952
213.724277107
292.311913623
136.817193349
81.3881427688
0.833039207338
0.652135283125
57.6511020741
65.0301451836
63.4771464107
0.178457789542
101.420085435
180.171314315
112.92209727
0.240619995328
0.282522636782
0.198281570279
154.3128699
41.2237649742
0.124613248233
0.233115174066
0.151802769622
0.480521227322
614.469038802
525.802408716
168.638105075
0.123067842194
63.7782399204
0.0873279071693
0.0909002831455
0.0654973764029
0.0586820072818
0.0611154136223
0.0587811271762
41.9948780831
100.843173578
67.5190383193
51.2748736118
56.2826765986
0.144622628669
0.175028938937
0.120876818784
56.4194873172
200.601528911
314.453014664
159.285206982
377.785010358
53.7552823953
92.0343363118
137.555644161
139.263909972
41.7785429869
100.261453937
105.389427894
192.223196832
83.1892846093
58.0197293947
46.730199161
0.140334340976
0.0737776219138
0.0855698749837
0.150596344515
200.765249426
638.92577181
445.584944139
178.14558343
179.014195463
163.412896503
143.853882195
81.7915120908
71.2342546135
59.603676165
63.2822472423
67.2659152307
67.0065936361
67.6146277216
60.3042011443
51.6885262658
0.122259645403
81.0906438071
0.101999753802
68.8409578388
0.0853062337122
91.1161268898
83.3163741304
71.0615006821
63.8582390567
61.0098917373
48.179387559
0.23722000493
276.358135406
217.25236235
0.113132829491
57.8080114339
56.579021723
54.8091749763
59.4234349857
59.8584768219
54.4193371016
59.8009399841
60.2236765764
44.9750936633
0.154249890167
72.4187374889
0.242794659372
0.447142499055
553.9831077
232.602209272
1614.64287145
0.507353577059
64.6288900098
251.919119012
320.583389623
410.610172599
518.255446172
764.671097799
460.572833469
200.24994953
153.521135189
211.646897959
0.372514675261
240.254041343
249.613424106
0.382257857088
0.389782517486
49.704418011
5733.23201812
300.14220502
195.820083801
187.31706949
121.264594408
0.429691699157
150.460567935
156.411996321
204.812664602
0.550259679887
0.562835736176
280.470528627
173.977862625
130.432440761
0.573832221349
689.665322621
893.643256679
901.656554903
1.02144901143
482.582463935
401.324456672
400.072727822
367.452541967
691.582781043
444.930567803
312.097796638
273.662996995
211.669835075
163.160382503
71.1158450062
64.1863978159
69.7252426615
60.2789532821
52.1217129198
64.0054259513
80.1216556132
71.4442645921
57.3065428064
71.9675023051
76.6285483101
55.1165085169
54.1810933858
67.9270800825
61.9147303164
83.4254798262
0.492994213316
0.514344365648
61.4238487913
0.317817730192
60.7625773133
61.0286140159
52.942437011
63.7511045465
64.3834898213
0.188879711468
46.4253449968
129.04016066
46.8035467598
54.3594845218
119.752503209
2332.97131906
0.244553012954
0.286827034391
0.264215159414
257.627920291
83.7665339394
579.353212614
42.8026598389
42.5617638796
110.620728119
70.0945297424
0.559661446267
0.390218782006
0.623820818485
0.568114708208
68.8979607118
0.505334561848
0.614108304163
51.8215986392
0.894852244793
0.499096118102
40.1751145686
0.768544088324
0.572116685623
96.1685143508
0.445347792021
0.610431580696
0.422116255244
64.7950204177
0.425865574642
70.4872057074
79.5109379497
74.7674937033
51.5225904442
0.391235399406
0.674367843639
0.34574819957
94.5148659289
0.30574246385
0.431323434219
48.3817106441
192.976556121
232.779376506
96.2561965888
0.396301483108
0.481100811544
227.976488082
223.796874785
61.7517200112
128.423503012
125.284552045
79.4795133634
44.4560434231
47.1399178349
0.61185590132
0.481284382929
0.450051055364
0.377216508407
134.452119302
0.323395450156
53.6858464835
264.223186399
72.6004680119
0.254089764625
71.2069005522
70.2549074112
170.060804786
46.180969569
51.6853252145
61.3494728376
38.597321821
39.0251972385
0.37211520944
0.34691383485
0.313769970769
0.322704357404
45.7008926372
0.309985074717
0.408478716337
50.0888577787
59.7297241716
51.9567563666
0.437588686674
41.8373077311
1035.46280144
0.318197196566
0.412945024371
394.709758936
0.879557852981
0.67920191791
0.679801214783
0.641502546451
0.636506573375
117.97199946
73.3384331592
165.084356888
79.0016533749
60.6736796781
0.515299075874
0.3341356444
93.1273372962
94.9149796037
87.6310292739
497.501264068
266.295004986
261.458650864
222.266265772
185.488227289
144.72368211
102.336679116
92.7296540347
82.5055103423
87.9554688729
75.9948653785
80.699916866
88.7174148342
88.0649064151
83.8304753058
87.2556561427
81.2875765135
73.717155141
71.492865471
771.876776472
41.681467604
57.9231964068
1124.3843117
305.21213365
346.009140912
280.673017026
107.026652792
63.2898615543
193.774991281
235.162109438
40.8805777235
0.146810600516
101.618356331
98.0981804342
79.3405320021
75.3680705679
153.435404249
68.5444100141
40.5147561716
205.089428398
0.715809782181
0.560003794168
69.8012502902
74.9680286544
43.8775618465
47.9575270333
0.113051294208
60.0455753637
0.336247020717
43.9066044938
38.8694142494
133.444551448
168.135754956
0.112920156765
0.0974895157052
0.149389043454
0.264261225918
54.2994912362
55.5073119029
0.373714989328
40.3659893894
69.9434579888
0.334279773935
0.4314997008
0.384146162947
0.357469973002
53.6759738369
0.435060293396
0.451734860781
320.339674295
359.536909371
295.539306435
79.2017162767
105.260467304
223.336527108
55.5513406709
272.55057975
79.0903672645
0.420486374899
0.520413632235
111.50946984
116.81340516
0.28190276944
0.496607383973
241.622662626
47.1363549102
114.146241826
175.913754605
169.20458463
126.132992467
78.0488240503
90.5512055905
88.5479872348
56.1711111853
277.506041731
187.906105114
160.704622424
124.283873915
0.255941349075
0.231936418292
597.36661703
0.179359884435
0.168591201206
61.0658205584
0.194224112223
0.219720127581
0.188671913211
0.168670905525
0.128216657786
0.145801169557
0.152050959738
0.185281180634
88.6774689867
55.4188128809
43.720183538
0.429597098224
257.974078593
0.133943925776
235.398382621
0.239311187171
0.208572252768
0.137325623056
198.960225297
61.795983711
186.878486255
50.5606778809
80.3525951802
75.7542804686
0.190472917888
55.7003446224
42.4807596641
0.282509619283
281.746509437
247.530668964
262.564464286
281.553447333
167.862431989
500.000751719
402.892555046
235.457011596
291.054700391
432.727759643
506.813975069
423.049259657
604.465789882
0.525248082399
0.33010420134
544.862023136
449.992227021
241.073914145
177.624150518
233.515039197
257.995382432
325.826285095
227.220228569
245.260303646
219.748804214
213.904308326
134.140394057
205.761602125
140.885550097
83.9683624805
91.2230795403
0.60430798485
58.2685148454
317.526583408
0.404732445688
65.556003962
51.661336898
0.443026483215
58.2219204009
37.9089389904
163.728930032
105.685964202
211.339198623
182.237026033
200.467876914
168.070309861
44.4051683422
1649.28827202
69.3894618953
210.625938809
265.058307427
534.977499287
902.900375513
794.325886193
932.624707823
123.570414462
0.347594504625
118.007298992
92.9757990982
233.161168553
302.176473037
188.241013327
295.435247956
341.726239433
259.044520108
267.96663618
0.16906111479
207.488450893
193.722153363
116.608136445
184.955448826
187.123378998
105.276605112
181.891974608
132.863323577
62.4278087837
0.77402356802
52.8310333654
131.523347318
73.4602966975
59.4885407094
63.9459425897
73.2902765707
72.7664139977
0.62239693361
1.00530506701
70.1810202451
0.820444567441
321.837381611
106.702494337
99.2011733908
84.3411702381
92.192490673
566.042997343
71.407305974
56.0357304501
162.934191802
130.908322046
119.351258878
168.232989309
131.847644817
2.06703129395
81.9894461299
0.636571405897
0.885498961498
0.785788611953
0.963806677526
0.894622027323
0.914165352349
1.39206751002
1.48909540491
1.46291137715
560.503563056
544.869726695
1.21374932292
71.0071942042
402.376550805
297.469711805
110.488589586
113.608698024
73.3720984992
264.82621871
195.806184744
239.922675986
59.7986458982
244.768707191
178.012525302
0.61576387827
164.451344579
183.690797823
0.629692570901
0.589942571955
43.3105917353
65.6888989762
69.8600569058
0.968687169285
202.805231704
185.667928543
54.8765126885
47.4603873257
1665.00768318
55.4920240241
0.707609172011
0.297347055404
275.995276023
545.700472717
193.655630602
236.89877803
213.194845277
142.792522666
45.3766209013
1.33345288044
0.970304970489
73.1782902
0.973843303321
0.885109024977
195.750433512
158.841493928
0.677177397166
584.496073401
431.358152904
720.095281885
459.795725974
166.84078632
298.506068023
472.382825355
335.454839508
393.052828402
154.858852003
0.383203992777
0.831539705767
1.35719578473
1.31265888861
0.821933763274
88.8256503358
75.7805375263
67.7582612253
897.188244985
66.3950184583
52.5871153263
53.3831904527
52.5586362677
0.562487147945
88.199998919
249.39495576
181.893372671
149.106758033
213.086074574
0.808553055252
0.909833726795
0.677167306294
194.851584583
356.064529267
1.09261410415
0.634473493594
0.648481964349
90.7115087332
151.047978745
0.926500568436
165.83356804
144.411325799
65.285297991
59.7949929147
0.783725177716
0.908167982913
322.776456998
0.650895287576
58.0891436771
0.813601149868
71.3218038157
69.6781748157
0.845966919496
0.860207660431
0.986936079619
278.66846622
1.21295807972
261.27173101
257.02633308
229.386081845
173.037800648
107.483630445
91.5953298851
79.1932062578
68.2019484885
1325.94577686
0.256554894176
274.419520256
258.236281689
248.411668634
38.6951463005
195.738228951
173.782406663
196.26018974
193.020130943
205.055805844
191.904594346
183.578088932
226.776871211
85.4014969488
45.1681724358
1.05777082619
1.4736401224
61.7341612276
436.750450292
267.513820488
80.0052236409
83.210545487
215.321769237
46.0011437335
42.8819091497
0.594183466844
0.990293129036
250.649648641
0.67283360154
204.730403698
173.375574808
0.520361760947
66.1250230726
232.591741244
107.998227863
128.90332934
621.658980769
54.0770419663
0.394962452821
0.473032422722
102.864991232
0.667970017199
70.9908369287
1.01507454213
45.7667006681
53.1633905951
98.2860950472
107.908677162
164.794737353
143.178102326
73.3362468201
0.603153631081
355.420410813
325.922551168
240.626097896
188.908898067
46.3572146341
1513.11052551
1817.53804893
1053.87835726
82.0403605588
187.817715782
1167.83634945
813.649240602
49.2737643026
774.687603438
471.139056167
448.593084781
193.20938845
117.668949648
187.609820402
238.057183631
225.27076467
160.533770619
44.6537989665
0.388689123534
0.527744282063
799.149763823
823.314592584
0.888992896621
1253.12227842
1240.6524436
1265.35671263
1116.18270389
134.815703344
0.635873547434
57.583374745
59.6226854377
0.486798010871
51.2669449322
0.692347815381
0.645410865345
0.909240396389
45.5884778849
0.422435095504
0.484663676815
636.237340087
1.04202748877
176.6530302
212.175328891
98.8773049269
62.7486155153
182.215226941
221.069697913
73.1931404448
164.705582964
116.0686673
52.2576295993
61.649900363
206.874326005
142.279178594
97.8200295266
0.297907853481
0.29038435215
45.2157918996
0.660542746025
0.441524053664
126.347163856
0.964035994357
1.33619098017
1.11341750815
128.618712621
164.660130982
504.147995986
494.888859367
461.702517913
312.854358258
81.8147457819
224.963027943
150.917158704
109.76518632
67.0434387111
0.582016351571
1668.73714726
1198.37413881
1192.75354038
196.104664535
155.269124247
307.617645487
177.125980451
259.554092092
1.0842542445
1.26763655802
2191.211689
1618.06565185
7326.18163188
0.704332779831
3172.29075965
0.871380315121
61.8359282623
0.491089433594
1501.08576249
1791.12116452
1214.05913666
1051.7522954
2760.83107975
71.5174169726
79.3440974275
84.7730370831
1734.89100414
96.6391640142
2368.96103983
0.323534084297
86.6001941903
42.4812116821
1750.99245921
1.1493259806
212.943136975
104.006833629
438.765482199
236.098501789
0.692708767523
39.3019119633
0.930781801238
0.800990758736
0.686380994367
197.610217565
102.914975988
50.7156091653
49.1955304563
0.805860603014
0.729382662547
203.697876693
80.3819638074
270.731913325
2240.53354444
300.053750194
340.074473872
309.491149182
78.9707835023
212.728587409
1.36343108291
216.94026816
1.71296735783
1.78557283313
355.524241344
209.522649039
67.7578862588
1.8936402104
78.2357552071
83.8739565957
76.6106258264
78.6834113261
51.5471355233
39.0358955136
137.974270398
178.424087178
0.84532738601
255.026278563
0.562849008423
305.85231146
275.035989689
227.903357683
138.410832548
55.6843139396
1424.63785873
40.3367612777
93.640823904
68.8114467367
69.8608680405
199.545925277
58.3426756638
0.421210416675
108.686100294
55.1565506072
0.64874585449
1.33192763903
270.629739763
190.993208691
44.6659362414
0.737425188695
0.0941999167212
0.224788071648
0.247948487923
0.289175284405
148.390437299
0.461171502212
215.756519425
234.524296426
0.428111909779
0.386849660858
152.131757471
182.926404241
0.230115150121
0.152085253131
0.137920131104
0.157310806573
0.195381694642
197.349592945
0.163227612521
219.625079746
0.191250201717
0.176559136772
1286.22467897
0.421190833364
0.602773662296
0.681686032515
3236.93222843
545.2300273
1727.04781971
2495.21837516
1311.0723632
1040.03092794
1.01444546658
1.31539172542
1771.55567268
694.417606961
324.942167982
1.16171939396
192.115007857
371.923408901
1.48459291168
0.843670491633
278.361080951
178.02862815
208.22426249
756.504993169
0.751024597553
2016.36465208
510.195934975
1078.6133355
1433.00382384
1056.90459892
1090.80851611
284.910676446
143.147975781
234.752440289
0.417374111791
0.316758057941
0.612858516893
163.123321472
544.304657104
0.366721573848
216.976129153
444.681182782
877.804244953
1751.6817943
4078.37722845
244.792757338
0.516979727852
0.5491842015
2052.3159708
1738.0536359
591.188786269
670.602503761
0.771769833073
564.517754902
0.995450067827
184.140690724
593.382465367
0.867347371942
1053.92788446
0.313538258699
0.353850544197
673.698487266
477.027204302
0.554680591728
536.083746643
388.944955415
958.703843374
0.188943764132
602.785249544
0.418747404659
0.495762028282
499.217230374
0.57867518576
1.11087352813
199.631690619
170.86641636
245.200250363
1.85326898628
200.499095644
1127.75529577
1343.50535229
1947.44586374
1831.7614317
1913.12113052
1804.57511496
1645.4312746
1534.83372727
1548.50384105
1329.40013325
1534.63767878
1333.38268943
1560.55951168
1734.06813158
1733.80732696
1.09215967873
1.37999564154
1.72983563887
1325.20574555
1410.29536365
1484.57233203
2.2028913014
1.01475537705
1955.38977495
1238.58681104
1470.75737759
1472.85321464
1.87617013534
1442.93282964
1301.83690501
1269.45741189
0.870658687446
176.545290872
1348.48821429
1655.18148061
1804.9748004
2128.3866061
2372.16401958
2281.36706142
1.3989574324
2204.56328911
1.23364114178
3145.06557892
1707.70855098
2768.22551102
0.904877187622
204.029480091
223.437150142
1886.89174783
1.87820296726
178.545770211
373.888305717
2117.13187762
385.610005933
233.983449944
212.576794497
159.329185893
371.377169365
146.019018011
977.712895546
192.539843773
247.903724865
185.656579
217.698608512
332.460395858
212.463977871
441.517779254
0.973344142251
1.21711471307
184.023419516
188.578891431
1.59222575835
2.16017058372
436.010073062
2.41257145036
163.314761351
175.709863677
978.429050012
1533.39365006
204.870705561
336.032256111
232.808913487
185.313367948
2.29813330575
767.263163562
2.27895155186
4516.10730472
1615.85178371
3.47672573573
1004.57508384
1186.56663058
1233.04573814
1024.28769443
504.823358626
1083.77947183
1281.56401747
1092.20775029
1.30537640569
1120.72126429
1573.91754962
2250.65384176
1818.63422283
3461.99180072
670.20172521
623.692702591
2.71579132449
2.47724130534
151.83076097
446.872281112
2.1389333752
235.078314113
3.04332983328
2320.77744592
174.936141769
596.289384968
606.397172854
165.042937389
372.502472518
435.977633715
307.072329966
466.441593032
279.501924423
162.502678211
2.76104576164
199.049096968
250.399298983
2.42325723054
2.15232871012
152.291619158
1.57532215731
209.434535049
1.70242913828
1.75369800033
2.13160185067
199.842256925
155.410676412
362.475442527
230.660030675
577.426703042
235.591352919
1.73942679824
215.287672261
180.786331657
291.070504508
4532.03131212
550.946448268
1000.51605487
995.686770516
681.030044066
595.885274196
246.364862265
182.95849374
2.4225932077
6147.46686769
4659.46779295
4992.21919939
8635.33675736
1.49901184317
339.736056096
1.36507743833
441.807369512
1265.47873787
236.819037719
1.66423544088
2.76005800159
512.858201024
186.53196347
1004.50019945
3.21302525461
1808.86024464
210.162490955
183.149524118
754.522388511
2.36265887714
2133.1405903
195.21765485
824.86815694
358.772239486
0.637081630238
0.791015704633
351.582185765
909.710735573
962.734481154
202.370235381
438.371220158
1.6302422526
1.56330887371
1.60448308832
0.923035918072
0.6251786986
249.699094648
373.378551651
928.345384574
666.776044207
674.249565746
593.136960888
598.978565761
609.303110497
471.713492285
191.050886949
464.63886982
0.715165925818
156.5430127
1.84955325148
392.253726346
209.96243744
306.19507423
1.78481290432
1033.93899227
323.600361395
2.0529739712
2.48865139614
367.758470295
1.8721592043
1.93042473406
2.2056467444
298.487202847
306.231449369
152.508582216
1.68235023866
178.175881208
1.21971716933
629.741661814
1.53638854239
1.34906250791
196.856338818
525.634447766
200.679967037
616.489863209
505.025943027
335.276579877
289.134020574
171.302251367
1.70318089715
166.552588313
462.821621258
1037.13710951
320.657842294
752.104484391
1.38289499934
0.861881047016
1.05345703206
308.779376924
0.813861407865
0.792988622601
0.849471651729
0.98199074772
2.01268466726
1.37906640734
413.296606882
747.19546697
986.402557637
845.792265193
1128.76615093
265.465908328
176.56031439
188.738697828
537.946088904
2.10747674234
174.523112573
1.56234329125
1.71673667738
1.11607850345
1.0394303138
0.712200459432
0.916740279139
597.415482757
1.34231435598
279.784558799
222.950181702
254.59451229
1.58151497076
1.32968920303
1.47498006936
1.24081840649
1.44426141593
0.848899238746
0.906537749621
831.511593654
196.481331994
162.769204515
1.40339596921
0.985252774153
1.39349820682
1.19693151204
1016.49511575
205.715058726
983.095577413
3.02473855722
3514.29210226
520.169600344
1056.07823701
477.793760231
199.881069618
274.861426156
2.2346073309
311.718346175
502.281497167
167.907762646
256.075198134
503.461795436
257.483106701
0.727159484215
686.516486711
860.323595323
1593.88429696
1536.58285284
0.389694464079
0.603504626278
810.604516715
588.089990112
202.226118769
146.435122607
540.4738499
1.675740612
279.654597963
151.362289925
664.085615874
922.417846448
2513.16120027
3791.90536933
3312.47469891
2417.77864197
2293.98776918
2452.01249402
754.691205291
279.916351983
206.802296715
452.685412348
0.846360342266
0.471323724647
241.802262401
0.916055438659
1.02994882719
216.882209719
1.03244093638
218.338233551
0.613974701619
200.516433528
226.55503822
440.614531021
0.484453157367
0.872688723667
0.732696055522
0.58117007234
0.819748103368
1.28430026915
448.288795948
1.58282094637
1.12407812098
415.208437002
525.992495994
1.31322265014
546.824423812
186.779711457
1.78366922262
231.377157943
212.307614243
421.125346954
181.241369534
1432.27117271
2026.18449826
1393.9715318
1668.14893039
600.782251769
304.862269037
463.190005813
519.293481206
330.79464396
239.361329987
297.86600064
1002.2501793
559.602522869
1.64074856363
3.1902421932
2.55266169456
4835.00978522
2.64274314898
1.46560568695
548.729378139
2316.77943611
2513.46271835
2986.155138
2304.91758038
2.01634180941
255.735654707
917.067765668
1578.75125045
1738.74539064
1645.08067407
2001.29742226
1691.89248323
1690.74781428
1428.28738753
1608.71554632
1755.85613339
1811.9830941
2191.21051734
2948.3715
352.384568955
349.882109474
4.51683099181
1.93164539464
270.429041579
240.899117746
1.66383388919
1.57494575527
2324.75992128
2243.30176826
2310.56564888
1981.63502127
6121.49401825
539.765082687
425.431921266
619.124466628
275.541525533
228.025287823
583.817384183
2.6801390938
2.17887983056
193.746598619
3.05777111546
165.911498359
0.663387239483
197.370363716
652.087625952
1344.64021743
945.469202366
354.350767616
1095.57442256
1329.4408689
1.6661471003
1139.31198712
1317.68930913
721.268017608
176.022159976
557.363963082
627.547959839
174.73999519
175.231173858
224.397090917
313.852004206
1.02890604618
1.23879442238
1.41815158096
218.317022277
713.928367879
207.797713557
221.70592156
1.29927633714
665.284260014
253.002455178
152.941306547
0.708848707134
0.942874573937
2813.55743641
2391.71568784
1.23351704874
4660.87438537
1.42424096792
179.768716543
1.41598643246
2.00338658811
214.974952219
173.181020309
4.15473939497
763.834027687
3.31119923739
867.641632241
203.402449226
428.672834687
1.76778939046
552.898100451
1.23784932926
451.093404281
943.419114601
1288.73713821
2433.49504982
216.688024349
6655.49081379
169.861544555
3695.98988502
4600.55358907
2580.95457176
2103.12822653
2986.50993392
522.35806817
876.214488623
2108.58904127
2643.08510874
1097.71807024
866.789800229
6042.4486057
1.14841635573
1.14334473817
1.59846211365
505.251408136
173.402777183
585.281401107
182.384975976
1.67552268926
2.11777482053
155.764053446
325.58206581
504.783553999
5662.14948304
570.315007644
616.715880994
2001.37869618
1886.93509737
2.92104071084
613.048596735
147.856938242
337.165587543
266.950251634
241.576265514
355.872037393
719.351375109
1.18136727897
1858.10146751
1988.77307264
4077.37237312
0.909019982254
0.724986139854
1386.09760411
2.12095015099
1.22232506371
183.941982348
555.485682318
169.327261881
2.10583841001
0.948689282208
206.398090178
1.38324149746
1.41581017426
259.602815926
350.439314137
409.002793951
452.111013757
234.849222716
1212.27189775
200.249592319
1.82669820265
146.988166869
177.704689948
3.17839279371
3.07424954973
3.2004142564
3.12970556573
2.15183159247
469.029868441
1.48182884115
2.24967369778
220.2761022
300.984610408
541.131623329
2467.85352402
0.960260021367
1.25288585787
1.65403985694
2.12858380399
2.48723926612
2.47955751897
468.913896761
274.756206208
2.28701290798
186.507666906
2.25033482641
3.13087275275
2136.05665807
4115.68516429
3.59050101317
4.42092414788
3.36897809258
916.879057023
2549.71711356
3380.92511904
4640.02609346
2782.271966
1212.1589861
179.065442041
593.153002164
179.068674599
329.373933854
143.693705454
171.57835074
2.42012452533
2.88946852967
226.957479379
2.39239463908
458.95042506
3.50812420028
203.069450329
2.51821609401
1281.62377598
4334.05740864
3778.70399029
1293.816664
477.882959493
1.02153134881
1.56462461462
279.229957788
0.887807593423
1383.06796927
0.825330481657
1.04513449106
198.660187287
149.050466756
1.4410305882
1.4094885853
468.009839967
1.08807197639
541.219829655
575.577800695
1.78339097229
8980.56081109
209.191308458
2647.03456533
1003.53041397
1421.63547982
916.813927324
957.311135946
1021.23831025
760.102011752
180.260195139
269.830095705
372.114797312
1302.53419587
380.821200004
180.975653367
349.219386371
9243.81038077
5325.85737088
4916.22933678
2411.77332504
185.280853544
2211.41436212
6180.75413
5520.58850664
4720.00391228
2987.50070979
4390.72424063
688.169298913
4657.05077796
6374.10693283
1.18327238537
626.172386877
1.08577793888
424.989832405
571.712738359
443.044155999
1.04449440328
0.531122305537
189.01861128
239.178969781
241.034654788
0.657991263934
5514.10623884
5663.16146743
169.891052885
4083.05379337
180.764684146
7149.49480908
0.558322014363
389.286631929
1.7834681273
1.61633668486
2.1498868293
1.23478377819
812.435624727
612.428345566
512.031044234
549.21603456
324.413295051
0.789842217905
1.04355141923
0.616544351194
167.664912987
0.710630582004
0.676594616803
0.652797533994
0.613582887432
0.509508026931
0.496791525004
0.527217255417
0.494344323184
0.398530281479
0.407041185475
0.630302230269
0.536570842504
0.488950405102
0.487322015272
0.335437586559
0.488902142053
0.380365102452
0.3430681567
814.375915048
645.309635386
0.347603924476
1127.45428921
1102.05610554
202.84403129
222.570397001
1017.28383538
617.341951102
5172.78264276
385.417450932
717.147648564
0.198921631468
3893.81772914
144.323024761
161.826065978
2972.37853755
1740.7746613
0.0
193.795995493
0.148137927889
626.248556926
346.17561457
375.449195036
336.829739221
369.21528039
341.406214471
279.932443844
287.38420673
292.649980999
288.980879396
272.500166045
211.081818623
0.0
0.0
0.0
0.0
0.0
0.0
0.0921823203518
0.064962840152
0.0582846640381
815.650677248
166.154377455
829.532362267
735.428086361
703.162906533
0.0
457.470173369
0.0
0.0238740253481
878.187391448
785.731666363
494.420742318
397.998784474
322.752639013
248.259113714
199.747695659
0.0
0.0
0.0
709.735407741
751.792578397
637.692141035
412.412718895
358.753478385
303.943770762
194.0341484
0.0588113919955
0.0457321183087
0.0211070656311
839.663305272
2157.52229036
873.951135806
753.713722059
613.41798268
354.397504848
0.0722823918865
0.0715882851107
0.0403705890866
0.0369120875561
0.0
0.0203136440049
217.467530528
171.373374868
147.910097758
890.01341638
388.959684769
311.380806897
283.568105358
270.058971859
247.325562343
233.323045597
235.510889233
224.018119541
726.722842219
1291.34808195
631.892352922
380.065419883
264.297131214
0.0
0.0
0.0
0.0
0.0
0.0
0.0
0.0
0.0
0.0
0.0
0.0
0.0
0.0
0.0
0.0
0.0
0.0
0.0
0.0
0.0
0.0
1633.54971147
2923.8159008
1550.53830358
1302.42147245
898.016991399
422.742119081
377.412505602
318.308116933
221.063622478
305.642468557
3392.98113872
1762.82390013
1263.98097824
902.06229224
438.045804841
408.842192396
579.629583225
388.130680558
406.127370088
573.300807501
245.623659755
246.803528145
0.184487406508
0.153784556189
5086.16079388
2083.94324113
1854.6546302
1583.61005191
1350.12166401
1216.84660959
1231.1516346
488.244718869
742.59915259
885.658768846
781.623001995
329.988279638
908.380634281
1112.16500513
2769.1017693
1056.9133356
1076.89303777
2209.02726771
0.162363138788
389.862217391
351.25009421
162.952991183
362.111600272
174.877421506
0.103831608792
290.230003019
281.526470385
0.0256124278701
0.0232448073975
236.104375915
0.0165602151641
428.971950876
292.747816006
0.0577785829255
0.0856423267187
0.125294764125
0.132514907421
0.147946341166
0.138403106869
0.136292064801
0.182962290749
217.35760974
707.492936636
639.540739046
544.912459247
0.386752383676
282.481628051
314.420346067
330.365812468
319.540183241
297.886464379
267.636433758
213.73718579
0.335354105399
226.608811865
0.20470934132
0.108603765107
0.269174313817
0.303141135025
0.357006700719
214.877541178
0.286965311442
0.339338511573
555.878564951
0.3168051468
0.278783506074
0.265285372509
0.263642636483
235.631247376
0.271601347885
0.304074067654
0.388069695476
251.404582696
277.144162607
276.029267503
224.208226778
562.447397691
281.365319932
0.248512085141
0.264653303115
0.521730718384
0.461064772075
144.545788415
144.262830748
322.091791152
0.393067285062
637.828881408
0.577104272398
0.400758497051
0.25142455414
0.148946850186
0.284442260239
159.594029479
416.445563473
256.949486486
203.807090616
178.233850261
321.821766483
510.399451404
674.809026502
0.36703169308
400.877938565
661.249621214
281.883317316
0.172598042144
249.292635184
0.417581519057
0.411786704006
285.435551944
386.112067526
483.708468232
0.704100998878
0.669008637046
0.689668843433
431.630649662
216.220271773
0.876915022587
1.35512373856
1.0436588633
1133.34524511
942.621545872
328.008757756
1.7468991755
150.962530135
230.330341156
281.161540236
220.664985882
346.851281227
720.904665739
757.044248261
584.405856019
209.626727419
1.00073037711
247.512098786
0.702379614372
0.790688355368
202.620086676
1.42258203293
1.5145188168
1408.8141848
1221.17393777
3626.46990141
1.2309444738
1.11463052337
776.848039208
353.453141805
152.278260627
271.727019994
617.717369558
653.049199344
622.581404557
757.554135573
839.584799997
912.226323621
164.762464233
1274.90003193
801.209560373
247.242768531
958.141782321
1439.41936513
1319.02057723
1135.9024502
1640.78751269
954.853291444
1296.05629801
693.056325488
544.865327683
1266.78615728
3.67260676953
2.59302008933
157.995392528
467.879572748
0.909596328849
0.881575338675
571.66264382
0.817366967477
498.827772534
885.14146373
365.761932426
1.66334983048
301.837600466
755.325511549
195.973426092
235.951571641
1.40618065199
436.359363171
539.069463149
231.879194229
216.570838775
258.93187574
0.634741020996
508.810675693
155.07017198
198.196069137
222.602070171
155.920082238
0.861530299122
1.22490422386
538.251558222
504.105205727
0.805589664178
1636.69430314
0.561502474551
649.713945342
523.218762263
0.27960946131
533.710864895
146.071332621
0.172304543167
0.181424389426
475.43752875
389.856643937
0.427048688502
0.821311131508
384.317888935
1.58442223067
351.43002912
343.485458515
635.64485566
722.227188465
1.50893800943
1.49536501776
1175.09852306
1239.52222221
802.625124601
1.01210769703
205.550811934
189.708247083
561.859714687
384.636888168
182.418346441
258.192065175
234.367320782
1.27659403314
767.449428034
688.216235575
550.37815969
233.430069731
161.122884176
606.264860411
1.54542285533
1.84462622164
1128.62946982
2.07501063107
1018.56229263
0.714944409031
0.472988985722
0.881228305361
532.160485988
472.219356196
0.995511115082
1.08100689358
205.633819282
197.641507145
152.140963132
159.938651982
1.40907411732
203.641468229
1.20262326385
1.09422429876
1.06021749965
1.02135492726
0.989744420801
0.952371773144
0.930300816029
0.903912195242
0.983309912853
433.558837185
423.92442561
210.925143543
1.35499944719
1.45670112811
0.842014042817
502.460982294
362.324891781
1.02637131752
1.3463135344
1.67004977662
866.999374062
1.80269912695
937.857613761
854.620078151
840.965747441
825.706287589
735.932282613
0.565891402694
333.990792815
279.210749833
0.438590259774
0.282296152754
0.299629343197
1689.89016612
1561.15134262
1552.60999462
0.367240606792
0.29377051011
213.007904872
0.258551060833
0.256442270977
688.869722752
233.983921378
187.014758814
0.256658617801
0.268225921712
162.737833593
0.375849967183
0.385874605601
656.544528649
323.930969522
191.240155754
0.12832655338
0.277408792008
432.354533871
1635.65468236
0.350701765131
0.465870600844
0.340010002705
0.614058300489
640.434563942
919.533019516
829.592211218
682.535609437
844.075917683
0.652670692863
2417.65532506
499.552583565
1404.40266462
459.506200213
329.523934257
204.334604373
2.33783823394
196.749772084
173.140480655
1174.54110446
788.428274211
279.645784
244.521486023
174.42438547
169.438757352
1.70994936367
1.46511543964
1.80791707027
215.537705055
2.22687567073
310.933239013
253.979819053
2.28737516554
2.07707670834
214.895744291
1.11084541172
0.303198605662
2334.72804356
1213.21255072
457.565167686
321.074992255
795.692108704
797.95542533
463.721566703
496.256690083
496.074413624
1309.10027201
674.478750588
2357.91597198
369.888932408
835.004646858
0.336413550274
451.131816087
253.302193749
0.217961110098
258.464593481
282.550619629
233.049529986
0.0
0.0
293.95060889
370.993039479
481.914118792
317.435440166
0.197680911261
0.283318895349
253.117432669
251.584228919
0.318023609579
0.302115051694
210.263759264
1014.40062678
225.657446447
0.0
644.234672237
0.0
1745.77846309
0.241533573937
1876.15528701
689.272130449
0.0631475474163
0.114019997267
322.125577029
242.193937474
1.03074943787
0.848162987271
0.845419942842
242.63867628
0.784812447672
211.454243467
1.00513434936
357.860870724
385.768547796
438.859778538
0.907063104672
0.922459067634
202.513222178
1.05972319371
2017.43027515
229.340154637
503.818807913
222.222764364
1.03557041194
1.38265728603
286.684798484
302.372253474
667.399414733
265.116028108
240.520475756
0.92178620038
1.11021784178
415.62979471
214.218004208
304.889135686
1.28518069744
1.23418769674
0.782442527047
0.88162820325
0.969195740826
1639.1553701
726.810248681
278.605734643
0.985070750534
351.960553024
336.194952589
0.710792374065
0.670683286002
0.667735203443
0.662066578605
0.683825897758
0.648981202876
0.643705672194
0.636696936242
0.62777719911
2420.14422511
2281.73256021
2159.26915067
2089.0123498
0.587141428323
202.626042093
0.579487536824
280.423771126
0.541823271561
205.090132506
646.938383418
1392.05088973
844.548744025
0.383427077116
0.39458559945
326.937239497
0.339548094887
0.500999221585
0.682407471217
237.660723249
201.171705687
580.746380733
255.642098862
2458.02603808
581.52536526
887.84583203
808.730519465
422.649754641
2.16819615618
1.52979527292
407.471018523
1.43220383434
1.41202724721
1.35388211623
1.32632717419
1.28885044467
986.02022636
1.23957897025
202.262033275
1.0976799634
1.00915777849
791.854078909
1105.1241658
224.350506843
226.339121968
565.453865526
791.680007645
781.156405889
246.995034312
0.433927415245
491.394273489
552.272409836
339.797573825
0.910642142157
291.479663378
1.56591484718
1.36267820942
0.881535735934
0.42780155997
0.429261673189
0.48949431165
1539.74225617
587.680355964
477.383525862
420.179076002
392.336478778
332.38107035
317.048223026
292.350997399
0.719978753328
276.352132818
0.618576925281
0.754438644757
303.345553829
299.107733749
258.152694159
470.086444517
756.621136863
439.300298021
0.609595157354
1442.86684813
326.41839141
465.961482534
0.524816979573
0.521795768616
0.526264257082
0.419124780587
987.078876307
0.346354909511
1306.71584795
966.876853706
959.834048036
322.032333588
303.5995313
308.415727764
327.114217077
294.078869407
0.1774298837
0.214773355419
359.453393575
724.788534766
976.200350198
323.08432366
541.671373497
388.589050181
338.373019118
0.0555096955468
246.877423469
0.455972655134
0.469999814347
0.485027643025
345.247503799
376.487997738
0.499558534408
0.507595966082
371.025963335
365.090165681
810.035923422
985.346194418
920.644147991
994.737070219
1147.67150073
336.913762123
3559.59591534
1291.5905685
1052.90248063
1500.93491355
0.283565308017
0.646594945824
1.0284291821
1.22173799052
715.36550547
366.36005513
448.660448947
1.98817478846
1.00256123635
1202.01180243
0.474984308118
1179.28681743
1135.01426847
1458.5257905
2045.2227037
383.97752013
205.886823767
210.972578392
676.054882978
0.788971253431
525.355872229
1109.28533783
593.202782854
476.538491345
215.850590049
0.476983231917
0.43424844029
217.647736839
197.322965164
522.953898583
197.045727463
0.375944064883
0.367866950295
0.359036320498
0.349351755781
0.341166244041
0.348981570583
603.612758
267.598034136
0.32569284546
278.818724527
0.384714190221
230.100979466
0.540864547873
0.568867024442
0.587631254805
0.426398296601
0.39862189968
0.793069878359
0.677240092603
0.881353533251
1089.89724473
232.847676474
0.408547226298
355.651316984
0.886857292992
2032.91565572
2098.68870972
1.19407279367
1639.58418675
1.10496185153
2947.02355863
309.502984947
198.778088651
1.05040475047
1445.19186649
0.881972775159
1.3467422856
1.22391603256
1.51928306604
0.639258853667
0.588631831293
1052.3278075
0.146908500482
0.489136046563
817.509280162
321.8555608
0.379021273394
0.529864385803
0.347601369184
0.469308890058
0.451960496798
0.439986395201
0.410761720443
0.37693139563
0.372777832797
0.475260788165
0.547178687489
997.39743079
0.483543687258
0.604178346577
0.715965315544
662.332793925
0.680640512347
410.615972297
208.475129867
238.974795699
402.95934041
0.743313828361
231.440439126
313.114759225
217.981877186
442.54004577
313.946266059
976.281483441
701.862032165
998.621565629
0.716653972403
392.709981419
0.691681105834
668.206775478
883.287354041
2385.19779142
2177.05878354
1772.51333536
1047.36373032
937.213249427
2234.22809016
0.317003766338
554.569100049
575.000137437
313.360494086
504.748939454
290.735688496
883.570118031
523.660027282
941.071408334
261.733391866
353.29945368
787.636037438
204.681326826
0.832489964243
200.425747336
289.239161815
268.275080309
0.827228512368
1062.9276862
0.83381937973
247.779820901
0.868665235916
1.03932910765
1.00959531432
1.295521431
1.05227570789
879.080174276
0.744161091499
1.01106851471
463.677615645
1063.74625417
2.0303255604
2.64810214093
2.26180722845
2.43814316421
1.79536352034
2.15882056361
1.90294503016
285.283785249
246.510902376
201.272291831
200.953024841
1155.77350135
252.175712838
271.660387605
1181.5147957
0.509706571347
201.667222025
342.45978964
0.991325654982
1.48117169995
204.828295738
222.085881043
1.58849719954
789.709341528
1.70818139552
323.44738225
271.564721034
201.639066878
2.21461902222
2.84411951319
585.557583005
1065.42353156
2.19143296074
883.25379467
1.5185895336
230.861391969
2870.04773034
3835.88000732
0.666514360606
223.775594647
1.37719990591
1.82231182237
1.35216361387
2.10592516161
2955.81089876
327.26585259
1.14130149451
1.03399406787
251.460397116
300.943468354
297.990208746
348.989673581
332.485936783
0.82840414508
0.848007515772
0.680539871933
201.210606006
203.423028318
396.081139594
404.414176876
403.526258444
422.16286364
321.278147865
0.963530339964
0.996597860864
252.37596786
915.696884075
1.51311714562
244.595742615
1.53357440668
264.091182794
1.76129302136
242.063856533
1.47155978735
0.628864422848
1.62345371086
475.531533885
759.232921362
1.39485607587
209.803524918
2358.21691245
259.372315215
1.16879549949
627.529654733
419.191682644
298.545619899
1.04826109111
1036.72264699
741.68953988
247.256352742
1.36177994684
1.34270488827
323.365022951
1.09412285098
229.254058244
1.64947577119
2.01764855682
2.54358749967
304.253305213
224.176210121
2.63994534853
670.825768432
676.108310353
1821.21886734
200.176699623
408.346605458
1378.61851409
763.010323526
1496.23894297
658.232454758
0.56404979481
342.643112212
208.248108643
0.485112299483
0.392102081011
356.135405733
964.886744834
244.267561886
654.674599074
3012.6418767
2334.71864096
1774.63973181
1340.72468586
248.171159958
423.786722716
769.895244863
857.317868486
502.933579294
1866.65741669
1149.68814617
1256.91110965
1667.2851345
1.43284410922
1051.42582161
1790.87941285
1763.96919068
779.557416176
1.24508034937
439.88734758
1554.38657143
1.05910405484
4273.47327515
4188.77338256
1896.64013699
2.00156069567
0.896430500029
1.02565889258
2448.60583989
0.377719686889
210.605800894
498.340174309
0.60082639814
1.09580355802
1.02731843508
1.74810227088
990.310225976
449.29082961
1047.59067254
1130.79522216
1.37653883431
1374.5722112
700.227571758
1185.76834367
875.590288772
299.462212665
243.978970926
760.314062612
201.11777865
1.68658455876
2687.40337883
2.19924275807
2.60999389021
2.75479639771
3.05718689879
249.305771846
319.741642301
1065.34170356
608.523215512
549.292770641
1.57952817442
2.14100463006
1.27618636115
1.54343290422
1.89138017246
541.928104387
1.73723666891
1.74822704246
1.35793310836
2548.56904522
207.198520131
0.680940666184
0.783703563075
651.825335619
386.541673207
0.587846737719
0.0
261.810145334
235.865595959
0.251121262776
0.262197553117
0.319346219154
0.79453667607
612.605936098
739.338702141
0.777033404661
303.567915346
0.625276017382
292.271775944
0.69530858901
0.850746481747
1.24805256134
274.995547521
267.830189323
1.04199393217
1410.21744011
1826.46987809
1.41446933302
197.236249137
571.969083045
1014.11490174
1314.69391332
1.15869326612
1724.61342957
206.598713484
0.710295475711
1.37401828061
219.111734477
620.099113744
260.190032404
534.955761378
0.985419546
333.574212876
246.000193948
1.61625714148
330.032817357
1.68946948183
1.33151678358
243.854229019
602.725575212
2.19259591505
1.88647792101
238.351018359
294.629988732
420.292937738
1.12360337707
552.290295819
1309.24913301
640.055550525
933.435952868
1.75287999567
1.64307561079
235.09840455
1.2088995418
282.151375702
624.764371573
362.823089381
0.74152908237
0.630384478443
213.647354027
1.0005931187
696.258910655
0.808142425685
298.847042065
0.380168521626
370.563132938
570.504880988
0.779279895436
289.631346422
1528.77415665
848.115672133
1253.77392044
1091.57876505
1166.03567443
1022.05971931
804.58475902
838.877222468
984.199675092
1090.65080578
1334.03457571
1326.99340189
1462.19374327
1326.12388305
1407.39577253
1235.54999563
1203.22868003
1038.88932853
517.58458833
838.37296908
1197.41711106
1377.04065642
878.822148666
1127.20157555
1238.01033577
1408.05863103
1246.36853013
1349.49691364
1.73270436791
1040.82168559
1401.04735521
1069.13637632
1457.6794712
1321.58354536
1479.26067197
1441.24216351
1603.19625239
1656.53056725
1409.94907841
1475.73583154
1700.6762003
1683.25182501
2311.05945423
997.819570499
1691.34002294
1760.23583694
943.929776446
2118.56397209
1306.96512677
1427.77371846
1933.76442788
1903.42492432
575.871625202
2116.9719072
1142.78096586
1562.7103398
1.67926974996
1652.51106028
757.138875552
770.019802964
809.889499903
632.11036841
368.265943814
1.33215598824
1.74246568608
1.34987870648
292.07914234
1.70761655989
1.5573647841
895.327926627
565.907426556
710.429354675
1.26856436897
454.200876747
2.1576109281
241.901872862
273.607199191
245.477874953
240.594110217
268.131805422
895.486356962
209.634175338
2.48801056933
1.34306255377
2.18219809511
1412.16932485
6133.87906656
2839.82471899
0.973570650899
319.126158301
838.778187917
1498.18530205
1086.96817743
388.730055811
4417.24865282
3544.45015572
3252.89014487
2866.80470838
4167.95387523
4374.15653166
3557.37232201
8869.81931891
398.009253683
758.318175509
726.971456481
930.68762154
2.44677072416
1.97711342103
210.766283691
233.957056847
236.854736531
4.08444314631
1860.25219533
265.03045608
844.274927552
1.02518082625
1.23638028796
1774.7330288
1635.76575578
238.9467294
2.81567088138
387.384302732
1.99099099643
1.99696955008
1.97034819178
1.82992422492
495.591683214
209.875024824
1.75536936197
1.70493632592
571.410434138
4333.02542742
215.649116963
1.90642019222
1.93138714056
238.014886832
1511.26927218
579.753975305
864.247268302
301.706740043
238.484135379
320.42363439
0.585030160408
1.05337970929
410.54649326
1389.19339439
627.510263631
816.287847177
2.11570874804
1.15354549476
1754.4899416
1.33241371635
1.38022758614
201.930224392
0.972229050314
761.066055713
1202.59349345
2006.94641377
2104.95023274
911.500333199
972.286029358
2108.90597205
1.52705891608
3.49020951458
1039.29214814
507.739790355
245.523751843
3.70580140224
677.735535624
728.390038244
3.65695381254
2.92850939936
228.419450979
694.052844973
388.865333982
619.716004756
1.59723226525
1.3600467445
1571.54064397
267.045772135
0.907922646494
0.851573818533
777.994471269
0.689211431171
641.335788993
382.262277914
1.21418068767
1.11244761575
629.221643303
0.549184695944
0.705777581498
304.039636013
780.822954991
437.594714116
622.307268423
0.740389389396
333.919327803
288.064304013
232.194438257
0.547643823834
1.05321792949
1.0413735797
1.08766127449
595.234360878
315.378398933
324.504737269
289.469944828
1.15305961233
1.24355904153
1.43105068053
741.781600094
524.596921887
484.75834277
1.62279862119
1.51955189404
1.58260070281
338.381848625
389.044363661
1.76647723829
2.12724556933
975.320587347
232.687494223
1.98731650591
849.510285964
2.04502024811
2.20597389365
303.780709738
251.070243517
213.248553244
294.317962208
238.943694937
1.32607535584
828.143377714
330.689751406
328.065851784
349.411244694
214.076880492
1614.47444276
2.05594445866
2.77816704061
1.96886402836
1.93900499818
230.235742441
3.04597352514
2.91444332393
3.40783079201
1941.04994186
4105.15317334
2.63372425651
494.590844433
801.183619919
1.00377351969
641.891536267
349.105729255
1.60686605102
218.138713121
239.372626514
1.05897036686
0.946971056693
1.50397704516
2370.30118046
1.27031089161
2.53080824902
1.28722644578
0.64440893301
2655.26573642
685.35624863
1866.53619093
1175.74406442
1.07991261312
1164.95555461
3.15516449005
3.4266691846
3.61060522199
3431.59579732
483.458576603
3.72163571717
3.9527873096
744.440435428
1058.59507009
4.08212844246
4.35858240775
4.41510474635
1140.79386463
568.339894248
238.511918142
6002.50404891
324.989254506
4.26542589287
638.221214247
781.33182743
316.594371455
320.90275132
536.955839688
809.107988989
1120.1637314
327.884865603
354.729780241
331.928191306
3.8770534658
378.691937127
318.303953633
314.621837204
1.41100028993
488.48724496
1097.13129944
441.143681242
727.150343214
3.50119910663
819.443188294
402.755913855
224.499479746
304.141593238
718.689681798
241.234091579
656.309485806
270.968099551
657.264473312
393.516420456
1983.49026902
2770.2484292
2587.241669
1610.51139815
1.89301923333
1582.38937595
253.049802537
2153.02446248
810.058624081
383.997351073
823.535867654
2.00704388874
1.51817342893
1.85448857749
1.67338777425
1.72241769925
1.69959331339
871.551001886
687.519740577
2.06748194455
763.378520747
1.61635807284
515.752688539
2.25607083263
2.48009369597
350.063727685
205.557443554
565.835469863
618.816342448
1.36384742127
3.40199288651
415.073153069
5.91337738551
6.69561690286
333.027719474
6.80347879014
1040.1970244
5.60990807503
357.589925165
336.347248864
5.67690052783
214.397712647
1808.08730801
964.213431466
921.246434048
452.045635325
235.708158702
5.12816456537
5.50440139735
6.26425698463
227.792348193
231.682799903
767.451662558
308.342412998
2029.55099271
365.09119427
2.49265440093
1103.86373812
1.51846450409
687.586657129
469.221303848
1320.26936752
1558.97028985
2236.85676917
1608.39805228
466.501194562
1800.6427064
3.5958099521
1118.19866535
1697.97141044
1666.22201761
1657.32067229
1393.40233655
1620.36047022
1438.40935673
1520.64215699
1437.02565835
1365.86541245
1231.31668289
1796.49168742
322.545350489
1.66638215552
2.14583850364
2.51954152217
2.88260496042
324.327361766
3.18382362772
558.39337389
249.448001486
1240.99192167
1530.42982613
1269.47940877
4692.14006832
2.65914764409
356.680200918
414.882771818
2.13095961071
327.680218322
730.43355088
338.693781112
216.080494424
1.12591165083
2.03052699093
2.24486427049
2.21215236148
1.95702684333
554.035689065
1430.37135778
1027.07268064
703.735912778
1401.04894781
819.573474416
874.273203459
972.677227817
1510.23527381
751.188060041
519.054519057
443.762720332
235.311823645
3.4947608279
3.60253988693
509.40714058
354.065183736
252.212167208
3.67740807422
315.619955331
2.42301842538
689.686956383
2.23732861488
275.178581888
388.177853304
2.31037997928
231.186062111
1.57264712063
1463.65055778
201.967506688
2144.11564767
1.82616410333
0.984041701003
4044.92405193
1.06860367743
515.542553863
393.068168267
342.067637052
2.57464115454
567.02025673
908.163766869
806.913473407
288.067180093
328.30929156
2.56899716649
219.090528647
232.796781001
255.497807699
303.194381042
224.933466822
452.874084848
805.890928563
2254.62974194
0.686927436347
5208.62344658
3542.53125044
3212.99393989
4230.33284041
2034.21746166
813.047359182
1828.58505529
2.51049662256
788.839506085
1814.83773157
2247.50169153
420.126213424
999.064659345
5993.44464084
4572.80764366
0.887623018007
2764.78844981
516.804686645
227.306473769
6219.86165429
4393.15066173
265.392340435
296.09763728
225.927270518
1.69653911156
1.36572944393
1.929224792
220.485422392
391.130464058
1122.47391692
1.73158237623
323.784863878
2.18387199426
336.153592478
718.710113167
3.04753007438
226.037230128
287.573778664
2.85074119128
879.820431731
1360.68274079
2004.90180167
3381.75048982
2725.16364381
257.058206623
502.243226228
1.63683133365
1.67298190019
1.51019363926
1.25110756989
378.634723274
1.16438216193
366.47614866
1.29793470219
1.02844223676
348.521146271
703.471827677
844.621042095
414.350064407
1.12725969407
688.728128492
300.208229227
0.767223593864
0.455454692971
0.900119317256
252.358195361
2834.43488177
0.786857108868
0.755220880219
0.977596010321
3044.02532816
0.77809128986
1.21768642226
646.487125614
275.700130868
431.618101487
0.690836854149
1963.36110718
1.03838010706
1.02756844337
2837.34193463
1287.63141512
1.9708502596
208.48409874
308.235638674
246.89144109
1.45641969034
3835.34644966
0.976745725639
2016.55402163
1692.65003941
2858.96893565
1.57597207837
1.62047345098
906.562080383
1.77255191046
2082.44423739
1.74574074704
3835.14822556
2191.38850828
212.493196816
259.597609494
360.418124175
311.801392755
798.123644508
533.980283894
2093.97632729
2433.18787108
1.20474654517
315.029381698
340.209866041
200.747851579
375.49684977
874.863434691
1.96628602874
575.875183911
3738.70610432
2940.11766058
2080.47950432
530.446115737
2209.71482338
855.289714912
389.366501591
2105.6699341
1369.16120108
2.4453929267
873.79597654
2.47294878322
235.991566934
403.761669901
458.291993759
516.45228831
578.115828117
1.65346317998
418.394755329
281.895477322
6405.90657102
3731.9255028
1469.54456444
910.116192125
540.199855738
548.366636677
3.6515606875
628.435016299
392.772525524
1122.33248094
0.366454501179
690.365703424
1427.64191632
240.023733339
2.05905418987
207.081639033
8075.81297168
3576.17604895
3224.02648761
1949.1878068
2.77994320754
2174.41613295
3941.59940828
3100.20528923
2460.17795921
2799.08667898
3889.31822257
2718.04929794
4518.5237749
388.087833094
503.468010475
1.51152523276
1.18278970794
1747.14687105
626.660765601
744.863711504
1.39212715412
1.16714548213
2399.75387376
520.528086944
626.58134603
681.463517107
400.221916272
611.277391302
434.750327086
1250.60893231
272.795442
1.37667346082
1325.91595615
1443.39748891
1.40082950702
2.01425883863
3.98466390362
5439.72721827
3509.40352933
3614.73686877
354.07228125
994.412862611
4203.93229347
3824.80494896
3745.66380097
2890.99301315
3411.3843157
3432.75061926
417.374093474
2.06715652847
673.000695766
0.0284366735044
2817.66940317
453.498060528
0.478657205435
1081.87740987
705.817918174
355.66827331
533.376966573
739.853763255
1920.774203
767.412769328
349.456537558
729.365030528
6733.12215705
352.582673934
499.83508662
318.988648987
756.360703876
331.597209787
959.678073997
0.621460361235
370.536742514
1.17082802496
311.882038254
455.815326748
1.95660713803
698.841800182
0.59205629145
1600.58189655
1068.50565013
302.950424215
963.295441355
428.037698201
602.346333521
1.23140553055
2.21111769878
2.73880175827
1168.86659666
940.762057448
491.294274565
1.34351192721
1.3363891645
1.33832099514
1.28560229134
1.17234710005
1.39325179071
1.48366347443
1.48011323458
614.529697023
446.906983051
1.22924081289
1436.34749752
279.498984961
378.720567402
814.159429076
1.98922662419
1.31022241656
881.414124525
407.813808302
0.799036270129
845.706578993
0.754936787552
0.708728187373
401.1611642
3718.45139403
270.893773198
327.4091713
466.873662288
983.129653302
551.252164492
1.81714258512
1.84887780664
1.74628088946
329.713659883
2.11680564099
1212.26593507
3279.51306539
2706.97817889
2787.50733698
2601.58906121
1881.07197246
1303.4942031
2364.43199354
1.95189076341
424.92314846
259.787778284
2.458672956
326.523090266
319.7512468
1147.2591098
2385.72514958
4695.13105624
1481.53393294
3.40505532093
419.522171502
386.071523642
465.094638499
2292.95272931
375.139216478
825.835447417
1114.20181219
1078.43454278
261.835686309
351.44578749
396.750976948
263.351202577
1.18538406677
585.29016206
482.656288101
1001.23815041
347.687073918
696.051323537
1116.48669537
354.202879524
414.177665602
267.060323137
689.997460629
1.89699213182
1.0625904978
352.351065983
2083.31368846
4001.58010195
1.42842781081
335.086710729
299.772383977
3089.53566442
7423.41841084
4065.08087427
2856.85561921
1428.49926676
1136.10661534
1519.42714565
320.504964006
2.39210901209
419.194798147
1090.07182992
2974.56530433
1.32420571252
3511.28010976
2715.27535608
2844.30133865
688.466779224
360.088071561
764.583340742
1.03908563357
1.77467610473
1.10833285437
0.855603513404
1.07266936763
1.16634417732
347.351847439
8250.26922811
1.20976047817
1844.27720123
304.204178518
1076.2763969
312.795196495
368.789011392
1.86964250007
1579.17584859
263.614191571
384.976637933
324.217138435
1799.76458127
1802.141338
1952.17092028
1248.08460817
2.52306460831
0.0
328.063223969
397.934519292
622.29794974
807.273691561
854.079031893
345.853328649
847.819838773
363.756074401
337.111731413
1.42500643706
1.88393240612
1163.63567786
2.12680503231
1101.46066884
317.090966102
2.14790203493
699.175921728
836.531386959
268.829192635
722.145764541
923.374418399
1.60538712598
1037.2577515
451.395385663
840.609368474
2.60979532576
700.216533356
1079.7947087
296.717348429
372.841840628
541.746061
3.11906785602
2053.52608606
2784.80370492
2508.20897688
2.64773418147
1084.74893167
452.718158945
438.759049335
386.575468069
370.658243875
2453.45088378
426.121575822
1601.64798571
484.407662886
492.388443727
481.453476916
1006.90093189
375.353550003
329.372646569
299.924674713
1.22899973498
305.868806559
0.936404041992
1.64008688153
2.15740742258
1387.68074971
1.79639108031
271.737369152
261.763179735
2.25365792772
2.11910868363
319.890359026
2.1435970317
325.440319905
1.97266306857
343.697519446
471.81593606
749.792290827
2.34456374408
287.546552018
680.018341617
2.65436937191
363.744657436
2.17081850406
2401.22167496
1.93972532723
1.763618154
807.592283606
993.279208936
1.96497931828
1719.80899622
3053.15603189
350.973464174
807.58370187
613.170158311
1257.88162381
423.947296
352.262852375
516.750095713
3.60277312024
503.928344101
1035.31492274
1436.00978611
1.31341823956
490.174064636
298.615542119
1829.82035736
349.357064918
639.149033023
1055.92273552
1.53025572872
380.920701737
380.413620024
329.714557932
0.600388177369
725.102256948
321.001794267
342.630331123
1.72213797766
885.849267408
311.156493123
370.54780734
4.88438432183
6.75104722774
299.980938433
266.517390481
351.074859049
3.07059676783
311.925737381
2.82531793502
297.602028896
3.62941781617
4.34742108491
452.215276015
4.716138735
2434.32179528
3.6052821911
2.85465855194
372.8230762
3.0880449061
1062.03034408
3.64808219183
1.64228654134
2.14847460022
2391.68091082
1931.27804062
2702.57557787
2690.57940189
4193.70441963
2.54436513132
2.42259090266
301.799376875
3.46609185552
3.92192499636
259.752411181
279.977190242
329.521260911
6288.74272615
2883.89304778
2232.51790181
3293.83943904
416.695804324
1418.208163
645.731455227
1440.74491764
564.039530771
1115.10694537
3.95960630212
6756.25204544
6347.03704828
6798.16348883
2.60592389849
309.870651063
1.28876489155
378.896392614
2.67177555643
310.273029923
509.010092845
2.76906540101
2.89547980416
3.59636209225
7623.5765784
261.076692792
401.004400866
3.0487082157
2.95789511731
5683.2938306
1776.92252382
5170.54351957
3761.92276762
4.08590777238
1998.02416119
340.142440351
449.72935705
647.128409998
439.7571261
873.124490433
296.407811655
1986.42157084
1.39253492607
4905.98328044
4945.34854335
1.73089892588
2949.92474119
3492.63377178
5873.48245068
4297.24742214
5371.35546169
3691.40626278
1.66073141482
544.003448969
1433.80617974
1445.31117241
1460.96523651
854.229386784
1570.32794095
1.47292114525
1.17127437881
399.029124409
2325.62496655
2035.05021276
645.747079248
1.46620084047
1097.80004532
360.521053933
295.468889887
1.95830348989
1.49743258546
1.35707136385
428.167691947
677.348386665
435.742741505
1.51646402488
1.54214380603
1741.04468117
470.438914937
1.43215424888
1.56904930663
650.986463478
266.996743807
1026.75814798
1.46557321688
1531.2973697
1.19604901076
4355.31618093
647.579294586
286.393865063
1.6788022655
2290.75802774
424.067960225
315.624838702
1.4670251855
2.39347349064
275.813265093
362.002400806
750.374134062
908.56686142
1736.24064199
1910.54835629
982.351550076
620.381520847
477.761050335
2.25395764255
776.0023821
489.354212967
3.6136728006
1468.94975553
2004.28624287
1549.30857234
1573.37760825
681.3266155
315.0758626
472.721151059
937.217871668
1561.79156972
2.2069103089
813.949266368
285.70945913
480.880559055
1.63166125069
974.234037508
1353.69879699
1723.39606024
2277.20230471
1870.83694724
1383.99773887
382.941686641
668.203316046
1.85602603121
350.958318487
1.0692172746
1.21257998505
1685.25062402
1.35296261378
1.23510654114
302.101760176
1.87653346531
0.883821091265
1722.86584015
1.9920543954
2.16512374424
1.97640761048
345.190271936
297.180209096
269.072848741
369.280939754
2.57243847148
512.600068753
1.63429153598
289.849502211
286.446976796
450.31394406
327.220694558
370.583105603
1.43259257335
462.775818796
2.05506887053
387.698945178
2.45610398151
345.779816622
326.293388837
277.170907808
1.69477669501
1.45374112412
282.795033135
1.23771396882
342.772718038
2.31467160193
458.141773451
525.779041016
479.093266383
4705.50438203
3274.33567026
3072.90119016
271.586423305
388.864255201
3.05476050995
5670.2097617
1119.07574894
1.66255295291
4391.29482557
655.760072577
592.084542802
4.5699858531
2.36522511183
5.09314824676
6.75980067358
7.42823105334
6.28280578481
6.30830811891
416.260267039
2810.72618063
5.46378998368
659.066266004
385.568805536
1415.57850754
461.800643638
2.329225559
0.576070247567
325.388688516
0.888964255929
845.539195612
385.798774276
340.345265666
3826.46559403
2705.70166853
1916.61457638
2724.86018644
1.16295783819
536.866525686
544.728055399
905.435854032
604.157537773
2078.90411233
2.02006781406
3287.27258599
2994.2573731
3345.63333924
2.5861941259
1.51847182887
305.661897677
312.655011936
315.525150901
2.26162980057
385.889475707
1365.94378914
2438.31031923
3.04531993546
2.11655366328
7544.12101647
5451.83469474
1.07521831882
301.497348054
5023.03875312
4533.19027341
3890.23759497
4117.76643116
4362.87699089
4718.62618955
4335.09871595
4309.1117084
4200.42368081
4143.84708316
4846.61082339
5569.91123283
5765.27074443
6110.05045659
3471.59829182
4310.71694539
4077.0364267
5202.14541965
4780.24263683
3998.86241688
5082.71025335
4321.02793116
3118.48888876
3571.0691135
3746.2100672
3496.80024613
4826.16304729
4284.5096355
3900.23143978
3663.65538874
4137.07427403
2.77135499091
3521.85892306
3.04847620338
370.160126057
4458.07538401
3690.78486021
308.568393885
0.659869670365
299.392534613
358.734646278
318.428618303
1.30997659283
271.401312354
323.572900779
3530.14276844
291.66094883
518.130985301
2.11486216205
298.17900595
266.640140076
3145.8557132
361.214733319
1.4176891766
1.90342428753
5821.05029343
989.26539177
3.07332216271
5326.32750583
302.031206836
1000.30841975
421.347722627
804.606620122
1224.40030009
1141.0125713
392.595981703
1266.50033631
1004.61970983
340.096331732
1351.17518823
492.53385841
946.986449903
356.111796714
766.118355493
1.92702578173
266.823098207
787.38813475
947.419483497
1040.51976419
1737.03278081
1.69268614818
261.017581111
295.079834588
0.796312374331
355.788078327
270.64611268
1128.4698827
422.197984885
0.143642921923
425.714456034
356.802051867
441.707691666
414.463042888
0.115552948482
0.112856841946
1298.33462468
1551.13797425
1998.38846167
2103.27889513
1498.71593842
1441.03614822
791.840039726
0.196367602299
325.390391683
0.0791572203049
0.113477953168
0.259692766602
3452.86507362
4429.68639676
4337.64656456
2947.67113061
0.437407755335
893.636431882
409.689452607
452.201164462
323.06262623
337.376302312
290.990804258
3073.33969874
2671.08987681
3056.45303891
395.097369631
0.64257423869
1670.1662095
0.310420940866
4689.6455758
0.0786234388944
2769.3379352
425.489271479
0.0
1133.25752769
0.0
0.0
0.0
734.973028311
0.0
2234.35908894
2184.92831251
3789.28264194
4333.38806099
3095.57209369
2788.49284859
3127.73490973
2807.99436778
3452.10282795
0.140808287239
482.105275496
452.540537991
0.138331913569
279.159605088
0.166807746443
1366.81729822
3844.95913437
5590.73848118
5636.81481502
5122.63493223
9349.73793706
5312.44402723
0.222180095911
765.677789104
293.122502023
623.793236028
0.11343141483
369.46219187
0.34945812726
0.263083748776
0.431256092198
0.59644473033
959.8583103
401.263679727
1536.19086243
676.655273249
575.917208017
428.390863329
1063.5651405
0.309442715924
519.971523517
587.480286022
545.496833398
498.082879627
494.466063676
415.92244655
0.890571999036
0.963824337887
1587.0115807
303.708788418
1.2227465337
359.015589
653.402491469
325.14528122
0.557372805296
396.656301106
0.756883659108
0.631416494537
334.737111623
0.427979316633
305.132244774
469.150332536
335.233653311
1.07464950085
667.731144537
3438.55424934
0.298198936107
2261.52252709
0.435428559588
0.318957117169
586.115893696
2533.77643394
845.482678746
1.32847827772
470.628879697
478.726859533
1213.44538195
1541.96631859
2837.28902071
2525.2957008
3057.80222336
3466.03834841
2136.21135378
1233.69725593
2.65495625876
414.115657875
2.26748127924
465.374208762
3036.71719133
1.73413878335
389.67081077
2.13375012703
380.588530384
464.367768802
1.32884384763
542.087599401
1046.25315831
2.1012991631
1.19910726258
9131.76264233
1299.23754112
3055.33307728
958.713355963
2.77469271273
2.67600323939
2.72355591335
4770.7091738
2.8987679625
2.86700715715
3.51470291008
3945.88243461
2.4208313319
814.01932302
460.846345797
1850.87973095
1202.83657434
1029.17571199
914.941244822
796.603726663
2.23159577261
560.345831076
2859.72246578
2.68804420358
1.04670095879
3.22987455086
3993.62722394
684.714170231
1.52618468288
1033.5180144
292.691532684
1.39787537761
528.43348448
357.659579004
515.325497284
353.795166812
0.99003599831
0.880449399334
583.981125881
1.34076312074
1637.44583105
1.09306752079
1.09711242313
420.025567729
409.113757953
3059.99583182
3760.26366734
1.38969179441
373.944330576
970.465413273
1005.65391309
270.888949793
3.09953356618
2.88292260323
302.989194792
815.195290777
728.24720749
311.502065167
395.322584995
1566.1962545
1169.56109062
1339.35350516
1.55000698733
910.879056675
827.198649651
345.273030809
1173.71248953
284.857366357
615.893805639
1663.54526459
1148.03087803
1.18215393618
1868.12628011
268.499536307
1.07501883933
872.926452272
504.818767853
1.60594154736
1444.68976759
2.13628457425
2001.26733668
396.806434783
704.31109776
612.981818563
3009.04219096
3290.91603518
3072.23985047
2600.84790634
2882.34355851
1622.22466553
1535.29402402
746.807989934
472.020253738
298.350101012
304.013538787
1.77433218752
533.233019459
542.394305777
910.709165168
574.549228158
1.29656264133
2.18659366871
0.441610249171
0.565942473293
0.441109383152
0.33403433499
837.217330323
658.407451702
1391.89996272
1420.27238947
2.05598631324
4.53244076404
1.93446486822
1.41564652375
774.722876263
1.64790154454
1007.48915504
342.357837239
1.13290759904
1.4680864019
394.035813425
2.22008188014
547.277127756
4.2728051155
4.02021619778
1289.84573773
10354.814476
738.295085087
1392.75834549
274.354469384
417.271235303
3.59711951101
393.814584687
4.11617642733
5894.77514335
3.65096403959
388.044957481
1.81146328891
1606.10630227
1443.68217854
3834.11311393
1467.02859965
1.57004796723
303.713368444
284.682100976
320.660333976
2409.03496942
1857.205638
1.5743053644
1206.80104194
1184.43120391
1569.55878103
1071.52112664
1070.96438588
1253.54431296
1047.78871869
1352.15360963
1.48312377789
556.186641681
1208.63201965
1186.63652177
2151.4207453
888.115077376
292.144582363
561.664662369
565.964339854
2.35145247212
2109.1429169
1.56454960289
579.226705224
2.0469838847
910.28643906
706.661130975
3136.7074004
4082.68744301
3040.05229936
1011.03400716
1108.7789241
1206.06980185
938.495911794
2.80463021947
794.042603985
1210.65084268
281.414060333
836.749148623
1331.02986297
2.38249622787
395.429488357
876.053890784
1267.98447559
1613.22205489
2.3971394274
1098.55215907
2.61458152687
680.126133102
1299.41458514
1078.71779455
1624.5337003
1974.86827912
548.66474919
2.90950190935
304.046003797
285.091536896
3.37232156763
483.661583441
423.949183233
1104.01462478
342.446443191
373.799915242
317.22617555
3.02036467841
3.68912052922
591.577493104
512.909810887
387.558386855
547.87743957
534.882136342
313.961082429
403.50153472
6488.9410417
952.550469576
2285.26886316
2244.81488899
1.38511388272
359.383560807
1.612131048
328.693155946
3.38026737594
753.165849706
798.436280498
563.119590311
446.58069708
1703.4672549
3.49721391343
311.81740277
592.90427279
3.00410430928
3.98741295443
472.313498517
450.445625201
2.61451196385
3.46287552236
2.4130680439
340.618371838
1.87243020347
1.58764163987
2.66820721573
5525.276875
2619.02384042
2328.91908994
399.202634222
2.75850390799
1183.98403789
2622.44231421
1971.95719355
1.08612242477
3734.65027826
1.84932025424
435.076944577
467.020146824
371.704281639
7888.10874506
6289.06010548
6531.50213337
0.600181355031
336.014538694
0.579200523468
349.525180081
292.995387865
467.419381788
3897.86615517
4225.59450954
3.05300135501
3.2269417137
318.019198422
2.96320621694
358.105607604
681.991305227
502.839035692
2.66505112758
683.225428997
849.336173206
605.400633325
2.44389656278
2.4103135369
2768.95646265
4152.17585596
3793.97549908
919.552586159
2.34473360186
2.81391486412
2037.69168353
1.0419411596
401.914732531
1.24860671113
2.29565998682
1.64265412509
952.095336651
436.894193031
747.46077406
399.622330865
1.44815744442
427.878015185
1158.57011937
340.492900015
929.013531223
1.81909830832
1.71706074743
420.20971815
1.90609499463
692.707061463
1.83440578084
1.97241906768
1.82211613012
2852.3859921
1488.64568259
2452.59238621
992.409147457
985.097285106
1.95983148427
1.99364171169
4736.55180231
1.59646825453
1.91274989775
3374.83806241
2355.97681302
2.29583552805
412.068646383
1051.15045409
2.1270109421
2506.11715497
4944.71010002
358.856215526
1.63499032418
2762.01705756
4408.97399686
1104.65901086
1916.14119286
2.10486129164
886.156620662
360.490355123
3568.68567544
4815.53151214
2729.1350718
2.61676580194
2.38392039129
2.37803145514
2.65873951288
271.601122896
1821.75132418
312.572935106
3825.20156583
2942.28846045
2.18522010421
1.76333703568
1208.88143242
488.194155435
575.549500011
2.23853970082
889.899755868
2636.14145083
3150.48874302
691.761353387
263.917305014
540.786253911
1416.96236612
2425.39514865
2671.88881946
1.23316787956
0.734130427711
962.162341101
273.147965882
0.884962839808
938.843473249
405.264292256
371.536374233
965.769990465
521.959103412
511.162355071
1026.56672411
6642.15410918
3771.31803297
1795.88160149
2149.77272997
1156.32289927
499.582644849
1.35589567786
778.357477025
1242.17648103
1.76201758595
1.72533722522
1.69299561234
1175.2097703
449.802543605
598.708428357
375.20138067
8834.87284701
3263.65183987
2577.29218869
1601.95453214
367.848555376
1401.72822629
5212.70974831
6984.13792286
4977.72183967
1.13652255737
2811.79297131
5524.06038462
1.06129771392
1.40961301463
4598.93700204
6477.12424548
297.933940837
3481.1838025
2489.38182726
355.349703241
333.38325898
1.45237850826
3571.82456895
3296.56082279
2873.22633167
3389.85075822
3599.73455747
3638.86853668
2996.1682247
3778.33448143
5394.9051908
5217.91056203
8459.6464674
429.287572336
1.86849894102
1.50281928876
1.6340805299
1126.78743137
2.1747579542
992.605756521
2.29666864572
1292.19695568
902.088786391
290.063637282
1.83076381343
3708.50287077
4860.2456548
3511.06266396
1.3241392793
1.3105712099
1.41844702239
602.476695781
467.491178533
1061.70972608
293.490376892
578.756704651
1978.57351837
8422.51093987
850.295523354
4288.20248633
2271.68092416
444.335303995
1092.95406196
382.898543068
0.0
414.725221884
374.813756725
2571.36106106
3733.58304976
346.709373879
410.289331228
3520.82591129
0.061250686894
306.576531848
4146.40574926
0.0
322.58441646
0.035927535148
13.7658830031
145.047135042
115.271459987
3990.38530883
50.6168628851
4026.45877979
34.0842213393
0.182352421261
48.5779787618
234.677193041
5200.93909467
59.6299763806
1206.91870271
24.7811637921
322.298828984
546.437536949
820.322132667
377.786074596
9.87642583806
132.354055607
682.606119073
136.697146331
85.8906431775
113.061106396
521.799791275
88.8382559848
59.554181516
95.2429213763
681.380147416
147.452074612
118.786927861
174.065272972
320.886526059
3509.82683282
98.9571321262
86.776384289
72.9538692083
75.9735350236
65.9266347012
79.9382511933
65.2405166481
0.268378908622
51.1813212164
41.5965408608
16.3810479717
157.6899663
0.59591131321
10.2977984058
0.801557818856
0.407820745862
0.454058596637
10.6301578446
58.0232018629
38.1838076452
33.8544268096
0.380815941816
12.718037436
56.3282925209
0.30592986379
0.296308544857
9.41821325175
24.2759005951
12.6537316125
39.9308220409
37.2254327326
21.6626602828
22.2818607411
29.5721165348
16.1356787755
28.6156375219
24.5157948263
28.8536342348
158.760482526
153.897576314
247.482049643
13.5236085294
0.158750713852
0.296468240781
0.284630057435
0.827793799431
7.06461081251
0.203601176693
0.268178312325
0.430752033434
19.7713839559
8.95943378842
64.9437126361
67.5870982313
0.346588790665
0.44727240534
6.93978828162
7.03447413371
50.1609805082
36.1326057171
0.398162043053
54.6649977839
38.1050044442
33.4427390758
28.6417320929
7.71177924876
7.92169057265
23.9774059252
105.200558339
66.1932543269
57.4156909555
386.963662508
435.166798813
14.9995591899
0.426858497654
4362.66012392
0.403153361014
0.316604052334
9.52673170106
26.4461617697
569.349171723
361.683066603
204.047339548
292.59485925
187.734269778
8.14045178048
0.193965912629
0.354177406423
27.8548194498
545.219748333
78.3805698648
45.4040391709
0.503618500673
0.496629724162
59.4746338854
0.415229636439
279.039350871
76.8310416479
241.179920932
32.1549104155
25.0818136541
35.8333387918
30.6333141114
0.370211025204
9.42742189705
14.4509835372
26.2742939323
172.992742414
19.3496920493
16.5897281088
21.6823212419
32.6379745139
7.06591673749
27.2108029703
0.297747599498
32.4552684163
17.4823246512
18.3124498252
18.1269225837
13.1752893526
14.2600780977
7.32796955292
2301.42540534
1313.11359496
998.046119863
0.211356687278
22.7573003351
306.080624068
304.291522597
0.326879491813
8.61311574283
405.377300848
91.5966044159
322.372944807
0.189750724935
0.136514367959
78.6023974686
0.351932754315
50.6947285689
41.006133357
0.27534078693
0.299823243313
41.5555746548
32.5895165956
18.3908265563
15.6141153942
21.9444849579
21.3378622497
11.6211008064
9.61525623573
20.6677714326
53.6676058287
45.648484246
48.954652338
0.145734577328
8.48043972914
10.6008319739
0.168190052979
0.196774236718
7.1637198968
0.306226086495
8.42883702562
0.304609194147
0.225307224374
6.72878510081
1435.37673384
1043.25316103
704.235222687
436.050901016
369.607693452
278.209244188
267.51673184
113.887181282
118.526656064
13.2151032386
52.9024677941
103.780558843
72.3451473754
85.5499748738
121.626760531
108.640725946
56.2533092717
43.2357158314
40.2479873446
50.1377489817
30.4794035064
109.201908974
20.0293142783
0.134020246275
0.17964346601
515.569788063
0.196184219287
25.4432178601
0.267998010246
265.185891803
0.266583410415
630.150089791
19.1360151658
28.5426215913
28.3411537361
29.201549123
20.6117183749
254.969148149
317.211707464
242.839262795
362.95632268
1324.52638932
10.6042073213
332.703543763
502.658729972
364.727293392
137.649190573
382.063415688
408.886847623
6.69914134571
11.8397505119
121.326123191
0.1575077241
8.02567407363
236.1836737
235.079299224
6.6824692508
135.259238029
0.165891414124
230.110040579
0.135403021975
12.3683118342
28.9147635552
209.387732282
285.480676554
15.9060649974
9.55103612714
15.1914023478
441.407811133
7.68799960035
0.150190160713
44.2750511242
0.145256474935
22.6486295056
33.4850274587
39.0841921286
16.2571089632
20.4073230677
0.0481976192865
45.7980293994
22.0874847955
32.153386196
31.9902815381
48.7921622409
7.18778270538
82.0278008998
0.095221984391
8.5580916514
74.4002067975
33.7624872684
0.13429111142
30.1470593744
0.0814033210009
7.41992725023
27.4534483125
23.7362534808
11.5251478269
13.9295295274
14.3489699703
10.6639237868
0.0718056645395
71.2720749477
70.573305379
21.8308561044
62.9507875917
60.7262194597
714.642449765
30.5916678316
39.8126550066
44.4060281651
10.3327767933
48.1727383832
72.2187146526
7.20263299841
0.160474591459
23.4647569488
17.1141058065
32.2736526419
19.3661149533
17.2850766837
9.60380338645
0.113433406977
8.21376488682
0.137232263138
12.6534586577
37.9684391689
28.2183202498
20.234369525
18.6145654863
17.3048519798
12.8706173395
9.36748049997
12.067979898
225.577447442
22.9454044534
14.8985265538
17.7857127374
19.3378355071
28.1722438655
21.6479179876
28.3260956296
28.3151922907
18.079434887
322.671963822
17.6784573738
14.4916464636
13.816517739
13.7516942394
13.2463965298
13.0411159752
10.5168744559
11.5324439254
11.3851415989
10.6557134293
12.3933676136
12.2182484841
11.8496947736
11.7139805438
11.3373193416
10.5179594397
10.3096139307
9.68395114233
8.36462629954
0.0125526898561
24.6430480064
0.00706412464003
9.9372475706
0.0
14.1228572088
23.6222800697
31.1722101172
1495.78073926
1154.40455998
929.713662842
691.283092602
49.2103653253
0.0513316862602
0.0436412408925
0.0469552744465
446.429893478
216.220261594
116.37792152
276.88745032
126.451127665
80.6999579694
77.8426803989
56.9336870041
65.4856466273
8.67477513368
11.3096547158
22.1897285423
12.3337619798
38.7588494066
25.2834935031
42.841218285
39.5372199932
16.9453142084
9.48940818093
39.66313863
180.160985802
0.711125627649
0.385753711856
0.466070056198
170.401782147
0.424660225485
215.10362457
8.70942969393
8.74397194106
9.7079487569
12.2323445034
0.193390422742
26.3692506857
45.0979154304
40.4950897598
109.38762453
15.3258422305
12.8138498643
29.2684183371
239.100449662
104.301373055
70.4979753026
0.0639480795114
0.18071796023
0.288825707782
6.82422035733
9.01018122979
0.272084415004
0.286331232422
7.86071169688
13.1851606669
44.058114224
45.7347946834
26.9937107788
158.193566698
139.417213387
9.63699074355
24.6316439463
0.360501161189
61.0667370185
0.51101794672
10.9110245241
0.474757215477
66.6365834507
0.228951931951
43.389763646
100.21153427
0.171178421786
0.252445987143
8.45432299427
20.5055420602
0.288331893688
8.769436608
10.9723825767
11.8183292656
25.1398034982
13.7907979444
43.0871209654
20.1945217561
0.470934527712
15.2046794476
45.7059074009
43.8721056122
17.1177436413
15.3314896128
19.4618235682
16.7140357509
7.83181897063
7.69457287628
0.197011757217
0.268394444107
6.91597805797
8.78072353955
7.51743115456
0.258849729382
0.364761649447
30.0222335106
24.6142629313
0.210875602568
0.311494112186
9.16816366938
8.80069546546
7.77225726213
0.231154276656
8.54302834153
12.0610764566
0.293698335168
9.95566710191
15.18445044
23.4840130839
257.871983134
10.4507822982
8.10155675629
11.9571648889
19.9435187856
9.78043363149
46.0622986752
61.6021943345
37.0837264452
7.76224122494
11.2233994709
0.37408600162
63.8001183309
63.7646212328
55.8602881316
0.409958404488
0.487768399268
43.1435937501
41.4455857825
17.4539666374
107.898821665
14.5063665954
122.827419707
50.2409241535
0.420692844911
14.8926570348
17.7121411772
26.492450811
20.2887545994
25.4109157694
17.8875988833
17.589052971
14.9352943459
0.435172775561
0.430767925505
0.61799225444
0.802067638802
0.598655570703
0.726608182947
8.49254266197
0.712135272102
7.02652409258
9.67621097308
8.21568536648
0.351983378193
7.00683127685
0.543804631073
178.316864
0.413168714196
0.560565720889
0.522152563859
0.627450543356
0.826816748189
6.97319915584
7.12485932644
7.31674717368
0.660927695537
6.48021802028
0.286945200498
0.328606852897
608.110899814
11.2148175662
310.073443731
224.114921081
119.623426084
0.203634615758
0.179084145032
60.3513208715
61.0264401099
57.1641616967
53.5462061672
47.3317876308
32.1923957545
148.731814274
0.526473663164
273.8975109
215.62532954
163.4691923
92.2478931125
96.2724833565
104.884989318
173.361261095
172.90358205
86.9443252221
67.9877040613
62.0276636012
55.4194370992
65.1397712534
70.1838949935
70.7215534505
68.7997881158
51.7317384487
322.21790418
355.588855025
88.607882115
75.2938358245
60.0166545021
65.3512785692
51.065113481
0.110487864139
48.2300870461
36.4003908925
28.3301841482
18.9764558712
27.6224161847
15.1142831159
14.3155343337
12.0190851727
10.1262612112
12.575341421
0.440589348001
0.449691808644
12.9332654755
15.4712065525
9.51120290219
0.481185994525
0.4891091671
9.80155502054
0.503113106811
0.505955079917
7.74315103399
16.4246031638
26.7168864311
20.0167007444
34.9508348971
40.0943930765
39.5496023065
28.7245673794
13.8870661474
21.257496779
45.6327514172
37.1536655525
9.93269973822
8.56085225205
16.1408714775
27.5084140283
33.1164647264
35.8112698757
20.9248350017
19.7347484905
48.9790861638
40.6169767694
14.3269017342
8.44705590671
11.9109387625
16.8165444875
0.403838923532
0.394045104658
25.4789363998
25.0152362402
21.5626986675
29.2090512922
0.358728587618
29.9250789753
35.1763431719
17.6802865675
8.72731917179
0.350690655945
10.3735064911
29.4655626631
29.5381234008
16.7037201331
33.1607932613
48.9266396097
32.3954330202
0.29841731866
8.598362247
9.08475676059
41.5052625084
8.03691153175
13.657328039
18.4851322579
21.3746688244
12.8803378055
17.1971857525
20.344133288
10.6423840827
16.132562127
17.2108166933
16.8978572671
11.2849341135
0.138312534626
0.0633121902809
7.55375463969
21.9913945249
27.4538174061
14.6409695594
16.2639025725
12.5974316505
75.7800041887
9.60848047299
0.0113047680855
0.00981380322397
10.3897720185
6.59547838002
10.5722406607
13.4949719019
7.84439535694
13.7812187153
15.7918964251
13.9408918819
8.34886308317
10.2971429042
68.0789123356
26.2948428
32.9870571011
34.5065899361
0.0143293470854
10.4623697733
0.0151612799937
7.80254566944
29.2560489628
8.04203932577
7.73896156542
10.3537208157
11.0181682299
9.13084664538
11.560799412
9.33221215057
9.53069287896
12.0711067458
11.1600360401
0.00190843452179
0.00191971998284
0.0019203376632
0.00193634970557
0.0019530770586
0.00192738536417
0.00186403525864
0.00176817573148
100.827464688
84.1629934352
63.3648290269
48.2710124282
46.3186993013
45.4430822294
0.0
0.0
0.0
0.0
10.3721137904
0.0
35.8480196187
0.0
10.8582203243
13.2868744861
0.0028729357643
21.0240171719
0.0
0.0
0.0
0.0
0.0
9.20082406888
0.0
0.0
0.0
0.0
0.0
0.00288888647132
0.00363952810506
0.00447601568527
0.00505790236054
38.6648207404
41.4701244837
64.8916819322
0.00482196319551
