0.0
0.0
0.0
0.0
0.0
0.0
0.0
0.0
0.0
0.0
0.0
0.0
0.0
281.080721355
132.772116477
97.1846245042
0.0
0.0
80.9465468055
46.3594412497
0.0
0.0
0.0
49.8886097498
62.9653064425
40.9120224833
0.0
98.6625814826
52.9467533761
28.9571881355
0.00965948136732
96.1723823573
41.0083913314
60.6503258733
0.0047793531095
43.393359545
150.722086071
53.3240884162
158.046963184
123.504110834
262.164974084
154.506352784
130.998135808
292.601769905
236.643919279
78.4945724803
0.0115057829161
39.7534856449
125.555481829
64.4476375518
30.300172537
33.0056242463
77.3238691708
117.363679328
105.510051812
44.1352913099
28.545785851
0.0
0.0
0.0
159.077734893
159.338283312
124.709582343
61.6644062158
0.0
0.0
0.0
0.0
0.0
0.00362532219535
0.00895707454491
0.00876584234351
0.00848558031137
62.2396087873
94.1419645357
86.940686601
53.7807354014
0.0
0.0
88.9257002073
0.0
0.0
0.0
0.0
35.9828947847
0.0
0.0
101.902760933
27.6979430472
0.0
0.0
0.0
40.4327608404
66.9751151711
0.0
34.8843721793
175.420172035
32.7608796703
112.961346648
92.4977251416
0.0367116632094
218.73293694
0.0373672838853
0.0379895368312
173.885969903
167.625460248
154.359296846
147.156437247
150.746641682
0.0142840516667
122.203808159
0.00561004722871
29.7613472769
0.031984947819
0.0319635823434
0.0215887208259
40.1726499019
370.03659021
311.385290473
261.395850044
0.0180652182814
35.3081975927
0.0325163922441
100.668298888
45.2435415222
29.0422151273
364.370981114
0.00896378772522
0.0134743904554
30.8349801618
122.95407009
47.8279523019
0.0217179632178
0.0199870228705
32.7831570343
38.9154372125
327.963074945
304.44383979
262.059458415
0.100976003025
0.13553997168
157.018296023
67.848232294
0.199830062647
137.961953131
0.365863606142
45.5238782852
0.444938728433
78.0564318878
110.660359557
41.065041129
0.239759343272
35.8572754983
66.283042891
165.627691405
103.256812402
50.5375870441
0.347207524436
85.9127432739
46.4471354115
0.416904606371
47.6961554624
30.2564589231
0.491279402953
44.5644937558
34.8051283087
40.3518117266
42.4330458053
85.8318777173
34.1426345853
0.199024646201
0.329706190128
74.4729416178
57.3040549212
45.232570239
0.329540746918
0.372354110244
138.311424858
0.633442496954
0.631315344019
0.607616607393
33.7117902613
85.5965912178
59.615716381
100.976381587
117.957538412
27.9108204471
30.0131451764
45.5717493685
110.841311397
30.3061281665
41.1824377461
51.6801635842
131.290080371
105.897773568
40.5010243465
32.2743229269
0.612658448305
33.8993433756
0.441230913019
121.71076941
0.550207774783
40.445136356
35.5568369979
0.500372190682
155.964288103
109.148364418
0.559927261597
36.5922777785
41.1752847545
0.601597040666
47.6644827319
35.8367730849
90.0012334725
0.550521803967
0.464635478998
0.362552030267
0.523993982639
39.4218792003
29.9264332093
1.02131928719
1.07467416209
29.3194830364
37.9672332634
112.49085216
87.5335655784
90.4384211622
146.894538822
46.5093759568
34.8936772175
0.666110673795
1.02274348586
1.30279238781
229.584121541
1.12675025819
1.08299443685
262.030440193
49.179182807
344.693572351
406.146291973
395.261457082
0.603434487505
0.581773606125
30.4775259281
29.4300554031
1.21716168878
28.4044044591
331.733692847
50.7770674943
44.3383502917
124.228080329
70.608997651
0.616839967306
0.521721628467
0.505394433459
48.1554993384
0.655707291078
0.648078452959
1.13335197723
0.916032040783
1.23307055426
92.1279734478
0.232164951598
48.7688587895
92.9481812211
40.1380183848
32.6834246233
40.5357749805
33.4539820945
0.712247764679
34.4817038959
44.9278981778
0.628790213371
42.0760425239
0.71469572115
100.175314815
0.716071165822
58.9330243647
37.7658264663
0.450252474815
0.443906964225
0.327214408455
0.361010040919
0.787572396235
0.774833722183
48.1428066366
42.1095603884
40.5496332946
95.6779035257
28.9923666016
130.52523346
116.548089511
28.9391810795
58.2037275055
41.3092255856
0.917872161043
44.7969029429
1.607680155
54.3430084794
47.6661652027
1.64404888762
29.5817273031
1.67233310359
1.43611210603
62.397594046
55.1383604057
31.2030199558
37.0904367286
93.1018016954
60.8284856771
61.7371141886
35.2350078456
42.4149102223
1.45105347844
36.1396470036
36.0761791817
1.1110391916
39.528621765
32.7381605844
0.422520550211
0.445682314531
0.418296562359
31.2687376849
0.46360869285
256.545566655
0.382497972502
336.702696042
28.7731421364
0.906891076325
0.821502936124
247.262845047
47.3988441455
0.478728566857
0.182599743705
0.116284870384
34.7150772002
1202.09360774
0.60589353055
73.6341402735
57.3626273869
76.1184366638
181.399795594
184.16486362
195.481523741
43.5057712517
0.514043402849
45.7386426888
1971.58842529
913.767183467
0.383774103169
0.364693576082
206.769312226
72.8275689975
1110.48380845
0.220689563542
39.620895565
1000.61741323
73.5606824967
122.697931335
268.368677086
92.2749702965
149.155427091
144.947591694
72.2020309364
0.546613518568
85.4385405257
0.420106090364
0.41499196712
41.8378896332
66.6311009443
39.4758679308
66.6248461066
27.7911142123
392.254192568
248.28065094
345.883959659
0.348589996228
134.742267466
523.12571199
45.6377412433
44.3692992504
0.311971181428
0.302852238727
426.073973742
402.256907831
398.480309425
376.569524085
0.218414427149
0.197065946438
342.556079129
324.498483428
461.341829244
298.018172142
36.2911837359
1286.21505277
0.0350857279614
0.0496198509189
186.697424671
36.7440069779
84.7776270383
0.0298801427128
0.0449659416554
0.0662443085661
150.637464526
158.370480471
147.879894188
212.9638742
141.669607731
0.155522642308
0.101993866069
60.949579525
30.466087386
27.8932583365
92.6862781711
89.7303263917
55.8924448844
0.0535154072923
842.518366559
693.340256307
0.0923573608735
204.658292636
0.0859457505807
561.538549725
135.474666722
32.5442850214
127.628617682
274.356663076
316.466926249
66.5569823473
31.7429451656
163.619079758
0.0544854867629
40.16923633
78.5155883869
45.3922741474
119.233079946
30.3839899103
0.100109798496
74.5661953421
0.1468888888
0.148953714366
194.36566185
188.743240754
0.115623075695
139.695352133
0.104227710594
116.595039506
0.12580433571
42.1561476468
55.361609476
95.2991662562
96.5184427361
87.9086851487
0.12792374056
46.5238446138
0.137862959991
0.1218085332
0.115940319051
0.120933060633
0.10338880518
0.100891590735
0.093964368748
0.0926158702963
0.0908458845639
0.0927694231415
266.415005508
66.7608877373
0.117180558513
107.069836576
93.4694258744
35.2627614222
69.7010188082
60.1612454345
0.166342318422
0.20262115258
125.616274938
105.50757445
123.7741864
0.312771879372
53.2801546695
30.1566012613
0.262354439325
0.223858084139
37.9274319966
0.314952164611
31.0006448129
34.5142984526
241.378978185
753.158599342
981.331202847
29.9385967779
100.65185868
89.5643647149
94.220045671
96.4855857893
90.3250464152
91.8290564707
29.8032257487
86.7938365632
88.5990282987
91.9728829491
62.1065776251
53.9473745151
0.236725653365
0.201328994626
0.120343871161
266.933104353
117.678736515
0.0804402630076
1270.8463927
44.7826822267
44.6619379982
43.5625429684
0.222711695888
0.215156376395
44.718954355
0.201016206524
0.164520772672
283.00917511
0.163947131389
176.712510569
152.238041435
0.170005655672
0.163335696498
85.2206961724
251.207912641
398.808938306
0.206033866926
0.21736636878
0.225014162
49.9290429081
33.9561707961
118.767924248
125.6588315
0.169113071514
39.3414609243
44.3887406997
32.0789550778
31.3229575456
0.289085961231
0.247166481722
0.339738905086
0.303806886299
0.261926614735
934.041390478
2089.59629412
40.6659209063
40.3320107062
58.8001869808
93.8436647901
38.0501462406
0.333944777336
94.3605270779
34.6468827785
53.0870071887
55.687644335
39.0285677087
39.9857218116
0.395937346655
0.328168206731
0.295184688295
0.151526041782
0.334636193404
108.194048864
417.352882673
860.661623458
29.7130520221
0.349470826946
331.012743545
31.9986992369
117.639441665
38.4404249635
93.8781600996
113.554636707
109.882611059
86.9754478329
53.2148231585
139.477658207
115.679640465
52.4490690148
0.174367317314
133.596420804
76.6300630617
101.871397933
120.514572334
0.199185438038
35.6584033882
34.3620930904
189.278132358
189.918559839
184.628283405
174.17056722
172.276233793
162.037904102
28.0523112654
0.135630785246
0.12210616253
0.115155627864
0.105166063199
0.0939156875126
0.0898614482028
0.100029795689
0.098659314382
40.1380447337
0.12893395815
0.106263030985
95.4374735633
40.5369049504
36.4144212905
27.8655867796
0.0982179199491
238.27951418
328.387815025
0.0957339146506
0.10379952011
0.0893264151778
352.186381115
364.223330402
31.9305575764
0.0769692128221
0.0872894524789
0.116852245548
27.9840983357
148.194411246
139.87657144
124.833465788
121.143298666
96.1572454552
0.266836809695
0.290895184093
0.280318151757
0.261708993657
83.5429620967
0.313754008357
0.216404433128
0.306559615204
0.391678000674
46.0105863793
76.4774796531
154.510120873
213.673413808
171.222999918
326.130049585
277.253171772
210.263114078
35.5015635482
65.3168929743
125.217274193
59.9679470357
80.8125360572
229.703176233
259.222536211
303.406692912
0.348466210895
157.759057298
0.184489321533
0.152196613688
47.1920949761
100.559636882
281.678321985
168.062454862
184.379315053
187.911291419
165.649325844
91.7152544242
0.462078424608
0.416169389598
0.397779178875
0.423500735513
80.5605048654
73.9236283294
130.037218117
0.409823282525
395.245581203
252.532272623
36.6103691092
77.6432001539
253.731854249
71.6357434478
107.296442466
59.8310672979
45.7863549295
0.119448100749
0.110464540417
0.103526341064
0.0958465207915
0.101821053411
0.101888528791
0.0922410549685
0.0756954812145
0.0664384966827
173.163731072
362.002604611
0.0376325984675
0.0527882739535
895.125893484
0.0562387493536
35.4575657567
0.205458541213
28.0027345493
29.7384444814
0.270019444708
0.320646127983
168.522927768
227.082298859
214.03733993
296.439775228
418.178773627
528.016447276
254.039052116
0.357459285423
0.420314341135
0.384171082994
125.03791016
0.708098546939
73.627844253
100.229886139
45.5208576484
0.292530214394
0.240174367723
0.250067135097
0.234021551649
0.245691420856
0.234518066823
0.257658280174
110.665851314
0.225780224238
38.2020758645
0.186632570012
197.747604786
215.450295491
100.335665686
51.6133556771
0.226333436329
116.659592782
0.373809116234
48.202182654
31.510077129
40.9467099807
0.247697519515
0.293096332703
28.0380678038
0.322061612406
49.4812737891
0.377687968767
0.283791653078
0.300191086964
0.25998406316
0.23618935735
0.215910262374
0.217294224109
139.969222441
30.7757805507
467.281110634
130.689701732
95.6236768702
46.7285263013
0.353385681322
65.1811096205
53.2837468245
0.31133239042
42.2770414326
123.967853434
76.2748667472
56.0792052272
49.9701748302
56.062202899
42.5993822292
0.445756182692
506.529417336
460.937009498
0.339595427117
0.519641979851
161.532673584
0.421374855734
63.430192184
49.4801048296
0.666389099795
0.771839726518
0.837126459189
46.3576429293
0.629876341736
49.9588981529
114.604101265
63.4023988497
47.0188526145
658.210702957
101.333991806
85.0995466623
0.409325330887
0.462593625754
0.646339885393
0.63257050654
0.328358649395
0.438887878521
157.451480865
143.935814983
143.491285134
79.5246313524
118.475388628
0.17042204814
53.4580957618
79.1225954635
51.1502950158
31.0229338231
0.144908283969
103.342470475
92.4576108532
401.475615461
108.85060015
45.6836039794
55.0683977952
0.322977854261
0.595218809018
110.842652478
107.436834938
109.79004974
97.1833619744
101.070413064
44.5627876358
94.5929683929
85.2766016799
0.271193153293
0.261199957519
0.307452615767
78.8586087334
552.591415451
585.292306053
0.264914891463
0.3061801678
0.261707522936
0.200568165879
0.158998205813
0.256227399764
0.45733502911
438.300298373
0.243460208863
89.8511750143
28.1800749074
37.3262228402
0.186191265942
0.208262933985
156.890264803
155.083666845
122.021936515
0.128016952694
1113.70173287
170.88281504
167.800612496
125.882106836
33.023094042
107.796555905
62.6073298207
106.83122584
30.8338385681
0.311330141229
201.679974437
269.025476968
104.211866715
0.200664317432
0.273234035911
0.256050160639
0.192061522323
98.2547231288
32.2510570609
0.596825201983
0.506506941761
49.4300356264
102.213929791
128.823715933
54.0441495452
0.51950643184
28.7742878364
40.9378141007
102.889345558
28.7814290439
55.8491050721
58.3168075139
97.6691409705
60.0871487985
53.5226297382
0.0611540919042
39.1334663761
0.139491096461
30.7920995803
0.161795441843
54.4400238941
38.3738690569
637.312044434
0.167019089183
271.643438522
27.9299157539
212.045931178
153.573117105
58.3448614409
0.17127574325
0.186234902766
38.4438115343
0.0755176781641
83.1966996336
28.4346093166
27.7182283471
179.447050781
0.135789041091
0.304266465475
0.288494536813
0.271753700538
0.284951379212
0.252359099628
0.421048415248
39.4706030478
0.393380215972
29.2711271573
0.402946493508
147.753893287
0.170998881198
114.871671017
103.557234847
90.3650665508
92.1568905522
66.776531371
0.203207091379
73.2171603409
0.576365926528
88.8199927288
34.8759215354
124.366652474
0.680433790582
44.688705268
0.672574745739
39.633985817
37.0127209136
419.6698762
115.525675513
119.046032232
105.426946403
0.441119113925
108.902607315
180.830010726
208.311348113
87.6862734075
45.4452414874
44.3812125993
0.708334669812
0.523306915669
45.5690253813
286.264984915
0.380307297775
1.03110960019
364.862876228
125.815964287
154.206718313
1.54109459861
0.802821793829
268.138844049
628.131376168
0.47102090327
0.316223348878
191.923316561
28.5130350933
32.121747238
0.622240757955
294.348866853
399.261087696
0.655552069572
0.47838566252
50.4172998109
27.6945189275
31.5604718695
59.5566165401
61.0635473429
0.506782404402
255.619910912
64.4013326853
246.232652452
45.6074679047
192.193148921
66.3559679359
41.5134974507
390.660698608
502.532494302
121.43369045
33.9375798062
69.8722216897
139.975639455
194.879167661
156.866748966
29.5875508795
0.28571076904
0.2696827653
38.533221824
175.381392089
0.270532119886
60.9982694754
0.213110797752
32.5827822078
0.364939986619
397.016424915
30.5890472215
396.509301338
167.763775139
1.00426459915
221.03680278
221.681514657
145.926229586
0.754371039269
72.5464000225
44.8662861927
40.3006078825
46.5464191965
0.942099911196
29.7085380845
251.716267521
2.34926184914
73.7348143982
152.179391144
164.473401647
2.68513327993
2.64047026975
2.74451119744
89.8173355242
49.4588139011
92.3233890852
1.10234079617
154.642248198
1.42625443492
30.6145246033
349.12865215
41.5369272527
248.784457981
145.40632698
226.576137607
105.226169719
33.967394418
112.498416886
32.3984459981
105.356453483
0.613024694968
0.482732602286
0.211446425781
472.662850018
0.194080895059
0.234503841368
67.910168567
0.211073224766
31.007325512
39.2277546091
0.325874822795
0.280776713373
0.296067087219
0.521839471184
46.3820028771
65.2951476378
44.5428471847
0.688558612991
44.8953715296
35.8489397082
30.8733423391
31.0150113984
1.54934241666
145.703493346
105.309032302
39.7132868548
1.24872042936
0.825997458275
1.26182951642
0.967991811866
266.448979291
379.689625416
0.633162888611
0.149528572072
114.824460271
257.817331859
0.678354668292
82.4352322439
0.57578699237
509.992941271
360.256938029
308.378196625
71.7877643445
0.769280857183
37.4002579494
34.8672184404
44.8336994166
0.485742722696
109.854566954
64.7170100593
34.2808656427
0.623294096254
0.539640023379
51.3992067514
101.175377144
80.2929654837
0.261836920273
0.279087136319
0.211431551374
34.7837956189
0.203095996053
0.234327632564
83.8289730409
0.553566297536
0.365667436883
109.820010274
75.3757399757
0.340081341399
0.165248196011
631.710211525
0.0
775.237036433
1128.79509373
1357.73347903
1128.8342029
1163.27156209
1152.04462748
853.94322112
1015.22071988
183.840328754
143.446994154
0.595116648457
0.684256214396
0.841274895532
3297.63532759
2210.98098006
1699.72415099
304.694169304
31.9348207941
48.3505032904
122.622393315
137.925631525
96.9712965169
34.217161077
3.99625243112
0.739940881192
0.783449654835
100.293717759
29.5998711733
0.695828699305
38.3668837512
45.3968023194
0.658987197887
0.694318760715
0.338835074417
31.6148441912
1163.26220927
565.009248835
665.813128665
59.1414925034
451.612679167
513.461858576
536.746889175
208.113515555
335.041258656
570.278312836
760.937277485
725.688806969
67.6390867308
0.42722152026
29.9622014452
542.673513654
467.161003113
408.392836631
405.560974989
164.843573357
226.114394042
192.465137466
33.4021021123
412.407578904
829.876147378
1092.22861773
865.878390426
294.537898914
47.3924230545
0.799747658833
58.4022297671
31.8854912579
1.02142701552
1.15062678166
1.32352301748
29.2762384796
774.100337364
0.304097756801
0.36167298901
0.332386538231
184.07490364
33.733650807
0.560935191412
30.463726706
35.0986338313
0.998661248847
163.016332191
42.7256575772
30.2321002499
0.424516493758
0.292817733134
119.142582766
87.0927535219
132.36476918
31.0215499848
0.286333648598
240.207558627
546.124548152
0.237609680183
37.1248031923
0.215180197227
1224.49889785
123.028082371
67.3186703089
39.3783333704
212.832692693
217.934433224
394.506552051
0.608924575507
518.707426745
500.896813926
36.4417386739
0.195548616587
116.124287117
170.66133537
87.1594353081
41.3207358845
125.173062951
0.46347766503
29.728188456
49.9677101126
49.7152651972
55.8898572865
56.511802195
1816.95302639
1301.62575241
1990.17513433
978.137630689
1.84870023695
1333.20437231
1957.38652363
89.4204341177
1053.92793894
1432.59702462
1430.15793811
31.8079974742
651.254629202
1061.85339443
797.588312089
48.8021914885
226.434413419
478.066992294
640.173445452
48.3300005739
46.7901804539
46.8742519865
0.280000707716
113.513319811
66.1513807694
32.0900149536
31.7705678916
29.0674240394
0.332853565126
0.313635434577
0.208231772679
33.9693155391
0.359176827171
129.86602504
56.7256542753
0.525459154153
700.395756867
0.484573592251
496.925348392
197.336732817
157.734907109
646.896152777
695.329556643
1143.8213357
883.37264885
1.06104065235
46.0202490872
0.834634429857
64.5265216382
63.1266459369
101.534021061
443.070925779
745.8044349
717.762342104
105.865761788
29.957922807
52.8329810398
64.6862740341
54.0987020967
0.81056879458
0.58055587444
45.4540822888
36.5463816609
0.773581765019
31.9699245587
0.891811967676
0.211508284824
868.340118651
780.641312974
329.113073307
1414.29372004
388.575637263
856.338231608
464.04745172
72.0722934591
0.626243114078
407.561740693
538.965685046
236.814165898
1.30974927716
0.633545012652
122.260990924
0.59565101154
0.858648228735
1.13418182114
81.607358885
504.36945914
95.0491396839
66.4378801604
0.564491636311
0.271263156439
303.088680166
78.3965883949
348.428122668
363.722454308
486.152699553
452.10488596
580.810271149
688.228659201
499.115399617
808.982892739
772.819965729
1038.05745869
602.165921865
495.472655919
741.802497934
630.528550303
478.684879504
395.971153006
762.452854439
653.997530153
269.679920618
0.969752174646
228.333923799
503.764345185
202.708643578
120.013256113
99.6648974847
84.4304339413
93.2139870543
1.47167794231
0.18558688039
0.465010570599
0.446510151986
0.471036080567
0.489911425339
124.205977001
251.580349865
329.733593206
280.503575207
0.241672266979
99.8282906979
535.274841123
0.324810381494
0.340699590542
0.426007765184
308.723412964
224.268541164
0.46791914618
0.642513542397
0.257325283591
75.4044059812
136.212943639
153.609046461
214.78179471
98.5144904899
0.975040331485
106.356372103
78.7650140499
200.912075226
147.665452315
103.778622801
81.857398932
124.317766482
246.88427357
216.130282387
1.81254939695
77.0721812718
1.64410767691
1.37262862649
1.06868638133
656.009881932
203.569867184
325.061748613
275.114636646
0.566517255924
291.973669095
65.0387739247
318.567115774
0.940093684489
2633.56774634
271.153672441
297.291440081
126.739735561
0.585719158857
118.760876855
131.560715351
1857.34845843
1209.03294467
1045.48028516
0.507709178448
1265.18727894
1309.37342044
744.081863669
0.486597177176
560.438038659
298.167021032
0.559536157636
538.378705479
2244.00818431
74.9598344507
1106.76468931
283.505964601
0.892279313892
0.560934926055
0.754320969284
0.492201887445
0.423763211798
1209.29434233
94.0584848769
1204.8380274
1233.09003088
994.593990597
1020.49772835
629.788882544
752.230602726
0.549863517666
0.848283564307
658.355774946
641.434588079
1800.74605597
2245.53449935
0.882229099762
0.839371057285
104.254678506
72.7251536065
610.047265278
522.328824703
377.886985846
185.743306145
299.281771242
377.931063702
0.695896164243
527.08443213
427.682199755
1.09898547318
1.37878820739
1.09456317112
1.42460727569
1489.64275731
1098.60501374
815.280311643
1015.266669
796.965179572
81.8518631604
273.379031496
77.6731380437
103.745215795
233.19202219
0.76541133821
0.684092533842
135.168277717
105.961509911
0.285682829573
671.452329611
617.677823
294.818090083
760.325979228
97.5385739647
1002.01456018
897.828069584
923.400370523
0.253241156685
445.634243952
406.681130888
389.911546143
415.613881845
78.1512171343
532.898588278
651.382462914
227.514619306
65.4319323573
299.904530297
325.811658543
265.561071965
0.795501871915
205.525516363
317.773751451
298.166563715
0.33739490471
0.321033256319
79.922612757
0.81663820789
854.90038001
84.4258006261
945.928348165
583.991821945
214.239868377
79.2397197522
68.9022872073
64.4666194226
0.401792191967
0.474303548064
0.469785840085
0.671953336193
760.155823651
290.21468229
400.222791868
331.418237776
97.2372517524
184.579952091
306.631562623
347.807440173
130.417541645
85.2461049688
0.39415822511
0.347718684985
0.39736373144
145.050546245
0.251133730501
0.465136654499
0.633995821004
0.804834075517
0.900615869686
1132.58604536
903.867391015
85.5354683288
1652.22803909
77.4043467811
586.016333753
628.237880261
84.7603654413
121.982283435
0.700995604619
308.965146896
868.343284396
386.699480752
103.992402342
661.45810108
1214.21245336
944.833467977
1139.64492924
1177.88407988
1088.95520562
825.095818756
1308.3882923
692.880754638
825.160211128
713.332642004
747.548637794
437.603535488
66.6266527532
446.89150369
249.628736571
0.719113952307
0.38637497453
657.89456818
0.724798925093
0.825146233817
0.906269674214
0.991843445279
0.853174159386
1.12205587899
1.40058906952
0.591807171951
74.1141246708
255.764826653
102.421756845
135.862218758
244.157203453
1678.48356977
436.896499858
1.45432685287
135.732806877
68.6939895053
196.075578134
551.66630019
775.03111462
1015.12480556
929.154506914
549.07813272
1.10890205264
704.983917538
993.608293917
1.93728096865
292.808401153
101.413878277
144.065696217
1807.15961174
1025.21461733
748.023394437
340.763766363
286.943425134
768.302775921
1488.1645246
361.548645272
1.01582564188
988.791826907
1053.18607627
175.64162024
812.193508481
694.659549093
135.63948463
68.1153217397
67.2784398582
0.678802319301
149.194683823
0.912914541693
263.70292896
152.691951876
0.538074555309
101.936483164
1.07378067929
193.656546504
263.024428384
140.442986407
0.496821019791
75.7759439072
322.154060242
521.778761547
524.861158741
111.459452007
77.1055470224
483.670705551
459.720682542
80.1801350044
481.140921122
70.7227456438
0.304342910668
111.28804876
86.1211031198
98.4195470558
107.392679214
1535.46182386
2158.22925505
2010.06670357
0.45999596001
3248.44740471
1741.79846766
2023.2376454
0.48552863347
2100.59954063
2363.33450736
0.479482902223
0.645881653382
271.367872115
88.9580932537
103.974693904
0.379384978606
0.328644327336
2435.38596467
2675.77967145
2119.23533334
0.555527015527
1759.99643118
3363.97394374
3543.09602982
1.20865498095
93.0881455637
1.24069594627
74.2859038689
2566.06907797
2472.25310614
1.02483337281
1.0252451099
2292.22065451
2423.39701445
1778.48898561
1505.75768643
1742.50029131
1.14784728221
1.12846878672
91.9090022061
1341.15250137
1.19152287333
1.14139757367
1.12527856284
94.8481642139
1.09811118558
1.13258628354
1.09156635641
107.744884933
0.424409622881
0.430459021181
0.394262893657
0.529400800479
0.238682183663
0.266465732444
383.681293014
1566.98327278
1031.86622412
1026.07691913
1108.03325982
1902.86145588
1834.76767909
971.968165212
0.327384401845
146.845078778
1296.13889293
67.1673331593
876.010102296
736.007251776
99.1757740245
0.406442642793
839.402703583
96.7265716229
208.179794137
1.12112663807
114.637177506
119.266686907
65.6017715856
110.506062654
109.594635527
0.994073604073
82.3014123141
0.32477332617
0.378599770878
191.115824195
0.44158672445
0.467728976269
0.655973724171
2426.18054491
480.322793735
773.077334324
661.575519323
266.048680706
1329.78001576
1210.55859004
535.917118858
1124.10713563
1551.54407982
471.802041024
559.880445229
586.939657923
805.627531876
695.90611225
898.65629009
268.232959311
1.86250441779
1.85157236228
239.897923238
471.926314992
1045.23569129
1.51931936382
777.353234309
1092.35724344
1192.84844621
704.810681964
1.94838507659
104.422337152
737.110284796
992.312425988
1300.2964834
583.584191229
1395.31640695
553.731842238
892.415383856
385.844176219
0.28826946636
0.276816688234
0.269028526804
89.6759524597
0.34617831324
1299.87675478
1395.44039352
1503.22299122
1305.31056198
423.832098511
1030.08285451
1261.29122108
1361.79137976
991.537297066
2.05571039859
690.655709844
1141.6299085
992.880217614
934.45869071
1085.17012787
1281.9051144
1184.24191606
686.690353177
1.17395640441
519.557171833
495.89442414
1.21443566587
0.947209573221
0.908358522737
110.473890414
67.5108336677
81.492884625
77.5008222492
0.775847974123
271.480685807
1658.85016739
611.419197435
318.071891072
116.522718461
1.13282571406
1.3623805617
1.23719342025
363.576927264
395.274001709
519.582368513
0.564410717178
398.397449812
105.34215803
502.283338013
0.235794983789
78.4631622835
85.3775255709
97.4485616684
0.473549955096
72.050788917
65.4147143616
76.4197778602
70.284408371
70.1023054415
76.3326032544
68.8168678963
64.0820294442
0.420383897098
0.410724280547
0.57776445637
112.603354905
104.138226673
0.608618138385
0.604149444913
0.601421273776
0.601980162931
0.602440135895
0.592141103863
140.081067497
116.975265988
220.789824314
85.9234504418
1172.15216556
2624.24910652
98.56974951
0.116604371504
0.0884713393085
829.923493524
170.641387314
0.0659086174684
0.0526637324159
1255.87554679
0.0
1013.12394152
229.392309185
934.969132172
1361.60928097
0.0
0.0
113.817041072
104.860101492
0.0
67.3568637286
0.0
0.0
125.684973208
0.0
212.728006422
144.966236967
138.723268731
191.994883159
68.8516505733
65.9140807272
0.0
0.0
0.0
0.0
101.13430826
93.0778434032
0.0
0.0
0.0
0.0
0.0
0.0
0.0
0.0
0.0
0.0
0.0
0.0
67.3930992448
331.709502939
406.81154733
0.0235249100645
417.52578103
0.0676440421283
428.487541306
0.0939105362742
1212.65676187
396.828253445
707.187705411
791.378781974
641.163638703
293.060510395
694.830912177
821.59168566
755.160632588
979.608060871
888.892414442
0.288613937899
67.4731799421
281.26471638
0.587221314044
84.0501117055
100.769185404
0.472177375423
0.36787836511
0.337136886072
98.5236679431
106.078576722
0.368423055441
202.048808077
0.613060150746
4467.94492083
2858.16016802
3354.09803156
2642.10757749
0.789415862117
0.779689894576
228.071854393
74.4830346674
2818.1740079
0.693609413159
0.685106916744
91.2175581168
2778.47174585
0.641258007159
2327.37061803
2411.63205671
0.751736921262
144.168040085
78.0303048007
3269.25029115
0.813558887224
0.829209168355
98.9822191504
68.0227808858
2285.04383969
0.564348223311
3156.50079336
2462.45697029
2549.84872181
2566.202421
86.1487530584
82.9717098791
112.081930963
0.237701889949
0.247135385383
139.735507278
0.370880160343
68.2784777124
6881.65651849
180.310272872
142.799793555
130.457601311
120.68567321
102.965791076
128.408379484
65.8924129964
96.6350232978
0.305853454914
0.290039081872
0.289722655576
508.775578468
0.450610064274
165.261191148
291.425190737
208.530383348
200.566161508
266.864010654
255.331294478
175.69757573
157.469807057
180.022820772
0.531307621215
0.468860046212
74.1030092735
111.904677505
98.8239868511
0.625976336284
0.546710337569
121.223374839
123.897896201
0.192759426279
0.107075833765
107.56833722
97.6685882367
71.8055154443
409.738257228
457.037738596
0.506016925978
0.550421279731
332.109113144
782.643716644
0.537793069551
404.249851084
119.983694767
0.572733025346
0.607577865577
0.528056705125
68.92875934
95.7441196529
159.525403377
0.727863779034
187.856266653
187.784306784
0.72446110468
346.391898923
103.923995466
130.514963511
131.641645771
134.368843783
304.480218834
0.433021017429
0.929057248524
283.669483345
239.537819023
401.698705388
390.421582845
188.763672146
191.7934892
174.984854504
0.188469705123
0.131138249392
97.788073395
87.3551547805
122.05384054
105.270440115
0.154602210045
0.569246764199
0.620720487375
0.750714722881
0.504512297203
0.413788759435
96.3401143024
0.557230229415
129.359540648
287.45211251
325.317755415
312.006734722
236.030582566
0.341509776503
0.355481580173
240.413159413
440.579904105
216.217437966
73.9805611968
94.5139260588
93.8021798756
70.6783241315
311.947710889
439.413904654
251.950280531
0.152253664525
71.1450039398
280.112157464
0.169664831536
352.915656107
182.070886008
0.236586964411
0.232348684018
403.077895367
0.291355380759
98.0554251163
0.852805724156
77.5065489456
0.685335243014
0.899775190083
198.606717303
0.99745515468
1.6527650221
120.639528027
2860.44007651
333.958764327
91.0636052575
1.73844467034
243.63058556
79.4366583652
1.82320257263
77.4924185309
1.63249815984
1.7108781244
1.52882619719
1.14593259364
1.40614678565
0.334769442358
0.515164430422
199.371432562
108.237129343
0.587057094466
0.750483775729
0.854928133202
117.927981308
1.04049169425
85.4204254973
85.8948963228
430.726055336
361.296846601
307.768589728
122.793491674
270.895992273
72.3340367094
90.2779832516
81.7302394122
70.9369700101
67.2937549646
229.783221617
0.794659212761
71.3736946509
215.145235403
102.281123921
0.954472329955
254.524501212
220.936742326
0.819665459713
1.14107565601
66.9232877168
1.22535001119
66.3158158477
380.830474092
76.2468150526
67.1212388442
0.860808079627
0.436416448796
481.370192624
419.801545369
346.557123271
309.10590739
273.284452639
0.476042803253
75.2793669615
0.434204702764
0.514720297198
385.783456035
72.4467481698
78.8134497729
79.1755892634
3828.13512446
0.255796525281
0.301426630582
0.960438974
719.511249234
1.00502566429
190.312644686
300.365033366
307.853472599
1.64992679467
71.8609074077
68.8151185616
1.75619265789
495.006437191
572.820697854
616.890355572
503.013170898
260.668816492
1.37744424277
127.576144732
145.923472901
92.7163654583
79.2143543397
88.5960744702
1.17865924307
89.5852436867
0.977486895024
198.168448658
121.399423373
120.855229212
78.4460226469
68.1700963549
548.006155463
65.864769703
241.192862712
216.03193047
175.688081732
199.352427401
67.824180412
216.615598715
243.686148327
238.643108642
232.536780326
252.713159331
277.065701235
97.469015205
257.258980453
0.344517967526
0.327425916023
69.5563762369
69.660424137
0.431265757745
0.353008615056
0.292909689059
233.412860368
118.375114573
83.4343334565
0.592557361453
0.766231749531
92.0523441277
68.1770441429
250.551236589
0.46004948507
0.51399600789
91.5629331559
0.619678598035
0.61726581172
0.833880810406
1.12325083483
1.28089164803
284.387158375
0.631609489009
0.795865107365
0.86370550258
0.927021088438
1.0030569001
105.753603671
1.32026147561
0.813148535333
411.295284264
211.047673927
1.1490015603
0.355110792657
0.347230088825
86.6250403778
100.694019863
73.158602199
423.214138767
447.824602786
415.775924616
381.003033464
513.082026375
562.911907917
599.024159899
425.800902665
287.816654441
466.098396978
0.269631891308
108.34181029
70.1094668754
91.6833350287
284.560916487
227.526511825
0.721922085227
0.822771667598
527.013898408
77.6051059465
99.1619424076
124.695853344
0.55752115244
68.6664741826
151.223497871
136.637379795
64.165564034
427.201917351
1.69936959085
220.302330811
124.133935104
66.7532661401
274.505607327
256.617771669
2.66154170678
209.814834146
1.52570288895
308.894749877
1.58528127897
167.520756816
690.536667734
100.428613801
129.062647346
98.6516136861
117.990414918
89.1789776956
1.1935855651
73.7967794756
0.909704323865
338.638948559
92.7430809209
0.721524423089
0.70559598163
271.262355229
158.806619058
723.556927227
693.910047351
486.353204758
75.4690478919
0.417606820899
95.9767136212
0.527295699207
0.491860606464
0.920823285512
559.017603838
927.072497358
818.210453188
1420.6039908
418.526031604
3353.5255282
430.348602157
0.904558354031
0.937479865717
326.134954431
68.693324988
78.3572480385
552.978482705
624.740260622
394.679809884
148.815928684
80.0201783865
102.966577521
102.251505435
0.852528211098
147.364100191
119.838784885
0.633656364598
261.090399149
285.383613916
98.6339263539
581.246191688
0.630004056666
940.139051886
232.403730124
0.6545333611
0.810483505096
0.399482562905
107.606646941
0.448697834196
0.531781083404
222.850471219
84.3601931185
132.241947326
245.947753569
360.059809169
313.74144281
0.667655872635
200.961423179
78.4629306746
79.5040634278
0.653677459085
208.962068403
0.629689520961
0.613810838511
0.637815775068
269.445386472
209.218337776
0.562250492794
0.581444754657
0.582857679385
278.436797193
242.455747414
75.1428624625
0.593095184638
0.61171484506
0.485991669643
0.485914638392
0.13253321201
583.28287323
518.162929675
370.082784122
108.948274941
0.319891255859
120.72377262
0.682464461399
0.874019811624
1.14706256454
0.826706887996
1.49727778386
1.41793537054
498.751565153
618.235212663
189.54822785
1.29089927516
97.8217769476
1.18770400651
185.441966948
239.169224582
148.121923105
85.009329315
545.71916714
275.185681206
0.686302621756
339.712202618
297.257421988
240.560217367
91.793108291
1.73592387653
1.020289505
1.2695421108
213.147219672
194.13941519
0.705665353436
0.682453115596
0.625486851129
0.745002315034
0.696748521212
81.0366713145
1.05788561895
0.247103362701
0.230667241949
77.8867300158
86.7017409991
0.318224358734
0.211751876982
0.419534765466
242.140632264
541.101128244
83.3182546461
299.044424094
532.808535473
0.58563825152
83.5183681666
101.878548557
77.3681678874
0.793090078235
209.992126253
408.719448256
722.391006961
421.192733152
420.877508008
0.386385741911
385.205917515
609.458221828
551.499190882
177.982055292
67.5178546021
361.062167434
185.588575007
479.243289128
0.315173538208
0.583076384724
0.179883128279
80.1263666645
0.216542269037
141.075794301
0.170589059419
0.328182428648
465.276000185
0.281881293408
0.291069164966
501.448173275
251.68558552
592.371831705
644.05942723
556.226782603
285.559082822
138.258825685
266.8088594
0.822300948776
0.799096127103
170.145627618
0.763193655408
145.013246027
112.477554335
0.64810117802
0.590009000684
186.561592634
0.706261937457
0.795498524241
1.00134028465
0.958573418149
204.67221641
0.538254571247
0.539952620207
0.483133981147
257.203739156
0.449723916707
120.360119658
0.3475858054
286.650231744
1.83891218655
0.557567632292
240.707968774
276.314380921
159.222820611
0.118630420616
0.379857857853
0.430010733597
0.457042292147
0.389941894621
0.653369385023
105.724888316
0.902255374121
115.38157784
204.92046145
66.1950192879
71.2375250845
0.18390789843
0.312261723766
0.304085792745
0.530606536499
0.551556013976
0.665179800256
0.98390509253
0.956365287894
0.960023670968
0.880461297143
0.933461569638
317.664538809
1.84448162291
0.989613019669
286.763357246
274.856466137
246.215699032
219.190977125
133.548150306
118.482023586
0.77936331949
0.685178176628
0.0846440580546
540.418289261
738.486208528
0.0810775817111
903.643555828
0.138811176783
396.452734476
967.214901401
96.1025456427
205.260544898
217.666677374
79.5132181247
167.936044183
1193.2385562
2.15452508234
100.1356257
334.136450603
415.951987889
80.2791252791
668.721425033
1267.73253421
858.696723303
1393.77133173
1.29615760163
1075.13707693
1637.09702418
382.013627571
196.453121903
914.607831703
1701.75860495
1089.28212506
1048.71868564
207.035266854
376.048903355
1173.08037218
908.055429536
1201.09098549
2526.82166349
0.853383269919
0.939654783503
411.821687567
202.831296004
261.428541467
335.999372225
836.650112569
560.652001429
581.641612343
356.201993183
93.8663816991
1.85164717927
394.226196445
302.960401153
2.55829361497
66.0023807766
373.023561368
93.5412533267
278.590234609
1475.35077616
2.6980821508
682.957446202
2.72364777122
243.71879407
2.58638392244
2.7396894554
2.81645569284
2.94745456297
2.69135903087
1.37071527787
330.474221693
272.504593375
267.129670814
506.416486592
270.405114327
0.16036977129
202.954939283
598.999834278
352.650985249
173.60281402
628.392898573
0.560862707587
1024.39119469
1518.85541995
2302.12230325
1804.34710142
328.795710104
186.645200552
0.638270977316
0.736136983502
0.542320348503
0.439926894267
1.33134832704
357.586951518
591.294922371
575.990411483
214.177778238
627.133733582
355.292552747
325.895526397
416.586045755
733.092262128
174.351245584
147.719759682
6.24914778117
388.126862179
163.99872636
277.255098338
191.298651867
757.174274849
781.655276739
770.96795469
5.17490193341
173.037277094
190.335200504
239.611291689
524.905934813
4.76055074032
174.001534971
195.603067911
199.386319685
223.255730892
190.611148641
302.66799381
5.84440540513
2161.54383142
4.26168577543
3.09019672654
25.868304342
2233.85614043
724.152431383
188.700651757
69.6643636684
10.9402045847
14.6326283882
306.646276841
1787.04871412
9.64779328101
6.38285695529
13.5358086981
7.04418913444
44.6204601179
272.780341632
723.565790901
971.875307853
910.688952768
9.40592313516
6.09086881444
746.916916797
850.603061572
845.235456823
723.875226716
581.280499028
6.26049088107
4.2885680554
8.38475525194
4.54679530706
28.2851443
158.506500491
13.6205079925
6.97216900267
188.376338412
638.804469659
679.45192213
332.868592444
452.788572399
167.243195219
10.0009803485
10.4844332538
393.519263527
270.735467916
11.0759211118
10.1750990762
581.028216293
205.461963001
14.7575953449
179.784959152
517.386544195
176.300917358
104.579247274
403.248971294
8.8439102493
215.268960173
514.660323075
337.573775275
220.295548215
544.922241279
201.85569602
262.789066534
14.1309506762
1504.42802703
461.365264216
176.209588317
459.876457763
289.576630268
31.889613966
44.1173960059
35.4747717087
181.305424051
179.238101982
532.581711875
16.4975472905
278.632165281
483.004022646
284.417653096
872.641968382
696.939947532
828.383396225
244.688808111
1402.85569067
52.3572631256
248.523888535
616.78665885
814.811433123
799.508913054
2820.79599155
2232.2337285
1639.82331536
1124.07922834
2354.80735851
2616.47447038
2584.08861937
2427.46867009
2463.56348223
1893.23863607
647.907979781
1205.7663962
1175.36780997
1397.21130082
15.959943693
1231.53401812
910.612150174
927.730533983
23.4277137135
279.996622974
4360.38026924
3764.34313984
26.2566751203
534.071268211
29.3324158999
191.687752937
23.1172980079
832.877303301
25.1342797929
263.415014251
27.8437817395
30.0217284177
44.9468520654
32.4880621406
502.455571133
189.989613048
2055.07097414
2121.56252478
1155.00838929
87.5206958066
254.718435303
797.713840186
1055.01011125
1041.34790887
2161.4287683
2315.01039137
1500.53201589
1620.71730828
1636.01880589
31.1723076308
2380.01932372
2657.8330871
1949.45158528
2322.88080058
2775.80121405
2071.88851899
2723.49098294
1032.18185887
1598.73413929
2560.52891149
3008.5242311
1021.87957636
191.859363128
15.8980091277
996.406038986
1957.50001291
1321.44334487
1055.34421644
151.4998412
670.535768765
1668.92106767
1721.93906895
507.642478747
1406.69067939
1702.24641209
36.102734678
262.863350459
242.07884654
442.452906387
51.9857113066
42.4643519935
21.7253708142
56.3376629376
386.539104395
540.332313474
951.082656067
919.200866476
1249.41204394
1157.54296702
22.5167173633
224.216181373
25.9862244995
1211.6020641
1842.70915005
360.907447133
78.5002338283
1713.81293652
2110.27568669
1554.82889073
244.262737537
193.462311227
197.452552848
221.621420246
326.743783988
366.18640828
59.9727023504
440.385244117
544.544353392
174.811859521
331.359282712
35.2316087311
48.104907839
185.560600944
315.043035518
199.315273179
267.436241419
1540.53051777
1216.58131833
1574.91867783
1454.11097985
1321.67722185
1218.94554589
1265.59049081
1583.59127799
1431.13464544
918.047106919
1557.95717236
1571.58347279
798.564420239
919.476534755
1354.1918417
1139.52826331
893.089837335
186.965412955
929.390710816
1051.45699979
341.164890217
169.065776115
538.337088831
672.800450631
480.42954125
1292.73093503
256.816634184
800.911444072
229.513786445
847.789663807
1474.77879281
1281.22900131
607.391779378
407.149230554
42.9551991083
279.09211275
138.572734845
212.871120438
657.041245769
307.518102041
343.812235842
3976.37183955
1439.55657208
495.658743218
281.534842868
215.682741102
923.965329175
1381.69025374
1293.05307309
1036.03173918
527.399331813
2146.39950573
1759.67000242
636.28136933
1109.96222609
4312.21690887
717.462436998
1072.26335244
753.27739884
200.60266792
2751.66601224
181.895739033
3364.53361677
30.9194451782
453.351714862
1853.82751204
294.884836669
586.013680077
867.25248003
116.532460909
210.021105486
649.93551124
734.205869175
495.120602301
626.911731269
892.975233906
985.682648054
1220.87034279
886.121269006
1117.92350101
886.638985471
1513.89260769
1583.92002468
1167.04834518
1336.90918877
1079.87654008
1768.48721372
410.722280846
1120.26105005
930.912615282
1034.58569741
816.363726086
322.459091049
612.371540589
1031.3891264
396.347854283
321.616141448
431.344919242
893.409348817
312.745200012
524.422322276
940.23314664
71.9990449436
223.796851384
267.154529688
275.752427874
899.763577891
396.582509271
502.447458749
593.229521305
520.130725289
454.017872666
102.565787502
77.4449007932
38.9051436725
568.293301011
45.26814728
208.488002803
70.3099746222
69.2796100311
279.86671068
115.952874157
274.822802623
326.88395135
326.487918717
209.798762125
305.766209795
324.041882519
143.329869392
280.37838249
89.4482617221
533.081607655
114.096050385
112.624752505
212.656090078
556.447338465
90.9469626275
315.670604595
84.2423666353
70.7288104764
808.089253569
1236.27756682
897.041075005
332.593708961
665.725842564
1190.54405207
475.573095105
2581.68860774
725.028193463
199.532321757
668.843683539
3862.44383609
363.381491108
276.852159193
301.567431584
407.052677547
134.319404958
2092.8587545
1481.32396915
1399.71061993
1269.89582588
89.3003143077
1258.11707836
1451.25561001
393.826815392
939.853782205
1165.52811073
123.414194401
71.2062174625
2052.66225616
245.96379697
335.352519048
1116.84820398
301.262429746
76.4215609105
444.084105401
218.146546498
212.152179192
497.069272261
3002.78876597
1386.31227644
1475.97806717
1433.40727681
1831.8516714
1493.8456344
1228.79474082
1190.38094543
1121.30198408
977.50748296
1092.16598323
871.259790145
3549.07085991
996.011874348
150.900421112
233.757269037
202.665067896
678.099672556
656.385228652
826.377974784
310.1553301
306.940935522
298.767195889
522.428435092
779.605640212
908.235213744
480.78982344
100.910784878
141.935916444
575.982265525
316.88333948
1582.70997189
1101.22512342
1494.60269682
1356.75770428
151.822904427
200.818881157
409.99261771
1321.07631001
350.967692252
245.638770983
145.317710501
73.3588396512
1115.46628421
2634.45121789
959.184943162
1064.87576255
944.098243395
857.323635591
106.823938013
967.216146819
1220.34788643
1429.20250169
172.408189165
326.52553839
713.249882464
865.590794953
728.502881941
1924.74444663
121.002178893
783.047750712
801.934710793
3683.59669752
394.40149885
110.796438007
136.979189942
55.0089903667
1894.29319822
643.692964347
1304.31111404
1148.32431472
754.131642595
660.176290347
120.905241513
1184.13227458
2191.5847156
70.6680451185
1035.64961671
63.5129415301
90.6712709008
198.876195095
92.8198792878
364.794586788
966.851092986
67.7942669979
83.6038798629
366.254751541
390.82687447
569.539496568
434.174709723
176.348377903
870.444824737
583.636260125
644.485691775
453.8649047
141.506661224
439.829934984
206.003478232
35.8966207059
145.582207614
535.477756989
177.215445456
531.992106166
501.39444648
675.538229097
1136.20639577
1386.31177518
360.280639193
1820.34284524
355.039661862
795.721358032
950.892199143
76.0139363584
308.360274906
62.4447772539
245.234855801
1567.75435736
1003.14321811
253.836571231
106.958554892
1934.25481831
1325.82882524
1600.56206994
2040.40821195
924.462363071
1432.75001655
1708.5101457
1446.80935549
1256.38978419
982.440381529
1045.91356492
1162.79680479
273.409735556
379.406501834
531.934782665
119.497981497
131.588065895
161.88802755
315.443395365
128.204247519
343.301842677
274.291818893
250.482403972
456.175647977
373.438972516
448.959397036
317.640271296
242.933800759
770.364804698
433.465346227
441.452857581
557.649233264
421.731479542
555.122722016
294.462988823
139.318053619
3405.99781838
2923.63531126
1012.3247481
1293.51292517
1277.39484244
1440.14968278
1222.76472494
1183.31469193
108.487346877
180.294259461
407.654642037
247.542766308
168.844589532
1592.56213785
1588.4404357
1221.12572756
1115.32659376
149.493874051
1201.32028522
1325.28606836
979.260001876
162.99396266
1034.6484442
1893.39850061
261.95892209
276.836718776
1083.28749236
381.473501038
142.506620924
604.342187112
473.479824272
262.257292499
346.241245079
115.731054431
538.283266504
140.965320672
135.328460951
191.542019083
4024.73072152
818.663794774
217.56189729
870.037429516
249.3825103
572.54243328
624.417846339
778.802500326
703.824562704
246.165938616
468.658858682
860.743887663
624.673063921
119.664494638
764.742102371
110.390384211
354.757905543
265.722395549
92.7843121876
263.819207327
2877.74029772
2301.4011616
2527.10138635
126.318481424
3804.82522497
2714.74267972
3692.11729443
281.886483109
2297.27444708
2997.39596746
76.0136316487
174.05816764
386.090705572
276.090999559
211.141520613
1666.90144179
1998.38073668
203.662828923
2676.84198382
1904.96592224
2684.68526736
2699.93554393
3983.73130862
437.091110725
125.250710428
182.012008491
184.160687915
117.598036452
441.411484497
73.9736771218
138.745713047
3309.69836399
2639.36352838
1986.49140447
561.297157262
2750.94259683
2883.08451898
455.87443859
1092.85276515
1752.15783834
370.235130771
206.756202305
185.167462807
334.466981456
181.932879406
274.023293513
163.733206337
262.335813206
193.879656908
246.105392047
286.877504997
165.19155515
1459.60381993
148.623355932
205.894616184
966.282519058
2479.1513529
2379.17622681
1337.28391106
1840.67399565
2515.73770715
158.453026905
1327.17140466
146.421238974
209.861817273
2504.92745348
1640.99633432
1328.48417
878.442800563
3539.75393681
302.168115447
1209.74905607
1724.82150266
244.77417053
838.548679127
80.9618771882
409.546540042
90.8959601093
143.81716517
964.832663236
338.6109042
428.388762194
396.147387332
695.351199224
125.484787578
157.606637507
532.943902332
298.66079126
348.319707647
1057.61837142
1717.98376963
912.371390073
766.02544743
1332.0495199
1185.74528367
1074.88953587
1451.75053921
1395.77677318
332.019046263
761.188956478
742.065600741
649.907856719
779.803124531
749.734714219
1022.41353543
758.286273265
489.661440356
1147.25283641
810.412946862
1539.57251388
1023.40127917
1048.37533724
1056.4211141
1412.73837259
893.284051652
174.666398168
183.333043521
513.704488101
1119.1400071
1053.84199288
887.378102923
1746.85677325
427.947951765
131.041874319
1193.98846543
381.530490959
383.370774675
1574.58505781
94.0888489321
125.832749428
829.561119517
2004.00935422
1365.46344185
1604.6195174
1021.65496052
1937.83147352
1532.78322662
1553.20424155
1774.37907006
183.152381705
811.254480983
1106.3759037
1321.30573798
1404.09688198
1594.91146764
1924.13697661
1798.67246165
1016.35174224
954.02029177
1075.14058064
1068.9021703
808.562057338
183.844836084
131.680935081
111.25425031
136.652852464
465.085820709
312.89606206
254.089115516
913.251788272
1462.89623318
961.473980832
144.447121101
111.136524388
1029.74640403
1572.66160161
145.346660561
921.234028852
754.999176761
1234.64485509
83.3765692897
107.038357638
542.711298639
403.050162341
115.13788546
486.056791812
177.956145972
448.531168356
912.119275922
465.689815919
424.719109413
252.264710123
170.53002321
264.067192616
231.497817248
135.131245354
144.88503463
217.950764762
308.415615625
118.77755989
285.593775783
97.5771129202
378.06562344
345.366791855
108.547126898
419.216947172
181.180179834
158.403774914
552.723697863
174.612215764
739.24728091
679.764529921
405.004802107
389.76221515
560.386048294
251.912731701
1723.29635878
1169.92168489
1245.63761193
983.587728276
1439.75281575
76.2199133972
1078.47560065
1362.01153059
579.975049579
326.373818267
839.634915934
1137.27790694
236.696874661
190.794230312
567.29930589
225.545565646
438.85494735
574.487919425
150.062786677
479.734002851
44.8862732836
315.231121042
383.505680881
199.831740852
263.126751092
166.484945126
911.46043499
648.543676092
334.684777924
216.821979037
722.927876547
101.399156148
333.572647008
858.661979177
1392.05820433
2672.29629515
812.185564425
720.824303791
729.784689417
425.854289788
255.935978086
424.801128602
2502.18589767
3075.17632645
409.500120715
372.633443541
317.000386621
1789.53393812
262.112557152
265.091864276
83.6707189064
109.631593232
292.560216462
238.685595055
578.048169083
433.208635164
391.731109952
500.321827919
318.302226144
265.238411555
1491.27464548
1134.15971339
1592.88815821
1651.82746352
1630.52961715
1657.5141997
1738.85338101
1326.62897674
2445.22049263
1148.75778696
454.333390359
699.338489163
2070.04392961
261.750946031
664.876336734
491.65391847
157.570156826
420.201922565
166.852665507
292.971886553
351.860273573
277.785611893
144.102731908
284.686607847
207.942646179
223.677467644
217.831824231
579.4442818
221.640706649
188.364695808
321.914379883
306.200051632
1263.67471453
366.588434037
949.034739149
4322.1162826
105.625978161
978.942901775
745.899720438
1154.40680293
1728.21711943
132.17801366
727.244218472
278.185943824
852.819571422
213.43018127
644.866354406
554.081177974
1671.20013295
2049.48095715
2063.13336807
216.125813056
2207.1993923
288.653987177
1116.15763229
349.508282756
544.565216605
350.681310502
350.639715261
375.811842946
613.825470038
691.171382311
1352.74887489
406.092204968
370.349268741
1902.38005288
510.978265277
1104.20488526
257.006759621
458.078430116
300.761188128
1430.98488328
1221.58844582
1405.58851924
1302.35609474
997.095395764
2100.67469505
380.153440979
556.493428701
1564.30236459
375.114677492
333.543821964
232.600838902
556.344401745
452.068410548
525.953394327
787.737113307
386.561375137
3217.0220174
1009.1917918
542.747782492
655.982053872
490.993023627
1010.79443243
1028.57502236
940.660285606
972.587237026
536.123761862
2319.33375456
594.70041064
389.893494402
687.167126181
1259.07965511
2160.30514297
877.622629447
900.049876982
1178.13010327
580.426168665
738.824116395
1101.93587794
633.71358455
1169.60883642
570.18879756
950.682435371
456.219644964
1089.684066
154.662797365
1415.34792392
1382.7792985
126.894204183
153.897134384
1099.74926991
443.056276984
837.392873862
1065.54167876
1790.32362111
440.711368834
1038.25179387
586.76279425
532.765511199
425.635985658
366.519401229
334.110079345
452.33628738
335.031535781
508.235150539
441.637333232
700.17239671
376.745294015
260.199458897
474.777997349
326.314403446
377.674359788
1569.24430719
154.764668315
1409.07755482
1416.87955979
1653.31253254
1303.99452882
1121.70000959
1551.80874297
892.796047734
481.086366694
333.818978549
229.601288495
365.202442625
1326.92711275
358.4275974
407.771193539
230.097703583
715.133312611
1576.3419855
1050.77674416
2232.5422594
714.291432463
2877.53231061
1790.9845725
661.488095492
651.001525394
886.913073661
1149.01928057
940.758966741
1100.83711005
779.129808183
832.913530641
861.663385954
834.654567729
953.134163347
1201.20195637
954.343558182
814.844524813
1586.30783388
794.322906147
871.552035739
618.155682741
553.791366484
1091.54828543
1259.72764736
1363.51384471
1698.83234996
1218.27188342
749.303815436
2680.70693215
612.427253041
1104.43782011
449.813042171
482.449082359
225.484206165
799.265286101
2135.63546999
145.430765874
1226.44955378
1690.68644283
258.239241246
196.446256809
288.728588647
323.66466205
259.724364407
264.139222079
259.246187411
524.177891056
1117.14778341
2503.25291352
2501.60946648
4460.5100662
362.515143837
732.461849613
593.670021225
590.293639382
623.877301989
395.379911098
205.690909117
340.599939986
400.947906251
268.375731737
197.599635551
495.09634624
396.631214762
423.784988795
292.068844009
103.186988631
504.962367084
283.088696138
103.521754214
184.613867956
1148.3519152
645.10524872
939.211963485
3506.04350324
431.846371752
1603.34009408
358.977545897
197.247072639
908.646377226
881.473921784
944.43182449
422.756721986
1308.33850851
347.226124366
665.261043952
1287.16070087
1313.76474278
1710.15515251
260.026380761
1373.6386961
1512.56828893
1673.21702784
324.61451479
929.287251787
965.430295559
55.510076969
818.639422788
962.740339185
1482.40897423
1407.68968694
1375.48546638
2406.44688502
1405.25948284
925.247746769
766.583236187
758.277330688
826.603245036
837.89411532
581.009345892
1107.29404613
947.409558771
1900.04607588
2547.47077549
537.477438258
835.784557762
783.088054191
661.819380228
317.194480897
197.494260958
327.394025698
431.064785271
372.863644492
545.64074031
689.158926034
502.549603981
304.587099113
141.4290306
110.053561987
198.040174389
242.876419461
287.336840403
624.998826308
610.942721983
342.492987281
752.086454432
669.479937626
578.793499415
629.978739413
406.137950714
617.525864715
392.336665697
552.175458671
363.825418534
2375.32210885
1074.59878951
713.087838295
1674.27242421
1046.93924698
428.237904297
440.016010347
1132.49598906
1064.7909978
514.756322713
547.726407448
575.276428104
426.590629957
278.967470111
1330.58584556
279.817965353
368.350911772
872.120797934
915.935994738
380.814139345
407.564730707
348.664740195
1693.59755301
666.507595232
415.754220714
1035.45195738
1134.64868952
326.19043442
478.392040391
733.284586165
2254.10748974
829.824281191
506.090798615
278.401830182
1202.46064804
1086.02334514
204.093437637
185.15629354
294.244805916
165.273016593
443.745153791
776.550261399
877.814845052
1004.45879406
267.549833101
859.712700563
1451.41820574
327.449872388
273.543688465
264.034493225
461.895801933
226.978294455
875.077140543
258.754283665
262.027988636
599.616731537
249.753239716
448.519587741
190.105489795
197.313532968
600.330464257
172.33625829
1234.32944111
310.483047969
721.983791666
108.272357642
129.986319426
0.0
0.0
0.0
0.0
0.0
0.0
0.0
0.0
0.29120426819
165.699311824
2237.7975227
1257.86757505
53.7747501881
81.192906376
876.283280625
1357.55290088
56.5411680399
61.633035339
196.991114726
221.948254329
87.207306013
0.17973226513
98.9615303611
0.130666332323
78.1174273119
105.245273693
56.3050285836
72.4283584494
88.2464992477
0.734004660367
86.8903359576
194.573747191
251.540506983
262.206075439
200.949116093
163.690536414
65.8392971991
0.639741226699
211.64026158
0.875400350886
71.2796732523
411.317095421
1136.84513197
440.072115233
166.723214365
0.457272864336
52.4544074285
0.840328231176
1727.65273251
1821.48602341
2158.12020491
1655.25702117
1576.10208909
1226.78101039
1009.4122744
894.935168412
1782.42904893
1044.3830961
96.4142126652
52.0343412518
115.717297024
145.001188667
0.399260328281
82.970103335
448.936481175
0.804869045443
660.872087294
594.985558334
513.774768031
522.962052708
655.824581351
607.536535661
914.294314191
340.341068124
0.621767601733
0.432287103632
0.524511783183
0.631424464831
0.733840308428
1.11921365861
0.79789418412
1351.91996493
0.719633346236
64.7036315049
0.621094070774
57.0895350026
0.65262601094
70.3418687258
1355.28280487
1622.37019869
55.9288794141
1.63592723755
4354.42798645
2082.84989984
1001.7008998
92.278170917
61.045221815
2048.7698283
75.8120523121
162.775036815
110.338398755
236.656807507
160.336019839
1.14934422448
1480.46578353
2.31611458299
76.2713009226
69.7141423411
1.78391661126
184.858448609
246.577093824
92.4437285685
1.12975593039
1.14464254361
1.41061249996
56.6966540425
0.237707503791
124.213139244
0.160741015282
77.2722719417
87.466710241
170.933329155
60.9126201396
213.285996974
0.41229955498
183.799698585
0.126519281841
832.731550838
102.799295886
174.603145697
0.583081834053
83.2867200379
132.602091168
249.147501784
1538.19148713
1247.58477929
181.21261667
346.904608601
0.633067609495
0.410182823886
344.716327667
203.319133697
0.76763960399
2122.43694245
385.738434739
59.1217053635
1248.0257332
82.4034339429
521.141366522
126.456705519
74.532917724
142.157730167
181.092152431
124.220339674
124.603840145
156.998019126
1.40376931078
0.588836726666
0.561361757861
0.529029416772
62.0235886004
86.0622619911
330.786694223
122.271818904
110.260422122
285.544945895
131.809550504
94.5052618699
1712.85342689
0.313174405401
91.5760718102
70.5922599156
63.9483125948
0.336624812986
63.2602100076
71.2305753571
0.502004034504
1632.91734595
213.08712118
258.398068434
86.6781229904
1854.66485062
348.284148296
463.303659405
1248.3024202
88.9818070094
2677.14327237
410.549262995
479.356352235
423.81282695
181.079309334
347.257334162
55.585897204
56.0037278205
83.1447963508
0.502951588622
71.0858978184
0.441620747396
593.388573052
625.383434286
568.057674126
0.334315963403
0.280318947075
885.533717627
461.688942744
0.0406279995037
492.223619905
741.376483516
0.0194340687855
1414.62450313
246.700492122
544.235559612
940.203609138
218.561711486
159.928983047
82.2492073745
0.0122271176926
0.0
0.0
0.0
0.0
0.0
0.0
0.0
0.0
0.0
0.0
0.0
0.0
0.0
0.0
0.0
0.0
176.534640023
101.061266342
0.0
0.0
254.467790963
242.997793905
236.7104766
205.307987175
187.376663065
597.095968521
282.517523323
432.964324505
269.404767317
0.0
1746.57460479
1777.17595266
0.0
972.486841492
382.087184711
2379.38665673
123.823187438
255.41538612
293.95957289
1682.68054426
353.702843726
400.775180334
0.0410703610858
211.12675755
57.4790227403
128.548264461
337.763744944
447.320243469
324.379271423
59.4626491046
0.0179183037834
0.124751186783
56.0809038152
110.781042539
0.0
0.0759102840919
488.018646819
377.093068971
473.344133605
583.85119967
74.4337589026
1527.53471188
735.408920808
400.841172869
991.418400075
126.677946929
582.850066797
385.55516978
51.8760924948
1337.74380409
382.861361954
223.492461707
0.0288627649541
1149.40132123
327.881858693
1334.31761008
74.8944137219
0.389178608665
0.292824686521
91.7994012203
0.835551192383
104.908740354
85.9500059079
113.80218557
0.445916333583
0.242087589531
0.678270260137
0.645660347606
0.616741595001
83.5579988246
1.01162641198
57.8522229261
61.9695301844
68.815121598
57.7340120853
1.28734907102
1.23498614204
62.1194191292
1.41052107879
0.96051365583
0.726511065793
52.5481169872
1.14789966549
54.1878615083
1.31791943639
53.9695254255
1.73439006409
150.933823915
0.597643489796
146.618475864
1815.78783194
55.0952632759
0.720259995166
158.696864191
0.620126297335
672.425803219
731.819658587
241.601601741
180.362566206
0.984407997178
1.19117657523
1.60883229101
1.40874040853
115.460583363
420.05450007
0.943235369807
96.6510225909
67.0372565874
57.0897315181
1743.72967795
303.294527559
1.31844447965
273.075439235
1.0873847219
129.85194144
0.519075798228
2.18037473142
2.31272055634
2.52330742603
2.76326022642
2.92518118819
87.8581597141
2772.42592031
64.4892831876
572.227211163
486.040927318
324.918847444
488.944548621
1688.67887689
160.121613335
2369.08023866
56.8511775694
1.16130026085
245.128512174
1.04701437559
0.820754399288
98.1354229351
2344.4990774
0.630372968356
380.112145139
443.569863083
380.464184788
325.159505005
235.07999299
218.270742255
1.4537387301
323.564840355
99.2784474525
125.01137383
240.159486303
232.810584336
207.150705534
268.12024517
481.685864336
281.484070173
55.7918123216
411.032868179
281.830612454
235.227033597
270.423010414
276.458047367
359.782485852
234.134236412
865.973578187
531.933672103
373.598948678
455.634220506
498.379935169
283.065221501
0.674121921711
1442.93393441
1347.5809936
1158.21239134
86.3484823558
99.7907443504
396.558791265
0.994964705442
1.48651719445
1.15875670539
71.3615932945
0.371257630325
0.579466159534
53.3415555822
131.563041231
388.510881035
313.553651658
396.945090801
0.810116952041
397.836096393
843.479456257
822.391271888
888.932084025
866.399862376
923.286064719
569.352916174
0.648999967998
122.953905878
489.939050334
350.232719481
453.58720821
651.883769329
501.144059163
484.165522164
922.469580422
1369.50025271
966.645056702
297.135294444
608.730745351
198.996652416
84.7711043958
686.024850724
0.557519005171
0.981053582645
72.1105231469
86.7751513572
98.8063696541
0.909295292377
68.2111637232
305.710946593
0.641497410904
458.051499396
83.9228979912
89.9573223091
0.552500306375
52.2844586441
70.1326291189
237.051104376
51.9573426703
103.444174994
514.777267356
72.4958293085
279.607807382
180.570596939
66.1779641101
58.4734018419
67.5895008296
143.31225735
65.1429347282
60.3778379587
374.986301137
256.861107682
240.686678415
74.9011146389
247.752712331
1454.05518835
1362.90069557
411.255865903
183.300939516
170.907123031
386.953806876
610.230935662
1.24937529233
90.4116827897
154.651356013
1.65925877829
55.3601938219
515.616414648
0.649850192485
0.31356184565
1798.14757526
0.683584811309
0.96499024313
1268.97543783
1237.96662938
0.895900654086
1190.25911035
950.288724107
1181.72888646
1.17455504175
1197.33030525
882.81193281
913.305705016
215.18140994
828.680599448
684.186327366
60.7632893073
0.56028686605
80.6731317303
1.02367461181
172.739296491
0.814287693288
63.2258237425
153.098909249
0.579324252522
75.5765774433
0.805292269905
6208.94823324
565.527265852
419.831557914
429.619688873
71.4189367952
478.608737699
681.723854609
92.0698237263
187.656349683
1.07128883673
60.8844526772
750.554073728
673.412667344
1012.15716029
981.646629557
58.4812694664
186.224546038
63.0946453008
87.8013476717
184.228208507
147.103560141
124.524580383
221.842203178
2076.65561736
1642.93493115
987.941931194
319.080785655
416.11292546
487.597537233
1986.94221536
2.06204526851
1116.05791761
916.690029219
1752.81764468
169.814752659
979.373318833
626.667643196
1.1623098089
0.638203262211
0.467280136638
217.779948933
228.133441389
366.302521703
153.00893248
90.3516198389
509.511886427
0.0953154717388
311.474043471
426.011725342
278.298745411
744.741781594
85.8091160294
0.656572648387
508.780848774
667.650116816
829.548761705
792.48577513
1.23748813878
764.544637953
919.643589691
671.521180147
731.01588017
71.0337244114
94.1978885181
131.249166021
63.6400567569
4598.4210209
2363.79460564
1.68320318266
90.1610287847
0.90011878722
3066.73206022
2392.31323573
2163.00275235
0.286297737104
1815.82788969
2674.640217
1750.93343748
99.268396816
279.077748478
84.4110230882
0.521139580865
0.58142807663
205.278199367
0.732988462901
0.393920617976
2488.33638616
2742.87443365
2496.85801296
3392.65339508
4583.51701118
71.3801312853
166.751167392
0.718200894075
0.592865014643
59.4225682178
62.1285386616
71.3777439029
0.191105425376
0.223517827135
51.3068370423
83.3171932445
0.668157098486
0.830016610803
69.1165829807
73.0881190589
0.532057638517
75.6287910107
52.1618127421
0.738370008282
198.027878424
141.862038341
0.943904608734
56.6482050576
71.3157059339
71.6945357716
76.2316645347
111.457550187
96.3416861561
64.3141725729
70.1685737529
117.636962219
257.557112234
323.931967452
0.585091517192
236.67307691
427.078561818
167.063081447
239.008543979
234.858313815
78.2739442634
231.205451614
0.8568998686
1.30829200534
1.30803240043
118.552670216
70.5372933916
624.737141798
78.8849520976
92.93129856
66.8082327715
1285.03243234
176.917329566
78.7044007342
65.7570636924
268.417916562
213.552363422
71.1732974177
153.788956504
60.5034840752
281.229854656
262.328140491
1.19331066946
0.770706327272
4578.23731675
732.950044865
1073.54590856
998.279402413
666.321123819
311.61839233
0.457668174279
0.447771783697
55.2658160904
1699.23391725
105.507060938
1464.94713446
796.092754717
0.992194278171
266.595521678
0.993742391416
898.45429549
903.25811536
825.294867828
980.37847721
1548.24460654
1457.52798184
2422.74762001
62.5673323432
53.8232743577
55.6629266805
1117.10188558
193.11213798
54.0089207251
1277.09629082
1714.91462243
911.980108905
1280.17329129
636.328392732
1.96671323837
640.490493426
337.345445332
361.720812765
224.636643535
73.5572224988
85.3034193723
0.428509581328
1.23662687638
374.772476388
634.327819853
347.885556573
502.877057014
475.245334555
619.038583641
858.448946214
883.650502241
631.844538405
0.50842784026
500.229074869
439.369833947
379.97312814
419.101000249
459.902745192
385.597954238
260.958256955
0.429515849507
70.2839964272
169.010545619
380.73209643
413.314414105
1.13316461379
1.38338904097
1074.46834552
1.40473633683
1388.78526325
0.541671982474
0.646149409625
70.577152633
250.586354253
70.9480408175
0.871349319884
66.639754454
264.675000035
132.382738974
0.587493039232
145.869614581
120.779117254
149.272182047
211.176575098
0.90038737622
72.5350170371
0.481313733836
71.6274702587
834.963211262
1605.64813523
89.595229186
0.36859107433
159.583601858
79.8964719714
101.863837679
0.632489926281
0.700228333867
0.6766739792
0.432652311551
162.519679614
0.424123176362
104.131631368
95.7316480547
0.407158144416
112.454254708
122.433841721
174.802149081
102.2021131
86.6646745681
0.373819594602
0.373213660619
0.366196901512
0.35661889509
54.7848156886
67.8802672484
55.433658974
64.6657924797
163.004784125
160.640462635
339.972599535
0.390183415999
53.3923698552
0.385005111944
185.902902187
155.502496349
0.349519138668
0.364460187784
110.896943626
117.488313441
0.35557686896
0.413946321965
144.958211501
184.075561657
183.998872584
179.684358366
56.2143319362
0.335422380515
0.302187301385
0.308626021411
0.331885395505
0.330679501345
0.325774571475
64.6737713715
0.305635367046
0.306417780447
56.3672817224
156.807915422
99.6144640272
0.274392444174
58.9333209237
69.4857249402
69.763778866
166.082273865
0.129156587752
56.3377460184
0.134127671755
0.136217858593
0.0977599705688
0.114630969839
0.110791993727
0.0892022359554
0.0769362432491
0.0661159253525
0.0477071976461
0.0425812381654
0.0380734835879
107.22635279
0.0280671785293
96.4714611854
0.0106690546296
0.00905815468246
0.0
0.0
0.0
101.655278383
0.0199955672227
99.7293285638
103.873066065
98.898926162
93.6259008819
0.0254888153468
0.0256564369709
0.0250246497401
0.0234393155778
237.680998204
472.085620053
0.0178547453561
0.0175893568085
0.0172771420481
344.262448445
60.3005664212
0.0112034836497
111.957107725
106.322374599
102.690234988
148.318585576
215.233753328
208.342341693
109.051005593
99.0705853496
99.9865726949
93.5491787702
0.00574910962756
0.0
0.0
0.0
0.0
0.00589462985242
0.00582078434699
50.8980733732
0.0
0.0
0.0
0.0
0.0
0.0
62.1958866502
102.915651012
103.815929873
101.514196117
100.846059225
98.4081143106
0.0
0.0
0.0
0.0
0.0
0.0
0.0
0.0
0.0
0.0
0.0
0.0
0.0
0.0
0.0
219.662530446
244.264329719
241.801139606
210.585522042
192.274516752
193.719434493
189.444758595
59.9758065588
52.2956995067
0.0658081297932
0.0764601312114
0.06482991985
0.0679460455873
0.0701461241822
0.0718248076024
0.0797771776065
0.0807160128273
0.0802069752228
0.0793410877379
0.0780144335724
0.0757497900888
0.0717904072976
0.0663880583653
158.251658056
137.285867086
120.650631406
107.932415534
93.4340313017
0.00655774470384
54.3237787753
0.0
0.0
0.0
0.0
0.0136271087816
149.967303819
0.0333408981416
0.0346228927908
180.435216304
53.2066400327
186.675159905
0.0177670024323
0.0154140608418
0.00873604320885
0.0188977033593
0.0251524192579
0.0258787268981
0.0168781189622
64.5784666049
0.0176414417583
0.0176083536353
0.0178064956322
54.6634046929
64.0745601156
63.6561599461
59.0709474986
0.0313668495078
0.0218651202845
88.3860111861
0.014891292285
0.0142246127156
0.00561762142257
0.00547004637243
0.0
0.00547270010962
0.0
60.5749262494
56.9746491392
0.0
0.0
0.0
51.8698813481
60.6331693539
65.9640273017
65.2499571388
0.0065695445221
0.00660561222517
63.7891537576
63.3905004259
60.8776254136
57.0511135437
51.3722707243
0.00551746403265
0.0
0.0
0.0
0.0
0.0
0.0
0.0
0.0
51.8600391244
51.904847793
0.0
0.0
0.0
0.0
188.382543621
179.084789654
64.0594190045
64.4099088263
69.4882630737
76.9659127937
83.6953118637
87.3663182736
86.8377575384
81.5600596361
71.7602042492
59.2725202669
0.0
0.0
0.0
56.2238117841
66.1744241919
75.648697473
83.9339117229
220.709661737
234.569459684
245.435455712
252.674152929
255.523988115
253.392158989
246.248195813
234.806344606
220.364534219
204.630215133
189.151234825
65.0432737157
60.0511327125
55.7675791199
51.5090434877
0.0
0.0
0.0
0.0
0.0
0.0
0.0
0.0
0.0
0.0
0.0
0.0
0.0
51.7139670087
58.5919611523
65.0791879032
70.2609835758
73.5099964892
74.9210529641
75.2893810689
196.093197121
199.592935327
200.282452585
197.179441536
0.0
0.0
0.0
98.0439170061
102.341204459
102.399675835
99.458828577
0.0
0.0
0.0
0.0
0.0
0.0
0.0
0.0
0.0
0.0
0.0
0.0
0.0
0.0
0.0
0.0
0.0
0.0
0.0
0.0
0.0
0.0
0.0
0.0
0.0
0.0
0.0
0.0
0.0
0.0
0.0
0.0
0.0
0.0
0.0
0.0
0.0
0.0
0.0
0.0
0.0
0.0
0.0
0.0
0.0
0.0
0.0
0.0
0.0
51.1513900339
56.859233686
0.0
0.0
