0.0
0.0
0.0
0.0
0.0
0.0
0.0
0.0
0.0
0.0
0.0
0.0
0.0
0.0
0.0
0.0
0.0
0.0
0.0
0.0
0.0
0.0
0.0
0.0
0.0
0.0
0.0
0.0
0.0
0.0
0.0
0.0
0.0
0.0
0.0
0.0
0.0
0.0
0.0
0.0
93.9822124258
282.479700836
451.909728761
857.101698925
354.101418841
818.510345091
1322.41708706
1744.48219091
1895.65373455
0.00682578360332
27.873231278
33.867190914
0.0165548074613
0.0180588017772
0.0419337846814
0.0307014816626
0.0470979080207
0.0658659096132
0.0977305983625
360.504123728
156.7290633
0.154348399934
0.135497848064
25.450920413
0.0980806231295
0.0825522633391
146.633132289
0.114916727119
23.6254336126
24.7337067727
22.9275305823
28.199495006
0.140375440974
142.533913972
184.3745319
0.14950325706
48.8414919944
164.202010228
575.368508855
601.080379024
0.0986122351096
0.189101441247
0.196230770013
0.261875407836
24.2987593398
0.455190425612
0.475952482347
0.507952908641
26.3184686534
0.523302729719
0.41875498265
0.391265281664
0.344277280777
0.261506780647
0.259475643403
0.217918037833
36.7842494052
32.3513374072
0.241023900146
23.1375933345
401.758483749
84.4023337424
48.1368135334
0.240045528202
0.26598853264
0.249872275072
88.6078406301
90.380693435
0.243163985694
31.3860776515
34.2893850481
33.3919746799
0.255377531711
0.260085337587
0.273257164287
64.3451698986
0.293602827959
0.289108699966
0.467336270179
55.2791149932
172.088713404
94.9814030674
86.6464444379
27.24663782
36.0669985498
45.4405880289
138.546198604
124.721931481
0.561316467908
59.9151948901
23.239003465
35.2677419049
35.7956710176
80.0161997802
53.5206080664
45.2657107452
26.8021999544
0.0461334158794
0.0760382798229
27.9227793189
30.2061717248
0.264724358147
0.273015900688
0.269753840332
0.220730931275
0.200196467057
41.5048669611
65.4564083966
28.4494352895
29.1135270132
0.236799399378
0.240460777076
0.413195015532
0.202102435325
25.7315793074
33.3329587005
0.20209512421
0.226123301873
0.262810159556
56.3415909641
22.9925604317
0.0855791716021
0.228259933211
26.5286238919
29.598117861
32.6548023984
69.4957427138
55.8064696599
1.17325312046
0.579601957744
28.9404712172
58.0700180376
27.6309543166
0.399629012031
32.2725243294
31.2814659635
0.253603781272
0.239191426067
0.288239431062
620.11224107
671.25765463
287.603797793
89.6181777525
28.4840893523
0.289560039802
0.316545765463
0.289881976788
0.292339884925
0.310041719109
0.263634267662
0.0815281954499
0.0934435654326
1033.64921898
0.103227272887
0.108981671256
24.5200058339
37.3497389684
66.5650817356
0.157778368649
23.5413903382
207.824878748
0.260903660522
0.30717664227
0.264974322513
124.197011127
0.0944025971783
59.1279219588
0.274271090127
24.0444436651
23.1127246937
0.359031858186
110.298665269
0.331030340927
123.318062187
117.481570964
34.9871177208
60.76109176
0.147918859704
0.0654421534773
0.0929138637039
97.9369982217
0.275586301874
0.342716148171
0.314794822431
0.36199843269
0.334178912321
0.325178674151
0.311368946194
0.288429412169
0.267948085113
0.263752228066
0.29412524994
29.5182639932
0.482209926674
28.4089656239
0.387005000098
0.393047737584
0.386237570596
0.383260690154
0.462542294685
24.0982952096
0.130118589771
73.9701479404
0.412011867834
0.511530275084
0.391981025167
25.8154393174
1.05858423784
33.3192362395
1.20832812003
0.894735732231
0.732449255275
0.689888884702
58.3421027586
0.603668682109
0.508256131747
23.4337185558
0.374368516429
25.2825268719
0.417456871145
0.420023403545
0.391359719571
89.7474492005
86.3162331722
83.6478630477
60.6457768672
0.415113866017
0.405678518039
0.460697991823
0.410035770878
0.367487476096
27.5081950431
29.2471228967
28.7513077121
64.2529019434
0.0916140200183
0.102853779872
0.0952640251475
30.9188166265
0.110447400313
0.201949111413
35.4008543143
0.186081314996
0.143250064945
24.8301343153
69.0252657234
0.28356595805
32.1574163781
0.359351954708
0.418032819689
0.258351429504
89.2062082276
0.268520095212
77.3352726384
64.553034819
46.3496171057
0.167468720297
0.10061657179
0.137910479469
0.0843776579737
26.1784458901
740.452225474
0.137128775112
0.137613533641
0.068225549423
95.2111209554
112.218030306
119.479689512
275.773198823
0.0567613394214
0.0565017087868
29.1106002767
0.132138311876
0.108409681246
68.2530861785
92.5349926296
38.7124299849
0.0842606639291
0.0719056848107
0.141926412161
0.240494825632
0.234605984663
0.185332182788
0.147402058763
63.2061224304
0.438932363293
0.628311276221
61.019261845
69.7376056851
32.6153073297
27.1938831606
0.587200968971
58.2083705874
0.452335733069
0.302131509664
29.5421010276
27.113915107
0.137538155534
0.107934407457
0.0366851958721
0.0688535516241
30.4841510969
0.235664974876
113.686888817
0.224575984739
39.1368909651
131.196167278
0.226851448011
33.2104915126
0.225786412547
0.209142511463
0.198327573535
0.176781454023
0.186716947504
321.268877715
214.117848673
272.807975086
0.106529045488
108.339091587
193.003320013
454.037687228
595.265653713
0.0
37.5481758079
560.008155029
0.120307776544
234.977138793
0.147487801383
0.210426015965
25.5183118604
0.280190108348
335.690668531
103.251068942
89.6075116731
44.8869147262
79.9821929417
32.9331694316
26.4816064631
38.1694417207
37.9418140776
0.0866158749566
0.149689470949
39.8624913971
0.257554073845
23.7867867342
0.234912135074
30.5097078258
107.951294818
100.447558414
70.1583613809
0.195246122262
0.236808319037
0.26797583232
0.316856437059
175.929817887
105.556180309
0.21304661927
0.205972326447
152.83536275
0.21162955539
0.224367120753
38.2462995985
30.3558582537
0.27562058775
0.246908452495
0.297674327984
30.3265961258
87.1183663094
129.308033599
43.2582965618
39.5589758655
0.837048346671
92.0021345785
91.6703717984
122.469606389
119.151229638
129.488262597
213.295864234
239.557617781
165.503450479
154.56791723
156.77372517
0.36839208083
143.490487804
0.38292680684
32.1667240427
31.1465119694
117.355117928
281.008944138
140.306483735
144.622374861
42.743859043
0.52459366916
0.552050295415
179.200438058
29.5009618871
31.5996072128
0.0714507240534
0.0913532563517
28.6421863241
97.2283158957
60.5353107794
141.289511552
62.0809721778
268.954883105
0.163937641088
25.5220082366
92.8951026517
152.473350587
108.904631301
113.157643765
139.819326034
38.821215843
41.6534946301
65.6881988443
0.383640486192
136.345886531
0.219271485412
0.178086855056
0.149443019535
23.3640410275
25.8747922477
0.128075774705
45.164480112
0.311043258233
0.334778301096
0.335252282513
63.2095668618
46.3944950378
52.7822120173
73.4528243711
0.217839539936
27.1685274597
96.637031817
40.8352453105
0.478456228524
41.799124403
33.4167133315
0.276630106779
0.271936956415
0.313863467185
0.352385204742
75.7985508106
0.237662642375
0.1871430485
0.163901750245
0.188380998651
0.405265466326
0.331331344034
0.658741207813
0.73260504633
0.758901887977
30.8462066231
0.774624083818
0.723984085935
0.646193450834
0.534539272865
41.5552000099
123.369804253
0.377747764733
0.342817499532
26.4274517558
86.4233723594
91.9942471164
23.2282720127
0.093403073503
77.0363527086
27.8333256487
0.0456136743031
23.9706688587
0.0694007418299
0.0612365778616
284.413391994
61.100937438
67.185400751
22.9538713125
0.104033529427
58.1253125189
80.7641001233
24.8636870082
0.0764627954997
35.7011665694
26.557395964
0.158874642409
0.232856529965
25.3515886851
0.154946991026
0.0582736348846
0.0838259956097
29.3710837625
0.157273251778
0.245005122352
0.175952439735
76.5028775371
53.4235468492
51.8809059494
68.1239560451
47.8477695059
44.3283868843
0.0828010223831
0.0654813450237
29.4718142329
0.0690508175225
0.155571252739
0.0981193860985
0.117911500546
0.0746585512426
117.330609374
0.0654874712721
24.5673501789
304.828208653
26.2046173549
31.4093205014
35.1186972298
0.113460138163
0.168463412359
38.9722468114
67.791056289
126.908874512
36.1105170133
64.9948906933
58.0262342452
101.172403182
28.8951068643
32.5462074402
0.260189491963
0.24602031972
0.290063933353
139.062281014
81.894961542
0.508355501583
0.571503811007
56.0956834914
37.9278883632
26.3981345981
24.5315421415
51.8969051909
29.6016083935
27.2681534373
37.4063815992
115.419886305
120.773946001
119.371624484
108.273638903
85.1457110804
0.227496166275
0.221913397016
0.227922423915
0.184242936027
242.998592162
36.7461775174
38.210038558
30.3552159181
165.501527458
142.447341443
0.313795960561
0.307970601223
0.196921242806
0.205034377848
26.0387990748
75.5704776822
49.1632203795
69.1593399598
32.0024262943
29.2108961158
77.8031907942
0.400369655429
0.289841223373
0.26114082519
75.3367535493
80.6077291312
83.3498313077
117.760168713
172.401372796
140.74612527
114.578161364
0.501293894961
35.4947626579
0.365927408207
69.3640886781
29.7570199759
0.326415357447
28.5540369566
0.0752173745235
215.3507723
0.19590513577
0.22906469543
0.207328119588
30.4223860977
87.5320035382
0.167017126154
26.9147639727
23.4765931751
0.107877814334
24.0401122888
182.667090544
96.6022680394
0.160925804942
25.3684971101
0.121374075134
0.129430576596
0.140393776493
0.189748645285
22.756322074
37.6297394059
0.24959304032
29.7362555384
0.177596066302
0.384182113051
52.9743102764
120.922379315
32.9944553464
0.704268481969
0.741946932664
0.693229068565
0.600948859598
0.554599337039
29.9779082362
614.908044191
0.108699579296
0.099729889105
33.5490582901
0.0910807837155
0.120528703781
85.365276603
29.4598994293
22.7826027152
53.7038860309
0.210919647413
24.9414877028
0.202505634255
36.7340913984
34.4258601653
0.12122238624
23.3638173358
0.248059313596
79.5480722816
28.9388575006
0.142287146523
23.2445534507
196.909481047
66.0376008905
33.4632003957
27.6019544998
29.7186494374
31.4836016721
32.6832807467
77.8145153747
103.038465485
82.7666932057
25.5500388693
24.7805690084
0.433766630575
118.893086562
44.0461311537
214.904593048
41.7697063577
0.238849667628
45.2141422794
62.5657632209
0.215339484076
0.132474492012
189.976433808
141.004378838
55.4723336967
0.275832123493
0.282471361615
0.206766182811
42.230302651
76.6252831234
77.7607693147
72.7805372961
42.2060129866
0.123721646356
113.703818781
192.18756941
0.179523878304
0.243839911144
33.9493600867
33.9394259417
0.143059127083
95.766616301
104.620655793
39.8861137876
0.240915382956
24.8689742183
0.226907445808
0.183360357009
0.202077097643
0.340849989817
26.2540787106
315.665290599
26.917787445
295.565981681
0.527215116839
0.430446386331
0.373988324139
0.247296502944
39.0891504371
98.1869623785
0.149835342849
98.1417405493
43.9962795077
44.9020355898
56.5475551259
23.0851930168
32.1119951392
35.0361749892
38.8504958967
36.9016500296
27.2171138616
35.469642593
100.664575642
88.7886430448
0.184195611212
58.5930452468
65.93729271
108.83962399
97.0324274837
97.8605820844
87.7605518608
59.2093951214
109.80797283
65.2640773686
49.6330072894
43.5926004811
24.8849424327
0.414742434751
0.172598873079
28.0445886677
0.0642524980075
53.5748144272
0.0937997905252
0.276093202289
0.284048045928
31.8835494302
0.286854752179
0.218753230473
0.194812141231
0.168139270945
23.9976504502
225.940092413
238.615656734
218.108568816
0.0638716811191
88.8191167071
0.170231528316
26.9460863998
0.220771454368
0.105478314168
0.118879268099
238.722429136
0.12289496637
23.3508972086
41.1045160189
0.106224182625
23.1335278461
0.194491739394
34.1091668455
30.7956117936
72.2990957625
105.50895159
134.649545557
57.5547871779
27.012244811
80.3501096361
171.83799646
0.128672421213
0.107441966311
0.195048092313
37.8977967878
25.9055981986
114.839069856
39.595958527
136.605154347
0.451810412503
62.6383950374
0.39911044293
0.340823998816
90.240114008
107.158194453
333.638972152
234.310627513
214.845830507
120.973691919
29.1245023603
64.1850243811
76.1193471678
23.2169462815
26.0757327409
27.7102334362
35.2179168877
24.4268843406
0.0416769649666
0.0416088390768
284.903987034
23.1074848381
69.4585567167
23.0556985632
0.108432403202
55.114631707
232.583399836
93.8984561067
33.8602226416
50.7159599967
48.3500599339
87.4177404551
72.87880657
54.8740922672
97.2224381454
110.957297093
0.134471698482
73.7453583004
30.243711728
85.8408458442
49.2312705395
60.6143166323
29.8019337445
30.0195204172
35.3041428635
23.9801293275
104.014141823
150.925537563
25.7275797909
0.0448211945857
0.0652730666652
0.163134410029
38.3368746521
0.237830390702
23.2329492628
56.3707880048
0.129408095347
35.8846205865
0.145599569412
0.159067196271
0.110373688233
197.646611448
185.822647882
0.217858428375
0.296786332413
0.276409045387
89.34388378
30.6195441342
59.5854443883
31.5919265766
0.158624615762
29.8777409291
34.9399509668
0.168807432974
96.707991558
0.162502354902
0.204612327209
238.508862076
0.511138769857
69.0124366299
23.9718740587
41.5071649421
63.7913985067
0.124930313441
0.0580113982467
0.0572910883515
0.0803958227222
89.1849998617
0.0761906953579
75.1590342666
75.7833882106
28.9098095031
34.391625554
76.6183006504
70.0208291014
52.0683759552
0.0702959119564
37.5082353246
68.7246723592
33.6635412323
0.0609309436389
49.892180562
22.763450989
0.198853482406
0.17929756858
34.3746989125
0.145140384133
24.8038486529
153.584968994
0.141713482109
157.56291173
0.241536442348
0.239374514702
114.802240633
0.198799988079
0.144839442561
0.206692142311
125.762626443
23.6361813351
81.3145274067
48.9804429559
88.7627959436
52.2932515044
91.5462834316
93.6435581064
30.0808855634
69.3064626217
0.195382688374
55.1867639141
132.851475288
79.8633054414
44.6569822537
22.8429999558
0.359670680647
0.389759275784
27.2156763125
0.382051926586
109.84627679
92.4078606774
149.018447252
172.615092779
39.6507639516
107.7653183
113.228379218
115.067738902
116.042151442
0.365017315107
23.0452336593
29.0351347915
70.3776127962
81.9522420789
76.3835270041
27.4888856219
47.2526265119
87.3158931197
64.5696974001
61.4405196081
36.4298860349
143.88459894
166.40057043
174.560425584
182.110790608
177.594449181
142.648409476
176.568369014
198.378080136
99.0183917557
73.5581740324
211.654179236
195.449162731
153.954825971
145.66701999
212.644186174
93.0871597432
43.0402484256
26.9145510449
0.0605310592973
0.0799154684434
26.9171554554
124.768489959
74.9578311884
27.6320623765
329.140759588
0.120469510653
0.126451513736
0.158763656862
0.142000765604
28.4494602506
26.2368741042
0.158974924034
138.833168771
0.0969157885656
385.557553915
53.6306010707
74.50704766
0.0133634567056
0.0369576901097
26.8807967899
55.7426050431
72.5677459643
0.330195072546
84.751949023
0.421282894848
255.590273777
198.201175876
134.93850365
151.098172673
128.477011823
0.5373104775
0.41262404655
0.404312170753
80.6701608605
43.6595049287
30.9741356603
29.0823874694
23.4937311968
0.371947890279
0.745284490625
0.726329486845
0.724602434407
0.169630845446
28.8887012752
31.5020606703
182.273363584
112.968128409
0.367358157435
0.420490097663
0.434430682165
26.7798251276
0.239809671769
32.1368627875
0.228379863016
0.228187497386
43.5289031841
35.5493997725
0.143685296902
84.3364627888
70.879041381
0.431227975989
0.452688299007
148.416619779
177.313319396
27.0805454127
42.0466858226
117.495287212
33.3589730174
27.9000802087
0.312303694933
0.302830532649
84.4769578886
51.6778719391
71.1354874651
31.534272833
0.0805442668911
77.9645523144
23.8716443521
0.0740125896875
33.7377099197
173.887927785
25.7229444813
0.0653915531088
23.77919681
54.8671232499
33.7152702898
60.9369139277
54.557919929
74.7336971138
0.0786701966447
0.0809936552901
116.044636496
28.2800933848
34.2739105256
0.0711275330323
138.981586551
0.0710272150941
0.0668470190629
0.0550398251491
27.9002365738
26.4417832555
75.9205633104
27.7788961496
26.907458497
30.3753967218
36.8761166404
32.2956954442
23.1466007705
30.0026001128
0.125398181588
23.3782841752
25.7110552852
76.8420225496
57.9102985032
49.5596838897
33.0077126499
42.0705441734
27.8990029327
29.8634159528
33.1165581635
32.1902279034
127.514990507
32.1423162076
37.990370883
33.4671869725
100.528027289
80.895133653
26.2677611379
30.5032983356
0.124079411715
36.3922698325
66.3917564576
22.8162601755
0.20564417868
0.206830588223
0.178049347831
34.1309924539
32.2578597126
31.8726806454
0.178286396144
0.192062397503
133.402765046
0.203500097854
33.1713874341
27.0498400045
62.8061524266
28.1561703628
30.8054622902
0.203136698337
323.079617379
0.28254754646
0.132716964335
23.94304308
0.144258315623
28.7293615567
0.131103368022
0.133003380608
57.2050829528
0.129388285312
32.5711081052
36.2993105031
0.122291415067
0.126032828035
0.141451319707
181.475596236
274.310278228
243.507177922
0.151581073939
0.158747387469
0.16700869267
56.4048018291
0.122400159871
0.0511083374907
0.0721276764342
0.0299195130199
224.162972205
0.0747271300668
0.0796691252058
0.0845642259198
0.0764806276563
0.0687932988822
0.026472409035
0.0577876004585
31.6047648032
31.9810188148
36.8486083661
67.3095008589
79.8862712272
41.471961502
27.9770578816
52.6513354669
31.2616556288
0.172020730749
0.143524464791
0.112218662568
39.7267788968
37.1065449267
28.2630168298
0.145791310743
0.141204551292
0.140333325756
26.1000890768
43.9052877828
24.4783065015
25.8106987808
0.15384610494
77.3328044578
30.5245755426
26.1220519948
0.152338991414
334.489558715
58.0548145861
288.955216221
48.6091621726
0.245120204055
78.2949037261
0.280286656049
118.718657956
143.51143023
105.852541443
67.8575898014
0.163943122709
0.190823239855
28.8627098151
65.5530146083
58.6131267084
0.244507331897
0.21238602573
0.208411546983
0.202859862752
0.197670705078
0.190262763574
182.078879849
0.118365499922
95.3104583449
43.2314057121
36.8062103876
0.118487163434
178.751449487
0.104829494723
28.3350262801
0.106728338549
72.2834110586
77.7105382258
0.0769396171331
83.2933676668
80.1404288439
36.7662717386
0.0422589940949
0.0673270851734
0.108069334294
51.1639566584
31.5780805625
0.172146834374
38.3620323483
41.3280563664
40.978523907
38.5508698243
0.162046310257
0.0971301651449
132.128782869
23.3269107423
0.176136820792
0.165990042582
0.0932388207143
0.179030592727
0.126251039229
33.3490771176
90.1250284766
77.0029407429
60.5044127677
41.3748084471
78.9242244853
268.415328517
158.599663586
56.8707172935
127.837551782
140.48766351
147.891973265
89.1790193884
39.6792281668
125.995666974
29.5095946168
108.384796248
120.90585371
0.191037412859
108.01222586
99.4237096466
55.5627988853
0.131877747765
0.0835915904222
83.5433102783
83.3240082247
32.5062786622
0.0654220969936
0.0635761056087
0.0525792277334
0.0232141163325
23.3596809526
0.0213921317862
0.0229334255702
62.9032297874
219.17697661
0.0333541606466
0.0177133796998
57.4850123437
100.152184927
118.786783818
0.0609217916142
231.134075852
0.0524785567354
276.71460889
115.622623345
0.0993299650354
0.061371484222
0.0326015334338
0.392555616589
0.152170371815
59.5904771472
136.355134242
71.8619322238
0.159801506874
149.294183008
350.134456116
74.8602233286
198.37326618
210.754800261
210.224802691
247.977254249
202.595246625
0.194106498579
77.6100096729
122.865584794
128.58904754
203.673563043
0.124912215298
0.186034423964
172.589791295
74.3355370805
117.804566805
0.151648369827
50.2835235614
52.543679371
130.498072609
68.6709190075
0.250661716085
0.0687351927211
0.132135686501
0.0516600381659
0.0191343735361
0.0285126393005
0.0187714968286
51.654269391
346.087045531
256.523632087
277.839951556
273.648839957
283.611852771
347.357346315
303.64579976
105.479281002
164.902573731
245.732747171
301.436831174
314.13294153
275.325195581
340.776095425
294.199873603
414.068815853
0.0
0.0
0.0
0.0
0.0
0.0
0.0
0.0
0.0
0.0
0.0
0.0
0.0
95.9462061247
136.286442378
200.788238107
0.164623789229
152.803725972
93.1244333139
0.182476348076
319.909195385
177.841408885
145.126497497
179.729916814
116.354661013
642.056753715
1329.60225278
2288.34255581
43.9445181109
0.21974567583
155.493589441
62.6415385726
0.738769789818
0.581891829974
0.708184912715
1.18905037112
1.13838140227
1.02419748014
2.98816845076
50.4903151914
0.9373316769
79.5774746528
66.8977054847
0.658525641797
106.621185209
0.843941083259
49.4276712774
3.64433257485
1.58690766819
1.5226585778
88.0032138364
178.78765528
58.6657938571
60.5621688861
1.15607647535
166.648370502
1.20343395663
140.928073687
51.91556899
454.77043683
133.529608093
6.87282573525
3.91911674423
2.1400180216
58.0984345599
59.3547301932
1.5961765434
52.6086485171
46.8470793111
1.90721473862
2.3565707472
136.195707727
180.349569993
181.08985867
179.110949147
46.0095097222
1.52617966787
1.25901859453
2.85048296383
3.19586119366
67.0643244132
50.9901649616
6.233737376
3.735366741
45.4001802963
1.62046090249
2.31268604645
5.57710615845
9.26590027862
2.34988956324
83.5154275174
2.69106505451
46.058596561
69.4017835112
101.580303593
46.4443723204
2.70768153453
3.29617633543
140.540950028
58.9580010842
7.16349988457
61.540495095
53.9736474559
114.124039515
120.847301755
1.6805140531
8.08032106116
52.8396538173
3.33367032614
86.3620110604
148.752360425
107.154767138
73.3942384741
54.3309554325
1.40439285062
1.87512651038
14.6619983809
2.87668383814
3.79524170216
76.032173435
262.751968667
230.983909159
66.2184204761
3.03845916473
1.12277674638
99.8288124933
0.876215088259
60.2428705577
156.921394077
8.43351940798
126.285351259
14.7287432876
6.32748616669
6.09046073988
3.17552999929
3.69850977558
141.215173032
178.611155693
172.690915233
22.424214751
7.37694487899
81.0615086822
74.5632069329
7.57903519822
128.163518625
188.50148816
155.136030266
79.1007430505
116.314909518
97.9219686434
62.8707632798
54.4191380659
116.322111109
74.65135169
3.51673507494
56.7269674146
90.3582359148
78.1985197403
208.405858442
56.9587470791
219.601099351
137.186591039
52.0685001457
5.95131380371
12.6893919874
59.6130309182
65.133800804
62.5194311087
51.3525914732
66.9136736813
107.402851561
204.485204474
15.1214364584
143.350340751
85.3294349514
2.56319822445
131.972075908
139.31132505
14.4070962596
185.288573761
16.6566674317
362.374416772
200.772049367
118.455232368
201.195833565
214.160105698
184.50825049
171.808445369
48.8368222646
8.95546458101
54.397822327
45.9082998596
19.430334326
53.7977118295
3.56833443264
64.875929937
2.94204473419
64.6987492031
8.39806625953
17.5813633729
39.3369634275
5.01367013228
5.3561886249
8.92000439222
5.62464321934
30.6440073905
78.8736292529
42.7973024391
10.6470562325
8.81398439007
10.0866500943
10.9909030499
85.3338541937
14.5470144083
54.2252567695
46.4136503938
61.5335877914
139.906074495
131.841722003
85.620438518
68.0071744407
279.1217384
217.313875164
65.9485736598
9.77529823596
14.4156818674
57.2412709884
185.252766987
138.065899782
27.0583027705
92.0097693598
153.774144877
171.23591593
166.788625551
7.809242882
52.5674326074
144.986264057
124.220195694
123.000084233
50.3803122443
145.524479668
7.75279098776
71.1366847013
57.0742851804
91.4343714981
60.8631110997
46.930114518
139.848709358
7.58684454321
145.594556154
80.6071792332
12.0250763443
18.6206995055
35.3993333932
70.8688625001
48.0781869865
127.591334771
56.5932977244
52.5859646469
32.756778651
76.0911325017
16.5681177267
10.4315252525
11.8236625488
14.9874441961
37.0568335244
87.0435250935
126.775924012
174.907031792
236.447186597
125.762605167
95.6180710495
56.616208575
108.884976475
12.6803634813
13.2747631113
9.82324481301
145.369514781
207.475739033
192.403696764
124.542310347
70.4486302093
132.522999847
135.372681063
173.84516615
55.320139537
42.288632354
5.97013569218
4.32875322356
43.9592254047
13.8171368654
51.490666926
320.035655562
49.883453684
127.796191813
71.6513432778
8.53237962531
415.625322394
25.3577857684
11.0554751221
79.5401513822
51.3273153184
61.8193192303
75.6060798651
65.4431166035
47.2827788269
44.5056744847
50.0144189424
168.135425885
154.305234419
90.861768088
104.735105994
12.3415289336
45.2261286261
14.5397987889
72.1414073393
76.3841928336
7.58744326829
52.6095077466
250.634957881
78.4294371138
180.676756104
197.572671773
12.8466879634
62.3506894923
64.1172251699
83.0744529805
190.008389721
96.8525855611
60.954043491
7.78529715065
9.182140707
582.758787884
92.75724215
52.59153761
101.644190922
8.60477014192
253.976267222
182.600527527
110.892567989
49.4751406084
153.271483474
106.885332249
396.809376143
12.4894288101
24.5232617306
7.8424357172
104.467794984
245.090481314
9.81682126109
46.4390232231
10.9548050497
266.304491163
135.089341208
108.305159901
189.231141549
79.0851769037
180.860689131
18.2651141839
77.4645280124
93.4344756099
96.4860741621
14.5734351476
191.490034142
11.3751600225
47.8978891809
73.3135503043
76.1063548544
128.839574538
58.0226370702
24.9789918097
22.795031441
59.7777450937
209.490222575
61.5704265975
56.759220681
177.625459068
92.6055256221
52.5823849646
123.027587984
888.428414958
32.5726147686
34.4780456441
52.52400194
79.6678193842
118.520680675
165.315381549
85.2860517056
118.470341115
52.1875446359
200.617045184
171.129005387
161.761037541
185.947546037
74.8096783898
94.3876501812
23.7094755357
43.0410272455
11.8917761804
49.1347358592
78.4344005288
108.987572027
51.9875071483
375.02482876
300.908377093
197.958561388
145.191359741
204.381058155
141.333517762
60.9487556494
44.3718420106
67.9192813279
29.3412507104
80.704892704
49.4990075192
21.2694149309
66.6828711123
127.258892561
105.541639241
118.706195166
16.6758343602
23.327988252
380.742645164
34.0626344641
97.979289608
90.6047929693
81.7247415898
84.3247635244
77.1988273906
72.0118799469
19.3286316365
206.658544065
200.302889452
183.442289087
205.147564655
28.5413263689
137.088872241
51.6329075868
11.2572931127
138.538381546
164.955253823
183.527439848
23.7361595018
21.9068403853
56.3333246035
111.925001218
23.0777911355
45.3856623559
45.5818062035
168.65386381
192.423331282
152.773162314
39.706186124
19.3531654399
143.772319486
28.5718445553
113.14377783
15.095405943
156.374292408
49.6038321331
46.933935132
228.472011985
81.1415716088
20.1995304443
80.9578579113
52.3021987384
77.4304741166
52.8775234278
5.10303257155
118.507657333
230.158827346
297.340305402
225.627783174
76.5234038915
207.136161889
147.183177395
60.7551219106
51.0647913609
93.8855081054
292.072478388
196.024499722
209.619309501
224.459639702
251.963541077
196.273515971
179.444512263
94.3835961062
72.4084728962
49.9866508307
52.2171710539
11.5604055011
46.4167476049
21.2873513048
73.0894060281
214.863158395
176.10445648
31.4079154102
65.1160274572
10.9291155206
50.4684813823
23.2294968011
81.3533090568
139.349431489
56.8300494854
105.836397445
38.5135856214
56.6041944267
52.0727462033
14.3999657172
290.878124621
204.506140893
29.4107007024
142.733412522
50.2393404554
61.6813884111
30.4485309931
214.224613338
11.5173888966
39.4145655498
42.6432789344
82.4927554351
16.6428322036
26.3228051828
21.7279065154
195.27370322
184.958958296
111.93209246
13.187335046
9.21239277374
59.8656308103
116.940239134
64.6373684727
171.629186041
150.00444698
198.733541017
154.93504231
70.8754576075
74.9617485542
49.9492347423
43.5434039864
59.1980964607
19.8378836225
15.8777386402
57.6061195276
19.392681418
69.4630179171
45.2435557125
66.2726028987
54.5626208716
261.495001568
149.9016549
136.57732815
94.8478578232
77.4756035748
29.3921223641
91.1568636189
139.857776794
48.4537524693
40.8380573551
183.830227817
403.994141787
68.3123349393
87.6457248233
108.337069441
113.852374493
321.12877984
107.724656525
25.6211145305
68.4786236761
20.1582602889
19.5706548934
59.5945661911
250.385114256
56.4083401009
106.113947927
329.021522925
220.354341862
181.644598072
12.0574356995
87.7211931377
67.7404499721
17.2201853533
107.365337919
33.5081691759
30.4020884373
65.0967905335
154.81271557
30.6699573397
37.95114549
175.944646707
30.3674347992
71.5331991512
281.549960194
152.315015911
71.0360602435
30.2452099087
36.0944939573
63.839435164
25.7432169995
179.566637512
48.5185007266
21.9337510388
28.5560487737
105.600344258
37.5546857594
153.780488663
25.6155561615
66.7249521063
12.4300764513
236.78799109
9.35258764757
52.4785045645
58.9828264814
67.9539285539
70.6262504801
98.8599708779
57.6897419504
68.7425965388
27.2066917551
19.8161464441
19.1600776563
75.8356910568
141.603618496
104.453911318
192.357608726
126.461980714
221.816497322
64.2811621188
147.078617682
74.2459723797
95.3255897123
14.1030339571
19.1014904012
79.1621471478
129.229822714
114.689955342
36.5325554626
101.008385119
78.4523635223
153.558062723
62.6611601011
60.9110445641
64.6193514248
225.169955897
110.167908506
96.535377564
156.835655409
80.4542104737
146.635194615
12.6919773786
13.5620950155
54.831304145
33.3684298211
62.9628249495
53.2922063714
14.1088059933
10.5812657912
53.3933743246
73.3077699156
10.1790800118
121.305956264
81.6249590951
42.0856694891
96.9552872173
38.9562807371
44.5278240896
8.17317033313
105.656564461
10.5240378499
14.2407451851
282.735634228
324.047192579
86.2216887025
126.120794357
245.749451759
96.8666307804
105.31849376
135.337621582
68.6181167773
57.0183863819
101.598877731
47.1456667841
10.2821440483
4.37124181348
4.41397576588
44.5634933536
16.2158014594
21.0920402158
24.0105191525
253.321637326
112.188596058
300.931186836
121.681304092
111.121081175
96.9905314409
195.554560781
69.5373782133
24.5628143327
109.244833281
174.44389149
70.3157507792
226.130004962
166.947834195
98.3509481854
20.3520984719
14.3371787979
15.0577006635
61.4002931642
15.710073883
13.6256768662
33.8697686274
64.1527648178
115.661169633
43.7655029081
104.398674522
276.931077185
58.1354795731
28.1188864763
181.323024888
30.1525268686
49.5232114295
185.910210489
50.6263345827
19.7316934233
6.40849673485
7.02787652913
141.932883729
19.5711515673
107.070206889
192.785737855
70.0025581414
183.121742561
53.6954841429
17.1231719693
51.5752733241
50.4905559212
156.339340674
162.190958988
28.6748183082
80.7633935817
306.25441846
41.3311871433
107.535633946
76.3450681321
83.0003968209
104.188900246
75.6561262307
61.6260287432
29.8518222576
29.5275789342
70.8364112439
62.7517925817
72.6302687849
153.084335721
44.4948434171
72.0097980519
70.4315035188
183.277801199
44.0887843638
73.3432270629
57.8768459833
60.730335755
107.908163349
141.701780955
61.6316600917
91.1901591493
71.2534859135
98.2853422412
59.3959156015
25.7456186238
43.9382369928
322.013237929
321.027679338
145.96448078
219.229003113
53.7875375837
45.3252564165
24.658274365
22.2576698214
28.371719328
160.234563455
48.8711986737
241.883418825
68.0403002778
265.3444572
23.9316146838
12.014562403
14.207531872
13.0158114876
86.8677951155
17.0211102483
52.8090626223
62.4391595012
92.4118338404
45.740431355
50.8553357911
119.807257562
237.98781486
67.2678608471
99.4349016862
22.0351960185
101.944087448
230.491510314
58.328713896
16.1723905275
97.8780819882
47.1041512457
76.2055481686
23.3811432244
79.8388749374
383.883067599
56.3941697723
58.915174836
31.8970664079
47.4360662243
285.033977458
19.3420539328
89.0572299886
21.874979203
84.7777762164
287.107702071
38.7893946875
100.296722294
64.4199366096
30.4866704816
21.9684269923
254.033733275
76.2789281445
60.2491733147
27.1205310531
41.6968225716
301.486580752
66.6232167363
24.5795758
48.7480550042
114.008737903
73.4406492823
80.3195551831
49.3664851002
91.230065637
38.5406274895
49.1175160558
45.0845453379
21.5748877834
16.2728264106
6.36509139691
37.2102231806
16.944164013
258.755633421
24.8659934238
295.82396785
1042.05061452
58.5818894707
344.319967058
217.515522181
35.4606636494
69.3490911812
124.608430123
49.7286935503
22.8551904978
75.3761975907
41.2452945997
445.305378782
249.120083536
313.831143697
52.6492893248
43.4342935716
15.967342247
173.417947572
36.7633380609
21.0048361954
16.0831047622
63.8589354474
61.623204813
177.445846081
75.4906242732
46.9099844157
99.4228645214
48.4475790475
203.578129757
173.915564515
24.9565328251
165.376259872
85.8926936817
122.772369613
78.4780091513
38.980335303
77.0089860831
152.530777323
56.4468372944
36.5338602703
381.424515252
381.018277144
245.556537732
151.290834223
289.208599413
256.521936029
139.480437875
71.1035176646
23.0412944183
28.1856672421
240.373253135
43.9065763042
58.0337553627
121.490416183
95.8191056784
86.4113631075
58.7012896493
54.297163815
26.0997580412
52.9018382253
252.953767312
314.723674447
65.4385822925
41.7477805491
162.882417607
55.0544251333
52.6820027746
69.6157437305
95.2329825377
44.9857178068
46.1695319171
42.0550542564
50.943070735
47.9311058046
13.1866346867
48.203444636
114.429415562
35.9220115143
142.22605822
126.410670462
246.771076814
201.626277178
103.955542745
268.748762035
57.1144800267
78.1650088047
21.8789972686
179.25069871
196.099242386
164.325407956
153.540778183
133.75492841
366.049192393
40.0689854266
139.171611111
64.918007965
61.944013095
15.6845881311
98.1353416714
102.298418709
21.1585642147
18.4689061852
225.945259402
61.6410724137
106.218783873
97.1098968802
218.765046612
290.229513476
80.0202854205
163.673330603
203.497241339
142.738067565
72.0113202963
139.121290241
46.912275711
47.5160980921
145.284205127
138.611447531
191.512236457
181.652777623
167.238623828
468.707571824
263.831542176
246.923911439
57.2080846872
12.0195828897
119.949600237
81.1486840569
52.9121801068
126.452333757
125.302040241
112.673149313
37.2170343759
116.933203818
38.0838709303
48.9603838273
33.6815199003
57.3119001497
47.9394069918
84.6222508404
26.2951121751
274.197407829
54.4685627976
58.5568598747
58.8894559918
168.214636902
88.7668717258
72.6884941058
121.900681276
63.8057555809
139.281231062
43.1715682957
63.2178638165
30.4406894646
47.7242036308
8.29763582815
7.49890586142
45.7474342272
24.9139059219
161.492881221
39.5961527047
456.817592015
262.842040884
38.5190555507
27.5131324999
95.0510602717
25.7640421244
35.2565007018
34.0706473409
34.9354761037
50.657195571
199.92615631
69.79432986
509.777995202
99.3602454017
88.034160429
42.8959388484
51.2566529367
32.1442255891
18.4003093711
115.483909581
20.918741639
22.4354427314
99.5708212613
229.152731457
60.727306319
60.3805087716
304.980413601
218.630278517
43.4678739855
319.174178274
28.5228975545
71.526388906
26.7364127262
93.1633593486
71.8490309276
37.0283482169
33.1147766278
22.2515058192
180.819713513
46.6879390716
231.507455241
255.072208411
139.20724918
248.346747977
27.5388707861
242.871578009
52.9373287253
72.705580797
56.3644405674
46.4684052071
127.91907575
91.1784857402
64.5130146331
92.2563261676
33.1296006042
31.3075414156
89.4349427368
65.9085520478
51.8562149895
42.9099601056
202.627461923
366.022532662
174.850310779
120.659089669
95.332717808
152.636260671
103.950851733
75.9061405257
244.730617208
200.45179194
162.431229574
100.554461738
240.125239026
88.0641319431
101.211946041
10.6758701657
126.205252093
123.693901654
16.3870730277
42.3623568903
86.488630151
422.699815452
61.5832361148
350.516718844
46.5162925559
61.841516947
72.8160616775
58.9792855169
45.4334781933
33.915532153
94.5049125503
87.1034520658
335.87630371
247.482949769
107.549314715
354.595634358
37.8776678777
20.014023649
21.91060179
19.6393308379
44.391149619
94.010200996
74.4356413613
123.609768781
218.903391671
139.516936252
84.5380022522
96.0546823576
318.976066597
175.282498253
52.280301466
30.2794537996
66.7575863492
232.765226985
100.797066657
18.3028021893
33.3245893415
75.0862834004
113.012353259
60.0297082562
121.864188144
542.692507769
106.187222869
336.829356246
318.986745969
560.101597893
191.058572662
84.7823151928
49.7324872502
46.3067112303
34.5913401895
274.673924719
69.9553278212
106.603619362
194.766452732
70.9555683082
38.1636461566
122.598815428
32.2920999234
45.8544862006
69.4415609265
38.1796670281
98.9211803534
52.7925253652
70.4407617606
92.2799881811
121.95200156
119.669018586
183.55894479
62.3602455545
118.740574199
149.670764882
75.470295144
74.4637710326
96.5164315299
59.5642211755
45.4584436639
49.0147138922
40.2986078226
231.607325076
62.6090521041
406.342002537
94.8847314962
660.48243714
69.5902171808
123.007922836
333.337396273
49.1926679653
123.279248464
137.472013553
53.2403893024
35.7428692234
250.31120597
119.706091531
112.444837123
241.914025595
73.0578276587
41.0618004459
38.6551565341
55.293932462
24.310082788
29.0374150157
31.2769959543
42.2040504208
134.885960517
137.076893564
130.180688753
87.4549006914
102.712347733
349.783661933
135.00178972
175.069515371
267.459186082
31.1949220293
134.922570987
158.025579031
16.4964522778
13.263780691
40.9268864725
113.773986485
61.8392266345
32.2125710782
74.8295693467
229.60880423
461.856128726
54.0116769384
39.1377516394
49.7353107524
97.0206062765
169.950227425
58.9263139285
0.0
0.0
0.143478191889
0.123892581182
185.884127
74.0362754261
44.6628434854
115.248416739
86.7163481128
22.9720385366
243.124122378
49.5209148905
0.255794926221
0.261101511675
194.671390417
110.842467837
106.752570949
41.0798532192
19.6134739532
24.7942636616
26.1761274792
27.3006778588
0.262772331877
0.379851918473
24.9687260833
0.552112890424
0.646105759097
23.4870928243
24.6440863554
30.7031226642
67.6841154367
28.7243857694
84.9309144631
27.3966160323
51.9254695337
133.601285963
36.279274836
0.0828765965443
0.107481566144
28.2692509001
80.7669834688
32.4749196417
27.6319634572
0.0562264976501
25.3501382797
115.408239923
28.563582526
33.5083555179
50.19045351
0.146126588538
0.175228270579
85.2421449876
22.5154239771
0.123028724858
20.1528638409
38.5616002504
75.4708240012
100.774656445
88.3660120846
66.676475537
80.0824852296
79.1166878067
0.371130866165
22.3729102872
160.622767182
0.246775652587
39.6480887983
69.8827273168
65.1126626424
27.5988508152
61.9279934052
65.0319194574
105.97625944
0.0708914600083
131.192026206
23.3533444965
21.1301258057
0.133571900014
20.3494252997
0.163821767781
72.6524728795
22.1854802895
62.369734035
0.124844471849
22.6047193664
131.411409655
45.0449042493
77.1613797379
81.5777120073
80.7793286402
49.2766421423
72.5957987753
0.199537671639
22.1037218613
26.284109979
0.133179596123
96.9357933199
82.5877152212
0.118467683644
25.9786878016
48.3523067465
138.862187292
0.162066680955
0.139387609395
0.201752967894
85.724190725
178.863809515
141.769147995
115.773967894
109.106053497
131.875108696
106.549417276
131.501419439
45.0681298757
75.2063553008
112.940412834
191.92533402
147.093331149
159.710897062
155.027441878
135.034677787
141.802602601
138.149357544
112.23085601
0.0
107.144659534
121.540789768
64.4359243038
40.7831819294
26.7621776472
88.2915107133
98.2664617221
32.6399756695
0.0
208.997634874
120.252100561
60.1111451717
92.2883091633
28.1044285012
0.0231653348113
110.47073806
0.0220209541896
26.2053225259
57.8107107325
0.0182729429855
50.5779485732
21.1820857781
44.3916377578
36.4162259221
56.9094341937
0.0137726482047
0.0234622075759
0.0124947432876
78.5912701945
80.7545345014
92.3221853608
27.4362615927
71.7751544506
0.271555074129
0.0933329159686
0.0279042463466
41.0872037422
0.102675247473
34.9089672893
37.2911795898
0.180668668904
20.0874451565
0.206918433086
21.8618038203
60.4151506521
0.135354135612
34.8938194175
66.1747961158
54.0478190582
0.0938405583646
31.1947548068
0.210977203193
131.321639893
133.421563056
110.544770544
0.203914844689
23.1588380055
28.8960475987
31.6845336389
30.2334073407
20.7289974804
0.198336642794
0.163842517553
0.181533221561
0.177227219309
0.159218681823
0.188203088728
71.7463337445
25.0814118447
76.8932931486
88.9691863722
96.9143584252
94.9824750877
0.227619457485
0.165934975748
79.4132500713
87.7803865108
104.34122544
108.935997059
85.2573181574
89.5936605988
75.6872373123
61.1644579215
0.143748133748
32.8654486584
0.0491028050928
20.1847674403
29.1470936431
130.505910654
0.162071340849
0.213660641633
0.234668168803
89.3161558478
75.4754801092
0.177562044257
132.763010191
0.205231234365
56.7180975759
0.298210920567
0.203862629294
46.6336815259
55.9073640507
69.4197204386
0.229996544448
31.3613545689
0.0174716000149
0.0309319355528
57.9459160219
0.0684553364174
0.0525797114886
45.5334698701
0.110140624117
0.175143510736
0.118532804877
0.1018038406
142.777708284
0.0779891639163
146.086279884
88.9139684881
39.6200773641
57.4352619493
0.0964771042021
0.156270043577
38.8443155707
0.07922371067
0.0576191382751
45.4360501853
80.6510269461
106.144095392
84.4354338108
40.022298672
35.7535759864
63.5875055933
20.2803829431
0.221333666872
22.5208799506
0.1503596925
37.7619535065
0.068082124872
0.0396566751464
0.0402718265814
20.4330236382
196.356475031
0.0638214482958
102.85749507
53.2656841423
84.6012592246
0.0263966770544
0.0603062289391
71.7043530521
128.237361595
195.882180511
75.5445520851
0.134151360019
0.0887801753143
0.053320523585
47.4921406155
0.188861286825
0.261957718913
28.1975187641
127.484503734
92.7394839319
0.144701715432
64.2679751323
53.9036497959
99.6667979426
49.3331050216
183.013821522
0.187498292986
105.785540078
55.4889676819
48.4760674619
0.133293771754
84.4477521762
0.14216155339
30.0917278492
20.645525055
274.891945679
202.891550983
0.150085896501
147.950348239
19.3526331429
0.140162734545
25.8844176101
73.5239369526
0.326774256992
0.315482465261
32.3514558712
0.220260286785
32.4290065348
79.4624052776
0.120080051173
42.2465588165
45.7515522876
68.2329612005
0.120115471755
0.0848339435116
64.878481991
78.7675973282
78.4488924328
71.1420509395
0.0888912577274
73.0613782077
24.1231846651
39.5719588354
70.8438952726
35.9165847288
19.4116426099
0.124620167387
0.107092297033
19.4393641096
0.124165762604
0.118033798697
0.148678759119
0.170147660221
0.0755310992053
38.5819067081
49.2762911962
28.6934055648
24.184843976
30.2448844196
74.1194387004
0.209159175547
70.5189265179
30.9530589361
0.172756203618
30.9056405987
26.4742603038
0.120890180737
0.159616556813
0.110404501978
65.6514575727
116.132170294
0.126792183801
73.3298169005
0.181121441451
0.136694236596
42.2684910334
19.4816385685
64.1747514631
21.6760870932
75.4214504511
75.9069301476
0.2022738278
0.233235978195
69.7259701279
69.7339559317
80.6825830835
34.8006495255
79.9207198533
35.1157735721
25.9427424463
0.142156858281
108.469124996
35.6438800223
0.0747071145675
34.763302477
33.4793262477
0.0590285098529
25.1884614362
0.177931517021
0.141530205119
114.193564979
0.203024669219
37.4409500075
0.393954035366
0.278487172527
38.427430554
22.8624110322
148.161232036
22.9009221356
29.6954636492
0.47014715436
0.444342201882
0.379311421688
0.369944540693
0.13053082444
35.46498023
124.579537215
141.586019754
124.076017586
19.3239252296
34.6987043284
0.131461233037
26.0614580383
23.8992848124
0.0656133318849
21.0291635725
273.148894567
27.6031633475
91.251374165
48.6760194693
20.074457953
0.456161669445
0.49474508816
65.5279293891
0.421505651063
22.7762351817
31.5114247266
34.1946983218
38.882702433
26.7328071759
0.0797034649819
77.6949584978
115.442935012
152.629823489
189.222418461
74.0344334359
0.0301654450657
0.037724861047
91.5680124786
22.474884775
21.9620032622
90.7277335158
44.6845662367
0.108987911616
0.151638651488
0.0981529476218
0.102796215554
0.12351734184
0.0872397829774
140.837774075
78.8022471942
91.8697898106
0.0646233974193
0.0447202637621
0.0525834847755
0.0565511477578
0.0837968864235
102.45326407
32.8694191494
0.051223643809
0.0568106204251
150.165619648
30.6124931694
24.5666121502
66.9725493077
108.262261491
21.6211136031
0.0880380902796
40.568576583
21.3916831007
38.8852914191
35.2128252663
262.293616561
21.6204757701
38.0903805343
30.4586564237
20.6109075238
42.9328814496
0.0282266450757
36.3684693279
24.3401196266
0.315707640488
101.603879302
25.681974045
0.147462523512
63.5136471006
52.1919945362
119.715837214
51.3511709221
21.310275441
0.103980358277
77.972205702
0.0997129010536
0.263645828074
0.125673137351
19.8687475151
0.120583936164
0.120841905728
37.1089067249
47.6918270512
77.5833821771
20.718371822
29.0127266342
20.8577447651
0.129397324132
0.170391829534
0.157104568075
26.9864516024
27.0049547262
28.7372959369
0.241894296788
0.277118281001
108.129515797
32.6472463998
112.688352217
72.8338784167
101.855259799
84.9117632432
122.617745576
61.9246047811
0.107004954868
21.4002797957
0.112343573566
25.5737288841
59.5205303444
112.056862342
21.0837559191
0.219404490705
0.21792360185
28.3793218731
30.7536383946
170.445334441
144.160942582
68.4005441129
22.1420049271
0.0980911349463
26.9074236176
0.079338320245
0.10854692213
20.6223704986
32.0972276846
25.0989266678
0.245735269633
24.2215066351
64.6768201818
26.6511125598
19.4557264307
0.253777707104
76.1504123019
43.61901997
59.2827248688
79.9290191665
74.430965125
44.2460294368
0.204738845723
27.1128169622
269.94311282
84.3761334456
37.363338671
101.11240347
45.3675671001
40.0420051089
75.6130881774
49.206579237
27.0981776287
96.9293546914
0.0505472743153
22.9694938011
36.3550109034
84.0958541074
104.950382017
78.0349217538
25.8579127058
0.148107449395
20.0226442668
0.0806329557719
0.0681632276795
0.0642442045462
118.149675553
0.0808283860952
0.0973539135039
0.106792087993
0.136188188257
33.9018704611
63.4619498869
0.121845302308
0.114563500148
0.128994352451
51.1901729875
0.0660061308108
0.130908984238
0.0761204757809
97.7455158339
73.9915267493
168.656554131
176.404577969
210.625773234
85.8938169816
65.6951238167
111.7258599
34.5748284418
21.1295781306
57.751636293
287.307769829
0.0829843152787
138.432988598
121.72184725
90.1849426618
125.126712836
0.103144545226
51.9566760788
24.3085064001
20.4754334443
24.9530913942
0.116771299961
0.11400721421
0.136447497285
0.138608755018
95.305641757
143.613573357
0.191020374407
64.7604306148
19.8103776721
20.8853875525
24.6532795666
0.159983685577
0.161819423492
0.126211198531
63.5074197705
28.948725604
36.0763146084
0.128205265637
234.814553456
127.131804806
107.657636082
54.6018186125
0.215924970251
82.5180554632
36.211818345
36.7094527994
162.558986836
0.0419464616041
25.3289359212
25.0296924251
87.633058705
216.855121157
24.6518247
81.6082457868
61.0254581929
138.635312269
0.122096726161
22.1330035462
23.1306048603
0.0908991043444
73.7101887687
0.0661878001546
0.073482571195
24.6791105804
155.650408352
78.4922969865
61.6970531789
45.3240161925
0.105364689616
0.137766958083
25.3739826602
0.134781094975
0.137166445631
25.6317777274
23.1777243066
30.6934740298
33.0949429641
0.179392748161
288.819312121
218.265764487
0.271381619597
46.0051403396
128.810553038
87.2821280136
0.206439097277
25.9643435577
155.727346674
35.5780953218
0.247818686423
49.4059332284
0.232441766601
40.3955000824
0.116155281707
90.3894946635
53.1445519997
261.880628251
0.0704400916106
21.4653907346
0.0820177623537
20.2249450101
0.105976896435
0.0473098552527
0.0526381818023
0.0598526470625
40.9050927959
30.3540785358
33.4702075536
0.0590361960568
0.139148533831
70.0277162271
80.0554538132
0.230827344936
0.118316131477
0.124498733752
0.139121036402
52.0072388666
25.5171919396
0.136582818443
0.139300895819
125.914972414
26.5834501969
37.5749663499
0.251916003489
52.6857925068
34.7381324358
53.8652839909
30.2439211315
24.6687151251
25.2030112524
134.357459344
27.6811604661
92.9063065538
56.0362757034
0.413137680304
25.016909809
0.192435379905
20.5252857191
0.186175558076
35.9240839057
287.643984821
22.7960657427
41.7110742606
36.432118758
0.110675017798
32.0536995853
37.0277980656
0.471225523297
0.315971603109
0.300019795716
236.541328359
55.5423993168
30.1902152072
100.186431692
146.808034255
130.817207056
43.6187594101
47.0557712445
47.8293501848
36.979979347
0.0440055912523
0.0661915746551
0.10561319231
0.131531524161
27.4188162714
71.765886569
251.130054763
0.00385513065259
78.3700819023
84.987615626
55.6901854561
46.5726279037
33.2057095093
0.131320602963
0.090021107945
0.0633879198377
72.2272603972
22.0909708792
36.9263476526
29.8349648989
64.5838930752
0.0815050998514
87.5709054022
103.055245827
70.3034574206
22.5887958257
32.3604476008
68.4014930048
35.4148862509
0.101578209747
41.7326233576
141.882933141
56.7823487065
38.9230849367
46.5614734465
29.2177171075
116.820178058
219.987258474
39.2026503479
122.705725634
0.0547437918799
208.202619186
433.819854856
220.875841114
160.458062485
179.358292555
21.8762408063
75.5594382084
0.146527948497
236.846588708
257.167043836
0.160081851425
0.137231540365
0.114716886672
0.06683812725
0.0437186475964
0.0530889508969
27.4601373913
24.5510748072
24.6421809044
25.5633955838
0.0605286652951
0.0595778573764
29.4901200822
21.6945374216
28.972150459
250.541491043
260.156745219
82.5962892095
24.3859803433
20.6103560672
23.7135446644
0.0566676262462
28.9233791128
0.0555418727013
0.0395512380911
47.4686650663
0.0221466112656
0.0352256582355
0.0362488762918
121.661619152
0.0576945356963
19.9241922625
19.7168267327
27.3784226544
0.0881403650557
62.3659466217
0.0870072923043
21.3573693588
0.0694947154265
0.0734734433673
20.4277783103
417.262745092
0.0706095712807
0.119104465514
40.9406073572
77.0446280509
83.308059306
52.8318594811
35.9028604931
38.4974787437
32.9843328821
0.117183456753
24.3234142847
0.11656461419
28.6222368834
29.3633104603
54.641633906
77.193631823
93.6429534139
57.1781574287
20.4059960906
34.8484702637
115.346715746
26.5092362945
111.414836123
0.127906747567
0.108385540371
0.11209388191
0.0268206391128
0.0183385607613
41.8601503988
67.719107765
70.4947241964
49.4823492976
56.3314113155
105.889876483
109.452817054
55.8081222026
28.8860056142
0.161240569077
0.161475822739
0.161148857496
71.9947704653
120.089949299
167.036775591
0.187871883328
65.6125158943
0.187356324445
0.18298499033
26.3065641417
33.8282155656
0.0334302750581
67.2430202982
84.4575952441
79.8633033888
32.272854437
0.020069329077
26.2906532283
0.0174255941384
0.0175572199944
0.0176929295488
82.9548081408
0.0178251733289
52.6088803191
0.0198764540625
36.3185379296
32.5307397526
0.185800938085
0.182963016377
0.186406776663
0.188289676745
0.195337280642
120.372555823
0.263971761868
87.5045061643
156.348319824
139.531894561
55.1341474761
25.4313219757
0.196761602076
20.6030976634
0.20550006327
0.208269803575
29.2343115315
0.209751526196
0.206213011349
0.0251675938412
33.8022453961
40.8936538144
27.22410547
37.9313444826
36.7553091193
0.0340894607215
38.7318550078
0.0411493085914
0.0427561424521
46.4083795459
0.210115197445
22.5936878434
0.163630263974
0.196987482967
49.1559338162
26.5669920095
23.9433634645
0.0229542797299
57.7809486042
0.0294291264395
0.104733431949
35.6406922676
0.136601895828
0.136227271407
22.0139985074
0.0543996788583
0.074758811285
21.5397750474
31.8032459614
27.8131626303
200.058626761
123.089913484
111.560317985
126.994795978
35.9695798791
76.3795901118
0.219235838424
0.213535671762
0.173036277892
70.3439333881
38.5345622929
24.5153374486
25.9545245339
26.8763631703
0.0772946831243
30.3072470889
81.3230143142
22.1616551229
28.6049231675
45.4186598778
20.9688198089
73.804072281
0.0677549219537
0.0697289505583
0.0672873951155
143.227564291
116.616068625
35.9404246587
34.9877311285
70.1302265472
0.0713130857433
19.5867399081
22.3435614461
0.0704629517287
123.632781083
0.231645093051
19.9647375918
70.7418410589
0.241438346491
29.1571304942
20.558784019
105.287109374
0.191803735558
0.167362373941
0.144682084339
26.167482204
19.9969709804
100.83706439
69.525130494
139.790186155
21.548869529
29.4979223302
0.0100843709562
26.7118698716
36.638712424
34.1444540019
0.0177324729055
0.018563763517
0.0152492929308
0.0121648513653
0.00778449061153
135.338159415
23.8987700875
0.0162208614251
82.3874053295
0.0135576527356
21.6392649046
21.2146608031
47.0539270766
111.168520884
0.0234008945006
39.9139957013
28.2844812506
0.00534555303368
19.3887138067
55.0328071358
55.8493391484
0.0248917459735
0.0262704612255
32.4022396111
0.0391882397959
64.3003655537
70.037890531
65.838487476
34.7427998365
245.674069506
158.869210248
234.329212756
111.861922545
121.80708749
0.0115043620616
0.0120335819308
127.390719935
257.789886026
20.1592343382
159.375624278
305.759058625
0.0138675254246
184.948194989
0.0136103946937
0.0203360559874
25.1935371476
122.363750261
91.6514153525
107.492016586
29.7984213291
20.7614540571
94.4116000946
0.00231616631148
0.00213278924676
67.6514330049
73.9642019571
22.0282125216
0.0242558946872
0.023376540971
28.9733305438
117.980891218
340.354110754
177.585091843
163.301723015
109.807812403
85.7962010936
180.724283084
152.049928386
149.679737064
170.080110651
149.404335562
197.286282854
0.0
124.645314079
54.2183379901
83.6547451955
98.022521682
101.468918068
0.0
0.0
0.0
0.0
0.0
0.0
0.0
0.0
0.0
0.0
0.0
0.0
56.3421117622
121.199219951
65.1047379823
43.0599664704
76.6845219869
0.0124806666495
90.1679890065
100.198089545
0.0123079476502
23.0804986685
0.0094165616689
0.0074769735835
32.7049055743
48.1323925665
76.1096215333
24.2281055358
0.0323831994102
69.3336905283
0.0171086408502
86.9539205431
67.1024867349
0.0487580259125
0.0665026481464
28.715648087
36.6281006444
0.0552787821963
29.1629623009
0.0696661667125
38.1478362087
36.1005106749
0.0748247587417
67.4438239281
68.5519374649
60.2495480651
70.9576730767
74.8152423732
36.8125043808
34.2645171483
41.0680169938
25.1740827863
27.0298890265
108.87078121
72.1419168139
94.5528535349
100.626619114
67.415599373
30.3911030188
34.503944351
19.9191993464
35.4744712629
22.8191345597
54.7455355037
88.6640593587
0.146649528516
83.9831747596
81.3520312787
75.0380466131
34.8544359374
25.7982559441
72.0949459421
74.0312029785
71.8698774961
67.114386724
79.7228510201
0.13739680996
71.2046944898
83.816761748
89.4710850542
82.5461396265
77.1311953688
67.7390823319
65.3651951826
64.9788531084
23.8666222108
70.3587801309
61.4844218672
93.5258592747
0.188231716337
29.415446
0.170903102728
48.3074844171
0.184968399969
31.5083524856
0.187306524578
0.190020533343
98.3646818391
29.5155933886
0.130792964374
0.124855064426
0.202620606463
71.8431978421
42.5998740902
26.7116581302
0.144809007872
0.178102989827
37.7246756674
28.1244074301
24.259942115
0.277175934446
0.0928282392835
40.6666632878
30.7798297097
34.912382469
0.308825419855
0.151839708161
56.6370755468
26.483576162
193.252971669
91.5114714245
26.2909671939
22.9023046749
107.537073731
0.0845214569052
24.9857639226
0.102515810657
0.0986839853708
200.794952711
0.101855049806
36.7364142009
38.2682326406
0.0361804740033
0.0725002168572
0.103458446966
0.198948637223
0.217429618439
0.216098581871
26.3032204612
0.154517778905
0.172679806335
0.128065661313
0.320731933042
0.351846215101
0.387887814253
0.391435186384
0.402976950723
81.1015322287
94.7836570112
29.019471733
26.8638446351
51.6968325346
0.259796598621
70.111025231
44.8518689221
0.169868377963
0.171665233518
183.638444063
191.682282623
377.216547708
122.270685705
34.0082099037
31.356003798
0.0628351170249
248.003978155
63.0031914065
0.101325897751
0.100901493524
0.0794315043473
35.9351706559
0.0947765496635
0.0897955612111
0.0531081838245
56.6610485502
77.4695831771
76.7949253209
0.0764150350837
0.0707725378704
183.952014511
255.977530524
218.374983056
65.1847971942
109.524261827
129.186446089
116.995956998
0.0499613121362
68.9182188906
68.1330632697
0.0607238186955
0.0957419231764
0.054596033391
89.3604191601
0.0685230615672
27.4385222036
20.398557036
33.4891536639
0.0698663717428
20.7497785612
63.1099537526
21.0258616696
39.2859577879
0.0723841638766
0.0532325592985
0.0362019439811
96.8385963607
25.5504596426
16.9826551515
162.455926532
0.0628968782875
310.545904808
0.0642959928852
38.667944382
28.0817791651
41.2020891527
131.393808021
93.7842594343
23.6050413041
0.109600210653
66.3192178713
47.1460569064
19.3640227648
0.0931523402198
0.10893811055
0.0836878233167
138.419273678
17.991842276
24.7742595833
0.0843418904018
114.911229674
132.246586006
147.136453291
101.81749034
75.7224033797
98.1749856788
110.021432432
0.05708198382
168.336265279
34.3552272367
0.0668201401173
75.2099589754
0.141466953291
77.1185470274
65.5509058382
0.145999468213
0.137539496078
25.176388219
16.2697975315
17.0281640483
0.125979503297
0.132772621366
52.3671070962
0.133042406214
0.164682471351
0.111520036715
0.123943071322
0.641793242706
0.0741198222991
0.082762044625
0.0815160254019
0.081794133665
0.0719203491754
20.8551872128
23.0794302926
20.648453494
16.6851685524
0.0587530924238
0.0620784544799
0.0616845360631
0.0638809559645
0.0853899149492
16.303492956
18.9534632725
0.111928984763
16.9959990634
25.3660711043
48.2027807951
33.7097702854
0.0910059086311
0.0999050211241
61.5690517226
55.5164070772
58.2628091757
56.1072828518
35.6693422427
63.2432384825
18.8056042073
33.5401349388
32.8196777194
17.7054457992
33.8263957756
19.1900159532
17.4120093096
0.0302040580046
30.0130444212
0.0249625372819
34.1338653357
19.6201098681
17.6062311659
36.7030872136
33.9371579935
0.0449804582522
0.0521462810793
17.5206321834
20.0591461161
45.9375396417
20.6247884843
30.2335461231
0.0483506947989
66.6746009435
0.0802098256788
0.117994195329
73.2215312339
0.118371797656
17.7353356812
55.8304347258
67.4630254101
48.7544778795
29.8475970382
0.0511700529126
51.641290691
60.8564872221
18.3498762297
18.9903210144
17.6790890835
31.9240335579
0.0686150576767
0.0739690805059
0.0729898629751
0.0597983786634
38.696426483
78.2581202383
92.3299074923
80.5650747186
63.7638259658
0.086232056596
53.455546033
23.1996034611
23.0909240332
55.1223563414
0.111068456088
106.347001494
18.0445014788
26.4836213297
36.7252858724
58.8269012057
63.1080412893
23.3834912894
20.4247676923
30.1713285882
38.0088400944
27.8031101531
34.8998354356
0.0553527289369
30.73788997
17.0170544631
0.0550195345727
42.7777155447
90.5202402893
88.3236832176
78.2087074623
22.9261590472
45.4094133243
0.135390647364
26.0781536626
0.120965331867
21.9045214712
0.0915544649905
0.0877713923784
0.118492752743
0.0898247478871
0.241156662532
141.721098442
0.136906567408
0.11134959779
25.4383405447
18.8436905618
78.5831663713
0.13023788918
0.152274927808
0.170314699515
19.9685266493
17.5002348552
0.226273271745
0.204082755868
67.7828925412
19.34274266
0.212838489975
0.228791666363
0.230813252185
44.4416212171
0.116330108696
217.651375454
17.659056195
0.0892995647443
27.5124379392
30.5849210056
16.5040776023
187.590377311
2714.88535888
0.0
53.287431244
17.1418521664
16.2831669806
49.7349897742
0.0733552033646
0.203170298686
0.271536885893
16.7732140089
27.9624155812
0.0832542920306
0.0623712906695
0.0715613280245
29.0169480416
0.156885623305
0.163236902657
48.3528355962
52.4007527378
34.3664303476
0.296434839316
58.5735368115
55.2584236229
59.7373795895
37.2374187829
0.430843339609
0.166245442475
0.149667357199
0.191788377345
60.7273429718
57.6110951047
60.5941801199
0.407123904288
0.15248985413
24.2110678219
59.4175228005
19.8288548774
37.6757563243
20.0735286119
0.237371013081
0.230239569024
0.136941940717
0.124447384513
0.146262427625
0.154995664138
0.203176864313
0.233192581942
0.160541108854
0.129154670728
0.149335116358
0.164927840333
0.2474270042
0.256089029239
0.282283551444
22.3063635439
19.1786401109
30.8587229598
55.6020957163
16.3268697555
27.4947700127
51.1573407636
0.161157292237
54.4268450877
34.7104279115
53.2820525166
75.7840294798
0.159683357528
0.268260586513
0.223673496256
19.2423543818
0.228469459228
0.216986959925
55.2733957028
0.29344366259
32.6328217208
34.6155674919
53.5361052976
37.9395743206
16.1341045581
58.0268594327
83.07765922
66.1454115389
76.4007640109
47.6396706447
37.898505833
0.147926280228
59.7231312955
24.0364233913
34.2928672694
23.7403491299
25.1390430675
0.0643987495567
37.6228210469
158.839538638
0.131827905508
20.911498181
0.123332493909
0.143640063433
0.118420648247
0.112585557448
0.17798560655
20.9234931822
0.0988145408408
55.8672148984
24.7575599754
41.0566118006
68.9594392964
34.0698056664
27.4152153732
0.17963365236
22.4825520133
17.9614194312
0.226428524144
56.501450025
0.0818746694963
0.0758997018903
0.0509611175626
35.5355570831
34.7209458014
0.080408461082
0.152704450047
47.4142554201
77.7105474276
68.5839392556
24.7876054827
0.0671846928058
47.6828802758
0.0685663235751
146.135354805
118.975337188
0.180529546096
18.2855111414
0.0454167621901
17.478961683
45.7907846243
50.2456630553
21.992570687
0.155910385881
239.066975742
241.30301548
35.696142733
37.0542724738
17.5744296351
0.235816772213
67.9058920052
0.262979296362
0.272258968354
83.7333070889
0.124496311167
0.134959319555
76.9527571072
84.3490889917
0.105957877833
86.9371500552
74.0999811549
119.797629607
0.16904696027
0.163181293474
0.122254049363
95.4758098365
89.5170754764
27.1386979239
0.249147521139
55.2962527397
37.4757419791
27.4083214338
26.5913828386
0.138764732783
23.5262123529
22.465981868
19.5266120019
0.22327638418
31.1834679248
17.2719602353
0.0591327028658
0.0724062905163
49.8522585661
56.2050247478
58.5112511971
53.6354971032
31.166901272
16.8513442911
55.1811261132
39.0144445501
35.1710487796
17.9914887362
55.4435475249
31.3717624076
24.1838526936
51.399262934
17.3292515991
0.138723292829
0.123806855587
0.117755605602
66.9449746983
0.242187952316
17.6316752504
16.7837534065
18.7029957609
0.221475946689
55.1970733256
72.7399925548
0.250088870293
73.0055112231
37.2639207778
0.149588993809
0.179704383947
0.161023871446
0.232057226526
19.9110134622
47.9015586814
0.209056005005
0.311452182234
0.401960077443
0.417223432512
0.473682545005
0.379220287956
53.2027853158
0.404341401034
0.431075487295
0.440422401663
0.650646846736
0.197324647391
0.114582181531
0.0878891698663
22.4464431961
0.0632504786201
0.0846289991322
68.8826557639
18.1840962014
23.3813965697
35.0407663197
0.241393074487
0.11241730906
0.141219009804
0.0980844198192
0.128564851007
0.162274782859
58.1026019778
18.6045674624
74.8736731721
0.195664554694
0.376216511327
23.7665137891
52.7424721955
17.8903720986
160.495340718
0.225433330696
18.7322595633
0.15743205862
0.133970040638
0.190171493395
0.175205227131
0.226919015275
40.0874415936
78.3924199359
51.5891658972
90.8991751501
32.4861671631
18.4423629481
0.0862844149929
22.548396851
17.2820388682
0.0559938207043
0.077217006723
166.620754652
24.1305302295
25.1921324857
37.7823932873
54.5144835701
32.5887507083
0.382482605421
0.410908371584
44.5553400009
18.1354422574
20.8735649961
0.0627215749424
16.8215418975
23.856228941
0.0967802108436
142.815383307
118.175712699
205.028198247
87.4009922306
0.0251802677709
52.2876577052
0.0314298632097
0.0388082218749
57.0637881959
34.6452406001
27.3899386747
24.7261742146
23.1454577809
0.115268507705
0.120398869421
0.0818923071581
80.2761826836
21.5925699922
18.4953588965
52.4975008944
61.7193476331
104.318424383
0.0584095775176
0.0540534409189
0.0713333895018
91.630605081
278.78947411
17.4490992236
16.0994191058
49.8279012962
38.6127641409
89.3800624042
0.111380274787
22.8314024424
54.8807008776
0.066484252485
0.107868389229
0.107276220593
17.0568978766
30.6932766484
26.1712889052
23.3096747505
21.0574891881
48.4247198793
27.4878785309
0.110202049974
136.938061276
79.7812037256
27.0897047608
95.1099511198
0.0745786750194
28.5602037271
27.0009487067
21.2652801095
26.129672943
36.1343673044
73.2141170208
30.4608431457
0.0804089048474
93.8815695249
25.3567639735
16.1971289299
0.110558284441
0.235773393578
21.0529894611
0.199343355476
0.185929145145
45.7864133543
31.1004352708
164.727987912
40.517149473
47.0659423801
16.4116391984
0.189060318118
0.16003343134
104.006298682
0.203372812
37.0365718866
0.206709232944
0.210986691296
0.178652731078
0.247280898429
16.9885315352
39.5488181259
106.944680704
106.242532089
112.972817355
90.9502594192
91.901555501
91.613226447
0.305790289356
19.3323644305
0.231980209419
48.530663835
84.2219417481
55.075735496
23.4287773962
0.205629745836
0.19563833759
21.7637319865
40.4421697518
148.377013979
67.8455801748
36.0447829846
21.6435998552
0.120321697199
0.0815579776946
31.6929580829
23.5357934575
22.3005631434
0.25424029209
0.242887430507
0.240290813407
19.7485754685
55.965910517
77.5067574748
0.388235081342
28.8916878165
41.8468063235
50.4900302858
68.4292120108
61.7933125569
35.012733513
0.155148618567
61.6687822784
0.0531414230714
0.0357581672733
54.439030014
29.706936117
84.4078715917
19.1990848893
64.4961985351
0.100575194144
0.134597682737
0.0900308058127
104.492114744
81.193072207
23.148256391
109.401313281
61.7239209388
80.6230014095
30.9382842183
17.0343008574
20.1643476932
0.105409500091
0.151935256487
0.115385659035
0.148774912998
19.8722291443
89.1046857154
0.153258078211
0.167873475263
17.3081154825
25.6137862823
0.282626435779
0.248255887533
20.7272303793
0.261293852963
39.3401650701
16.6303515462
0.0530285067493
51.3415368845
22.9538779883
84.1061947688
130.591197964
124.797670683
125.747050344
107.102351679
140.630060002
80.2727640381
62.9028052789
19.1092511797
161.807650171
140.266165918
111.892250207
101.507753856
0.0886315626091
47.1557309546
147.443958939
112.109856325
24.6508570331
0.0815961949766
0.0499847651185
16.1286804358
0.162742138682
0.179190644386
0.194436416741
125.393243561
115.035752734
0.234765488878
21.4417721419
0.168538242305
17.3916977946
17.3604877293
0.323375436417
0.312534842648
0.148380998602
0.14479494104
19.3180549593
45.178331558
0.178400972719
18.1193372373
52.081818879
209.233522201
0.152663589883
43.1851836017
53.6740548202
0.219748717938
0.219636452201
49.0692116817
20.2043490488
0.0867669857249
28.4895793798
74.3879027744
18.863455359
53.4164638627
0.0738171268613
0.053362476765
32.4990499643
18.7478679377
0.0653896446185
0.056308239931
45.3748954778
58.0751332934
31.5564980318
25.7257857564
0.0872072550387
0.0694468562029
153.197776623
0.0444396097101
18.3531488072
42.8859585646
0.0700173360145
0.101188433946
18.7365453848
0.0948036676687
0.107754754667
21.3606789007
50.6826435063
19.0486587722
0.107559627403
0.195678602287
93.0439223463
98.0236878229
0.250728227655
72.2605152093
28.8247924108
17.2742760014
49.9759388046
0.171919085985
24.4797106246
20.094135717
115.863052201
0.16924038869
57.5391707203
76.3264452605
0.115214202975
60.3328691897
101.853594386
108.690727868
18.5050783804
19.0233659976
106.666222705
0.124270004914
0.161867538872
0.0606383371689
0.0618340237442
0.0519423901898
77.9052440564
41.4865775842
21.7573108109
97.8363288319
20.6253398206
0.0964229119613
0.137934494188
19.1087361723
54.5682520138
0.0687167648675
0.0448524606979
0.0816620885459
89.0227280738
26.2800043618
149.73488768
0.0817217534394
84.3384560411
21.8333718702
67.9667328209
62.904470821
28.7598417527
18.3438737247
0.12047563535
21.9655655343
0.135380670124
0.101605342956
0.160000260667
0.133921995589
27.7893732014
0.115823238394
54.8962065416
0.165628805427
18.3932124437
46.0884309169
80.7309902087
24.4218023833
46.4392419492
54.649849427
0.0984971505739
78.0849709482
19.1879680581
51.0593444524
20.5336620259
0.286095198299
0.279715031083
24.0025917538
54.3678927773
103.583482971
52.4045337047
103.034017061
18.3818873159
22.8948765154
26.5776632747
25.2273364282
0.0707014456034
33.5448610945
84.1506007721
24.5538475467
0.0496824905981
19.67308795
18.8537330837
53.1198919802
0.0534153558208
63.4818505641
36.1600244349
70.9821829416
38.1582771016
36.8302055468
0.111311036672
0.0481971480163
56.7723935667
23.4667578207
28.1300985159
17.406914834
0.0657612624789
23.7836844012
48.0301612175
24.9027314075
53.4318974192
37.3654919655
0.0478293675844
28.5808716375
26.1649535984
0.0279884076567
0.0900258740832
0.0860337533007
90.4200164858
47.6614025318
17.61413003
42.1781108097
18.9965094922
0.0751061677384
0.0323181515517
0.0128359658306
0.0435447423312
57.4391372405
367.746633275
0.0280048008912
94.9723247749
94.1020562109
114.983367722
186.30174083
0.0407871527312
0.0182101331044
0.0328412878341
30.5653332144
0.024738995339
34.2970152649
22.6754231574
25.1860685834
0.0534678763861
198.781396161
195.555588783
249.663544565
84.8967252399
82.3329457783
92.3409755717
95.3011544537
79.041669842
65.0746785978
42.8487903915
37.8650178169
63.759692887
78.7058627615
23.6063177006
26.3811113077
20.2579994979
68.7613954925
18.9678533778
19.6644141192
74.6161699542
25.9673665102
26.2488766138
63.1562291058
40.0439166752
121.705066082
106.470177182
0.0520005643477
56.4548361102
31.8183304243
67.9976268401
62.2127788574
65.6046778121
22.4038772536
0.0
0.0
0.0
0.0
29.1154187756
0.0
0.0
16.4832377398
0.00210023206755
51.4814574226
21.6730124555
74.1936262802
64.0556307301
0.0
74.7419095107
84.807092238
93.5814018572
25.7660625531
79.055294244
42.8997042029
58.0008471152
0.0023116554316
60.5384150431
67.4347049549
73.7013290477
76.3521336738
56.790511824
37.0948357714
0.00524552029501
30.8553704551
36.1723162274
80.8066311067
49.3732912117
64.5856146688
37.7412855899
0.0
0.0
131.712279315
19.1168922969
21.9863108647
126.538247274
0.0
41.7948322962
93.3074025828
68.3030692261
46.6360851379
76.4805549067
189.765134131
0.0
129.629546041
0.0
194.773427734
107.337351914
134.451107658
85.9019828146
0.0
0.0
124.33571292
241.315687398
0.0
104.986672583
89.5448275614
0.0
61.2936250341
0.0
67.0544013827
22.2775177795
0.0
74.9311507652
0.00222325985657
19.9922586891
27.597849116
68.2014544794
82.2977052198
51.5417547643
74.7746148181
62.6456447218
35.564082799
33.2462566635
28.8556882711
22.7491088542
64.5127791464
16.5756651287
0.00278732643384
58.564073
67.111922011
58.5274488771
66.2853468956
63.6296649265
20.8691433403
109.813649456
22.4383261047
0.0
0.0
0.0
0.0
0.0
0.0
262.477934532
130.861510934
67.1272120422
27.1094387247
19.3297334404
95.1074021406
168.362295727
0.0
0.0
0.0
94.5890493636
74.4068829711
43.3927611361
0.0
0.0
132.076556284
147.90100099
0.0
83.7690577269
30.2513474418
0.0
24.2266998194
19.3295850654
18.6331520284
0.0
89.689052957
176.05772547
0.00390484970253
22.3512049045
52.2829799264
58.7122332049
64.7777913036
59.636975772
0.00974787502606
138.94744007
128.047600105
111.752500376
55.4413014435
0.0
16.1937341198
125.300462514
50.9880239597
99.32111367
74.4042104097
40.3345840294
94.3128021797
86.5801673061
0.0106546092144
0.0129469736853
0.015621754575
93.7347003782
78.4770055005
43.1905059714
0.0227946314086
67.5754881501
67.0889989124
90.2189166204
0.00959697544185
73.2843409822
34.9301880814
0.0
0.0
0.0
0.0
0.0
63.8089055136
147.23822459
0.0
20.0350316702
55.1508922253
25.0255072488
